"SNP"	"Pvalue"	"N"	"OddsRatio"
"rs855220"	2.79840306107286e-10	348	418720135.832562
"rs855235"	2.79840306107286e-10	348	418720135.832562
"rs855238"	2.79840306107286e-10	348	418720135.832562
"rs855241"	2.79840306107286e-10	348	418720135.832562
"rs855256"	2.79840306107286e-10	348	418720135.832562
"rs855271"	2.79840306107286e-10	348	418720135.832562
"rs1641086"	9.11590240321818e-10	348	5.08785177466677
"rs1937197"	2.08233148977265e-08	348	3.41216996782631
"rs1651987"	2.25844698309301e-08	348	0.193416757456719
"rs1651994"	2.25844698309301e-08	348	0.193416757456719
"rs388380"	9.13140197466234e-08	348	3.05633146559196
"rs1897471"	1.16998597810634e-07	348	0.409690433252858
"rs349488"	1.20169687862932e-07	348	0.410226460526594
"rs735311"	1.22317848054738e-07	348	0.410902338691344
"rs2175521"	1.4645182071903e-07	348	0.412123874516262
"rs546283"	1.47979652275865e-07	348	0.41264065935427
"rs1108218"	1.50477896735026e-07	348	0.412232069621333
"rs50772"	1.52067927225957e-07	348	0.412164323494226
"rs147645"	1.52067927225957e-07	348	0.412164323494226
"rs265895"	1.52067927225957e-07	348	0.412164323494226
"rs375479"	1.52067927225957e-07	348	0.412164323494226
"rs571747"	1.52067927225957e-07	348	0.412164323494226
"rs665608"	1.52067927225957e-07	348	0.412164323494226
"rs729507"	1.52067927225957e-07	348	0.412164323494226
"rs832002"	1.52067927225957e-07	348	0.412164323494226
"rs837098"	1.52067927225957e-07	348	0.412164323494226
"rs855897"	1.52067927225957e-07	348	0.412164323494226
"rs976050"	1.52067927225957e-07	348	0.412164323494226
"rs1417479"	1.52067927225957e-07	348	0.412164323494226
"rs1430425"	1.52067927225957e-07	348	0.412164323494226
"rs1594348"	1.52067927225957e-07	348	0.412164323494226
"rs1604421"	1.52067927225957e-07	348	0.412164323494226
"rs2086107"	1.52067927225957e-07	348	0.412164323494226
"rs2092120"	1.52067927225957e-07	348	0.412164323494226
"rs2152496"	1.52067927225957e-07	348	0.412164323494226
"rs2198235"	1.52067927225957e-07	348	0.412164323494226
"rs2183005"	1.52710430552442e-07	348	0.412671347856708
"rs546266"	1.54049769418981e-07	348	0.41255724277324
"rs1623378"	1.62081746564196e-07	348	0.413751566068422
"rs909513"	1.79095237019765e-07	348	0.413663959137094
"rs537742"	1.95460622894522e-07	348	0.415314400728892
"rs546264"	1.95460622894522e-07	348	0.415314400728892
"rs98088"	2.01020784016776e-07	348	0.415012375496125
"rs994811"	2.10427022228082e-07	348	0.318019461114947
"rs2175518"	2.32841712426594e-07	348	0.4170636858448
"rs1051129"	2.81109468644206e-07	348	28995292.5906989
"rs2040041"	3.069770056984e-07	348	0.420635921983699
"rs1455901"	5.11045787243085e-07	348	0.469645574234653
"rs371493"	1.76292838206059e-06	348	0.325234160792101
"rs783723"	2.43887751802357e-06	348	0.459808612980174
"rs1860444"	6.15192490106731e-06	348	0.506634285770571
"rs1860445"	6.15192490106731e-06	348	0.506634285770571
"rs1860446"	6.15192490106731e-06	348	0.506634285770571
"rs1779379"	8.64270770667626e-06	348	0.528340476675509
"rs783163"	1.80809823426791e-05	348	0.445064459847652
"rs1651805"	2.01859771042217e-05	348	0.389408893835018
"rs675926"	2.12541225743871e-05	348	0.529548541803548
"rs800693"	2.12541225743871e-05	348	0.529548541803548
"rs990467"	2.12541225743871e-05	348	0.529548541803548
"rs1554226"	2.12541225743871e-05	348	0.529548541803548
"rs2220849"	2.12541225743871e-05	348	0.529548541803548
"rs1533070"	2.58615424000218e-05	348	1.95664261899176
"rs1980724"	2.94759749559979e-05	348	0.539597909550304
"rs1203782"	3.26455222971876e-05	348	0.632022497702658
"rs1203931"	3.49100210109742e-05	348	0.656475890548549
"rs1616818"	4.69670327509716e-05	348	1.6708055666438
"rs406059"	5.4912686483958e-05	348	0.586655588180989
"rs1963944"	5.49575717085545e-05	348	2.12411133386925
"rs1203981"	6.00057549263465e-05	348	0.664498195856128
"rs2013770"	6.5156296387405e-05	348	0.640872040128796
"rs1203917"	8.78863930923261e-05	348	0.636976951270246
"rs1203928"	8.93227117784858e-05	348	0.671723704901677
"rs1203798"	0.0001010370476603	348	0.671602302369718
"rs1203994"	0.0001010370476603	348	0.671602302369717
"rs1203856"	0.000144643450278431	348	0.663275286278032
"rs1203871"	0.000144643450278431	348	0.663275286278032
"rs1203883"	0.000144643450278431	348	0.663275286278032
"rs1526030"	0.000147292418196028	348	1.59754435888972
"rs1203749"	0.000155930989112842	348	0.680415004115993
"rs145928"	0.000158800594662594	348	2.1680835372202
"rs1526515"	0.000179250704538088	348	1.55983272657602
"rs1651960"	0.00019851143639578	348	6100.18098653723
"rs1616611"	0.000202312177275099	348	1.61663286074041
"rs1616616"	0.000202312177275099	348	1.61663286074041
"rs1616613"	0.000237345753371509	348	1.60928641167102
"rs145930"	0.000246690557214481	348	2.03633011479133
"rs896485"	0.00026000789661648	348	0.733178383767754
"rs636364"	0.000274649058697949	348	0.605736184426244
"rs1526035"	0.000439506297606804	348	1.50849870917798
"rs1526210"	0.000439506297606804	348	1.50849870917798
"rs1526284"	0.000439506297606804	348	1.50849870917798
"rs118631"	0.000524796350022429	348	1.59528172008301
"rs1626923"	0.000579233025362024	348	0.639570070636304
"rs1715761"	0.000678848386930069	348	1.62344219906955
"rs1525826"	0.000699323583024373	348	1.38136214080996
"rs1526024"	0.000723176032484455	348	1.49961865377611
"rs1526684"	0.000723176032484455	348	1.49961865377611
"rs438890"	0.000778615210243536	348	2.33544591409359
"rs2178991"	0.000809096844806339	348	0.551179762149066
"rs439037"	0.000826365465723099	348	2.32987713516586
"rs614771"	0.000830535861628709	348	1.85476962166182
"rs1525952"	0.000834447504481899	348	1.52871898876476
"rs1525847"	0.000899909723206812	348	1.48534911172671
"rs1525850"	0.000899909723206812	348	1.48534911172671
"rs1343258"	0.000939342143397859	348	0.562359158145068
"rs1616612"	0.00101987354037331	348	1.58208885360731
"rs1526633"	0.00118809299673635	348	1.43962605430475
"rs1064594"	0.00127887755825838	348	1.35163661419468
"rs1616776"	0.00129580612124279	348	1.56765183234865
"rs1715760"	0.00131033658062661	348	1.56539652220134
"rs296517"	0.00132237080716814	348	1.57890995624105
"rs2089854"	0.00165380301393003	348	1.26291861687073
"rs1052797"	0.0016701574161641	348	1.81587025685869
"rs1052800"	0.0016701574161641	348	1.81587025685869
"rs446336"	0.00171635023132484	348	0.666870155243422
"rs38207"	0.00175606420916158	348	1.13518475846781
"rs78867"	0.00177947789740957	348	0.758260890217178
"rs1526270"	0.00185560148985377	348	1.42611219435506
"rs446528"	0.00188218150746006	348	0.669030355156164
"rs446503"	0.00189205463142758	348	0.669316549255975
"rs613840"	0.00189972435470778	348	0.652876094306648
"rs446338"	0.00190093874894668	348	0.669395344496952
"rs445042"	0.00190714343473203	348	0.669364238002285
"rs1715993"	0.0019109348774212	348	1.66534128427644
"rs446353"	0.00192264581163893	348	0.669878349127687
"rs445052"	0.00192787652387003	348	0.669696585526843
"rs446258"	0.00194853943201559	348	0.669884938764728
"rs1203616"	0.00197645441223979	348	1.4204792005507
"rs2089853"	0.00201740945325367	348	1.26346739863922
"rs1617146"	0.00203596742202819	348	1.70160145459744
"rs1616491"	0.0020406627073278	348	1.58789551875456
"rs1616492"	0.0020406627073278	348	1.58789551875456
"rs824513"	0.00214063030790514	348	1.37090282850257
"rs448997"	0.0021419247839305	348	0.732251321836758
"rs298031"	0.00216243931405593	348	0.709877234691825
"rs941869"	0.00225709954383958	348	1.96874840751802
"rs941873"	0.00225709954383958	348	1.96874840751802
"rs78904"	0.00227299638525032	348	0.791358251068582
"rs448102"	0.00229011969255036	348	1.42173008953646
"rs1363964"	0.00235281354899851	348	1.50941040399925
"rs1154086"	0.00236254707066488	348	0.386293604735447
"rs448968"	0.00238428724317687	348	0.735790676669848
"rs451521"	0.00240747011418768	348	1.80813194557369
"rs1527042"	0.00244462162912586	348	1.57979001163592
"rs78869"	0.00244598822894698	348	0.780875768888146
"rs1405563"	0.00250534034079657	348	0.783939087851209
"rs839118"	0.00251119744570238	348	0.502585052613593
"rs839204"	0.00251119744570238	348	0.502585052613593
"rs839249"	0.00251119744570238	348	0.502585052613593
"rs839162"	0.00251119744570239	348	0.502585052613594
"rs456510"	0.00255302353358748	348	1.85661597925668
"rs1203519"	0.00256422792817608	348	1.40664397798306
"rs1203592"	0.00256422792817608	348	1.40664397798306
"rs1363934"	0.0025860284436647	348	1.4960460809871
"rs444946"	0.00259494786738815	348	1.55195351545994
"rs929200"	0.00261377448961602	348	0.560960126649436
"rs929208"	0.00261377448961602	348	0.560960126649436
"rs929211"	0.00261377448961602	348	0.560960126649436
"rs929212"	0.00261377448961602	348	0.560960126649436
"rs929214"	0.00261377448961602	348	0.560960126649436
"rs929217"	0.00261377448961602	348	0.560960126649436
"rs929223"	0.00261377448961602	348	0.560960126649436
"rs929227"	0.00261377448961602	348	0.560960126649436
"rs929232"	0.00261377448961602	348	0.560960126649436
"rs1527027"	0.00261824260633081	348	1.57543085832085
"rs1527036"	0.00261824260633081	348	1.57543085832085
"rs78919"	0.00263880161253507	348	0.859904600844617
"rs1764221"	0.00265531328838877	348	1.21221291678501
"rs1308045"	0.00266110379557743	348	1.64511211089931
"rs1487602"	0.00266509382476379	348	1.52900735427201
"rs100590"	0.0027435708812934	348	0.607667182955833
"rs1720617"	0.00275832347764674	348	1.71319401645031
"rs1720618"	0.00275832347764674	348	1.71319401645031
"rs1290068"	0.00277339209015141	348	2.0650533840614
"rs1616555"	0.00280087850443072	348	1.57309024869964
"rs449077"	0.00288102695627541	348	0.736717192601794
"rs929182"	0.0029244756739082	348	0.565032042986999
"rs449071"	0.00292993365682173	348	0.739686817765278
"rs929169"	0.00302121081890841	348	0.566008047373811
"rs941876"	0.00305331792682376	348	1.95815417910245
"rs448942"	0.00307265220798711	348	0.739191444899337
"rs863897"	0.0031153631685759	348	0.65597669786269
"rs1468650"	0.00316431919675428	348	0.277407769686947
"rs1154029"	0.0032047172484935	348	0.319760785429102
"rs1720627"	0.003225326798632	348	1.70607504621726
"rs1720630"	0.003225326798632	348	1.70607504621726
"rs1720635"	0.003225326798632	348	1.70607504621726
"rs941862"	0.00337338519009119	348	2.06333328766844
"rs941866"	0.00337338519009119	348	2.06333328766844
"rs454148"	0.00348381993221349	348	1.76901568372678
"rs320191"	0.00348716814770494	348	2.92692254342243
"rs941868"	0.00350311745413302	348	1.90639151645811
"rs451510"	0.00357829910695991	348	1.54575159541544
"rs1873073"	0.00358511772020482	348	0.813806809016568
"rs1526660"	0.00366595483126829	348	1.46079836109637
"rs1064595"	0.0037189719111897	348	1.30560705609631
"rs78585"	0.00377605375682522	348	1.66392929691545
"rs2178983"	0.00379349800500586	348	0.566837095281071
"rs2178950"	0.0038576737536329	348	0.56922282968729
"rs2178971"	0.0038576737536329	348	0.56922282968729
"rs2178977"	0.0038576737536329	348	0.56922282968729
"rs2178980"	0.0038576737536329	348	0.56922282968729
"rs2178986"	0.0038576737536329	348	0.56922282968729
"rs2179025"	0.0038576737536329	348	0.56922282968729
"rs449020"	0.00391508264665506	348	0.744615987665479
"rs146262"	0.00405885051185719	348	1.18506554194742
"rs45694"	0.00422255394335212	348	0.592506431021181
"rs1170020"	0.0042272630033598	348	0.582989456897929
"rs456272"	0.00424206536017722	348	1.78767742373936
"rs1703844"	0.00427020032699472	348	1.71852173323036
"rs2021552"	0.00428019333769313	348	1.61823317971239
"rs2100977"	0.00432128300317869	348	0.566233621541289
"rs902106"	0.00433905358853259	348	1.57427779599187
"rs1706428"	0.00434768635352714	348	1.78008722995243
"rs1706436"	0.00435573331661563	348	1.7780940627245
"rs1706437"	0.00435573331661563	348	1.7780940627245
"rs1807780"	0.00448113726274366	348	0.717664227795279
"rs751380"	0.00450940019340336	348	0.804093574048152
"rs302681"	0.00452482663717628	348	1.58872770982924
"rs902105"	0.00456322100087405	348	1.56350784761997
"rs1053049"	0.00457440333250552	348	1.82204091683893
"rs1053050"	0.00457440333250552	348	1.82204091683893
"rs456352"	0.004635253760692	348	0.595938046833991
"rs45417"	0.0046375133008117	348	0.580740636194813
"rs45428"	0.0046375133008117	348	0.580740636194813
"rs158218"	0.00467659547665953	348	0.586400065589171
"rs1720639"	0.00469373898312879	348	1.72425440855075
"rs1203547"	0.00475890462423735	348	1.37983225219428
"rs1721136"	0.00481228234893279	348	1.53936309554659
"rs1487657"	0.00481757374379505	348	1.37012481280002
"rs38964"	0.00485750751474901	348	0.863187541812967
"rs578560"	0.00486210954546634	348	0.442040734795619
"rs1099035"	0.00492519870379473	348	1.58764045331119
"rs436622"	0.00493034733774358	348	0.539595490597718
"rs2178863"	0.00494275047838548	348	0.535218900138986
"rs2131785"	0.00499637308310606	348	0.768797853219122
"rs556018"	0.0050221766183165	348	0.771243514264419
"rs577904"	0.0050783440879763	348	0.366613590840284
"rs577910"	0.0050783440879763	348	0.366613590840284
"rs578019"	0.0050783440879763	348	0.366613590840284
"rs1554568"	0.00509824535231113	348	0.419976118927111
"rs1154045"	0.00513244688924817	348	0.333892354876997
"rs449309"	0.00518305110484711	348	0.665907838279512
"rs302698"	0.00523603197868252	348	0.005132447946137
"rs2203535"	0.00526406015558854	348	2.18995174676174
"rs42583"	0.00537899900268034	348	1.36611871811066
"rs1599959"	0.00540338123237032	348	1.96553564262796
"rs296487"	0.00540476655329824	348	1.49069902829491
"rs878598"	0.00550592704622658	348	0.463751627527369
"rs78954"	0.00554093310444834	348	0.772070041816926
"rs1128134"	0.00554347401955732	348	0.436890096368916
"rs1052786"	0.00555011767774501	348	1.85043226033889
"rs1772583"	0.00566733412282431	348	1.41595069993395
"rs510275"	0.00568520362293021	348	2.61515670878316
"rs1363970"	0.00590900303261606	348	1.44480874724458
"rs1715652"	0.00591645621045791	348	1.52622151419851
"rs1052764"	0.00595170862315784	348	1.94745973969048
"rs283092"	0.00597331904290477	348	0.615681138469631
"rs1456490"	0.00601212200272945	348	0.510571470349177
"rs821731"	0.00607416746267517	348	0.781168603947526
"rs297480"	0.00621687138361667	348	0.653842143755658
"rs1114160"	0.00622179969666598	348	1.3106018812922
"rs1678129"	0.00624022845663328	348	0.427850821705893
"rs45748"	0.00648159683305493	348	0.527208166161053
"rs145993"	0.00656864839187694	348	1.60370364654639
"rs1706464"	0.00658249872378611	348	1.67599759172195
"rs1114087"	0.00660051548664659	348	1.22480795343787
"rs1716016"	0.00663222190740056	348	1.51661995080202
"rs1052735"	0.00664442330782177	348	1.92220157493046
"rs1052736"	0.00664442330782177	348	1.92220157493046
"rs1052739"	0.00664442330782177	348	1.92220157493046
"rs1052747"	0.00664442330782177	348	1.92220157493046
"rs1052751"	0.00664442330782177	348	1.92220157493046
"rs1052753"	0.00664442330782177	348	1.92220157493046
"rs1052768"	0.00664442330782177	348	1.92220157493046
"rs1052769"	0.00664442330782177	348	1.92220157493046
"rs297387"	0.00665361158460466	348	1.62899262200761
"rs297394"	0.00665361158460466	348	1.62899262200761
"rs2203457"	0.00678161478320922	348	1.91060024365958
"rs2203487"	0.00678161478320922	348	1.91060024365958
"rs1356302"	0.00681646583808896	348	1.87397674181443
"rs2131784"	0.00682245218443682	348	0.774103369857999
"rs1873074"	0.00683042213897926	348	0.832274770074555
"rs1884135"	0.00694392731385313	348	2.50434071719465
"rs1697885"	0.0069447604716054	348	0.866238330546404
"rs449281"	0.00700172296655756	348	0.67485575996753
"rs449440"	0.00700172296655756	348	0.67485575996753
"rs449526"	0.0070096317403137	348	0.674753751985504
"rs145973"	0.00704805856802745	348	1.7512577077649
"rs1168069"	0.00707452530027086	348	1.52930233695389
"rs1614548"	0.00718507260345405	348	0.757526126432245
"rs670181"	0.00722326411200799	348	1.9188153508062
"rs670187"	0.00722326411200799	348	1.9188153508062
"rs670190"	0.00722326411200799	348	1.9188153508062
"rs670193"	0.00722326411200799	348	1.9188153508062
"rs670196"	0.00722326411200799	348	1.9188153508062
"rs1154159"	0.00722881867233132	348	0.347977028150818
"rs81126"	0.00723455012056789	348	1.79082355619828
"rs1363976"	0.00725504111762052	348	1.43590911184281
"rs2057949"	0.00725632842923682	348	0.309240252339694
"rs30531"	0.00732244442910738	348	1.71351376944966
"rs78833"	0.00737437636613676	348	0.778140190918592
"rs1963662"	0.00747343730217562	348	2.07109139187065
"rs46663"	0.007532743194744	348	0.474451714309575
"rs1035622"	0.00762355715237891	348	0.816325281121121
"rs449392"	0.00763038724051574	348	0.677489668280238
"rs322533"	0.00766449576861635	348	0.629657576822042
"rs1598753"	0.00767247358097902	348	1.43264317200171
"rs821723"	0.00768624677927922	348	0.767942273324904
"rs1170069"	0.00774075480952968	348	0.602804221492317
"rs449450"	0.00782591688922841	348	0.678178115409467
"rs446713"	0.00784583188252263	348	1.44806715214499
"rs1487567"	0.00788592430954039	348	1.31470855606257
"rs1053111"	0.00789489400462513	348	1.75724094901921
"rs2108576"	0.00791333838919587	348	1.2153203877311
"rs1720505"	0.00800738642578001	348	1.56390978037061
"rs1526877"	0.00801368090739435	348	1.38246577469766
"rs1884132"	0.00801900946721125	348	2.32479575056014
"rs449367"	0.0080414812889931	348	0.67884684347815
"rs46105"	0.00806212672807866	348	0.572142077048826
"rs46108"	0.00806212672807866	348	0.572142077048826
"rs1114081"	0.00817165312141594	348	0.677896133169421
"rs1053096"	0.00817249579342184	348	1.7601434531999
"rs1114023"	0.00819333481926865	348	1.25684073674008
"rs1897805"	0.00820117747774366	348	0.45712513700656
"rs2111006"	0.00827296446416332	348	0.816551596466974
"rs341491"	0.00830223621870507	348	0.706405463021057
"rs1114077"	0.00831415381904428	348	0.786565457448029
"rs1963654"	0.00832920405680652	348	1.97608343959076
"rs1053069"	0.00842521822906162	348	1.74169394501548
"rs2135486"	0.00847308526565392	348	0.668035436927151
"rs2135510"	0.00847308526565392	348	0.668035436927151
"rs2148537"	0.00849177695207515	348	1.65971341064835
"rs2148538"	0.00849177695207515	348	1.65971341064835
"rs2148539"	0.00849177695207515	348	1.65971341064835
"rs2148541"	0.00849177695207515	348	1.65971341064835
"rs1363931"	0.00857320493134238	348	1.42036030695585
"rs1897822"	0.00869638215145325	348	0.45983219084466
"rs654188"	0.00873306212966984	348	1.80089284815661
"rs1308483"	0.00881507620793828	348	0.173586815417415
"rs1052939"	0.00881656740932859	348	1.74062412781428
"rs1897857"	0.00884187874848876	348	0.461004604843996
"rs1526036"	0.00892715631650025	348	1.33602569858443
"rs1526092"	0.00892715631650025	348	1.33602569858443
"rs1356297"	0.00894255893391769	348	327.071694697759
"rs1356295"	0.00894255893391811	348	1.83416662404367
"rs448913"	0.00898333131125195	348	0.779461203178613
"rs145985"	0.00904209317121724	348	1.57136391954984
"rs145987"	0.00904209317121724	348	1.57136391954984
"rs145990"	0.00904209317121724	348	1.57136391954984
"rs146007"	0.00904209317121724	348	1.57136391954984
"rs146090"	0.00904209317121724	348	1.57136391954984
"rs1897835"	0.00906757805124956	348	0.461708947700942
"rs1884137"	0.00910786341388047	348	2.29425979062937
"rs1897808"	0.00913688620846226	348	0.461896763773486
"rs448843"	0.00914695131772948	348	0.779602824656837
"rs226410"	0.0092669094717965	348	0.71475852955631
"rs998458"	0.00929296927282615	348	0.601848225788954
"rs1720606"	0.00939665762924612	348	1.87877075224598
"rs1052740"	0.00945743616132067	348	1.86152285694373
"rs431219"	0.00947178819776781	348	1.60655405639328
"rs1807272"	0.00951444491045572	348	1.73782535441045
"rs1581731"	0.00952005739792119	348	0.467923459178384
"rs305080"	0.00953787164288742	348	0.610187489496895
"rs722698"	0.00959407172912156	348	1.63848113514585
"rs1114085"	0.00960460435571559	348	1.34127151839572
"rs1363946"	0.00960515422375581	348	1.459091584661
"rs1363948"	0.00960515422375581	348	1.459091584661
"rs1363949"	0.00960515422375581	348	1.459091584661
"rs1363955"	0.00960515422375581	348	1.459091584661
"rs1363958"	0.00960515422375581	348	1.459091584661
"rs2000612"	0.00961633749163593	348	0.491465565624301
"rs677683"	0.00964230487112349	348	0.882748200447594
"rs896670"	0.00971312670522694	348	0.784489006031597
"rs1363947"	0.00972706613706297	348	1.4576511423628
"rs154666"	0.00972921604976339	348	0.623493470004889
"rs1052918"	0.00977200553615643	348	1.71814109519945
"rs678154"	0.0097748999289279	348	1.25158488401624
"rs232386"	0.00977490894567065	348	0.621338483431738
"rs2021004"	0.00979731399988452	348	0.532969039781583
"rs1552740"	0.00981106053611045	348	1.23247088845611
"rs78849"	0.00984552459799225	348	0.785887247578288
"rs226406"	0.00986484828254091	348	1.43209454316958
"rs226409"	0.00986484828254091	348	1.43209454316958
"rs1120308"	0.00987711317232919	348	1.77545154327053
"rs1120322"	0.00987711317232919	348	1.77545154327053
"rs2218770"	0.00990121891303417	348	2.05444276854249
"rs307242"	0.00992915851796446	348	0.549533455986835
"rs1651790"	0.00995447933182255	348	2.08939924605883
"rs2147679"	0.00997640118460064	348	1.42129960312808
"rs2187698"	0.0100708229972303	348	1.4664737450328
"rs449422"	0.010147409523279	348	0.687270675345097
"rs1897796"	0.0101836827313277	348	0.46698448524733
"rs1052737"	0.0102966066811495	348	1.84954584219962
"rs1120127"	0.0103625441928273	348	0.642733090517654
"rs445919"	0.0103891512015323	348	1.11084997170585
"rs854791"	0.0104514105620615	348	0.623083500611856
"rs854794"	0.0104514105620615	348	0.623083500611856
"rs854795"	0.0104514105620615	348	0.623083500611856
"rs854796"	0.0104514105620615	348	0.623083500611856
"rs854800"	0.0104514105620615	348	0.623083500611856
"rs1134934"	0.0104842119152852	348	0.43046807574347
"rs2148769"	0.0104862370135605	348	0.696846191273423
"rs101473"	0.0105057553858928	348	1.55596627479153
"rs42184"	0.0105139876234507	348	0.450981784524844
"rs1526922"	0.0105251131007392	348	1.33603791026956
"rs2170426"	0.0105290874927161	348	1.20279078603296
"rs2170427"	0.0105290874927161	348	1.20279078603296
"rs1472675"	0.0105625901633003	348	1.61265326088418
"rs295081"	0.0105647762047849	348	1.54924423904319
"rs699542"	0.0106067722497001	348	3.58411666783214e-05
"rs2008178"	0.0106374026761577	348	0.490253010690815
"rs163183"	0.0106470733307066	348	0.693665122477074
"rs1596566"	0.0108113764839045	348	1.65498890625941
"rs778417"	0.0108890926028055	348	0.699850289779733
"rs273286"	0.0109733978175452	348	1.44099688337189
"rs273294"	0.0109733978175452	348	1.44099688337189
"rs896637"	0.0111268601231833	348	0.760156160121326
"rs85957"	0.0111589173341182	348	1.54806133065325
"rs45949"	0.0112771094720902	348	0.550871395592243
"rs2147680"	0.0113719920403708	348	1.47227036690545
"rs93222"	0.0114105578697423	348	1.48542045570417
"rs776345"	0.0114279373215109	348	0.623432905347542
"rs1950959"	0.0114712333056599	348	0.525713415658649
"rs53201"	0.0115099533196688	348	1.72408206216245
"rs1487677"	0.0115421459851808	348	1.34547980623577
"rs456408"	0.0115650618878857	348	1.67100856498901
"rs154218"	0.011594530860689	348	0.689208016674902
"rs1487665"	0.0116688175657574	348	1.34366487492638
"rs25129"	0.0119980047853584	348	1.71507096923993
"rs272950"	0.012020069570154	348	1.36986198451214
"rs1052938"	0.0120658786629523	348	1.69633011046627
"rs1052945"	0.0120658786629523	348	1.69633011046627
"rs1052974"	0.0120658786629523	348	1.69633011046627
"rs1052980"	0.0120658786629523	348	1.69633011046627
"rs1052996"	0.0120658786629523	348	1.69633011046627
"rs1053006"	0.0120658786629523	348	1.69633011046627
"rs1053015"	0.0120658786629523	348	1.69633011046627
"rs1053052"	0.0120658786629523	348	1.69633011046627
"rs1053054"	0.0120658786629523	348	1.69633011046627
"rs1053098"	0.0120658786629523	348	1.69633011046627
"rs1052929"	0.0120780625602219	348	1.71159048222801
"rs2008483"	0.0120829671275559	348	1.73300580685871
"rs144674"	0.0120935738003572	348	1.76598177527787
"rs411686"	0.0121854114441303	348	0.710523920580099
"rs854786"	0.0122159464637697	348	0.63655688807245
"rs854788"	0.0122159464637697	348	0.63655688807245
"rs1052808"	0.012249913989357	348	1.69401322387995
"rs1052813"	0.012249913989357	348	1.69401322387995
"rs1052820"	0.012249913989357	348	1.69401322387995
"rs1052835"	0.012249913989357	348	1.69401322387995
"rs1052836"	0.012249913989357	348	1.69401322387995
"rs1052861"	0.012249913989357	348	1.69401322387995
"rs1052865"	0.012249913989357	348	1.69401322387995
"rs1052889"	0.012249913989357	348	1.69401322387995
"rs1052890"	0.012249913989357	348	1.69401322387995
"rs53341"	0.0123642769475399	348	1.75200429498361
"rs1641116"	0.0123814138403133	348	0.606565362906952
"rs31763"	0.0124855959793081	348	0.749337649038017
"rs1311767"	0.012512527992084	348	1.60111998211848
"rs506004"	0.0125846975843329	348	0.448068469410948
"rs506007"	0.0125846975843329	348	0.448068469410948
"rs1053090"	0.0125925844884243	348	1.68402342704024
"rs1064555"	0.0126078081646762	348	1.29183519627743
"rs2108604"	0.0127160868818345	348	1.25983797365581
"rs298336"	0.0127784339239499	348	1.54530567285371
"rs2182501"	0.012819214548104	348	1.55267052389972
"rs1600154"	0.0129323126876065	348	1.72888589780235
"rs1099027"	0.0130269528713818	348	0.621940658360256
"rs1706098"	0.013050872610335	348	1.52479873783213
"rs1706100"	0.013050872610335	348	1.52479873783213
"rs1706102"	0.013050872610335	348	1.52479873783213
"rs1587298"	0.013120491342634	348	0.482565424295665
"rs613672"	0.0132178654255982	348	0.533496385103323
"rs613676"	0.0132178654255982	348	0.533496385103323
"rs613678"	0.0132178654255982	348	0.533496385103323
"rs613681"	0.0132178654255982	348	0.533496385103323
"rs2203557"	0.0132253477169834	348	1.89110441686388
"rs1154035"	0.0132349282922708	348	0.384229188005725
"rs154301"	0.0132602648283651	348	0.697603861057013
"rs473461"	0.0132936401628807	348	0.812462754103753
"rs2203582"	0.0133034893714793	348	1.74019230979319
"rs2203586"	0.0133034893714793	348	1.74019230979319
"rs2203589"	0.0133034893714793	348	1.74019230979319
"rs2203592"	0.0133034893714793	348	1.74019230979319
"rs450110"	0.0133726215036711	348	0.561745951834205
"rs449868"	0.0133966746341553	348	1.44576785625939
"rs1170041"	0.0134029338433806	348	0.62309441967604
"rs1364372"	0.0134529241040083	348	1.42095672997679
"rs1364375"	0.0134529241040083	348	1.42095672997679
"rs1364377"	0.0134529241040083	348	1.42095672997679
"rs1364378"	0.0134529241040083	348	1.42095672997679
"rs1715617"	0.0135414375275662	348	1.52209926054343
"rs162659"	0.0136561588969777	348	1.71117233878848
"rs162683"	0.0136561588969777	348	1.71117233878848
"rs613675"	0.0137121083003771	348	0.563094705667451
"rs1343246"	0.013754353645883	348	1.57012357637595
"rs154262"	0.0137730201501012	348	0.699128142256653
"rs1356181"	0.0137799400368709	348	1.79939473951495
"rs1356187"	0.0137799400368709	348	1.79939473951495
"rs1356199"	0.0137799400368709	348	1.79939473951495
"rs896478"	0.0138691384575619	348	0.708545437766055
"rs1709627"	0.0139713983822772	348	1.50126358663199
"rs1312459"	0.014030847830047	348	0.484683156407892
"rs298619"	0.0140334349795257	348	1.71564755033584
"rs868781"	0.0140387274730172	348	0.548524960038192
"rs1599926"	0.0141154091677672	348	1.67478997874992
"rs1599932"	0.0141154091677672	348	1.67478997874992
"rs1599944"	0.0141154091677672	348	1.67478997874992
"rs1600005"	0.0141154091677672	348	1.67478997874992
"rs1600013"	0.0141154091677672	348	1.67478997874992
"rs1600022"	0.0141154091677672	348	1.67478997874992
"rs1600025"	0.0141154091677672	348	1.67478997874992
"rs1600037"	0.0141154091677672	348	1.67478997874992
"rs1600211"	0.0141154091677672	348	1.67478997874992
"rs1600220"	0.0141154091677672	348	1.67478997874992
"rs567550"	0.0141196241022049	348	0.714094391375524
"rs1052694"	0.014145749567209	348	2.05570128074905
"rs1363895"	0.0141841217719812	348	1.39948880457112
"rs1363898"	0.0141841217719812	348	1.39948880457112
"rs1363901"	0.0141841217719812	348	1.39948880457112
"rs1099371"	0.0142389283334572	348	0.631245167171502
"rs143463"	0.014319142684675	348	1.71714777543249
"rs1720459"	0.0143490612789692	348	1.62001571718314
"rs813250"	0.014422222938349	348	1.34342452029742
"rs1743262"	0.0144859152092479	348	1.46510463779703
"rs1487660"	0.0144977747269011	348	1.32852874431657
"rs46054"	0.0145021750548455	348	0.587746316124352
"rs46066"	0.0145021750548455	348	0.587746316124352
"rs561613"	0.0145910053451878	348	1.13550910501855
"rs296541"	0.0146174920042471	348	0.414969003700706
"rs957701"	0.0146556365015548	348	1.70849184822871
"rs1363979"	0.0146995554716598	348	1.3908602494847
"rs299230"	0.0147415773336847	348	1.49015700410737
"rs928678"	0.0147526420585658	348	0.707710554298552
"rs1641433"	0.0147648176578203	348	1.84515634016047
"rs78898"	0.0147986884476121	348	0.826709671910633
"rs1599923"	0.0148697885676379	348	1.70317839572164
"rs1600019"	0.0148697885676379	348	1.70317839572164
"rs1600145"	0.0148697885676379	348	1.70317839572164
"rs1600148"	0.0148697885676379	348	1.70317839572164
"rs598008"	0.0149239302162499	348	1.36592275650707
"rs1170030"	0.0149936218651567	348	0.626508662511436
"rs1950937"	0.0150296843907554	348	0.535533857204279
"rs81874"	0.0151514959023701	348	1.24197668269848
"rs23496"	0.0151634322499895	348	1.81621852879723
"rs721373"	0.0151862271132379	348	1.48977101500599
"rs1703507"	0.0152152691544651	348	1.58054957845163
"rs300850"	0.0152478482471647	348	0.673094553117199
"rs693168"	0.0152758897574306	348	1.51406566707254
"rs433572"	0.015278048711368	348	0.673729170283464
"rs884508"	0.0152806041805039	348	0.440507632296518
"rs301440"	0.0152996593387802	348	1.60561885746921
"rs1715663"	0.0153483225053947	348	1.51880689250453
"rs1600289"	0.0153517732161683	348	1.72888193758664
"rs1600316"	0.0153517732161683	348	1.72888193758664
"rs2072362"	0.0154132346281581	348	0.515989187754463
"rs2072368"	0.0154132346281581	348	0.515989187754463
"rs1170032"	0.0154908214957623	348	0.623683583998047
"rs941878"	0.0155930438987063	348	1.68827226771781
"rs941879"	0.0155930438987063	348	1.68827226771781
"rs941880"	0.0155930438987063	348	1.68827226771781
"rs2025614"	0.0156114164886512	348	0.414311962698675
"rs433570"	0.0156721788027215	348	0.636664823979446
"rs78899"	0.0157065295629566	348	0.834966133591613
"rs863891"	0.0157156450693192	348	0.664101631829278
"rs1364600"	0.0157257603151194	348	1.32632367765787
"rs1064224"	0.0157958808496591	348	0.667393057407082
"rs436346"	0.0158120670007522	348	0.668579429487962
"rs1481961"	0.0158245638754232	348	1.73727758359804
"rs74234"	0.0159415308195921	348	2.08451226795842
"rs1353768"	0.0160123790631773	348	1.50893078016145
"rs1331309"	0.016045543251083	348	1.49404656254824
"rs445849"	0.0161196642547268	348	1.10638997879789
"rs2099462"	0.0161319365839892	348	0.617621015851997
"rs150763"	0.0161848860307727	348	0.748783677098852
"rs1300466"	0.0161942307463952	348	0.37156929246904
"rs668045"	0.0162058397296759	348	0.739941602354806
"rs1470122"	0.0164179182194868	348	2.26403282277594
"rs1385308"	0.0164424609586532	348	0.609583975829144
"rs665444"	0.0165133939418967	348	2.08084883978649
"rs1399414"	0.0166010560522268	348	0.351625454370744
"rs1456405"	0.0166613908722894	348	0.633033405237779
"rs1715796"	0.0167560440496453	348	1.49538947389853
"rs151377"	0.0167981267291989	348	0.726753582720535
"rs264987"	0.0169842517116335	348	1.44649995563904
"rs1356313"	0.0170203557198699	348	1.67701370507017
"rs480622"	0.017023776760357	348	0.614411881685886
"rs154503"	0.0170412710285037	348	0.684363351556656
"rs154513"	0.0170412710285037	348	0.684363351556656
"rs154521"	0.0170412710285037	348	0.684363351556656
"rs1432892"	0.0170967855134617	348	1.12313338375838
"rs868767"	0.0171881619878395	348	0.557509667084107
"rs868782"	0.0171881619878395	348	0.557509667084107
"rs868812"	0.0171881619878395	348	0.557509667084107
"rs868814"	0.0171881619878395	348	0.557509667084107
"rs868815"	0.0171881619878395	348	0.557509667084107
"rs868851"	0.0171881619878395	348	0.557509667084107
"rs213392"	0.0172890607119894	348	1.53431749045543
"rs69741"	0.0173249944804672	348	1.77049762664848
"rs1708639"	0.0173955820802481	348	1.56981349344622
"rs578372"	0.0174084882045531	348	0.452525538741476
"rs440096"	0.0174251425570413	348	1.50235720606652
"rs928677"	0.017455275783852	348	0.713539109200028
"rs104763"	0.0174612095860701	348	4269.61874492414
"rs1167871"	0.0174894126690179	348	0.85187174671666
"rs1786699"	0.0175795549581298	348	0.68749393041696
"rs942945"	0.0176087982878192	348	1.27036702756738
"rs449970"	0.0176134626963224	348	1.70818256260211
"rs305084"	0.0177865140835082	348	0.523515560072614
"rs1302550"	0.0178324861272873	348	1.47408624140472
"rs2135735"	0.0178595238172604	348	0.731785909771994
"rs1552741"	0.0178708503750232	348	1.22761867101721
"rs1551397"	0.017953070929054	348	1.20352701139071
"rs778339"	0.0179627876150399	348	0.709714299985603
"rs778342"	0.0179627876150399	348	0.709714299985603
"rs778351"	0.0179627876150399	348	0.709714299985603
"rs778354"	0.0179627876150399	348	0.709714299985603
"rs778368"	0.0179627876150399	348	0.709714299985603
"rs778369"	0.0179627876150399	348	0.709714299985603
"rs778370"	0.0179627876150399	348	0.709714299985603
"rs778372"	0.0179627876150399	348	0.709714299985603
"rs778377"	0.0179627876150399	348	0.709714299985603
"rs778390"	0.0179627876150399	348	0.709714299985603
"rs778405"	0.0179627876150399	348	0.709714299985603
"rs778438"	0.0179627876150399	348	0.709714299985603
"rs1039439"	0.0179661399702134	348	0.638323538373863
"rs1958607"	0.0179959707252981	348	1.71108933102185
"rs74101"	0.0180641142199168	348	2.25015619645344
"rs1633255"	0.0181187976068967	348	0.637519800493987
"rs476400"	0.0181257953309332	348	0.602955515317762
"rs1338288"	0.0182147519852215	348	0.650599861642428
"rs1758575"	0.018293645495655	348	1.53667624835456
"rs1758751"	0.018293645495655	348	1.53667624835456
"rs162228"	0.0183111312826688	348	1.37826897486354
"rs1957685"	0.018390087980861	348	0.610976305352205
"rs575180"	0.0184153425982298	348	1.24600862014862
"rs21838"	0.0185198887722201	348	0.766293824365271
"rs1481755"	0.0186041776862361	348	1.69452179956673
"rs1481958"	0.0186041776862361	348	1.69452179956673
"rs1167872"	0.0186185425184374	348	0.773795568547096
"rs1608176"	0.0186334702609814	348	0.642523287249081
"rs72547"	0.0186361989976113	348	2.25899024463221
"rs1715850"	0.0186498785579978	348	1.50720404840046
"rs1715883"	0.0186498785579978	348	1.50720404840046
"rs1715886"	0.0186498785579978	348	1.50720404840046
"rs1721191"	0.0187654456986524	348	1.45362701379939
"rs298622"	0.0188457208294594	348	1.39346874075724
"rs456439"	0.0188497833060681	348	0.671440479391416
"rs2148771"	0.0188620685574454	348	0.692434306482697
"rs1678068"	0.0189178011592877	348	1.73199032158286
"rs1678069"	0.0189178011592877	348	1.73199032158286
"rs1678072"	0.0189178011592877	348	1.73199032158286
"rs2055675"	0.0189471365065796	348	0.640478208958363
"rs2055682"	0.0189471365065796	348	0.640478208958363
"rs937509"	0.0189648194629258	348	0.50256065645335
"rs2166325"	0.018983356134484	348	1.48632628404521
"rs1087917"	0.0189863264503892	348	1.77881087494667
"rs163762"	0.0190302438535208	348	2.186601250881
"rs1561393"	0.0190446495191637	348	1.19872568475172
"rs2218045"	0.0190801394731147	348	1.63348890314958
"rs2218063"	0.0190801394731147	348	1.63348890314958
"rs275911"	0.0191216785440985	348	0.66766355039937
"rs722042"	0.0191380469097662	348	1.72729927648541
"rs958951"	0.0193230998163265	348	1.75306290436271
"rs958954"	0.0193230998163265	348	1.75306290436271
"rs289448"	0.019337283128222	348	1.71068147681676
"rs289590"	0.019337283128222	348	1.71068147681676
"rs162155"	0.0194213013543725	348	1.37585229977243
"rs1595640"	0.0194372592845989	348	1.5888311444195
"rs1595627"	0.0194372592845995	348	1.5888311444195
"rs1907269"	0.0194427281664733	348	1.68968649948466
"rs2111005"	0.0194970693077604	348	0.837275921525019
"rs732133"	0.0196162806202991	348	1.50846180292736
"rs732141"	0.0196162806202991	348	1.50846180292736
"rs1743053"	0.0196805307435802	348	0.654843282054945
"rs1356245"	0.0197896079465532	348	1.73224159750098
"rs1356266"	0.0197896079465532	348	1.73224159750098
"rs1487687"	0.0198248098640373	348	1.32383593179139
"rs45389"	0.0198800830698835	348	0.613576846640581
"rs1079216"	0.0199280066254959	348	2.019286424249
"rs303925"	0.0199316333185591	348	0.00223721272460336
"rs81871"	0.0200529626955933	348	1.25545620092251
"rs1959571"	0.0200628603193851	348	1.78006198399526
"rs81873"	0.0201822066303735	348	1.22823478387515
"rs280021"	0.0202305256852858	348	1.70950870713146
"rs439773"	0.0203679701053886	348	0.648931853646091
"rs1933785"	0.0204119502169213	348	1.60853190721825
"rs1933794"	0.0204119502169213	348	1.60853190721825
"rs1614547"	0.0204217060567044	348	1.14799906146706
"rs74780"	0.0204378694249958	348	2.24543392200354
"rs683203"	0.020540791600685	348	1.944099943941
"rs451569"	0.0205417297966066	348	0.504593220214235
"rs1042451"	0.0207198796270363	348	0.648765026859899
"rs741832"	0.0207803376769429	348	0.678654257050245
"rs896313"	0.0209092693575628	348	0.767818107916919
"rs896316"	0.0209092693575628	348	0.767818107916919
"rs346977"	0.0209204258031228	348	0.636310425876505
"rs896385"	0.020934828153533	348	0.753657689740622
"rs1940863"	0.0209356435342503	348	0.656003911469731
"rs435663"	0.0209884453338406	348	0.636205686637074
"rs439967"	0.0210307142177753	348	1.48311933147124
"rs2020853"	0.0210532853123233	348	1.62807526545953
"rs2020957"	0.0210532853123233	348	1.62807526545953
"rs323830"	0.0211154687346138	348	0.321337028213151
"rs792971"	0.0212253405280226	348	0.668952543273806
"rs1544275"	0.0213094416952313	348	1.48204907423317
"rs456045"	0.0213945704487825	348	0.701850726329866
"rs732136"	0.0214452075882734	348	1.56417552043783
"rs222331"	0.0214656691098144	348	0.654806057929474
"rs275970"	0.021497050327187	348	0.663173416210236
"rs553147"	0.0215157289966615	348	1.49655767214669
"rs1950435"	0.0215332265492472	348	1.62372934399795
"rs1154170"	0.0216220796151256	348	1.47959856099254
"rs261883"	0.021642586448145	348	0.322247259972428
"rs922552"	0.0216425864481485	348	6.7380661651196e-06
"rs1332446"	0.0216738388683327	348	0.542190447355852
"rs1830447"	0.021690387354648	348	0.620652828035082
"rs821734"	0.0217107668920774	348	0.815486862353736
"rs1126566"	0.0217617573531437	348	1.93374792767905
"rs580439"	0.0218118671146397	348	0.605017936303665
"rs164701"	0.021817785169172	348	2.2971264251704
"rs573478"	0.0218393660403636	348	0.390953388471268
"rs2140945"	0.021947461684394	348	1.33905939967919
"rs2141075"	0.021947461684394	348	1.33905939967919
"rs162721"	0.0220187679226422	348	1.61415500233031
"rs226115"	0.0221080630458948	348	1.47267948021919
"rs1715801"	0.0221098657742391	348	1.47326498190691
"rs278224"	0.022180622450013	348	1.54022902283163
"rs1715738"	0.0222297188153484	348	1.46225423193936
"rs1588407"	0.0222444659851121	348	1.50827260303721
"rs378058"	0.0222792270223347	348	1.77021702487536
"rs165821"	0.0223881421711852	348	2.28836237319981
"rs1356446"	0.0224236844388237	348	1.84948273407407
"rs1356524"	0.0224236844388237	348	1.84948273407407
"rs957794"	0.0224370671035862	348	1.64772087038109
"rs23453"	0.0224794001243495	348	1.27879536396283
"rs1359762"	0.0224808065649868	348	1.25315170241901
"rs508278"	0.0224891936462195	348	0.644187544660643
"rs1363925"	0.0224979494550777	348	1.38013895879297
"rs614727"	0.0225235893207028	348	0.528624180041289
"rs614728"	0.0225235893207028	348	0.528624180041289
"rs129431"	0.0225269088560386	348	1.47607656270145
"rs232500"	0.0225383803020235	348	0.611238687916566
"rs1144650"	0.0225457007961988	348	1.52439376067564
"rs47913"	0.022571683683089	348	0.516160436206443
"rs1721167"	0.0225856506916691	348	1.47049960660936
"rs1721170"	0.0225856506916691	348	1.47049960660936
"rs1721173"	0.0225856506916691	348	1.47049960660936
"rs1721176"	0.0225856506916691	348	1.47049960660936
"rs1721201"	0.0225856506916691	348	1.47049960660936
"rs1721202"	0.0225856506916691	348	1.47049960660936
"rs342533"	0.0225922851841003	348	0.623923993814388
"rs134025"	0.0226251638815534	348	0.662496763183323
"rs162254"	0.0226730565307091	348	1.401879809166
"rs1289883"	0.0227575282343733	348	0.599642164315031
"rs2056165"	0.0227805778733896	348	1.46587055654691
"rs45857"	0.022786499128271	348	0.663885218149395
"rs896412"	0.0228196058957542	348	0.696341347582859
"rs896415"	0.0228196058957542	348	0.696341347582859
"rs1929003"	0.0228933182292735	348	2.04594181720204
"rs287134"	0.0229017023569178	348	1.36819096434972
"rs2167239"	0.0229150005860076	348	0.742664444016903
"rs510254"	0.0229426745346481	348	2.23382490033334
"rs2000438"	0.022950342899029	348	0.549156666241575
"rs2000441"	0.022950342899029	348	0.549156666241575
"rs1907664"	0.0229538552479957	348	0.692647152123002
"rs1134303"	0.0229547509432408	348	0.670507245684155
"rs1786696"	0.0229630959485532	348	0.680192951407236
"rs1879760"	0.0229666208016908	348	1.64064696787767
"rs321572"	0.0229817674498684	348	1.63521838954724
"rs101183"	0.0230021501773216	348	1.55746307449204
"rs105176"	0.0230059097032285	348	2.07478055120337
"rs1950472"	0.0230315709075197	348	1.61972391397788
"rs305306"	0.0230500700167234	348	0.809183359803471
"rs1064960"	0.023075616599461	348	0.663170027167904
"rs1354448"	0.0231010038817156	348	1.84493159802837
"rs149351"	0.0231019214394478	348	0.703959674773171
"rs2131747"	0.0232606534634484	348	0.814805283568924
"rs897021"	0.0232830872597994	348	0.868006235668919
"rs2210554"	0.023314414198417	348	1.5824264467574
"rs302691"	0.0233161751342978	348	0.670072309064582
"rs1316792"	0.0234336873161409	348	1.49077013534555
"rs409650"	0.0234683392632677	348	1.46320253977163
"rs2145180"	0.0234779658920893	348	1.55790085124106
"rs1487726"	0.0235333728246171	348	1.30597862746413
"rs1443117"	0.0235434989589373	348	1.94723981218483
"rs664264"	0.023582671799427	348	1.8132070958354
"rs664561"	0.023582671799427	348	1.8132070958354
"rs665181"	0.023582671799427	348	1.8132070958354
"rs937014"	0.0236234461565699	348	0.581105486836417
"rs409668"	0.023672700913577	348	1.56353678193756
"rs409669"	0.023672700913577	348	1.56353678193756
"rs1363910"	0.0237557847527149	348	1.36726429592681
"rs1050394"	0.0238532119886536	348	0.639351729234447
"rs1696413"	0.0238568316309048	348	1.41785862067805
"rs2019444"	0.0238864502316259	348	0.573853822697777
"rs2019649"	0.0238864502316259	348	0.573853822697777
"rs2019670"	0.0238864502316259	348	0.573853822697777
"rs210145"	0.0238882621189761	348	1.48747731543304
"rs163480"	0.0239968916488572	348	0.635935888616167
"rs308007"	0.0240647444414157	348	0.676338278713649
"rs1413142"	0.0241054703855377	348	1.14236471332353
"rs1854426"	0.0241111218229676	348	0.535129711072009
"rs1552742"	0.0242972500520687	348	1.22382088063998
"rs941830"	0.0243006228257875	348	1.37216936360492
"rs613718"	0.0243221247589983	348	0.496539127687244
"rs162315"	0.0243435478304835	348	1.34829965397818
"rs162282"	0.0243435478304835	348	1.34829965397819
"rs1320715"	0.0244347332711705	348	2.39077100395472
"rs1322378"	0.0244347332711705	348	2.39077100395472
"rs162252"	0.0244352155368692	348	1.34945023748243
"rs575176"	0.0245386414350067	348	1.24477831722777
"rs1708654"	0.0245643782402117	348	1.40115662537766
"rs433692"	0.0246144146075032	348	1.64617422526487
"rs854783"	0.0246235969865901	348	0.610845288797825
"rs733194"	0.0246347402397289	348	1.86958241397949
"rs1947208"	0.0246429759469858	348	0.65011741926479
"rs1487634"	0.0246607220873301	348	1.31014167054454
"rs1405584"	0.0247343430099057	348	0.839831176885922
"rs284718"	0.0247540906239022	348	0.585575697564133
"rs1154158"	0.0247930125365119	348	0.67582897894243
"rs411577"	0.0248761982478658	348	0.778568151668918
"rs1343061"	0.024899332471041	348	1.82566883849402
"rs1343075"	0.024899332471041	348	1.82566883849402
"rs71507"	0.0250310412250497	348	2.17642453485092
"rs1134377"	0.0250767948645824	348	1.66219604911171
"rs452928"	0.0251023573528987	348	0.493038151630945
"rs118157"	0.0252841149749525	348	1.28067637672911
"rs118158"	0.0252841149749525	348	1.28067637672911
"rs266939"	0.0253034119215098	348	0.544639658578648
"rs46504"	0.0253617496977542	348	0.542358126666075
"rs1414099"	0.0254364461369215	348	1.93508268330037
"rs1109461"	0.0254786372399441	348	0.708602681739489
"rs42548"	0.025534199671605	348	0.705292980188305
"rs778291"	0.0255512970008996	348	0.730467141402125
"rs778292"	0.0255512970008996	348	0.730467141402125
"rs622991"	0.0256310751492939	348	1.45493425678352
"rs1950609"	0.0256635090051391	348	1.60715042037382
"rs1947336"	0.0257810184146397	348	0.648515807942729
"rs490764"	0.0257819131131609	348	1.45459714171366
"rs1703908"	0.0257909486031863	348	1.48843729255328
"rs1355672"	0.0258553016495337	348	1.59858371104121
"rs225427"	0.0259178163691349	348	0.749462912093324
"rs1415969"	0.0259378191463064	348	1.3302207846361
"rs1843405"	0.0261325769293742	348	0.552659973575918
"rs2186010"	0.0261332926532544	348	1.39768648104478
"rs2135490"	0.0261419213630181	348	0.735401897681653
"rs942586"	0.0261830394432748	348	2.03458121417698
"rs1715631"	0.0262033608714135	348	1.4206704529805
"rs2008434"	0.0262760961598945	348	1.6840984861737
"rs162256"	0.0263227609420916	348	1.34300430429582
"rs1772632"	0.0263386950547501	348	1.33345835017942
"rs1704090"	0.02637006889553	348	1.48046699974079
"rs1704093"	0.02637006889553	348	1.48046699974079
"rs1019511"	0.02637781420429	348	0.657200028257847
"rs2169887"	0.0263862445861908	348	0.715526883286063
"rs2002629"	0.0263928704956287	348	1.4483360236329
"rs2002630"	0.0263928704956287	348	1.4483360236329
"rs2071975"	0.0263966199439691	348	1.4584440832164
"rs493343"	0.0264058300729252	348	1.53896244321023
"rs614721"	0.0264486739559247	348	0.506243537652949
"rs476461"	0.0264614649542452	348	0.627507658098424
"rs1666954"	0.0265490671783094	348	136.803033868006
"rs1702433"	0.0265558209897381	348	1.47651628467167
"rs1702462"	0.0265558209897381	348	1.47651628467167
"rs1526964"	0.0265957036021791	348	1.29298573858864
"rs1363926"	0.0266483050688519	348	1.35877674491098
"rs285928"	0.026648903432855	348	0.680960648546791
"rs1100462"	0.0266505575169177	348	1.77248666268524
"rs622817"	0.0267095786524757	348	1.52376752863454
"rs1963720"	0.0267397522660479	348	1.54966892863798
"rs1706439"	0.026757667164629	348	1.69349581432337
"rs1947219"	0.026772070322161	348	0.64930010234685
"rs1947308"	0.0267720703221623	348	0.649300102346859
"rs1947367"	0.0267720703221632	348	0.649300102346856
"rs1947324"	0.0267720703221674	348	0.649300102346863
"rs1947339"	0.0267720703221674	348	0.649300102346863
"rs1399318"	0.0268035100640357	348	0.386772495161948
"rs145908"	0.0268129605458978	348	1.8369699019145
"rs510365"	0.0268326305828025	348	1.37362308894835
"rs673751"	0.0268995791354178	348	0.646309278505696
"rs598002"	0.0269136668103471	348	0.913891773963155
"rs667358"	0.0269353234337302	348	1.47727322738954
"rs446863"	0.0269354176991829	348	0.819149671415302
"rs880748"	0.0269847051432632	348	1.69862304700896
"rs655327"	0.0270089221943967	348	1.600895944145
"rs46117"	0.0270362939673616	348	0.604361408862041
"rs46126"	0.0270362939673616	348	0.604361408862041
"rs46129"	0.0270362939673616	348	0.604361408862041
"rs264737"	0.0270415716250408	348	0.662470413822837
"rs2117314"	0.0270428882721229	348	0.719876196534973
"rs2117326"	0.0270428882721229	348	0.719876196534973
"rs1542253"	0.0270598493223818	348	0.570626871115304
"rs433551"	0.0270865933000412	348	0.660908227098845
"rs2135447"	0.0272045704158313	348	0.681082232861024
"rs1937286"	0.0272182569158279	348	1.69952038062209
"rs613335"	0.0272739318950356	348	0.579232141185116
"rs613339"	0.0272739318950356	348	0.579232141185116
"rs741760"	0.0272840881964158	348	0.727476898878052
"rs1206796"	0.0272910520887756	348	1.28761679077047
"rs1551375"	0.0272950854414417	348	1.44147350405084
"rs2072539"	0.0273444531373236	348	0.575706330197618
"rs123964"	0.027358994211619	348	1.36215984421079
"rs148426"	0.0273745120464792	348	0.752886560326505
"rs150094"	0.0273766809836762	348	0.768468743414322
"rs118100"	0.0275211220084522	348	1.21979754922649
"rs1808673"	0.0275304266621544	348	3.02158818032808
"rs1809672"	0.0275304266621544	348	3.02158818032808
"rs2200137"	0.0275546870706252	348	0.465423244663044
"rs151264"	0.0275831294620763	348	0.746167004882841
"rs1114075"	0.0275936869897959	348	0.692737971020697
"rs1963734"	0.0276243383264714	348	1.54154234223586
"rs1963769"	0.0276243383264714	348	1.54154234223586
"rs1963771"	0.0276243383264714	348	1.54154234223586
"rs1963798"	0.0276243383264714	348	1.54154234223586
"rs510200"	0.027656750988998	348	1.43738815105713
"rs1100268"	0.0276813489551283	348	0.646331159884898
"rs116561"	0.0277069889497915	348	0.709578984831877
"rs1720527"	0.0278248664930582	348	1.40464450744278
"rs1120359"	0.0278351358521875	348	1.54629640389918
"rs163421"	0.0278851589887172	348	0.64642863554189
"rs1556500"	0.0278975758417562	348	1.53623646438749
"rs1556531"	0.0278975758417562	348	1.53623646438749
"rs2147001"	0.0279490671807912	348	1.35139267100455
"rs294436"	0.0279577610660374	348	1.13511643205026
"rs613300"	0.0279808833439185	348	0.228026443157375
"rs433725"	0.0280044463503357	348	1.62897355384796
"rs1854342"	0.0280470529463574	348	0.540573051255254
"rs116410"	0.0280705103698516	348	0.81974695257811
"rs1418807"	0.0280992912717578	348	2.12758110763353
"rs653801"	0.0281133582355687	348	1.54966565302187
"rs262723"	0.0281613207924053	348	0.405077103245795
"rs23402"	0.0281717986895715	348	1.68789981350677
"rs1099885"	0.028178960015507	348	0.675323001171853
"rs294446"	0.0282453190457782	348	1.13497038895862
"rs2170897"	0.0282791436050071	348	0.796259316380368
"rs678191"	0.0283293459183863	348	1.22288950544023
"rs881052"	0.028341006519452	348	0.563430016893212
"rs191389"	0.0283745455739533	348	0.606545058225369
"rs941828"	0.0283800534812588	348	1.30932920441343
"rs2048368"	0.028407801680677	348	1.57114421973634
"rs53449"	0.0284271606840619	348	1.6428232642667
"rs553141"	0.0284721493820549	348	1.497451648235
"rs1720882"	0.0285233233329007	348	1.4755061588389
"rs1720783"	0.0285416209717605	348	1.4471743883393
"rs1720963"	0.0285498457915923	348	1.47542818944536
"rs1344090"	0.0285542198306504	348	1.466240305432
"rs1481852"	0.0285887676599425	348	0.510960830665657
"rs294424"	0.0285923006786618	348	1.13448142616432
"rs294430"	0.0285923006786618	348	1.13448142616432
"rs1478035"	0.028664737050976	348	0.623074155568137
"rs1720624"	0.0287307618928402	348	1.50553722786422
"rs263331"	0.0287439044228363	348	0.446043497271441
"rs577138"	0.0287496000931882	348	0.635753830552248
"rs2169827"	0.0287774074238411	348	0.065061343163504
"rs1598815"	0.0287843534794203	348	1.51783775512871
"rs1444592"	0.028871174609965	348	0.716710884377152
"rs1715634"	0.0289259189354632	348	1.41169362783263
"rs1627069"	0.0289292089515701	348	0.688430867885575
"rs2169879"	0.0289395846541591	348	0.718538047368459
"rs1597136"	0.0289589689113207	348	0.583279222686193
"rs1114128"	0.0290079703621321	348	1.32250387839024
"rs1356209"	0.0290138744516336	348	1.71763718503083
"rs162242"	0.0290434240689829	348	1.33734030426016
"rs2169896"	0.0291176495972092	348	0.722158630839871
"rs116558"	0.029272891233302	348	0.710483638527454
"rs1720462"	0.0292918281014381	348	1.55162822929533
"rs1715862"	0.029590154128572	348	1.46422223806345
"rs678166"	0.0297894981802248	348	0.775922893617067
"rs398915"	0.0297923876081371	348	2.14897165466902
"rs1356136"	0.0298276823475793	348	1.58646281889983
"rs322251"	0.0299041877971168	348	1.61356921319641
"rs55036"	0.0299133939345379	348	0.667143344374366
"rs491305"	0.0300354382641899	348	0.617479506894941
"rs491306"	0.0300354382641899	348	0.617479506894941
"rs491309"	0.0300354382641899	348	0.617479506894941
"rs613329"	0.0300382040154011	348	1.69387272571331
"rs467101"	0.0300427047734375	348	0.654632305123186
"rs410168"	0.0300592801825359	348	1.57079686438488
"rs207567"	0.0301297596699212	348	0.508301839841868
"rs1290930"	0.0301533688861022	348	1.44720430341599
"rs133573"	0.0301714654295103	348	0.52499656679045
"rs446078"	0.0301992462156313	348	0.827631192073108
"rs601931"	0.030212171229996	348	1.47666336147085
"rs1598879"	0.0302698425742565	348	1.52992874901949
"rs1598676"	0.0302698425742566	348	1.52992874901949
"rs163560"	0.0303043823834241	348	0.647741195326414
"rs163571"	0.0303043823834241	348	0.647741195326414
"rs2171206"	0.0303605266433351	348	1.21736554484385
"rs2169848"	0.0303899571021028	348	0.724085498267754
"rs709719"	0.0304197114312689	348	1.30550589686375
"rs294427"	0.030425558634783	348	1.13306097087655
"rs294448"	0.030425558634783	348	1.13306097087655
"rs1153062"	0.0304420452017266	348	0.722179252993279
"rs116556"	0.0304540353124827	348	0.71211079923397
"rs2203606"	0.0304944127382208	348	1.6221067728516
"rs650490"	0.0305545579484571	348	0.408117296036355
"rs2167233"	0.0305574288647903	348	0.748776669760379
"rs2040084"	0.0305598311395373	348	0.531474811735401
"rs647431"	0.0305903364696843	348	3385.88718931563
"rs1884230"	0.030671878490747	348	0.456052160236322
"rs1884234"	0.030671878490747	348	0.456052160236322
"rs869973"	0.0306857383953971	348	1.36987608454012
"rs1678870"	0.0307265203224896	348	0.566769492416541
"rs1453103"	0.0307930475481437	348	0.678145202588192
"rs882565"	0.0308075357828074	348	0.563397656557759
"rs2056041"	0.0308107224041805	348	1.77466743869864
"rs72062"	0.0309336977363861	348	1.53251927164955
"rs85495"	0.0309452095989449	348	1.47574149810836
"rs1092754"	0.0310091134677059	348	0.890279119565963
"rs1092767"	0.0310091134677059	348	0.890279119565963
"rs2166154"	0.0311387499833308	348	1.42343688392514
"rs1356275"	0.0311512538853928	348	1.80444548864888
"rs564553"	0.0312895546315934	348	1.94070465069965
"rs1167649"	0.0312925325949649	348	1.2713977253042
"rs1167650"	0.0312925325949649	348	1.2713977253042
"rs1551372"	0.0313146763196539	348	1.4424853642479
"rs2003790"	0.031342649812719	348	1.58362183335016
"rs154394"	0.031387494876696	348	0.695732287361278
"rs1092760"	0.0314555746904402	348	0.890591041608263
"rs576635"	0.0315600256591748	348	1.441918609829
"rs576641"	0.0315600256591748	348	1.441918609829
"rs576643"	0.0315600256591748	348	1.441918609829
"rs576644"	0.0315600256591748	348	1.441918609829
"rs576626"	0.0315600256591749	348	1.441918609829
"rs576628"	0.0315600256591749	348	1.441918609829
"rs460867"	0.0315761428324638	348	0.811448352417532
"rs1123559"	0.0315946428289246	348	0.567273647857549
"rs1963523"	0.0315979239597232	348	1.71224949290551
"rs1608599"	0.0316025934670408	348	1.64497195349658
"rs2170428"	0.0316183562085271	348	1.17192374678379
"rs1773094"	0.0316377070119747	348	1.73424815811429
"rs1773899"	0.0316377070119747	348	1.73424815811429
"rs1164372"	0.0316857937847662	348	1.4423955063137
"rs1164374"	0.0316857937847662	348	1.4423955063137
"rs1164375"	0.0316857937847662	348	1.4423955063137
"rs503701"	0.0317096112531663	348	0.817890860248584
"rs2007586"	0.0317510706650388	348	0.646232750111317
"rs1884225"	0.0318070634933032	348	0.458398778691896
"rs648887"	0.0318339571810211	348	1.70420904917391
"rs1420002"	0.0318452318613947	348	0.566866777608721
"rs1420023"	0.0318452318613947	348	0.566866777608721
"rs163279"	0.0318502729579145	348	0.635609563356748
"rs839219"	0.0318822530885961	348	0.648915553137588
"rs1053875"	0.0318887240081926	348	0.554286230752415
"rs1553021"	0.0319715254575287	348	1.75632139875928
"rs1739672"	0.0319912295694991	348	1.52450409950771
"rs1950194"	0.0319956520062458	348	1.61394672983568
"rs2115955"	0.0321167945538682	348	1.53538142813214
"rs323826"	0.0321264656642399	348	0.345405609845609
"rs236191"	0.0321601982080896	348	1.8154347543526
"rs411480"	0.0323286475773932	348	0.481180397215871
"rs453951"	0.0324413765768997	348	0.476429524231809
"rs433708"	0.0324542277127143	348	1.60907085783605
"rs741860"	0.0325142351881439	348	0.730833816231573
"rs319861"	0.0325616739156368	348	2.56832654275739
"rs903169"	0.0325796384609591	348	0.527692112431139
"rs903290"	0.0325796384609591	348	0.527692112431139
"rs903462"	0.0325796384609591	348	0.527692112431139
"rs903663"	0.0325796384609591	348	0.527692112431139
"rs903869"	0.0325796384609591	348	0.527692112431139
"rs904076"	0.0325796384609591	348	0.527692112431139
"rs904116"	0.0325796384609591	348	0.527692112431139
"rs904706"	0.0325796384609591	348	0.527692112431139
"rs905063"	0.0325796384609591	348	0.527692112431139
"rs285727"	0.0325846781415687	348	0.599304867100844
"rs904935"	0.0326156351655599	348	0.526853793163149
"rs2166494"	0.0326415769143353	348	0.64944581283979
"rs1947369"	0.0326493838613542	348	0.655731705192036
"rs716267"	0.032730908951251	348	0.689238766587545
"rs507096"	0.0328230840542342	348	1.53886113936825
"rs869585"	0.0328702045726471	348	1.68523596744378
"rs869588"	0.0328702045726471	348	1.68523596744378
"rs869590"	0.0328702045726471	348	1.68523596744378
"rs869592"	0.0328702045726471	348	1.68523596744378
"rs869768"	0.0328702045726471	348	1.68523596744378
"rs286474"	0.0328760991603088	348	1.46081802935225
"rs1893658"	0.0329020296460055	348	0.658423691835254
"rs791121"	0.0329178644082156	348	0.821947051491976
"rs1293309"	0.0329665001645753	348	1.4200041246362
"rs280794"	0.0330128111582895	348	1.48821428138886
"rs1628965"	0.0330157464864096	348	0.549066347231304
"rs294433"	0.0330650905262155	348	1.13069585677468
"rs224183"	0.0330856449753527	348	0.647092146130347
"rs118606"	0.033110806756492	348	1.2081190437925
"rs722539"	0.0331379477112017	348	1.59038841660241
"rs453964"	0.0331883602127149	348	0.478132009815769
"rs229936"	0.0331968193038133	348	1.58754737147581
"rs1878058"	0.033241625866406	348	0.8942132563476
"rs163319"	0.0332519447091162	348	0.639998965859971
"rs163320"	0.0332519447091162	348	0.639998965859971
"rs732450"	0.0332671077166164	348	0.565694342455226
"rs1600979"	0.0333029315569734	348	1.49594032389899
"rs1600985"	0.0333029315569734	348	1.49594032389899
"rs1713426"	0.0333204636623874	348	1.60237135868805
"rs1454840"	0.0333258921921579	348	0.640315550090438
"rs1098107"	0.033334767134653	348	1.63137261112454
"rs320914"	0.0333418393641403	348	1.64879609337122
"rs968569"	0.03339223171298	348	1.48710436651005
"rs1823235"	0.0334467759277691	348	1.99324671543746
"rs2182582"	0.0334693531504211	348	1.32726387740183
"rs31758"	0.0335027105259149	348	0.778724390016734
"rs31761"	0.0335027105259149	348	0.778724390016734
"rs2087082"	0.033530771273935	348	1.15572268710132
"rs735024"	0.0335564410340144	348	0.655944160874621
"rs1068242"	0.0336062972416194	348	1.69078942778771
"rs30606"	0.0336190263056002	348	1.48600929765676
"rs412361"	0.0337281712543849	348	0.484516811433748
"rs264256"	0.033759785052407	348	1.41793098348291
"rs2178499"	0.0337632819071072	348	1.42009942906576
"rs321678"	0.0337979016271014	348	1.57823450221198
"rs2147434"	0.0338011178504476	348	1.4337052491005
"rs1708591"	0.0338103999540744	348	1.45347862844434
"rs1721528"	0.0338658929048879	348	1.41946256324182
"rs236879"	0.0338712550179602	348	0.640147430140251
"rs236974"	0.0338712550179602	348	0.640147430140251
"rs1305958"	0.0338722006161871	348	0.685087120919666
"rs1708597"	0.0339239621431537	348	1.45645501682554
"rs1708603"	0.0339239621431537	348	1.45645501682554
"rs1145139"	0.0339290201155317	348	1.38139732914355
"rs575033"	0.0339893276903585	348	0.835052397554882
"rs268888"	0.0340534658782602	348	1.52744844992906
"rs2007016"	0.0341574491891772	348	0.688069723859272
"rs1587446"	0.0341704155431634	348	0.674822461999001
"rs242333"	0.0342622295842373	348	0.848091944200073
"rs1064538"	0.0342792576643672	348	0.892057163234901
"rs106122"	0.0343789942062725	348	0.420456348996349
"rs995689"	0.0344375149469255	348	0.623914838212981
"rs923583"	0.0344487352932155	348	0.606219963755654
"rs958937"	0.0345035582389484	348	1.53565678873467
"rs647692"	0.0345603637129591	348	313.712576300506
"rs1933906"	0.0345857310784982	348	0.638627306542079
"rs1614083"	0.0346108059665003	348	1.36913103965259
"rs1978072"	0.0346442885931166	348	0.516909521211417
"rs305302"	0.0346591984660568	348	0.812575939553684
"rs544922"	0.0346646375521217	348	1.44932478717267
"rs1720742"	0.0346812428580105	348	1.40540882071197
"rs1721265"	0.0346812428580135	348	1.40540882071196
"rs1167608"	0.0347157842635508	348	0.795483044656688
"rs118659"	0.0347533539908257	348	1.35265655667587
"rs1598860"	0.0348259654493803	348	1.53234465091858
"rs154480"	0.0348681437102062	348	0.737346203727503
"rs154518"	0.0348681437102062	348	0.737346203727503
"rs1383765"	0.0350164464776902	348	1.26567468590542
"rs1163187"	0.03502057484084	348	1.53044519124518
"rs1163193"	0.03502057484084	348	1.53044519124518
"rs904046"	0.0350483945930018	348	660.569507016444
"rs905145"	0.0350483945930018	348	660.569507016444
"rs905153"	0.0350483945930018	348	660.569507016444
"rs923458"	0.0350613313436803	348	0.607458784235323
"rs664574"	0.0350719849398151	348	1.54260249084239
"rs1389396"	0.0351092586833941	348	0.741659997064563
"rs1389398"	0.0351092586833941	348	0.741659997064563
"rs1389399"	0.0351092586833941	348	0.741659997064563
"rs1607310"	0.0351656427040924	348	0.707528238814831
"rs320026"	0.0351757056653051	348	1.92692030662844
"rs410730"	0.0351928614943843	348	1.41801543856398
"rs286617"	0.0352386910407585	348	1.48601789482835
"rs1950636"	0.0352504725041283	348	1.5647783786361
"rs1708299"	0.0352806799296991	348	1.41080692795091
"rs1708305"	0.0352806799296991	348	1.41080692795091
"rs1708336"	0.0352806799296991	348	1.41080692795091
"rs1708339"	0.0352806799296991	348	1.41080692795091
"rs2003439"	0.0353576302017489	348	0.667738798065146
"rs305085"	0.0353904001083977	348	0.621398172077948
"rs305101"	0.0353904001083978	348	0.62139817207795
"rs938333"	0.0354117405495886	348	0.823483316509877
"rs1950321"	0.0354183447119388	348	1.56858445271728
"rs2193355"	0.035424552624492	348	1.24446117306365
"rs1487751"	0.0354329565017176	348	1.29432293960412
"rs1630062"	0.0354487868187428	348	1.50148306557798
"rs1720880"	0.0354577828538141	348	1.41271149063166
"rs1963528"	0.0354653369993041	348	1.6264271045463
"rs692832"	0.035471754200057	348	1.49367216443416
"rs117530"	0.0354941414760828	348	0.785603351031696
"rs439725"	0.0355156702970213	348	2.00272478844809
"rs2140957"	0.0355162741618404	348	1.30298455577204
"rs1387032"	0.0355358292844309	348	1.20094374870949
"rs1387036"	0.0355358292844309	348	1.20094374870949
"rs2164139"	0.0355627712382595	348	0.555561840637259
"rs1933802"	0.0355929046377355	348	1.52013035948669
"rs1933811"	0.0355929046377355	348	1.52013035948669
"rs1933812"	0.0355929046377355	348	1.52013035948669
"rs1933815"	0.0355929046377355	348	1.52013035948669
"rs163470"	0.0356014446726363	348	0.653976505426183
"rs1316120"	0.035614990963287	348	0.70839246448574
"rs1316125"	0.035614990963287	348	0.70839246448574
"rs1321481"	0.0356557525469839	348	1.46587252956048
"rs1321646"	0.035655752546984	348	1.46587252956048
"rs1374030"	0.035700390570174	348	1.24754073068179
"rs565245"	0.0358005094244779	348	0.726000262673461
"rs565251"	0.0358005094244779	348	0.726000262673461
"rs565252"	0.0358005094244779	348	0.726000262673461
"rs565254"	0.0358005094244779	348	0.726000262673461
"rs80139"	0.0358518380386401	348	0.707798396693708
"rs78976"	0.0358581941806821	348	0.838639843598017
"rs127248"	0.0359274958367522	348	1.32358529481698
"rs613684"	0.0360335793742345	348	0.621521127176692
"rs1807269"	0.0360883183950744	348	1.54077991640417
"rs656107"	0.0360964855390019	348	0.622222721665394
"rs1406471"	0.0361602975837576	348	0.670644555058456
"rs149676"	0.0362256765956751	348	0.700249900416419
"rs149677"	0.0362256765956751	348	0.700249900416419
"rs149679"	0.0362256765956751	348	0.700249900416419
"rs339567"	0.0362922950557932	348	1.42098971422836
"rs303908"	0.0363025335762927	348	0.697253132761674
"rs341248"	0.0363376300718233	348	1.37933405010198
"rs341249"	0.0363376300718233	348	1.37933405010198
"rs1150702"	0.0363505844640687	348	0.735259368063116
"rs1150711"	0.0363505844640687	348	0.735259368063116
"rs1150715"	0.0363505844640687	348	0.735259368063116
"rs162194"	0.0363596027268291	348	0.765427445299513
"rs2166352"	0.0363632296142187	348	0.695238688461885
"rs1598861"	0.0363870704373199	348	1.57671538939598
"rs1844613"	0.0364213784797177	348	1.45088729046021
"rs1782715"	0.0364520668590972	348	1.36009991710357
"rs1023332"	0.0365212123606222	348	1.44535029687201
"rs149685"	0.0365474365715083	348	0.700888971472345
"rs1886771"	0.0365652412239614	348	1.3987629860425
"rs1715467"	0.0365918942449402	348	1.55579701908142
"rs576359"	0.0365941430360542	348	1.5357597281029
"rs576362"	0.0365941430360542	348	1.5357597281029
"rs467518"	0.0366028553662596	348	0.613976517829946
"rs303906"	0.0366665491515743	348	0.697983365231981
"rs446626"	0.0367304648993111	348	0.274359233944849
"rs116633"	0.0367469621559316	348	0.813998877764369
"rs446378"	0.0370289968403224	348	0.274583646377339
"rs1419924"	0.0370720618673689	348	1.47442535693248
"rs1169792"	0.037126506454148	348	0.724969910391384
"rs580451"	0.0371525744485268	348	0.667816312258821
"rs298338"	0.0371613106808809	348	1.40675017570658
"rs1716673"	0.0371631805736988	348	1.57624427763493
"rs453712"	0.0371837501833984	348	1.63911020965408
"rs453716"	0.0371837501833984	348	1.63911020965408
"rs1306177"	0.0371923985142939	348	1.61150447743484
"rs1115452"	0.0373016580178238	348	0.716836389069622
"rs777702"	0.0373025146398541	348	0.737641506068996
"rs1950357"	0.0373543368656667	348	1.56222594184213
"rs1950191"	0.0373543368656684	348	1.5622259418421
"rs1609005"	0.0374353776214063	348	1.59257518165478
"rs2131798"	0.0374951815541056	348	0.84807575762438
"rs1168124"	0.0375171326990823	348	0.705927424609312
"rs928326"	0.0375230847990752	348	0.68978559253983
"rs1737942"	0.0375572985255482	348	1.28905977491112
"rs718697"	0.0375634042683996	348	0.685595940917956
"rs181157"	0.0375963706901733	348	1.41386972109468
"rs1514990"	0.0376105300901016	348	0.833612992249744
"rs1514996"	0.0376105300901016	348	0.833612992249744
"rs1514997"	0.0376105300901016	348	0.833612992249744
"rs1993768"	0.0377091733318279	348	0.69813516059323
"rs1092729"	0.0377174569555388	348	0.893913312520111
"rs226800"	0.0377260397893453	348	1.20467232964361
"rs236861"	0.0378727124167372	348	0.647975690056131
"rs150100"	0.0378837716446004	348	0.778962365816367
"rs150102"	0.0378837716446004	348	0.778962365816367
"rs150103"	0.0378837716446004	348	0.778962365816367
"rs297303"	0.037902873456535	348	0.75375600984055
"rs778162"	0.0379498790231905	348	1.30297045452778
"rs93230"	0.0380563624525862	348	1.33611976269282
"rs190054"	0.0380724902503278	348	2.51206096562864
"rs923512"	0.0381019491799566	348	0.611170033280215
"rs491324"	0.0381263396574595	348	0.632009140213053
"rs1937238"	0.0381742661460188	348	1.6949846691784
"rs77811"	0.0382033301308519	348	1.44576122579489
"rs276180"	0.0382665519835136	348	0.702938088501071
"rs1843411"	0.0382741769696141	348	1.49948628585195
"rs2141685"	0.0383490369875431	348	1.38883403576495
"rs212275"	0.0384054672058952	348	0.551425742465474
"rs741790"	0.0384607780170659	348	0.708341917330566
"rs904161"	0.0384888936204207	348	0.533185412087105
"rs734912"	0.0385546770994088	348	0.662217148239936
"rs2013058"	0.0385989741367954	348	0.625233449904996
"rs1443549"	0.0386525544897463	348	1.46236317836019
"rs410473"	0.0386656442795341	348	1.45457816206715
"rs410479"	0.0386656442795341	348	1.45457816206715
"rs410488"	0.0386656442795341	348	1.45457816206715
"rs410502"	0.0386656442795341	348	1.45457816206715
"rs410505"	0.0386656442795341	348	1.45457816206715
"rs410514"	0.0386656442795341	348	1.45457816206715
"rs410457"	0.0386656442795399	348	1.45457816206713
"rs936360"	0.038672262287546	348	0.598727579904114
"rs1141287"	0.038695027823839	348	0.570331793262094
"rs226396"	0.0387086351788207	348	1.34638007359544
"rs657710"	0.0387432386628537	348	0.605011170257151
"rs1848560"	0.0387740787594593	348	0.570295683790952
"rs591545"	0.0387783586584003	348	1.75036751940371
"rs1882883"	0.0388967768406197	348	0.884638018553464
"rs433698"	0.0390050575817666	348	1.61956964941799
"rs2177475"	0.0390319255907577	348	1.53765097370991
"rs1346153"	0.0390813885419605	348	0.63244361268346
"rs431389"	0.0391337162772425	348	0.566180980502827
"rs1162376"	0.0391409296264664	348	1.48346564367635
"rs741753"	0.0392486569794632	348	1.350762842833
"rs1772754"	0.0392643357064053	348	1.46714895213833
"rs1772876"	0.0392643357064053	348	1.46714895213833
"rs1488698"	0.0392915660229028	348	1.13362500103436
"rs1559674"	0.0393476606957295	348	0.598847313759297
"rs453749"	0.0394247034424058	348	1.68106494782509
"rs2177629"	0.0394270252101489	348	0.679678236636286
"rs320782"	0.0394352273385861	348	1.80582550532691
"rs1582160"	0.0394527594346539	348	1.4349029411974
"rs516193"	0.039486212415306	348	2.06260786641617
"rs148177"	0.0395157089792306	348	1.76699867916875
"rs148185"	0.0395157089792306	348	1.76699867916875
"rs148191"	0.0395157089792306	348	1.76699867916875
"rs154470"	0.0395386219831326	348	0.736144948247433
"rs1708393"	0.0395502550379145	348	1.27592828968623
"rs1146153"	0.0395589409901223	348	0.645713911490056
"rs321618"	0.0395720452299435	348	1.85315825670716
"rs321786"	0.0395720452299435	348	1.85315825670716
"rs719156"	0.0397619478097326	348	1.45713514555265
"rs1312024"	0.0398120560388622	348	1.5289743467185
"rs2072641"	0.0398193604559209	348	1.54014802029651
"rs2072737"	0.0398193604559209	348	1.54014802029651
"rs2072740"	0.0398193604559209	348	1.54014802029651
"rs2072743"	0.0398193604559209	348	1.54014802029651
"rs2072746"	0.0398193604559209	348	1.54014802029651
"rs2072749"	0.0398193604559209	348	1.54014802029651
"rs1123554"	0.0398471592684999	348	0.580624638495502
"rs1123555"	0.0398471592684999	348	0.580624638495502
"rs1123560"	0.0398471592684999	348	0.580624638495502
"rs1123564"	0.0398471592684999	348	0.580624638495502
"rs1123569"	0.0398471592684999	348	0.580624638495502
"rs321331"	0.0398655589135976	348	1.65580971674729
"rs319975"	0.0399014128867779	348	2.37149662946075
"rs319984"	0.0399014128867779	348	2.37149662946075
"rs319987"	0.0399014128867779	348	2.37149662946075
"rs2012363"	0.0399038445503758	348	0.709284189674039
"rs952217"	0.0399194889782908	348	1.83678476983942
"rs952244"	0.0399194889782908	348	1.83678476983942
"rs1092718"	0.0399247001828657	348	0.895065910318552
"rs1092732"	0.0399247001828657	348	0.895065910318552
"rs1092741"	0.0399247001828657	348	0.895065910318552
"rs1092743"	0.0399247001828657	348	0.895065910318552
"rs1092745"	0.0399247001828657	348	0.895065910318552
"rs1092746"	0.0399247001828657	348	0.895065910318552
"rs1526941"	0.0399403997526311	348	1.27946061228524
"rs26903"	0.0399477418009386	348	0.704853076617773
"rs1565457"	0.0399658929557381	348	1.20653388430345
"rs225874"	0.0399663182187167	348	1.43778414808232
"rs150139"	0.0399850942745281	348	0.782118055736231
"rs1600973"	0.0399860247395938	348	1.51021242639452
"rs1329261"	0.0400079227844621	348	1.39577363190113
"rs1940072"	0.0400763206516084	348	0.667013034734492
"rs869026"	0.0402358792449109	348	0.463337477682767
"rs870897"	0.0402358792449109	348	0.463337477682767
"rs870898"	0.0402358792449109	348	0.463337477682767
"rs870903"	0.0402358792449109	348	0.463337477682767
"rs870906"	0.0402358792449109	348	0.463337477682767
"rs870912"	0.0402358792449109	348	0.463337477682767
"rs870919"	0.0402358792449109	348	0.463337477682767
"rs870921"	0.0402358792449109	348	0.463337477682767
"rs896526"	0.0403115765509777	348	1.33448354132054
"rs1062643"	0.0403333176543499	348	1.95829992960778
"rs1062645"	0.0403333176543499	348	1.95829992960778
"rs1715590"	0.0403851091497702	348	1.40317897720895
"rs1715595"	0.0403851091497702	348	1.40317897720895
"rs1715600"	0.0403851091497702	348	1.40317897720895
"rs1715607"	0.0403851091497702	348	1.40317897720895
"rs2056772"	0.0404071373445304	348	1.52855490973824
"rs1323053"	0.0404072927407498	348	0.722353190892373
"rs133967"	0.0404677051889784	348	0.82361716339567
"rs436108"	0.040481822183006	348	0.691322389314942
"rs2142592"	0.0405000217164248	348	1.39064552192545
"rs286376"	0.0406096703335711	348	1.7327365175993
"rs286593"	0.0406096703335711	348	1.7327365175993
"rs1345817"	0.0406213021594706	348	0.679823261652179
"rs1646381"	0.0406688627471222	348	1.44748014976477
"rs2010715"	0.0407024363339472	348	1.60484711409429
"rs928327"	0.0407758419963041	348	0.685562830897458
"rs2131746"	0.0409615447675453	348	0.828506161772281
"rs2092741"	0.0410007931793897	348	1.10108257903516
"rs2081353"	0.0410187674665416	348	1.51270804379816
"rs719795"	0.0410645498928024	348	1.61612021682368
"rs451572"	0.0410707081485291	348	0.719230964350498
"rs296526"	0.0410895141782613	348	0.725438581865481
"rs46015"	0.0411569878139793	348	0.641768566002021
"rs46018"	0.0411569878139793	348	0.641768566002021
"rs1019624"	0.0412081563230792	348	1.5870498714962
"rs841699"	0.0412201400147172	348	0.71730519387313
"rs116799"	0.0412288122904121	348	0.78802322245003
"rs116997"	0.0412288122904121	348	0.78802322245003
"rs117005"	0.0412288122904121	348	0.78802322245003
"rs1128526"	0.0412710016100994	348	0.702250674356784
"rs842538"	0.0413178061513009	348	0.406991978360902
"rs1416127"	0.0413265155170378	348	0.712525407555624
"rs1926218"	0.0416133122835226	348	1.4917773753622
"rs2172464"	0.0416847053121834	348	1.41951439032288
"rs1316123"	0.0417459441334027	348	0.711701920868328
"rs1740225"	0.0417556321419915	348	1.38878929740674
"rs1740228"	0.0417556321419915	348	1.38878929740674
"rs1740231"	0.0417556321419915	348	1.38878929740674
"rs1740234"	0.0417556321419915	348	1.38878929740674
"rs150158"	0.0418459471939004	348	0.784108749418093
"rs1055246"	0.0418557874521585	348	0.483095424082797
"rs1055249"	0.0418557874521585	348	0.483095424082797
"rs1055252"	0.0418557874521585	348	0.483095424082797
"rs492228"	0.0418839107069364	348	1.16145907138863
"rs552763"	0.0418860872294146	348	1.49548439419361
"rs1780158"	0.041935984924911	348	1.36576719076045
"rs161018"	0.0419401203819172	348	1.33702310569235
"rs896646"	0.0419909830844689	348	0.834152215753039
"rs896649"	0.0419909830844689	348	0.834152215753039
"rs896652"	0.0419909830844689	348	0.834152215753039
"rs1006248"	0.0420488765755583	348	0.567552831346438
"rs535328"	0.0420848928900017	348	2.49169008192104
"rs1749573"	0.0420899691527092	348	1.42020588443482
"rs844366"	0.0421666761455235	348	1.11279067177015
"rs339576"	0.0422087347163874	348	1.38747149212021
"rs576728"	0.0422183538583114	348	1.49840038413044
"rs1488647"	0.0422461502687122	348	1.1499191330124
"rs1103078"	0.0422804138921471	348	0.703877592892607
"rs503708"	0.0422900990549425	348	1.16041891759763
"rs1481330"	0.0423201731729176	348	0.576934700881113
"rs1481339"	0.0423201731729176	348	0.576934700881113
"rs806618"	0.0423797493697213	348	1.17559481198228
"rs55054"	0.0424648910478942	348	0.694535705293908
"rs55057"	0.0424648910478942	348	0.694535705293908
"rs446231"	0.0424937573448319	348	0.822095133570262
"rs1963755"	0.0425294209759192	348	1.48234561528284
"rs47011"	0.0426423315111891	348	1.14515812759063
"rs171648"	0.042763313356165	348	0.608189469862653
"rs213945"	0.0427688671827993	348	0.619917689968168
"rs116557"	0.0427930561347	348	0.733415371690203
"rs1632252"	0.0428172227689583	348	1.43790474513657
"rs880536"	0.0429343574114502	348	0.912661994843506
"rs226510"	0.04295591681793	348	1.19809826392071
"rs936927"	0.0429693151866572	348	0.627500130796457
"rs224186"	0.0430556829363617	348	1.45397750044055
"rs1470226"	0.0430823723133545	348	1.39721559407232
"rs1470364"	0.0430823723133545	348	1.39721559407232
"rs929056"	0.0431334350481001	348	0.765924558987585
"rs1692535"	0.0431350028583677	348	0.682261092421405
"rs1708837"	0.0431459902057586	348	1.44440114649561
"rs928433"	0.0431622488955265	348	0.664028477183262
"rs928555"	0.0431622488955265	348	0.664028477183262
"rs1886845"	0.0433665664586316	348	1.39150009468252
"rs237052"	0.0433968429299939	348	0.722038752373961
"rs1830794"	0.0434047071873176	348	0.627420253121728
"rs1720687"	0.0434134645415432	348	1.53976231714755
"rs1720693"	0.0434134645415432	348	1.53976231714755
"rs1720716"	0.0434134645415432	348	1.53976231714755
"rs296955"	0.0434505213268398	348	1.86919979194826
"rs778318"	0.0434511305065296	348	0.765626516302209
"rs995654"	0.0435042343703823	348	1.51788984359817
"rs1102499"	0.0435490630473007	348	0.043880862580108
"rs928580"	0.0435686914266832	348	0.69664829336187
"rs1781914"	0.0435791048481687	348	0.732541680112953
"rs453896"	0.0436144636328338	348	1.61102975428521
"rs1933714"	0.0436718144141541	348	1.52696843079025
"rs936118"	0.0436761793476837	348	0.623121448477516
"rs1788624"	0.0436959309012947	348	1.51513858308139
"rs1420446"	0.04378682130251	348	1.4628245143192
"rs1978795"	0.0438698947780286	348	0.741372938757106
"rs896676"	0.0438761226259651	348	0.829537814209867
"rs35990"	0.0438874153986362	348	1.46594974898277
"rs1597498"	0.0439029816194668	348	1.577427583289
"rs2019217"	0.0439338566675647	348	0.619778181683986
"rs2019317"	0.0439338566675647	348	0.619778181683986
"rs1919466"	0.0439624929714653	348	1.39400740868096
"rs1720656"	0.0440851444711016	348	1.39237385815567
"rs1721478"	0.0440851444711016	348	1.39237385815567
"rs688116"	0.04409635077436	348	1.66102243072315
"rs839053"	0.0441158403541025	348	1.53171227562378
"rs1167651"	0.0441214032441074	348	1.25308400211536
"rs273232"	0.0441332605947216	348	0.659808337474006
"rs1807754"	0.0441539613744926	348	0.569873208042968
"rs453895"	0.0442126395011389	348	1.61016433029872
"rs1708056"	0.0442534912832268	348	1.42296723830291
"rs1099773"	0.0442957683012545	348	1.49815193242715
"rs1740213"	0.0443121621494641	348	1.39911564039367
"rs1740222"	0.0443121621494641	348	1.39911564039367
"rs1897721"	0.0443857782857215	348	0.647443233002917
"rs1205634"	0.0444485463561352	348	1.22277880618005
"rs269735"	0.0444659959466002	348	0.70274935991296
"rs299197"	0.0445231861361744	348	1.38771995387777
"rs667268"	0.0445995073293927	348	1.45079825275577
"rs1072170"	0.0446431886721309	348	0.895045843990122
"rs673595"	0.0447066738609869	348	1.47824626303219
"rs2115503"	0.0447166199976023	348	1.83704527218123
"rs2115552"	0.0447166199976023	348	1.83704527218123
"rs1990660"	0.0447225794752978	348	0.611699841371584
"rs1833926"	0.0447314973354439	348	0.666744549453723
"rs1600880"	0.0448008826043946	348	1.47834236537272
"rs1600883"	0.0448008826043946	348	1.47834236537272
"rs1600889"	0.0448008826043946	348	1.47834236537272
"rs1055240"	0.0448363985123595	348	0.48760910487427
"rs1117718"	0.0448452422686688	348	1.8676686718662
"rs307159"	0.0448642407846937	348	0.591099998459538
"rs322519"	0.0449265850032196	348	0.592315160142373
"rs1327760"	0.0449977679567435	348	0.611936929696509
"rs622230"	0.045007013840964	348	1.32837228786898
"rs1559192"	0.045048794959379	348	1.4339329094221
"rs1199339"	0.0450505684946546	348	0.856099885722189
"rs1364365"	0.0450667228787992	348	1.29209644617428
"rs2148727"	0.0450991915920565	348	1.31542527150017
"rs610744"	0.0451940682276919	348	0.606129135992808
"rs610774"	0.0451940682276919	348	0.606129135992808
"rs2053566"	0.0451985785147829	348	1.44022814421996
"rs1046733"	0.0452305052665281	348	0.614125864182529
"rs1327394"	0.045247232864581	348	0.510989065144794
"rs301494"	0.0452783740469733	348	0.524865242736154
"rs1637642"	0.0453272123542905	348	1.38917921557303
"rs409746"	0.0453281119040833	348	1.45264191660338
"rs2182516"	0.045340243104921	348	1.43381036934903
"rs2182519"	0.045340243104921	348	1.43381036934903
"rs2182522"	0.045340243104921	348	1.43381036934903
"rs1715741"	0.0453458011106547	348	1.41650065975363
"rs2022041"	0.0453606279508047	348	0.595503011618971
"rs2013917"	0.0453606279508062	348	0.595503011618973
"rs127643"	0.0453761298588782	348	0.759083138638995
"rs127646"	0.0453761298588782	348	0.759083138638995
"rs349352"	0.045421253355755	348	1.48940153822211
"rs1454946"	0.0454324937514382	348	1.5584902629128
"rs425679"	0.0454333949662909	348	0.684094677441393
"rs2072422"	0.0455102192777017	348	0.62138441487587
"rs2072425"	0.0455102192777017	348	0.62138441487587
"rs2072470"	0.0455102192777017	348	0.62138441487587
"rs2072488"	0.0455102192777017	348	0.62138441487587
"rs2072491"	0.0455102192777017	348	0.62138441487587
"rs2072521"	0.0455102192777017	348	0.62138441487587
"rs1150519"	0.0456114184471528	348	0.726953488766125
"rs1150570"	0.0456114184471544	348	0.726953488766126
"rs87596"	0.0456889966637801	348	1.31737168951193
"rs2171187"	0.0458335105873467	348	1.12433015398342
"rs741807"	0.0458492449165323	348	0.739559392213244
"rs1206785"	0.0458702842493482	348	1.25134713784957
"rs831112"	0.0459327760461525	348	1.34419737960462
"rs323937"	0.045966474361646	348	90938.1961808021
"rs323942"	0.045966474361646	348	90938.1961808021
"rs325090"	0.0459664743616521	348	2.68355226359066
"rs1945549"	0.0459664743616521	348	2.68355226359066
"rs1945765"	0.0459664743616521	348	2.68355226359066
"rs303745"	0.0459664743616562	348	87994.5956906965
"rs620343"	0.0460019187992244	348	0.620563356204885
"rs620346"	0.0460019187992244	348	0.620563356204885
"rs869153"	0.0461402228849222	348	0.506114692623448
"rs1963597"	0.0461515035215474	348	0.551170185246877
"rs2050132"	0.0461726009773368	348	0.633790990963319
"rs929065"	0.0461810283996365	348	0.769090373616742
"rs624341"	0.0461917041769563	348	0.681604336972053
"rs1134496"	0.0462024674581566	348	1.54779141399138
"rs57066"	0.0462264417347434	348	1.53482204708119
"rs580436"	0.0462282373927095	348	0.653051480711189
"rs1720692"	0.0462425256910381	348	1.39215564738272
"rs1721160"	0.0462425256910381	348	1.39215564738272
"rs93338"	0.0463309626636093	348	1.30066114959521
"rs1406727"	0.0463469957778396	348	0.785354152913717
"rs93285"	0.0465039351541697	348	1.29685202746236
"rs1720989"	0.0465051897259303	348	1.39172928374271
"rs2140969"	0.0465728278468155	348	1.28704714732173
"rs102601"	0.0466298852892286	348	1.43412534936474
"rs1963351"	0.0466698203220399	348	0.566300921936433
"rs1079299"	0.0466748691080372	348	1.71494198638984
"rs1088697"	0.0466748691080372	348	1.71494198638984
"rs327523"	0.046741064132374	348	0.526499816171772
"rs2111744"	0.046743428705725	348	0.753124621425292
"rs1565460"	0.0467865410089471	348	1.19225371715323
"rs1452253"	0.046794701267336	348	1.41884575678725
"rs739990"	0.0467988073284008	348	1.82850080997129
"rs739991"	0.0467988073284008	348	1.82850080997129
"rs2178475"	0.0468655797797401	348	1.49739076177338
"rs1206798"	0.0469298913879205	348	1.26727011358179
"rs2117485"	0.0469309617072115	348	1.34521807327591
"rs2168758"	0.0469735600764985	348	1.51369658574274
"rs339597"	0.0469987556655796	348	1.38829327746196
"rs339600"	0.0469987556655796	348	1.38829327746196
"rs410106"	0.0469997707756472	348	1.53919990383878
"rs410160"	0.0469997707756472	348	1.53919990383878
"rs410167"	0.0469997707756472	348	1.53919990383878
"rs410178"	0.0469997707756472	348	1.53919990383878
"rs656704"	0.0470328415849539	348	1.55448894195754
"rs23926"	0.04704530340637	348	0.499996913584843
"rs273295"	0.0470593635645012	348	1.45868944741012
"rs928629"	0.0470706144668235	348	0.708175067799535
"rs62795"	0.0470816326737964	348	1.46468715120063
"rs2057846"	0.0471401020201579	348	0.418890888020778
"rs1770178"	0.0471577952454827	348	0.846241992651228
"rs1663544"	0.0471593382993734	348	1.46088285078445
"rs1663606"	0.0471593382993734	348	1.46088285078445
"rs146008"	0.0471903088110956	348	1.33081392193208
"rs1144416"	0.0471962248756857	348	0.611336288199221
"rs145546"	0.0472000723629183	348	1.35213411688649
"rs145684"	0.0472000723629183	348	1.35213411688649
"rs145690"	0.0472000723629183	348	1.35213411688649
"rs1675920"	0.0472165679628976	348	1.45020682566718
"rs2104901"	0.0472555628895042	348	1.30407834829738
"rs146361"	0.047272027796125	348	1.21250157735108
"rs446150"	0.0473000372873707	348	0.354483633580028
"rs2145204"	0.0473418001094484	348	0.602717467250371
"rs285748"	0.0473459491597077	348	0.671588889854612
"rs1545458"	0.0473767751290183	348	1.41741171681585
"rs1079808"	0.0474580077425774	348	1.71119413680094
"rs2166603"	0.0474686606846062	348	1.3084339847644
"rs1669424"	0.0474905596424231	348	1.42794259191068
"rs958936"	0.0474980606107803	348	5.79403756939216e-06
"rs533704"	0.0474980606154223	348	2.46830654694973
"rs539325"	0.0474980606154223	348	2.46830654694973
"rs1311409"	0.0474980606154223	348	0.40513606433357
"rs1297020"	0.0474980606154225	348	0.405136064333567
"rs2033917"	0.0474980606154228	348	0.405136064333569
"rs682609"	0.0474980606154281	348	13009.0342820687
"rs145879"	0.047520986166277	348	1.37263674818009
"rs227480"	0.047531697085736	348	1.39930522631455
"rs1963612"	0.0476379469924129	348	0.555025086668017
"rs896715"	0.0476870772593088	348	0.739653017255285
"rs693129"	0.0477066438152696	348	1.45225513207024
"rs693132"	0.0477066438152696	348	1.45225513207024
"rs1707733"	0.0477366555689561	348	1.40769354547331
"rs861775"	0.0477412554751005	348	1.47645915399599
"rs1886574"	0.0477908671502278	348	1.46585955086939
"rs209959"	0.0478652854428921	348	0.725831450933636
"rs105999"	0.0479245973012107	348	0.698698285053182
"rs682647"	0.0479502510612085	348	2.16795605618471
"rs682669"	0.0479502510612085	348	2.16795605618471
"rs868898"	0.047961403727877	348	1.53696326614764
"rs1600044"	0.0480179286930993	348	1.51487304256411
"rs1600045"	0.0480179286930993	348	1.51487304256411
"rs1600136"	0.0480179286930993	348	1.51487304256411
"rs1600171"	0.0480179286930993	348	1.51487304256411
"rs1600172"	0.0480179286930993	348	1.51487304256411
"rs1600181"	0.0480179286930993	348	1.51487304256411
"rs1600187"	0.0480179286930993	348	1.51487304256411
"rs1600193"	0.0480179286930993	348	1.51487304256411
"rs1600194"	0.0480179286930993	348	1.51487304256411
"rs1600196"	0.0480179286930993	348	1.51487304256411
"rs96159"	0.048024663526241	348	0.621461311565066
"rs321935"	0.0480530652127712	348	1.56796742159514
"rs1291958"	0.0480538032925994	348	1.39423921047187
"rs1615210"	0.0480638580152623	348	0.65603316091521
"rs323793"	0.0480694376780264	348	0.629803419572034
"rs1117411"	0.048085161292347	348	1.43303762077371
"rs1515093"	0.0481585353521373	348	0.823638137186797
"rs1127924"	0.0482415432137536	348	0.648077023147632
"rs1128067"	0.0482415432137536	348	0.648077023147632
"rs544913"	0.0482445735826362	348	0.712365512897654
"rs464722"	0.0482561231782512	348	1.87180050656796
"rs464726"	0.0482561231782512	348	1.87180050656796
"rs1290875"	0.0482610013010896	348	1.40408862736237
"rs148482"	0.0483363359738082	348	1.84168543006156
"rs1556584"	0.0483696729512767	348	1.47998921612275
"rs661338"	0.0484536320554692	348	2.05041697658916
"rs1405580"	0.0484759974554255	348	0.846916900157841
"rs212021"	0.0485472125008622	348	1.24011162536397
"rs297499"	0.0486215275876417	348	0.724146000124056
"rs1395429"	0.0486408345571853	348	0.862195759161087
"rs1596074"	0.0486994221850347	348	1.43087133961643
"rs1596075"	0.0486994221850347	348	1.43087133961643
"rs1596093"	0.0486994221850347	348	1.43087133961643
"rs1596094"	0.0486994221850347	348	1.43087133961643
"rs1596173"	0.0486994221850347	348	1.43087133961643
"rs452463"	0.0487010180867847	348	1.69088560476331
"rs452655"	0.0487010180867847	348	1.69088560476331
"rs2041647"	0.0487041373480429	348	1.61782565691527
"rs928408"	0.0487503895348523	348	0.670553399964542
"rs1487822"	0.0488725424942469	348	1.26045484706428
"rs1963396"	0.048885678135551	348	1.31708583430454
"rs1487762"	0.048940226768709	348	1.27247808779412
"rs734719"	0.0489406516347144	348	0.686136092400141
"rs2108603"	0.0490646836790134	348	1.13248818180296
"rs341468"	0.0490701997516471	348	0.771976590984905
"rs341469"	0.0490701997516471	348	0.771976590984905
"rs341471"	0.0490701997516471	348	0.771976590984905
"rs1114094"	0.0491317450815322	348	1.20589229515317
"rs1963210"	0.0491379268515425	348	0.55177926350075
"rs446934"	0.0491629923711947	348	1.09907179312405
"rs1359822"	0.0491727564785183	348	1.164066989611
"rs1441472"	0.0492124952806352	348	0.665650528101549
"rs601853"	0.0492289448169831	348	1.42635460044553
"rs1737970"	0.0492409714644774	348	1.3102421973309
"rs1715712"	0.0493094923860535	348	1.38396768254172
"rs301390"	0.0493496955128189	348	0.557987621918837
"rs1963768"	0.0493723037659291	348	1.5479224994751
"rs1886647"	0.0493912662117906	348	0.465525768446356
"rs359618"	0.0494000849396944	348	1.50344669107276
"rs2110621"	0.0494311954595886	348	0.817097385894034
"rs930777"	0.0494836579878793	348	0.630407350034601
"rs1114119"	0.0495127302483402	348	1.28219467682981
"rs2160142"	0.0495197217224173	348	1.24939066814319
"rs2081535"	0.0495239166364693	348	1.50938170017625
"rs444922"	0.0495264589492914	348	1.30932856599715
"rs321574"	0.0496069114396858	348	1.62280142967172
"rs321642"	0.0496069114396858	348	1.62280142967172
"rs321646"	0.0496069114396858	348	1.62280142967172
"rs321951"	0.0496069114396858	348	1.62280142967172
"rs321963"	0.0496069114396858	348	1.62280142967172
"rs322047"	0.0496069114396858	348	1.62280142967172
"rs1553025"	0.0496389614407976	348	0.788037084572607
"rs268987"	0.0497123076470441	348	1.42191389557942
"rs341548"	0.0497539763422584	348	0.583884049542551
"rs2093061"	0.0497560285852638	348	1.23603568924345
"rs928584"	0.0497595133180332	348	0.70318034486659
"rs903786"	0.0497615184657694	348	0.726459689701494
"rs145083"	0.049765131553486	348	0.786984641586387
"rs145085"	0.049765131553486	348	0.786984641586387
"rs1935993"	0.0497701066403679	348	0.717800164942222
"rs600150"	0.0498265590064785	348	0.613008621245607
"rs1121212"	0.0498792042477312	348	1.37458607215989
"rs1963681"	0.0498842967904357	348	1.48398519845065
"rs1642070"	0.0499599175130563	348	1.42004753697847
"rs2172417"	0.0499878983840846	348	1.49799968116582
"rs2172428"	0.0499878983840846	348	1.49799968116582
"rs2172429"	0.0499878983840846	348	1.49799968116582
"rs2172437"	0.0499878983840846	348	1.49799968116582
"rs1981119"	0.0500285939614829	348	1.36240501696312
"rs127251"	0.0500407276237403	348	1.34270570026903
"rs1807397"	0.0501243873951134	348	1.82526683482552
"rs321599"	0.050172329864894	348	27.6342845676893
"rs321669"	0.050172329864894	348	27.6342845676893
"rs321947"	0.050172329864894	348	27.6342845676893
"rs322102"	0.050172329864894	348	27.6342845676893
"rs321613"	0.0501723298649005	348	1.63421232588321
"rs322011"	0.0501723298649005	348	1.63421232588321
"rs1682563"	0.0503466130838921	348	1.40383607347218
"rs1978790"	0.0503533261462194	348	0.744676274351869
"rs617342"	0.0504024879361703	348	0.703679564851405
"rs110995"	0.0505336709873481	348	0.668524438885239
"rs341903"	0.0505508190229645	348	0.693636289793961
"rs893621"	0.0506607482625027	348	1.40465135645742
"rs1116429"	0.0506679307694729	348	0.674405640863051
"rs1738151"	0.050682139540774	348	0.831741830885665
"rs223649"	0.0506990952732759	348	0.598270985603598
"rs1020596"	0.0507539327012068	348	1.76085226538325
"rs305098"	0.0508088542237268	348	1.9287237207985
"rs1795762"	0.0508377860777125	348	0.66830656470258
"rs1163166"	0.0508692991413347	348	0.625916107502586
"rs1983365"	0.0508955495716717	348	1.29758329440746
"rs931315"	0.0509630009195955	348	0.601920836160427
"rs942952"	0.0509741034255796	348	1.22598913519761
"rs1651726"	0.0510124322171343	348	1.10075414035868
"rs1547914"	0.0511077814008557	348	1.48234820180315
"rs1721308"	0.0511232533316796	348	1.44481279300457
"rs510045"	0.0512306490119546	348	1.41653542202633
"rs210513"	0.0512328513430953	348	1.43507997402
"rs347331"	0.0512494989521286	348	1.66893373903212
"rs347335"	0.0512494989521286	348	1.66893373903212
"rs347337"	0.0512494989521286	348	1.66893373903212
"rs2148214"	0.0512878683485785	348	1.3684894313944
"rs2148217"	0.0512878683485785	348	1.3684894313944
"rs453422"	0.0513565361849839	348	1.36916940884414
"rs1999506"	0.0514709238799797	348	0.489805606647649
"rs341470"	0.0514998492175361	348	0.771399459850614
"rs93283"	0.0515281867221178	348	1.28916956849843
"rs149342"	0.0515459905081627	348	0.724245480302967
"rs1056427"	0.0515461344608197	348	0.545073816424378
"rs305158"	0.0515732389504942	348	0.651127536964287
"rs1690836"	0.0515940420098597	348	0.685829450890297
"rs632519"	0.0516366829805549	348	1.54839142464859
"rs632520"	0.0516366829805549	348	1.54839142464859
"rs632535"	0.0516366829805549	348	1.54839142464859
"rs171852"	0.0516459162423936	348	1.69977388409296
"rs302812"	0.0517423236572703	348	1.628769327346
"rs1115713"	0.0517624029813055	348	1.63232808495455
"rs1958199"	0.0517657146182818	348	0.656667211589304
"rs1958193"	0.0517657146182818	348	0.656667211589303
"rs1708422"	0.0518216162627156	348	1.49016325724272
"rs1053838"	0.051858363777913	348	1.61068159755241
"rs1580863"	0.0518586378320905	348	0.718521561081401
"rs1403164"	0.0518608578563316	348	1.30490072954073
"rs1533106"	0.0518791937032318	348	1.13632901102386
"rs1364612"	0.0519356980183225	348	1.31232143730882
"rs1364617"	0.0519356980183225	348	1.31232143730882
"rs1364627"	0.0519356980183225	348	1.31232143730882
"rs1364630"	0.0519356980183225	348	1.31232143730882
"rs351516"	0.0520127762164078	348	0.641935450226005
"rs872209"	0.0520129295618514	348	1.33422704904343
"rs928590"	0.0520212369768676	348	0.705321862022263
"rs1307967"	0.0520794522007	348	1.36086759920167
"rs1617154"	0.0520914438979504	348	2.32741914097925
"rs1617163"	0.0520914438979504	348	2.32741914097925
"rs1716697"	0.0521192880193587	348	1.46963681899327
"rs1933927"	0.0522015860794579	348	1.47176227325081
"rs935989"	0.0522061726498491	348	0.655645427090448
"rs334987"	0.0522549817160515	348	0.68008104841384
"rs1998068"	0.0522704208342428	348	1.38288678643747
"rs320785"	0.0523104452910154	348	1.7718863274345
"rs320788"	0.0523104452910154	348	1.7718863274345
"rs320791"	0.0523104452910154	348	1.7718863274345
"rs320803"	0.0523104452910154	348	1.7718863274345
"rs320815"	0.0523104452910154	348	1.7718863274345
"rs320821"	0.0523104452910154	348	1.7718863274345
"rs320830"	0.0523104452910154	348	1.7718863274345
"rs320833"	0.0523104452910154	348	1.7718863274345
"rs320836"	0.0523104452910154	348	1.7718863274345
"rs320842"	0.0523104452910154	348	1.7718863274345
"rs320845"	0.0523104452910154	348	1.7718863274345
"rs320851"	0.0523104452910154	348	1.7718863274345
"rs320854"	0.0523104452910154	348	1.7718863274345
"rs320857"	0.0523104452910154	348	1.7718863274345
"rs320869"	0.0523104452910154	348	1.7718863274345
"rs320873"	0.0523104452910154	348	1.7718863274345
"rs320875"	0.0523104452910154	348	1.7718863274345
"rs320878"	0.0523104452910154	348	1.7718863274345
"rs320896"	0.0523104452910154	348	1.7718863274345
"rs320902"	0.0523104452910154	348	1.7718863274345
"rs1419798"	0.0523253178635944	348	1.68486473545394
"rs305050"	0.0523704256084715	348	0.629774818392845
"rs1013642"	0.0523772813965023	348	0.750177379037109
"rs928646"	0.0523914331903753	348	0.713492573421692
"rs1115792"	0.0523945777440363	348	1.45727219321009
"rs1364616"	0.0524294999750251	348	1.30257219302406
"rs1657597"	0.0524450841121041	348	1.40763440985314
"rs23370"	0.0525031883177961	348	1.57900645499496
"rs23387"	0.0525031883177961	348	1.57900645499496
"rs1002434"	0.0525747622198519	348	0.214586989889086
"rs613702"	0.0526423583598393	348	0.580132638319703
"rs42582"	0.0526546147023575	348	1.28324199699165
"rs230228"	0.0527480896449561	348	1.44597848859015
"rs2008414"	0.0527927119662062	348	0.82914296770864
"rs2154457"	0.0528189413857662	348	1.3046483883497
"rs2042776"	0.0528342768118354	348	1.55146394963118
"rs1716667"	0.0528389280241494	348	1.54583904012504
"rs324649"	0.0528790381760457	348	0.000124683765186155
"rs226526"	0.0529355342489197	348	1.17792220332965
"rs1364614"	0.0529410562392738	348	1.30119602528295
"rs2057816"	0.052955184852338	348	0.429761680888015
"rs433311"	0.0529865986365183	348	0.760057818949089
"rs265325"	0.0529893023243994	348	0.644013565158821
"rs446151"	0.0530287964018114	348	0.83565455962947
"rs2133580"	0.0530423206051931	348	1.28112667147805
"rs1862593"	0.0530726692371758	348	1.33579534398769
"rs1135803"	0.0531399256782648	348	1.96175250560864
"rs1963273"	0.0531936087025049	348	0.546034849327727
"rs23432"	0.053194191825314	348	1.5656512561625
"rs935984"	0.0532664440040681	348	0.657768676624128
"rs2053518"	0.0532733294651126	348	1.58368415509487
"rs613198"	0.0532901952070456	348	0.232561887930584
"rs269091"	0.0533133070760092	348	0.710801344426724
"rs145885"	0.0533607929090947	348	0.819267921464808
"rs767731"	0.0534423405004814	348	1.33064483227646
"rs1712808"	0.0534438225453247	348	1.39663121411376
"rs305236"	0.0534546724828341	348	0.727188120209155
"rs1312922"	0.0535243621072402	348	0.610844837591045
"rs237446"	0.0535397893181327	348	0.619451210774413
"rs510345"	0.0535535791816004	348	0.759170692523585
"rs31726"	0.0536665713648588	348	0.849044722061157
"rs1859597"	0.0536691083986653	348	0.21378940495077
"rs1706174"	0.0536965250688338	348	1.75017844517675
"rs843383"	0.0537020322010497	348	0.695756870203591
"rs305242"	0.0537453189617083	348	0.727408164748719
"rs305245"	0.0537453189617083	348	0.727408164748719
"rs1721355"	0.0537475372648691	348	1.37510454144651
"rs1130006"	0.0537512048857395	348	0.516483375582186
"rs1460569"	0.0537612369761045	348	1.55247505865377
"rs1460604"	0.0537612369761045	348	1.55247505865377
"rs581425"	0.0538220296569667	348	0.72011993366349
"rs622125"	0.0538264866436042	348	1.33404650641421
"rs154665"	0.0538842759548385	348	1.36566889392511
"rs576383"	0.0540369034021305	348	1.41909812378124
"rs576371"	0.0540369034021324	348	1.41909812378124
"rs576372"	0.0540369034021324	348	1.41909812378124
"rs576377"	0.0540369034021324	348	1.41909812378124
"rs576380"	0.0540369034021324	348	1.41909812378124
"rs2116594"	0.0541047886567865	348	1.63804193284922
"rs2117794"	0.0541047886567865	348	1.63804193284922
"rs1441175"	0.0541181646853603	348	0.529413108118429
"rs734578"	0.0541389741674582	348	0.7022532896372
"rs2135348"	0.0541646429620411	348	0.863033270242805
"rs842727"	0.0541668288256242	348	0.42808884686942
"rs2128008"	0.0541866026285571	348	1.50609034687847
"rs842957"	0.0541873865023169	348	0.42832145613471
"rs1127675"	0.0542157618307773	348	1.47059758609712
"rs544349"	0.0542319612262534	348	1.36722718089231
"rs305353"	0.0542494479600991	348	1.57275588560449
"rs305356"	0.0542494479600991	348	1.57275588560449
"rs2084146"	0.0542593206627761	348	0.903456805979467
"rs47053"	0.0542598290144232	348	1.17568235604219
"rs941814"	0.0542998121947669	348	1.19712727361
"rs506082"	0.0543199757988142	348	0.445453644949891
"rs673569"	0.0543915429344936	348	1.57345212642707
"rs466126"	0.0544282336618146	348	0.848161174727591
"rs117687"	0.0544474752090824	348	0.750518500800203
"rs2119487"	0.0544589554914098	348	0.780129170286079
"rs2119491"	0.0544589554914098	348	0.780129170286079
"rs2119493"	0.0544589554914098	348	0.780129170286079
"rs2119495"	0.0544589554914098	348	0.780129170286079
"rs23457"	0.0544614990589146	348	1.4013959252782
"rs1633044"	0.0544845318988724	348	0.679804888041892
"rs1749363"	0.0544875626571351	348	1.4179450334029
"rs1340707"	0.0545071089555288	348	1.70676341665238
"rs23383"	0.0545307199926277	348	1.57262382959934
"rs378475"	0.0545436598373408	348	1.83350627095843
"rs1294025"	0.0545754522054683	348	0.747592337787123
"rs116524"	0.0546037286210813	348	0.819343044721656
"rs2158907"	0.0546074496821634	348	1.1602252741275
"rs1571250"	0.0546516779258769	348	2.03463256910218
"rs2089858"	0.0546754308909719	348	1.14508532052403
"rs1123531"	0.0546760253564367	348	0.615227995123375
"rs341464"	0.0547083944930216	348	0.73999729086226
"rs692970"	0.0547418934164192	348	1.45425883942099
"rs1720596"	0.0547786258994738	348	1.70339928388463
"rs1663490"	0.0548214927403165	348	1.43384836443246
"rs715926"	0.0548274595643191	348	0.674454163499645
"rs2071955"	0.0548312408584937	348	0.350042198054723
"rs210298"	0.0548345171388043	348	0.764219697171492
"rs1737953"	0.0548382431524815	348	1.28955389929743
"rs1453658"	0.0548616648540906	348	1.53276769088858
"rs445002"	0.0548698974187776	348	0.811275021050955
"rs937067"	0.0548772375326402	348	0.63713616420289
"rs300863"	0.0549005699882414	348	1.3008807221356
"rs911248"	0.0549356057195085	348	5.0224938747202
"rs724403"	0.0549374169498323	348	1.1215974955014
"rs1415901"	0.0549493643455328	348	1.43238727617917
"rs2108664"	0.0549732524882418	348	1.15660544035258
"rs341478"	0.0550366317128712	348	0.773135751114559
"rs341479"	0.0550366317128712	348	0.773135751114559
"rs928649"	0.055038272921691	348	0.715755069568461
"rs93268"	0.0550548705799546	348	1.27542447664822
"rs409722"	0.0550906090224984	348	1.42817377756808
"rs2131760"	0.0551052349904911	348	0.8224050113861
"rs769772"	0.0551218022373862	348	0.76455951883339
"rs935957"	0.0551556808315467	348	0.658852433863705
"rs936092"	0.0551556808315467	348	0.658852433863705
"rs936247"	0.0551556808315467	348	0.658852433863705
"rs474933"	0.0551809284978039	348	0.685815242882396
"rs677257"	0.0552216880164108	348	1.45539936588074
"rs837569"	0.0553535226149254	348	0.662589670937174
"rs1549967"	0.0554314332968938	348	0.508868113129337
"rs1066899"	0.0554562785691387	348	1.41409519615835
"rs936099"	0.0554570589177589	348	0.658748755184921
"rs734725"	0.0554599338740517	348	0.6586528705232
"rs304933"	0.0554613073513037	348	0.0246104600334092
"rs305014"	0.0554613073513039	348	0.0670862963645639
"rs304986"	0.0554613073513045	348	0.63460387781709
"rs304995"	0.0554613073513059	348	0.634603877817092
"rs305056"	0.0554613073513059	348	0.634603877817093
"rs305062"	0.055461307351306	348	0.63460387781709
"rs305005"	0.055461307351306	348	0.634603877817093
"rs2221142"	0.0555837123276027	348	1.55366233686328
"rs600765"	0.0556068572565016	348	0.590927173478004
"rs1053135"	0.0556221479158459	348	0.632439246349148
"rs1134272"	0.0556508705323828	348	1.34069883417233
"rs1943221"	0.0557199853899373	348	0.736732325833633
"rs1943223"	0.0557199853899373	348	0.736732325833633
"rs1943236"	0.0557199853899373	348	0.736732325833633
"rs553149"	0.0557411866765578	348	1.39476942484446
"rs493325"	0.0557475957906534	348	1.52957769286591
"rs493329"	0.0557475957906534	348	1.52957769286591
"rs493340"	0.0557475957906534	348	1.52957769286591
"rs493346"	0.0557475957906534	348	1.52957769286591
"rs493347"	0.0557475957906534	348	1.52957769286591
"rs493361"	0.0557475957906534	348	1.52957769286591
"rs493362"	0.0557475957906534	348	1.52957769286591
"rs493397"	0.0557475957906534	348	1.52957769286591
"rs493406"	0.0557475957906534	348	1.52957769286591
"rs493448"	0.0557475957906534	348	1.52957769286591
"rs493472"	0.0557475957906534	348	1.52957769286591
"rs493473"	0.0557475957906534	348	1.52957769286591
"rs493496"	0.0557475957906534	348	1.52957769286591
"rs493499"	0.0557475957906534	348	1.52957769286591
"rs493502"	0.0557475957906534	348	1.52957769286591
"rs493509"	0.0557475957906534	348	1.52957769286591
"rs493511"	0.0557475957906534	348	1.52957769286591
"rs493517"	0.0557475957906534	348	1.52957769286591
"rs493518"	0.0557475957906534	348	1.52957769286591
"rs493523"	0.0557475957906534	348	1.52957769286591
"rs493538"	0.0557475957906534	348	1.52957769286591
"rs493544"	0.0557475957906534	348	1.52957769286591
"rs493547"	0.0557475957906534	348	1.52957769286591
"rs493554"	0.0557475957906534	348	1.52957769286591
"rs493562"	0.0557475957906534	348	1.52957769286591
"rs493568"	0.0557475957906534	348	1.52957769286591
"rs493580"	0.0557475957906534	348	1.52957769286591
"rs493581"	0.0557475957906534	348	1.52957769286591
"rs493583"	0.0557475957906534	348	1.52957769286591
"rs493592"	0.0557475957906534	348	1.52957769286591
"rs493597"	0.0557475957906534	348	1.52957769286591
"rs493598"	0.0557475957906534	348	1.52957769286591
"rs493601"	0.0557475957906534	348	1.52957769286591
"rs493613"	0.0557475957906534	348	1.52957769286591
"rs493628"	0.0557475957906534	348	1.52957769286591
"rs493629"	0.0557475957906534	348	1.52957769286591
"rs493637"	0.0557475957906534	348	1.52957769286591
"rs493640"	0.0557475957906534	348	1.52957769286591
"rs493664"	0.0557475957906534	348	1.52957769286591
"rs493668"	0.0557475957906534	348	1.52957769286591
"rs493670"	0.0557475957906534	348	1.52957769286591
"rs493680"	0.0557475957906534	348	1.52957769286591
"rs493712"	0.0557475957906534	348	1.52957769286591
"rs305108"	0.0557851327719736	348	0.659642170726841
"rs1947407"	0.0558327648432263	348	0.668452687061274
"rs928579"	0.0559612599710363	348	0.709136299219746
"rs1106229"	0.0560319013838428	348	1.61095757047646
"rs1106250"	0.0560319013838428	348	1.61095757047646
"rs577769"	0.0560452950414169	348	0.593797428877487
"rs127613"	0.0561385596027229	348	0.788014011028527
"rs262653"	0.0561465725233652	348	0.720320385844539
"rs262659"	0.0561465725233652	348	0.720320385844539
"rs116630"	0.0561842415987995	348	0.821318932717893
"rs1596710"	0.0562090514640012	348	0.549946760108283
"rs320911"	0.0562190708712382	348	1.67313901825036
"rs1657194"	0.056256218282357	348	1.41383432690433
"rs2020615"	0.0562621341564228	348	0.646301867791815
"rs508275"	0.0562975771289431	348	0.740283226477044
"rs935962"	0.0563490020267955	348	0.637431611583104
"rs936185"	0.0563490020267955	348	0.637431611583104
"rs532680"	0.0563624518578424	348	1.89247308286687
"rs169587"	0.0563861042814041	348	1.3970988194774
"rs1470343"	0.0564413757909444	348	1.38398863693525
"rs750518"	0.0564620333983033	348	1.17349905512704
"rs1415782"	0.0564782844880894	348	1.3704047678729
"rs1734677"	0.0564954585804526	348	1.45791466407487
"rs1373824"	0.0565153150558256	348	1.26403899860992
"rs476417"	0.0565441473687692	348	0.67193392524654
"rs476422"	0.0565441473687692	348	0.67193392524654
"rs476438"	0.0565441473687692	348	0.67193392524654
"rs476439"	0.0565441473687692	348	0.67193392524654
"rs476440"	0.0565441473687692	348	0.67193392524654
"rs49253"	0.0565461627273343	348	1.41357626950426
"rs49360"	0.0565461627273343	348	1.41357626950426
"rs305359"	0.0566368586897396	348	1.63038436930923
"rs1903215"	0.0566450833130985	348	0.634728092021367
"rs1290374"	0.056677910930131	348	1.3309155840161
"rs1947088"	0.0566859001620022	348	0.683920492743275
"rs1963339"	0.0567192124636913	348	0.578908501179745
"rs2128050"	0.0567258022287553	348	1.25415695605113
"rs1692547"	0.0567440235863554	348	1.22119912882373
"rs215983"	0.0567565881664511	348	1.34392170568895
"rs446156"	0.0567633450184652	348	0.839307761292126
"rs578772"	0.0568137768053086	348	0.697780282970115
"rs882915"	0.0568991926398524	348	0.64442734809377
"rs628732"	0.0568994382290829	348	0.809106780917515
"rs620270"	0.0569290656042211	348	0.658137262872443
"rs620271"	0.0569290656042211	348	0.658137262872443
"rs620284"	0.0569290656042211	348	0.658137262872443
"rs620290"	0.0569290656042211	348	0.658137262872443
"rs620291"	0.0569290656042211	348	0.658137262872443
"rs620299"	0.0569290656042211	348	0.658137262872443
"rs620300"	0.0569290656042211	348	0.658137262872443
"rs121537"	0.0569311659921228	348	1.27087269161189
"rs1123546"	0.0569386092163565	348	0.609717073480123
"rs299570"	0.0569442804079286	348	1.42547630798022
"rs1322076"	0.0569463263218504	348	1.48003877542444
"rs1102546"	0.0569729601455944	348	0.721628269796368
"rs1471734"	0.0570061045746688	348	0.692131771203132
"rs1318702"	0.0571277963044543	348	0.684934294410955
"rs1318703"	0.0571277963044543	348	0.684934294410955
"rs82911"	0.0571413394403617	348	1.43598656427661
"rs1141657"	0.0571573324265012	348	1.48893514676479
"rs2007254"	0.0572035252958565	348	0.65330536205635
"rs2007277"	0.0572035252958565	348	0.65330536205635
"rs2007304"	0.0572035252958565	348	0.65330536205635
"rs911858"	0.0572136987848267	348	1.62242286956934
"rs911867"	0.0572136987848267	348	1.62242286956934
"rs911873"	0.0572136987848267	348	1.62242286956934
"rs305119"	0.0572226138056346	348	0.0074106878975247
"rs305143"	0.0572226138058222	348	0.660829469988525
"rs305107"	0.0572226138058222	348	0.660829469988524
"rs305112"	0.0572226138058222	348	0.660829469988524
"rs105392"	0.0572546660879812	348	0.738118506973554
"rs645926"	0.0572670818316914	348	0.615060894917915
"rs1206800"	0.0572703641496207	348	1.26101346302721
"rs729811"	0.0572741533136639	348	1.8251400078709
"rs145082"	0.0573150345332145	348	0.775531558212233
"rs1316137"	0.0573394617134494	348	1.71318042984384
"rs2154459"	0.0573408426246322	348	1.42119069321297
"rs476457"	0.0573430964845875	348	0.673537335028604
"rs1364368"	0.0574018560233951	348	1.26280573933826
"rs1087534"	0.0574363614875448	348	1.80106742591634
"rs165720"	0.0574721708466688	348	0.760728570555162
"rs560448"	0.0574818962365356	348	1.36558958532074
"rs1067946"	0.0574857742688588	348	0.709395502679535
"rs1679464"	0.0575160389596841	348	4.75246237327233e-10
"rs1470087"	0.0575160389598718	348	4.695606955276
"rs2061227"	0.0575160389599501	348	0.212965013793818
"rs1097607"	0.0575160389599571	348	0.212965013793832
"rs1094512"	0.0575160389599572	348	0.212965013793835
"rs338331"	0.0575160389599622	348	4.69560695527216
"rs1708673"	0.0575312716866299	348	1.35783712467653
"rs1647501"	0.0575358378406319	348	1.38311995962281
"rs1647503"	0.0575358378406319	348	1.38311995962281
"rs305026"	0.0575905759527287	348	0.637354578579191
"rs305032"	0.0575905759527287	348	0.637354578579191
"rs305047"	0.0575905759527287	348	0.637354578579191
"rs134242"	0.0576064528415527	348	0.659953210090578
"rs134249"	0.0576064528415527	348	0.659953210090578
"rs763387"	0.0576416258945943	348	0.860270830029066
"rs810440"	0.0576894629366364	348	0.748776324995373
"rs1367421"	0.0577029964837083	348	1.55306464370709
"rs128273"	0.0577068157226599	348	1.28093040021375
"rs791262"	0.0577083316008788	348	0.851491472536052
"rs791263"	0.0577310768131609	348	0.851506420758467
"rs410703"	0.0577336593264297	348	1.36582741394568
"rs2148736"	0.0577440513377521	348	1.33117603933144
"rs1114113"	0.0577800879253466	348	1.24361770007297
"rs298582"	0.0578000164620245	348	1.13515056763844
"rs319177"	0.0578003401213405	348	2.53001823847509
"rs319180"	0.0578003401213405	348	2.53001823847509
"rs319192"	0.0578003401213405	348	2.53001823847509
"rs319195"	0.0578003401213405	348	2.53001823847509
"rs319204"	0.0578003401213405	348	2.53001823847509
"rs319207"	0.0578003401213405	348	2.53001823847509
"rs319210"	0.0578003401213405	348	2.53001823847509
"rs319217"	0.0578003401213405	348	2.53001823847509
"rs319218"	0.0578003401213405	348	2.53001823847509
"rs319220"	0.0578003401213405	348	2.53001823847509
"rs319222"	0.0578003401213405	348	2.53001823847509
"rs1352123"	0.0578122236582156	348	0.638027673455712
"rs569431"	0.0578201496417682	348	0.78242594214865
"rs93273"	0.0578769316149591	348	1.26714074069609
"rs506205"	0.057887195796517	348	0.531311975106554
"rs506208"	0.057887195796517	348	0.531311975106554
"rs506238"	0.057887195796517	348	0.531311975106554
"rs506241"	0.057887195796517	348	0.531311975106554
"rs565458"	0.0579058333142221	348	1.30069196754642
"rs1951389"	0.0579413667640241	348	0.568471840142536
"rs2115005"	0.0579757702854366	348	0.570033380668331
"rs1167028"	0.0580299622984387	348	0.57038610051072
"rs83096"	0.05804606795452	348	1.41223419711538
"rs117532"	0.0581613859827474	348	0.806471949512705
"rs237464"	0.0581789111345935	348	1.23827409910009
"rs1126649"	0.0582570744249639	348	1.62911720307988
"rs297552"	0.0583539212054779	348	0.743716842890149
"rs1291792"	0.0583923241113134	348	0.637573307809684
"rs1963476"	0.058468850100314	348	1.52086085822984
"rs225921"	0.0584948295618015	348	1.41406933683059
"rs1616668"	0.0585414126604695	348	2.2789604477261
"rs1617157"	0.0585414126604695	348	2.2789604477261
"rs236981"	0.0585489573091866	348	0.680831824057856
"rs1387054"	0.0585635371148517	348	0.662178016452798
"rs134305"	0.0586385237742383	348	0.757941586174857
"rs844361"	0.0587847994450477	348	1.11288458414239
"rs575173"	0.0587849625338289	348	1.19572340255396
"rs320899"	0.0587934371288384	348	1.66096664633894
"rs209948"	0.0588399428822414	348	0.7200571069572
"rs1148525"	0.0588436848219703	348	1.33194995812236
"rs1019398"	0.0588770225904665	348	1.67176097384537
"rs622112"	0.0588829102145832	348	1.32756525832344
"rs305803"	0.0589430705774346	348	0.669927023255721
"rs305842"	0.0589430705774346	348	0.669927023255721
"rs838586"	0.0589635459161658	348	0.427717987859157
"rs354395"	0.0590060003453289	348	1.29176914489909
"rs1444152"	0.0590101310938274	348	1.39861414477442
"rs322068"	0.0590182102453189	348	1.57380673452109
"rs116635"	0.0590256669056714	348	0.835887607682201
"rs1145889"	0.0590436231521317	348	0.669839973606651
"rs1988980"	0.0590700855096378	348	0.691492048311023
"rs1656907"	0.0590750731293114	348	1.42700831359543
"rs836906"	0.0591212245128808	348	0.673667358809498
"rs622108"	0.0591680983454196	348	1.32698017652042
"rs693228"	0.0592352258343443	348	1.59160630371901
"rs545090"	0.059249778546848	348	2.09360260717319
"rs403221"	0.0592544930433806	348	0.707738923741272
"rs2131912"	0.0593131359116633	348	1.32096096486346
"rs1715571"	0.0593214777836628	348	1.37461356122119
"rs117055"	0.0593523315910468	348	0.80310249444674
"rs117057"	0.0593523315910468	348	0.80310249444674
"rs270041"	0.059364770200331	348	0.568530151532215
"rs170439"	0.0593973466630633	348	0.770354532314625
"rs47073"	0.0594466574510445	348	1.14142156976278
"rs341807"	0.0594816002636124	348	0.717072531411586
"rs47044"	0.0595400653922169	348	1.13938153768777
"rs47047"	0.0595400653922169	348	1.13938153768777
"rs117241"	0.0595464749726421	348	0.802782249713618
"rs935018"	0.0595472144092061	348	0.681088680760021
"rs47097"	0.0595574758595984	348	1.14191158518411
"rs454244"	0.0595577277833793	348	0.762071414623347
"rs545590"	0.0596079876217498	348	1.29239748719577
"rs2166635"	0.0596120019290897	348	1.42782913047603
"rs1169866"	0.0596245306498837	348	0.594520715284359
"rs620259"	0.0596289706425189	348	0.662030204692402
"rs303751"	0.0596584053702994	348	268.34658800355
"rs1631481"	0.0596702295182986	348	1.44870056762895
"rs732453"	0.0596829722355674	348	0.617362372418417
"rs413996"	0.059700424328161	348	1.39652655649475
"rs923600"	0.0597176841075528	348	0.641259326157555
"rs935923"	0.0598675795845624	348	0.664185115387513
"rs858480"	0.0598685173779815	348	0.67933357289567
"rs167081"	0.0598726822111949	348	1.71836958436964
"rs433501"	0.0599337023545179	348	1.32556707484777
"rs286828"	0.0599678689753991	348	1.34247754245767
"rs622154"	0.0599954813565162	348	31.212198762467
"rs765810"	0.0599954813565709	348	1.32605910421034
"rs766065"	0.0599954813565709	348	1.32605910421034
"rs766803"	0.0599954813565709	348	1.32605910421034
"rs767004"	0.0599954813565709	348	1.32605910421034
"rs768957"	0.0599954813565709	348	1.32605910421034
"rs622232"	0.059995481356571	348	1.32605910421034
"rs764950"	0.059995481356571	348	1.32605910421034
"rs1401616"	0.059995481356571	348	1.32605910421034
"rs1573279"	0.059995481356571	348	1.32605910421034
"rs622091"	0.0599954813566197	348	35.8176706265095
"rs622201"	0.0599954813566197	348	35.8176706265095
"rs1693321"	0.0600144837260264	348	0.715963022198972
"rs116586"	0.0600394456944426	348	0.829680306004211
"rs116593"	0.0600394456944426	348	0.829680306004211
"rs226570"	0.0601698657651766	348	1.17603969466145
"rs226581"	0.0601698657651766	348	1.17603969466145
"rs226593"	0.0601698657651766	348	1.17603969466145
"rs226609"	0.0601698657651766	348	1.17603969466145
"rs226614"	0.0601698657651766	348	1.17603969466145
"rs226633"	0.0601698657651766	348	1.17603969466145
"rs226634"	0.0601698657651766	348	1.17603969466145
"rs226635"	0.0601698657651766	348	1.17603969466145
"rs226645"	0.0601698657651766	348	1.17603969466145
"rs226648"	0.0601698657651766	348	1.17603969466145
"rs226664"	0.0601698657651766	348	1.17603969466145
"rs226665"	0.0601698657651766	348	1.17603969466145
"rs226675"	0.0601698657651766	348	1.17603969466145
"rs226681"	0.0601698657651766	348	1.17603969466145
"rs226705"	0.0601698657651766	348	1.17603969466145
"rs226721"	0.0601698657651766	348	1.17603969466145
"rs908710"	0.060182259751591	348	0.63790514581394
"rs1959631"	0.0602329794219322	348	0.538778737115879
"rs1373950"	0.0602627603017912	348	1.29502182218969
"rs1332521"	0.0602637428464625	348	0.568104669129215
"rs1199340"	0.0603233874921382	348	0.864688577262625
"rs663031"	0.0603941849253756	348	0.564156239110599
"rs47074"	0.0603948903642082	348	1.14163096277315
"rs674861"	0.0604034784907275	348	2.08725591837138
"rs678041"	0.0604034784907276	348	2.08725591837139
"rs678644"	0.0604034784907276	348	2.08725591837139
"rs682987"	0.0604034784907276	348	2.08725591837139
"rs683161"	0.0604034784907276	348	2.08725591837139
"rs683182"	0.0604034784907276	348	2.08725591837139
"rs683557"	0.0604034784907276	348	2.08725591837139
"rs693078"	0.0604034784907276	348	2.08725591837139
"rs693905"	0.0604034784907276	348	2.08725591837139
"rs693997"	0.0604034784907276	348	2.08725591837139
"rs694208"	0.0604034784907276	348	2.08725591837139
"rs696652"	0.0604034784907276	348	2.08725591837139
"rs721542"	0.0604034784907276	348	2.08725591837139
"rs579563"	0.0605053857890131	348	0.663344500648133
"rs831171"	0.0605235427018469	348	0.533717761113567
"rs557059"	0.0605476193454565	348	1.62303295443256
"rs290830"	0.0605714354325929	348	1.26550612107229
"rs1738034"	0.0605891590631565	348	1.24711696771829
"rs998416"	0.0606012536432518	348	0.711026414812156
"rs1628471"	0.0606015886865809	348	1.52275367992819
"rs1628602"	0.0606015886865809	348	1.52275367992819
"rs47076"	0.0606150895280434	348	1.14147188679933
"rs956880"	0.0606186530699483	348	0.605288555371
"rs47026"	0.0606863490987879	348	1.14004271097827
"rs154400"	0.0607026275640914	348	0.75237376685557
"rs154401"	0.0607026275640914	348	0.75237376685557
"rs1374827"	0.0607207848018834	348	1.79608414700854
"rs226530"	0.0607306443903663	348	1.17002671508213
"rs107096"	0.0607396111739657	348	1.54142483045713
"rs107097"	0.0607396111739657	348	1.54142483045713
"rs107100"	0.0607396111739657	348	1.54142483045713
"rs107112"	0.0607396111739657	348	1.54142483045713
"rs107115"	0.0607396111739657	348	1.54142483045713
"rs298255"	0.060739936684152	348	0.450581228700807
"rs1136154"	0.0608590288520641	348	1.57229254055839
"rs1136124"	0.0608590288520642	348	1.57229254055839
"rs1373987"	0.0608648404018317	348	1.29592974053039
"rs1467999"	0.0609094536638332	348	0.51999108584737
"rs1720741"	0.0609769475941763	348	1.524907980318
"rs1583808"	0.0610291536478742	348	1.5651105839706
"rs1543037"	0.061041066856952	348	0.79014967232143
"rs287324"	0.0610591617747982	348	1.30924402721763
"rs320183"	0.0611082653016627	348	1.61885777408602
"rs1387033"	0.0611307447294782	348	2.97249396971934
"rs831437"	0.0611522326366489	348	0.718966304455244
"rs1940178"	0.0611595863187295	348	1.48828615580411
"rs1614576"	0.0611731263259437	348	1.08133982737144
"rs1614577"	0.0611731263259437	348	1.08133982737144
"rs1614579"	0.0611731263259437	348	1.08133982737144
"rs1716025"	0.0611929261352038	348	1.26498257581764
"rs1373929"	0.0612057232146632	348	1.29515523305387
"rs225595"	0.0612565460778725	348	1.42784737336225
"rs225667"	0.0612565460778725	348	1.42784737336225
"rs853609"	0.0612683555529358	348	1.37199697245242
"rs853610"	0.0612683555529358	348	1.37199697245242
"rs577127"	0.0612799101920707	348	0.712560439065264
"rs305239"	0.0612866946994072	348	0.729122834790354
"rs1641359"	0.061297009964385	348	0.611072656718431
"rs305061"	0.0613116722110718	348	0.633675617810802
"rs47102"	0.0613554671425877	348	1.1397615077457
"rs1879595"	0.0613855636539937	348	1.42101037808038
"rs1879664"	0.0613855636539937	348	1.42101037808038
"rs1167902"	0.0614102510028511	348	0.762404998053607
"rs1753273"	0.061513371965447	348	0.744682453252857
"rs1561707"	0.0615222940290069	348	0.843706732099591
"rs1561721"	0.0615222940290069	348	0.843706732099591
"rs1561724"	0.0615222940290069	348	0.843706732099591
"rs321069"	0.0616053835857541	348	1.57376364084983
"rs1547889"	0.0616222133065574	348	1.46094301132406
"rs1547901"	0.0616222133065574	348	1.46094301132406
"rs1547904"	0.0616222133065574	348	1.46094301132406
"rs414011"	0.0616255654069999	348	1.39296076708626
"rs146031"	0.0616417276045558	348	1.27656447792925
"rs146037"	0.0616417276045558	348	1.27656447792925
"rs1651931"	0.0616588844207557	348	2.29097629599018
"rs510006"	0.0616647304748359	348	1.77345631009268
"rs2006983"	0.0616930528777675	348	0.610866970135909
"rs671090"	0.061714947144093	348	0.678336282652141
"rs1561703"	0.061723714874335	348	0.844315652197089
"rs1561708"	0.061723714874335	348	0.844315652197089
"rs1561712"	0.061723714874335	348	0.844315652197089
"rs1561717"	0.061723714874335	348	0.844315652197089
"rs1561718"	0.061723714874335	348	0.844315652197089
"rs1561719"	0.061723714874335	348	0.844315652197089
"rs1561729"	0.061723714874335	348	0.844315652197089
"rs2111003"	0.061801695248158	348	0.853967727518851
"rs480959"	0.0618239838039872	348	1.51342798125235
"rs1788575"	0.0618404088995463	348	1.32327919443108
"rs2078755"	0.0618450755742295	348	0.766756061942538
"rs2078760"	0.0618450755742295	348	0.766756061942538
"rs187395"	0.0618739006439502	348	0.586051974593123
"rs187418"	0.0618739006439564	348	0.586051974593135
"rs322132"	0.0618849872893017	348	1.58643485346598
"rs2046642"	0.0618860859783983	348	0.695829933012561
"rs1742990"	0.0618948228357546	348	0.702215755162706
"rs622221"	0.0619508402596937	348	1.32319170986085
"rs937476"	0.0619704491169912	348	0.545359052074141
"rs634062"	0.0619779691819538	348	0.700589140163169
"rs634071"	0.0619779691819538	348	0.700589140163169
"rs634080"	0.0619779691819538	348	0.700589140163169
"rs634083"	0.0619779691819538	348	0.700589140163169
"rs634092"	0.0619779691819538	348	0.700589140163169
"rs298040"	0.0621366065827203	348	0.799904129237393
"rs298041"	0.0621366065827203	348	0.799904129237393
"rs298050"	0.0621366065827203	348	0.799904129237393
"rs1978802"	0.0622103458820974	348	1.27416443026188
"rs1114532"	0.0622143181898931	348	0.744972653483721
"rs23080"	0.0622402667909198	348	0.624553429788358
"rs1364726"	0.0622515370739036	348	1.3436570645012
"rs133772"	0.062271906047468	348	1.31750357784798
"rs613184"	0.0623572430700041	348	0.730311404380479
"rs613185"	0.0623572430700041	348	0.730311404380479
"rs304809"	0.0623766664154556	348	1.89291341339473
"rs2104907"	0.062417164726332	348	1.2975091660681
"rs2104908"	0.062417164726332	348	1.2975091660681
"rs1770379"	0.0624338266479911	348	0.842480968211196
"rs1374037"	0.0624888192092239	348	1.28703369336159
"rs1126860"	0.0626376606372109	348	1.29035059042168
"rs1291435"	0.0626572339584412	348	0.838137336171457
"rs1291442"	0.0626572339584412	348	0.838137336171457
"rs598080"	0.0626748640707358	348	0.78210795291023
"rs514111"	0.062706774827151	348	1.93297765476526
"rs514143"	0.062706774827151	348	1.93297765476526
"rs74575"	0.0627266007250517	348	0.43884196244118
"rs75879"	0.0627266007250517	348	0.43884196244118
"rs76475"	0.0627266007250517	348	0.43884196244118
"rs80236"	0.0627266007250517	348	0.43884196244118
"rs1075745"	0.0627266007250517	348	0.43884196244118
"rs1057563"	0.0627630857835988	348	1.63888037093427
"rs2053609"	0.0628667843241615	348	1.47318332956013
"rs1364654"	0.0628766456229423	348	1.34450259733824
"rs179807"	0.0629249027434288	348	0.482803074027246
"rs223640"	0.0629333331572424	348	0.613168440032527
"rs1886495"	0.0630447305996736	348	1.45520127439348
"rs1432893"	0.0630503736738765	348	1.09383539080236
"rs1019105"	0.0630755281922321	348	0.688438196143601
"rs2115615"	0.0631534266202806	348	0.768343168458834
"rs2115622"	0.0631534266202806	348	0.768343168458834
"rs319615"	0.0631826090973963	348	1.62173344166824
"rs1991907"	0.0632655345189297	348	1.33974476531916
"rs368977"	0.0632745291139167	348	0.509691254470153
"rs23391"	0.063369364755595	348	1.45057662162273
"rs1577980"	0.0634282536551142	348	0.743567486704662
"rs695456"	0.063461209042108	348	1.51117680185899
"rs695459"	0.063461209042108	348	1.51117680185899
"rs1171963"	0.0634910244319713	348	1.20789004380847
"rs1342687"	0.0634976230155331	348	0.565249199023216
"rs23929"	0.0635371844881741	348	1.50247602207765
"rs2006896"	0.0635525061966767	348	0.679247782060907
"rs2006902"	0.0635525061966767	348	0.679247782060907
"rs2006922"	0.0635525061966767	348	0.679247782060907
"rs613197"	0.0635952512906143	348	1.35671482123964
"rs321513"	0.0636419336022646	348	1.73495071194014
"rs321540"	0.0636419336022646	348	1.73495071194014
"rs321543"	0.0636419336022646	348	1.73495071194014
"rs321607"	0.0636419336022646	348	1.73495071194014
"rs2081492"	0.0636426079286338	348	1.33916449705644
"rs1950853"	0.0636567146915044	348	0.858592567423197
"rs1855595"	0.0636595983699905	348	1.41315248122551
"rs1448661"	0.0636832026384505	348	1.33245776389374
"rs622197"	0.0637299497474878	348	1.32072146298908
"rs1114067"	0.0637532529241034	348	0.708846459326869
"rs1114069"	0.0637532529241034	348	0.708846459326869
"rs22636"	0.0637834845892406	348	1.12124731129802
"rs896643"	0.063825155382699	348	0.845369358316888
"rs1139186"	0.0638372408525542	348	0.677598839790353
"rs1545992"	0.0638472902795846	348	1.36989871868119
"rs1515049"	0.0638549861652454	348	0.840818092846271
"rs2168167"	0.0640252484830704	348	0.802243385784516
"rs439606"	0.0640626414128513	348	0.723146876739509
"rs270323"	0.0640822206024608	348	0.784719411545983
"rs163243"	0.064157685382911	348	0.699750269267265
"rs1896938"	0.0641872864698749	348	0.471430976948521
"rs149938"	0.0642266957440263	348	0.79203146675058
"rs492227"	0.0642294266670097	348	1.14289550418614
"rs510194"	0.06427480174078	348	1.37340481271104
"rs556522"	0.0643339358529549	348	1.41356789232038
"rs1515002"	0.0643393838034397	348	0.845273539790188
"rs1515006"	0.0643393838034397	348	0.845273539790188
"rs1515020"	0.0643393838034397	348	0.845273539790188
"rs1515023"	0.0643393838034397	348	0.845273539790188
"rs1515027"	0.0643393838034397	348	0.845273539790188
"rs1515032"	0.0643393838034397	348	0.845273539790188
"rs1515035"	0.0643393838034397	348	0.845273539790188
"rs1515053"	0.0643393838034397	348	0.845273539790188
"rs1515056"	0.0643393838034397	348	0.845273539790188
"rs1515068"	0.0643393838034397	348	0.845273539790188
"rs1515071"	0.0643393838034397	348	0.845273539790188
"rs1515073"	0.0643393838034397	348	0.845273539790188
"rs1114112"	0.0643503443860962	348	1.23768972050216
"rs1291436"	0.064356121432771	348	0.839370125567375
"rs1515637"	0.064359837218307	348	1.20553166406167
"rs117003"	0.0643936442332066	348	0.807545492638849
"rs1413714"	0.0644124081319525	348	0.691722363287289
"rs572147"	0.064414390471474	348	1.89675128919911
"rs1364648"	0.0644360584255107	348	1.34044113403479
"rs1364652"	0.0644360584255107	348	1.34044113403479
"rs1617175"	0.0645214162605871	348	2.23884364702622
"rs1617178"	0.0645214162605871	348	2.23884364702622
"rs1617196"	0.0645214162605871	348	2.23884364702622
"rs1441580"	0.0645707302784459	348	0.591698077006402
"rs295439"	0.0645740935559012	348	1.41531258439616
"rs1703259"	0.0646309427751328	348	1.3540872120614
"rs1963808"	0.0646662812831504	348	1.40178213900369
"rs467862"	0.0646789259362627	348	1.80975921281708
"rs26419"	0.0646888146039859	348	0.728378621632857
"rs545594"	0.0646998334625593	348	1.29823062183932
"rs465480"	0.0647066549622008	348	0.628298035764682
"rs576326"	0.0647105374302697	348	1.40423497605293
"rs576329"	0.0647105374302697	348	1.40423497605293
"rs576332"	0.0647105374302697	348	1.40423497605293
"rs576347"	0.0647105374302697	348	1.40423497605293
"rs718766"	0.0647139734865159	348	0.636870439430602
"rs38959"	0.0647229336712317	348	0.845461487180029
"rs209309"	0.0647691948270297	348	1.33494754153001
"rs2210188"	0.0648224442122328	348	0.701488261135807
"rs1715814"	0.0648367597888399	348	1.40721399569575
"rs1715815"	0.0648367597888399	348	1.40721399569575
"rs1715820"	0.0648367597888399	348	1.40721399569575
"rs1715822"	0.0648367597888399	348	1.40721399569575
"rs1715823"	0.0648367597888399	348	1.40721399569575
"rs1715824"	0.0648367597888399	348	1.40721399569575
"rs1715827"	0.0648367597888399	348	1.40721399569575
"rs1715844"	0.0648367597888399	348	1.40721399569575
"rs1715853"	0.0648367597888399	348	1.40721399569575
"rs1715867"	0.0648367597888399	348	1.40721399569575
"rs1715877"	0.0648367597888399	348	1.40721399569575
"rs345606"	0.0648476108441573	348	0.653210782535502
"rs1460104"	0.0649250441684072	348	1.47275038118873
"rs1122699"	0.0649594466665946	348	1.98846088292529
"rs1122702"	0.0649594466665946	348	1.98846088292529
"rs2061767"	0.06499395343307	348	0.706993225866356
"rs1582207"	0.0649976609435372	348	0.742756529637954
"rs831109"	0.0650318168069226	348	0.539132179262912
"rs2013488"	0.0650464417488669	348	0.643201222359883
"rs1786386"	0.0650479522573848	348	0.616624276393311
"rs1150627"	0.0650561881673437	348	1.31138656493575
"rs181492"	0.065064882004921	348	0.751762940707201
"rs2015858"	0.0651764874994184	348	1.23611501142765
"rs2015871"	0.0651764874994184	348	1.23611501142765
"rs209141"	0.0651951095219256	348	0.663692816202569
"rs2213794"	0.065210164850062	348	1.54731998665309
"rs1365047"	0.0652281528477629	348	1.29784208437041
"rs222427"	0.0653081556600291	348	0.555543744208884
"rs2216721"	0.065378366523094	348	1.58341736709472
"rs1454009"	0.0653816143422541	348	1.4567293062926
"rs657889"	0.0654412449556881	348	1.45736602861255
"rs936074"	0.0654989783780421	348	0.666522076839095
"rs936139"	0.0654989783780421	348	0.666522076839095
"rs671298"	0.0655013501739671	348	0.6707619113873
"rs931133"	0.0655338179524362	348	1.32470527035173
"rs32668"	0.0656463794685911	348	0.916847150662869
"rs692865"	0.0656599591300517	348	1.42263538086796
"rs133796"	0.0656639433588102	348	1.31555510249218
"rs1719561"	0.0656828068525613	348	1.38783158332841
"rs299522"	0.0657095670317291	348	0.582080530988114
"rs305015"	0.0657156700302377	348	0.646377088816129
"rs54151"	0.0657387576584064	348	1.38761655627261
"rs1884109"	0.0657872455146005	348	0.759759571401471
"rs772995"	0.0658744707454743	348	0.500637696698895
"rs772996"	0.0658744707454743	348	0.500637696698895
"rs772997"	0.0658744707454743	348	0.500637696698895
"rs1963615"	0.06587634248079	348	1.45943112002398
"rs1107658"	0.065946027012802	348	1.36644957437773
"rs540370"	0.0659671170431224	348	0.757721263555861
"rs462562"	0.0659988034200007	348	0.763719413137176
"rs475149"	0.0660494699524252	348	0.644029546485096
"rs1373847"	0.0660765829190522	348	1.25527686707352
"rs2056173"	0.0660869876635149	348	1.37603301592345
"rs47089"	0.0660936415893516	348	1.12912234636087
"rs222350"	0.0660989756216391	348	0.556741075666183
"rs1178140"	0.0661301271102421	348	0.744695089851287
"rs1178233"	0.0661301271102421	348	0.744695089851287
"rs1419909"	0.0661361929202584	348	1.44134821464191
"rs1194944"	0.0661476975280664	348	0.866597330366022
"rs1019072"	0.0661553854015788	348	1.82311106797109
"rs2139254"	0.0661783771392057	348	1.35987129821255
"rs647938"	0.0662976298516028	348	1.26351130718478
"rs1637544"	0.0663960085105331	348	1.44671719777877
"rs734361"	0.0663970887212778	348	1.6008970537785
"rs1356103"	0.0664641926026603	348	1.53092939150955
"rs341457"	0.0666049269432132	348	0.746819756184965
"rs601877"	0.0666098643022341	348	1.41003774124827
"rs1666844"	0.0666634469978197	348	1.56663803641352
"rs937001"	0.0666675116320552	348	0.645979152569336
"rs1715832"	0.0667011475461773	348	1.41841022656579
"rs1715837"	0.0667011475461773	348	1.41841022656579
"rs1715847"	0.0667011475461773	348	1.41841022656579
"rs1715868"	0.0667011475461773	348	1.41841022656579
"rs1751878"	0.0668232654930694	348	1.37321649706371
"rs1324707"	0.0668246485734366	348	1.85784076087045
"rs1590740"	0.0668306318519722	348	0.729447329729501
"rs771879"	0.066845893148464	348	1.27580166166479
"rs76505"	0.0668969721157709	348	1.44990936992303
"rs565938"	0.0669392075054212	348	1.29450573739809
"rs1361105"	0.0669884390180382	348	0.727423249935854
"rs1598819"	0.0670178702160243	348	1.3373509670357
"rs1598825"	0.0670178702160243	348	1.3373509670357
"rs934639"	0.0671585465527631	348	0.687261202306531
"rs1879835"	0.0671924028341649	348	1.48315091020478
"rs1879862"	0.0671924028341649	348	1.48315091020478
"rs1879868"	0.0671924028341649	348	1.48315091020478
"rs1879871"	0.0671924028341649	348	1.48315091020478
"rs197749"	0.0671997728100816	348	0.590080652306191
"rs1113923"	0.0672831022405025	348	0.718640226638736
"rs304936"	0.0673341441493829	348	2.56879445655489
"rs2012789"	0.067366551630224	348	0.69742737169783
"rs101225"	0.067394362869403	348	0.635408272677469
"rs433678"	0.0675231613481039	348	1.39606679390495
"rs1813522"	0.0675418976846105	348	0.546526362357298
"rs620302"	0.067572061917552	348	0.675158362771685
"rs620304"	0.067572061917552	348	0.675158362771685
"rs1715606"	0.0676149086390573	348	1.36086645660307
"rs1529407"	0.0677663186436729	348	1.50625499465578
"rs1737921"	0.0678073010909616	348	1.24676820017968
"rs287157"	0.0678084977405422	348	1.28721078483691
"rs145837"	0.067841737141955	348	1.19497975124204
"rs1478554"	0.0678726660382956	348	1.49699686402534
"rs163546"	0.0679329963771749	348	0.73527746149494
"rs1365004"	0.0680036598539647	348	1.29454067923258
"rs1365010"	0.0680036598539647	348	1.29454067923258
"rs1365025"	0.0680036598539647	348	1.29454067923258
"rs1365028"	0.0680036598539647	348	1.29454067923258
"rs1365034"	0.0680036598539647	348	1.29454067923258
"rs1365046"	0.0680036598539647	348	1.29454067923258
"rs1365052"	0.0680036598539647	348	1.29454067923258
"rs1365055"	0.0680036598539647	348	1.29454067923258
"rs1365059"	0.0680036598539647	348	1.29454067923258
"rs1365088"	0.0680036598539647	348	1.29454067923258
"rs1365151"	0.0680036598539647	348	1.29454067923258
"rs1365176"	0.0680036598539647	348	1.29454067923258
"rs1373914"	0.0680059021046794	348	1.28613469549071
"rs545579"	0.0680179913675469	348	1.29557844518418
"rs1365520"	0.0680489499363883	348	1.30672132814156
"rs935369"	0.0680542820862405	348	0.62074660107604
"rs936215"	0.0680915679533428	348	0.671250094744502
"rs1114158"	0.0681079442835142	348	1.20736015303708
"rs305017"	0.0681614997553018	348	0.641964146719114
"rs1551396"	0.0681974686493745	348	1.16179878577694
"rs785259"	0.0682075199867848	348	0.814533432591461
"rs1561382"	0.0682113889151988	348	1.12257845790015
"rs1713495"	0.0682129067561701	348	1.30240271546439
"rs117688"	0.0682223997626986	348	0.822353542007393
"rs117703"	0.0682223997626986	348	0.822353542007393
"rs2174558"	0.0683209842836957	348	1.29478020838932
"rs566084"	0.068348016410223	348	1.3093943228169
"rs837869"	0.0683706338021491	348	0.701730773735779
"rs2119215"	0.0684649308830402	348	0.724137840378982
"rs1354397"	0.0684857936281466	348	1.35510976820896
"rs1455039"	0.0685008418197578	348	1.47170517215758
"rs1455129"	0.0685008418197578	348	1.47170517215758
"rs145971"	0.0685286446113114	348	0.798227106167675
"rs1119509"	0.0685778591990181	348	1.5045293632757
"rs1636256"	0.0685817591526933	348	0.662036323036452
"rs1413478"	0.0685997989576481	348	0.643563751238017
"rs1611725"	0.0686397449363326	348	1.432737759097
"rs1171670"	0.0686812518205195	348	0.734478667210604
"rs2021351"	0.068701212590457	348	1.43229122036945
"rs863612"	0.0687143865163036	348	1.27507818016748
"rs2046675"	0.0687341999272084	348	1.40611830976661
"rs2046693"	0.0687341999272084	348	1.40611830976661
"rs2046709"	0.0687341999272084	348	1.40611830976661
"rs1964495"	0.0687457870196121	348	0.676589131398804
"rs2117500"	0.0687672888731287	348	1.34629840451795
"rs269061"	0.068771444075654	348	0.74775279042374
"rs1365196"	0.0687851554537994	348	1.28946449684446
"rs772589"	0.0687932305707641	348	0.545364121458606
"rs1737971"	0.0688018642693625	348	1.31088074707444
"rs1678102"	0.0688727960661942	348	1.64743233002994
"rs226555"	0.0688783413459265	348	1.1693470171107
"rs1599362"	0.0689247959862503	348	1.41319577716983
"rs296505"	0.068939536005664	348	0.642714313601983
"rs601910"	0.0689706257988356	348	1.40692004633627
"rs305090"	0.0689724896685874	348	0.663472041913945
"rs1114870"	0.0691565720830332	348	0.705409362345117
"rs620403"	0.0691686248179141	348	0.877271460653451
"rs1615670"	0.0692357244361791	348	1.58295571309134
"rs552772"	0.0692517864008982	348	1.41860140132634
"rs370237"	0.0692852157649043	348	0.486393150380684
"rs508167"	0.0693382225008732	348	0.684006022905778
"rs508171"	0.0693382225008732	348	0.684006022905778
"rs1559214"	0.0693586997832049	348	1.38419920242246
"rs213852"	0.0693642344844402	348	0.743764469076832
"rs433219"	0.0694460562450993	348	1.40753718700028
"rs446219"	0.0695524116419712	348	0.843275173768489
"rs446222"	0.0695524116419712	348	0.843275173768489
"rs589205"	0.069590149941825	348	1.38694111834168
"rs936241"	0.0696158651547919	348	0.673980826468274
"rs868827"	0.069673817039266	348	0.668781078230769
"rs1541088"	0.0697035933122568	348	0.662315461517744
"rs1922664"	0.0698633561034924	348	0.698393218868151
"rs116509"	0.0698862173760225	348	0.832091765687366
"rs321762"	0.0698932494870461	348	1.55887689514124
"rs321904"	0.0698932494870461	348	1.55887689514124
"rs321966"	0.0698932494870461	348	1.55887689514124
"rs322017"	0.0698932494870461	348	1.55887689514124
"rs308303"	0.0699090094671796	348	0.740141160969205
"rs1533253"	0.0699341522638744	348	0.631672999550193
"rs1533407"	0.0699341522638744	348	0.631672999550193
"rs1533426"	0.0699341522638744	348	0.631672999550193
"rs1533427"	0.0699341522638744	348	0.631672999550193
"rs1533432"	0.0699341522638744	348	0.631672999550193
"rs1533438"	0.0699341522638744	348	0.631672999550193
"rs1533443"	0.0699341522638744	348	0.631672999550193
"rs1533444"	0.0699341522638744	348	0.631672999550193
"rs1533447"	0.0699341522638744	348	0.631672999550193
"rs1533448"	0.0699341522638744	348	0.631672999550193
"rs1533450"	0.0699341522638744	348	0.631672999550193
"rs1701142"	0.0699497955939024	348	1.41911567970915
"rs1701178"	0.0699497955939024	348	1.41911567970915
"rs750084"	0.0699579791075671	348	0.8695914888503
"rs1946864"	0.069986671121788	348	0.711378291927984
"rs327376"	0.0700176236454738	348	0.621093311313093
"rs1690387"	0.0700637195473911	348	0.754267902311958
"rs1844268"	0.0701228708684731	348	0.674478822545484
"rs1844280"	0.0701228708684731	348	0.674478822545484
"rs902104"	0.0701392761775415	348	0.74096736889606
"rs1478047"	0.0701539987037602	348	0.657969531397092
"rs2071811"	0.0701651227029972	348	0.500693791813802
"rs1843833"	0.0702552521493286	348	1.37885192039978
"rs620345"	0.0702844137016499	348	0.675444920430135
"rs596979"	0.0703375327446822	348	0.838289589649997
"rs831142"	0.070357558327309	348	0.545240984261417
"rs601047"	0.0703994389550621	348	1.20659354929758
"rs1143466"	0.0704406021956761	348	0.702001644090283
"rs1777835"	0.0704567686091494	348	1.48615672209243
"rs145090"	0.070466124685455	348	0.801284520114604
"rs145091"	0.070466124685455	348	0.801284520114604
"rs145100"	0.070466124685455	348	0.801284520114604
"rs1618310"	0.0704754581156392	348	0.565114359739373
"rs1618318"	0.0704754581156392	348	0.565114359739373
"rs1618329"	0.0704754581156392	348	0.565114359739373
"rs1618330"	0.0704754581156392	348	0.565114359739373
"rs1618336"	0.0704754581156392	348	0.565114359739373
"rs1618339"	0.0704754581156392	348	0.565114359739373
"rs1618341"	0.0704754581156392	348	0.565114359739373
"rs1618342"	0.0704754581156392	348	0.565114359739373
"rs1618344"	0.0704754581156392	348	0.565114359739373
"rs1618345"	0.0704754581156392	348	0.565114359739373
"rs1618353"	0.0704754581156392	348	0.565114359739373
"rs1741320"	0.0704987312341531	348	0.574449249085136
"rs1770175"	0.0705045110436349	348	0.860169186131821
"rs225359"	0.0705317927842162	348	1.44207247978725
"rs1440956"	0.0705679777216689	348	0.563499464832762
"rs783366"	0.0706355642112898	348	1.20328039651724
"rs163539"	0.0706391217731495	348	0.737386931096036
"rs163544"	0.0706391217731495	348	0.737386931096036
"rs409038"	0.0707056170009916	348	0.612342680263951
"rs678385"	0.0707922704019167	348	1.17317825723291
"rs1171987"	0.0708125591155795	348	1.24589779520094
"rs1721223"	0.0708350765590818	348	1.37030311772769
"rs145084"	0.0708759230541523	348	0.785400676909462
"rs145087"	0.0708759230541523	348	0.785400676909462
"rs2116392"	0.0708989268149032	348	0.768943269360125
"rs1982954"	0.070913480322023	348	0.586188878745858
"rs1947315"	0.0709150590888232	348	1.4562167968524
"rs633609"	0.0709153118115479	348	0.89043485374479
"rs321423"	0.0709178262682735	348	1.56841460872446
"rs321441"	0.0709178262682735	348	1.56841460872446
"rs321465"	0.0709178262682735	348	1.56841460872446
"rs321504"	0.0709178262682735	348	1.56841460872446
"rs321507"	0.0709178262682735	348	1.56841460872446
"rs321576"	0.0709178262682735	348	1.56841460872446
"rs321584"	0.0709178262682735	348	1.56841460872446
"rs321585"	0.0709178262682735	348	1.56841460872446
"rs321588"	0.0709178262682735	348	1.56841460872446
"rs321591"	0.0709178262682735	348	1.56841460872446
"rs321597"	0.0709178262682735	348	1.56841460872446
"rs321645"	0.0709178262682735	348	1.56841460872446
"rs321711"	0.0709178262682735	348	1.56841460872446
"rs321750"	0.0709178262682735	348	1.56841460872446
"rs321768"	0.0709178262682735	348	1.56841460872446
"rs321834"	0.0709178262682735	348	1.56841460872446
"rs321840"	0.0709178262682735	348	1.56841460872446
"rs321906"	0.0709178262682735	348	1.56841460872446
"rs321981"	0.0709178262682735	348	1.56841460872446
"rs322059"	0.0709178262682735	348	1.56841460872446
"rs322063"	0.0709178262682735	348	1.56841460872446
"rs322080"	0.0709178262682735	348	1.56841460872446
"rs322095"	0.0709178262682735	348	1.56841460872446
"rs322111"	0.0709178262682735	348	1.56841460872446
"rs322122"	0.0709178262682735	348	1.56841460872446
"rs322179"	0.0709178262682735	348	1.56841460872446
"rs1456821"	0.0709340100404093	348	12469.6168473482
"rs133966"	0.0709907491797529	348	0.86434750153225
"rs68195"	0.0710443525138048	348	0.70294004776502
"rs93199"	0.0710738058329768	348	1.31535468778917
"rs274272"	0.071081792459005	348	1.42470873703686
"rs942075"	0.071189656406458	348	1.51781087940719
"rs942076"	0.071189656406458	348	1.51781087940719
"rs305003"	0.0711946468391531	348	0.644344501167977
"rs1995246"	0.071255473163834	348	1.35426122943307
"rs1364633"	0.071262377862302	348	1.33008980141249
"rs614486"	0.0712655599398347	348	0.615192488464074
"rs890294"	0.0712849203635157	348	0.888030097812741
"rs1169863"	0.0712996795443701	348	0.609535217508131
"rs1662305"	0.0713030696748036	348	0.465991890981373
"rs395810"	0.0713122623526806	348	0.570803878761451
"rs398102"	0.0713122623526806	348	0.570803878761451
"rs1600844"	0.0713949920791817	348	1.43440589774498
"rs1600850"	0.0713949920791817	348	1.43440589774498
"rs1600856"	0.0713949920791817	348	1.43440589774498
"rs2121714"	0.0714481557354282	348	1.16940468447665
"rs319339"	0.0714707021704149	348	2.28948441779543
"rs2185902"	0.0715269738720647	348	0.759538202096878
"rs657739"	0.0715321643572989	348	1.41135464323325
"rs1866728"	0.0715644921314425	348	0.682386828438945
"rs2214461"	0.0715717410060725	348	1.60773745029698
"rs1774779"	0.0715726799023868	348	1.47071381227483
"rs1053097"	0.0715774717835163	348	0.613438989713221
"rs1373996"	0.0715974317236603	348	1.29371914307153
"rs1840835"	0.0716178091113789	348	1.34943508987972
"rs1840926"	0.0716178091113789	348	1.34943508987972
"rs1840976"	0.0716178091113789	348	1.34943508987972
"rs1840990"	0.0716178091113789	348	1.34943508987972
"rs2008454"	0.0716390530721436	348	1.64293278710986
"rs2008455"	0.0716390530721436	348	1.64293278710986
"rs1893992"	0.0716572899918076	348	0.514157589400806
"rs1611477"	0.0717004524508755	348	0.649925794700169
"rs1120061"	0.0717406941546528	348	1.42226883809581
"rs698194"	0.071748377692104	348	0.662062233471558
"rs487990"	0.0718161391819157	348	1.79981262649977
"rs1530859"	0.0718435337656734	348	0.726093554365593
"rs2046621"	0.0718455546023963	348	0.695005603631772
"rs1150035"	0.0718535252597747	348	1.71713489668347
"rs462780"	0.0718665754179012	348	1.94752752308482
"rs1615261"	0.07189663926369	348	1.57620774370878
"rs1663565"	0.0719198414328696	348	1.41131450241544
"rs321900"	0.0719799668432788	348	1.53560479775884
"rs1117613"	0.0719901215545209	348	1.76637250261557
"rs133808"	0.0720301371464552	348	1.32402051011114
"rs1291967"	0.0720328151846746	348	0.714004113597861
"rs648711"	0.0721275159741612	348	0.851033220878385
"rs181272"	0.0722084217848105	348	1.36003690254884
"rs545483"	0.0722196067828909	348	0.741390007489118
"rs545507"	0.0722196067828909	348	0.741390007489118
"rs83790"	0.0722241399154557	348	1.39653930510945
"rs410529"	0.0722387327049476	348	1.35954640934834
"rs1104166"	0.0722489313832529	348	1.5491539839953
"rs1601000"	0.0722529404759252	348	1.42806505803277
"rs1601006"	0.0722529404759252	348	1.42806505803277
"rs1601009"	0.0722529404759252	348	1.42806505803277
"rs1601036"	0.0722529404759252	348	1.42806505803277
"rs1601039"	0.0722529404759252	348	1.42806505803277
"rs1601041"	0.0722529404759252	348	1.42806505803277
"rs1601042"	0.0722529404759252	348	1.42806505803277
"rs1601048"	0.0722529404759252	348	1.42806505803277
"rs1601054"	0.0722529404759252	348	1.42806505803277
"rs578139"	0.072285123379539	348	0.703901080148216
"rs578140"	0.072285123379539	348	0.703901080148216
"rs578144"	0.072285123379539	348	0.703901080148216
"rs31536"	0.0723008015214501	348	1.24764283008657
"rs31537"	0.0723008015214501	348	1.24764283008657
"rs1718260"	0.0723126134854434	348	0.721875811019486
"rs583590"	0.0723135241669059	348	0.726376873778237
"rs321744"	0.0723537367312653	348	1.43238175370255
"rs321747"	0.0723537367312653	348	1.43238175370255
"rs1750562"	0.0725359734430414	348	0.755140441244226
"rs65059"	0.0725434058630038	348	0.827902207855082
"rs116634"	0.0725525738783177	348	0.84294749843836
"rs1135396"	0.0725757457766026	348	1.46249670766833
"rs1430472"	0.0726518844617273	348	1.91045705912504
"rs461731"	0.0726518844617275	348	1.91045705912504
"rs1365222"	0.0727367513841951	348	1.30573803362815
"rs1164399"	0.072789820792353	348	0.567411045737573
"rs1164402"	0.072789820792353	348	0.567411045737573
"rs1164405"	0.072789820792353	348	0.567411045737573
"rs1164413"	0.072789820792353	348	0.567411045737573
"rs1164423"	0.072789820792353	348	0.567411045737573
"rs1164426"	0.072789820792353	348	0.567411045737573
"rs1164429"	0.072789820792353	348	0.567411045737573
"rs1164435"	0.072789820792353	348	0.567411045737573
"rs1739687"	0.0728742055862302	348	1.42816717387131
"rs810570"	0.0729086586127451	348	0.754896179256752
"rs1083761"	0.0729819833052438	348	0.735659422545823
"rs937515"	0.0730148322451542	348	0.576946198080188
"rs937472"	0.0730148322451562	348	0.576946198080189
"rs321457"	0.0730463643645594	348	1.5314614762481
"rs1065765"	0.0730794167862094	348	1.316344876925
"rs2007466"	0.0730853412617157	348	0.728999782919362
"rs1364989"	0.0731337182853833	348	1.30080914675568
"rs1715530"	0.0731455593329319	348	1.39430078233286
"rs1452124"	0.0731555361116111	348	0.691884230505119
"rs2166648"	0.073191157139732	348	1.29323696577667
"rs1064621"	0.0732018905640284	348	0.760896404731051
"rs148387"	0.0732129881266853	348	0.805070889700425
"rs429339"	0.0732162131088383	348	1.38585645057877
"rs429344"	0.0732162131088383	348	1.38585645057877
"rs1021363"	0.0732663296103054	348	2.10737759437727
"rs463044"	0.0732663296103054	348	2.10737759437728
"rs1446157"	0.0732663296104431	348	25286.9280709355
"rs1046125"	0.0734035179956772	348	0.58544474377249
"rs1352110"	0.0734049325313229	348	1.77855507324581
"rs934576"	0.073407167915319	348	0.693023321457539
"rs2155172"	0.0735006554030145	348	0.721678504894403
"rs2201103"	0.0735034999507331	348	1.45453405214988
"rs116910"	0.0735206101955012	348	0.813499771583934
"rs117096"	0.0735206101955012	348	0.813499771583934
"rs932175"	0.0735777627701005	348	0.627164393373378
"rs122475"	0.0736266838867542	348	0.83274056076739
"rs934825"	0.0736709421033575	348	0.692853473182805
"rs1671591"	0.0736733754663463	348	0.683373340956597
"rs493093"	0.0736811547859703	348	1.53888980481914
"rs1879601"	0.0737525832045221	348	1.41412614104268
"rs818389"	0.0738761652640471	348	1.46863840705985
"rs818487"	0.0738761652640471	348	1.46863840705985
"rs1843168"	0.0739221191659808	348	0.596170363400301
"rs934882"	0.0740263046548593	348	0.693273869357199
"rs791281"	0.0740389814187212	348	0.857206561258393
"rs1364497"	0.0741209636026569	348	23.552727215841
"rs1364412"	0.0741209636026964	348	1.31181609634978
"rs1364469"	0.0741209636026964	348	1.31181609634978
"rs294811"	0.0741238141989471	348	0.66525443971555
"rs937518"	0.0742465021038526	348	0.574136460371487
"rs663430"	0.0742679268575425	348	1.30780145439033
"rs1365580"	0.0742803388431064	348	1.29927322978685
"rs1365586"	0.0742803388431064	348	1.29927322978685
"rs1365595"	0.0742803388431064	348	1.29927322978685
"rs156686"	0.0743848083470651	348	0.82113235042335
"rs165713"	0.0743856023988154	348	0.772803513344605
"rs273284"	0.0744234222338682	348	1.40191670681473
"rs273291"	0.0744234222338682	348	1.40191670681473
"rs2200851"	0.0744376134945262	348	0.559572027563861
"rs230896"	0.0744455852157711	348	0.62401876261001
"rs230904"	0.0744455852157711	348	0.62401876261001
"rs2076179"	0.0744748159097419	348	0.800458441048427
"rs2076204"	0.0744748159097419	348	0.800458441048427
"rs568975"	0.0744753937427285	348	1.16686976973136
"rs1964492"	0.0745266974964229	348	0.839207109263106
"rs1448577"	0.0745706070388217	348	1.3716223731621
"rs1448583"	0.0745706070388217	348	1.3716223731621
"rs222369"	0.0746075825042334	348	0.565873985090043
"rs849176"	0.074615026441742	348	0.784624278746465
"rs268951"	0.0747040514141201	348	0.710476471950746
"rs1547937"	0.0747861963153136	348	1.34443237621408
"rs1547949"	0.0747861963153136	348	1.34443237621408
"rs1547967"	0.0747861963153136	348	1.34443237621408
"rs1548000"	0.0747861963153136	348	1.34443237621408
"rs1548006"	0.0747861963153136	348	1.34443237621408
"rs1548016"	0.0747861963153136	348	1.34443237621408
"rs1548060"	0.0747861963153136	348	1.34443237621408
"rs1548066"	0.0747861963153136	348	1.34443237621408
"rs1702263"	0.0748252939982731	348	1.38582925588345
"rs1900552"	0.0748431234934427	348	0.492024559397277
"rs831089"	0.0748633680309621	348	0.551040243501809
"rs1561694"	0.0748644630618979	348	0.849784802123588
"rs1933720"	0.074879537031319	348	0.681912704264
"rs1103998"	0.0748831680330815	348	0.739905770919151
"rs280003"	0.0748979496677195	348	1.29206346202626
"rs140271"	0.074903674587164	348	0.865402766234409
"rs722634"	0.0749225533570097	348	1.40118221823762
"rs279069"	0.074931621697213	348	0.750165188126803
"rs649050"	0.0749372223959047	348	1.13307492219553
"rs1561695"	0.0749901291938855	348	0.850333729603328
"rs934600"	0.0750050596892934	348	0.694080703927505
"rs419952"	0.0750133396443254	348	1.42692741134228
"rs930101"	0.0750169863055555	348	0.647645780412376
"rs2069987"	0.0750795597757335	348	0.89996364466521
"rs492488"	0.075175779042068	348	0.743732548573072
"rs1981056"	0.0751989154582375	348	0.749130040011464
"rs1085414"	0.0752034851234146	348	0.683967263152947
"rs1608595"	0.0752294001747787	348	0.665505618965218
"rs1372926"	0.0752413948768058	348	0.771351124753421
"rs1963397"	0.0752918515434554	348	1.24360870145564
"rs1894437"	0.0753813563044006	348	0.375505428335427
"rs26863"	0.0754179501698278	348	0.716095661735492
"rs322427"	0.0754240357053293	348	1.18410321886549
"rs1707885"	0.0754701967029863	348	1.39682335424318
"rs1830864"	0.0755838079638516	348	1.61335508352488
"rs598338"	0.075616565178373	348	0.613550269247473
"rs598342"	0.075616565178373	348	0.613550269247473
"rs1444798"	0.0756196681988024	348	1.33291095796692
"rs932017"	0.075706417941788	348	0.628834828812491
"rs932018"	0.075706417941788	348	0.628834828812491
"rs932022"	0.075706417941788	348	0.628834828812491
"rs2042756"	0.0757100298937756	348	1.39730238697372
"rs493474"	0.0757900457208558	348	1.47800855163083
"rs117207"	0.0759272297167244	348	0.763852414723379
"rs934914"	0.0759830829158948	348	0.694770593646802
"rs1645346"	0.075994955949878	348	0.701492089473499
"rs210273"	0.076043622798168	348	0.389346953622358
"rs897178"	0.0760831527835099	348	0.893398184666079
"rs409644"	0.0761494143362025	348	0.743596718330992
"rs1364838"	0.0761824255305029	348	1.29724710486933
"rs1364946"	0.0761824255305029	348	1.29724710486933
"rs1014205"	0.0762214659073574	348	0.502209481673381
"rs1014227"	0.0762214659073574	348	0.502209481673381
"rs1014239"	0.0762214659073574	348	0.502209481673381
"rs1014240"	0.0762214659073574	348	0.502209481673381
"rs1014264"	0.0762214659073574	348	0.502209481673381
"rs146036"	0.0762287408938916	348	0.79558258186392
"rs226485"	0.0762889549503396	348	1.15282006367924
"rs294454"	0.0762936293318761	348	1.10623304735094
"rs1169723"	0.0763957746778663	348	1.45871542679612
"rs806630"	0.0764493665636583	348	1.112755328296
"rs614794"	0.0764765909383247	348	0.527584157630872
"rs1352104"	0.0765534456386573	348	0.719879549092537
"rs1360959"	0.076560621656304	348	0.732700016982947
"rs341335"	0.076629581628571	348	1.19924457035502
"rs322049"	0.0766420138148512	348	1.52004852378083
"rs839161"	0.076679356507039	348	0.725074672171439
"rs839168"	0.076679356507039	348	0.725074672171439
"rs839180"	0.076679356507039	348	0.725074672171439
"rs839123"	0.0766793565070431	348	0.725074672171442
"rs839124"	0.0766793565070431	348	0.725074672171442
"rs839183"	0.0766793565070431	348	0.725074672171442
"rs839184"	0.0766793565070431	348	0.725074672171442
"rs839189"	0.0766793565070431	348	0.725074672171442
"rs839199"	0.0766793565070431	348	0.725074672171442
"rs839206"	0.0766793565070431	348	0.725074672171442
"rs839222"	0.0766793565070431	348	0.725074672171442
"rs839224"	0.0766793565070431	348	0.725074672171442
"rs921533"	0.0767022410148865	348	2.58066566447488
"rs934962"	0.0767058356328506	348	0.69459387527674
"rs320334"	0.0767117413078609	348	1.55212462043881
"rs320377"	0.0767117413078609	348	1.55212462043881
"rs1052580"	0.07671624490595	348	0.716716037343128
"rs1156180"	0.0767665729134875	348	1.38113998850623
"rs677684"	0.0768029574651344	348	0.913898383264131
"rs770560"	0.0768097296729407	348	1.295165048373
"rs1357430"	0.0768274115287394	348	0.351060552315743
"rs151074"	0.0768281458678377	348	1.2282457595795
"rs1365607"	0.0768977629681669	348	1.29637517761035
"rs1555036"	0.076901397937053	348	0.678481145954486
"rs2007286"	0.0769786092105333	348	0.718742872297439
"rs553150"	0.0770486067562678	348	1.42830490003522
"rs2008763"	0.0770767682193613	348	1.37842991796033
"rs446160"	0.0770794619960016	348	0.84486118160775
"rs1613482"	0.0771281038414629	348	1.33046406669084
"rs2090205"	0.0771575972533217	348	0.727660951063039
"rs1842927"	0.0771684739977678	348	1.39888752298192
"rs1842962"	0.0771684739977742	348	1.39888752298192
"rs121850"	0.077169056420549	348	1.33913600490795
"rs1937702"	0.0771866469489902	348	0.712872749380026
"rs1645343"	0.077191098607063	348	0.713579346224125
"rs545591"	0.0772041525853402	348	1.28460168082243
"rs146059"	0.0772238582055555	348	0.797242074488464
"rs146075"	0.0772238582055555	348	0.797242074488464
"rs146091"	0.0772238582055555	348	0.797242074488464
"rs146110"	0.0772238582055555	348	0.797242074488464
"rs676879"	0.0772255873850885	348	1.67414059869333
"rs1050901"	0.0772838354116049	348	1.47204796820323
"rs1363885"	0.0772891337382749	348	1.3005158875371
"rs1363988"	0.0772891337382749	348	1.3005158875371
"rs1363991"	0.0772891337382749	348	1.3005158875371
"rs1363994"	0.0772891337382749	348	1.3005158875371
"rs1364003"	0.0772891337382749	348	1.3005158875371
"rs1364039"	0.0772891337382749	348	1.3005158875371
"rs1364045"	0.0772891337382749	348	1.3005158875371
"rs1364062"	0.0772891337382749	348	1.3005158875371
"rs1364072"	0.0772891337382749	348	1.3005158875371
"rs1364075"	0.0772891337382749	348	1.3005158875371
"rs1364093"	0.0772891337382749	348	1.3005158875371
"rs1364096"	0.0772891337382749	348	1.3005158875371
"rs1364099"	0.0772891337382749	348	1.3005158875371
"rs1364106"	0.0772891337382749	348	1.3005158875371
"rs1364108"	0.0772891337382749	348	1.3005158875371
"rs1364111"	0.0772891337382749	348	1.3005158875371
"rs1364123"	0.0772891337382749	348	1.3005158875371
"rs1364126"	0.0772891337382749	348	1.3005158875371
"rs1364127"	0.0772891337382749	348	1.3005158875371
"rs1364142"	0.0772891337382749	348	1.3005158875371
"rs1364144"	0.0772891337382749	348	1.3005158875371
"rs1364147"	0.0772891337382749	348	1.3005158875371
"rs1364191"	0.0772891337382749	348	1.3005158875371
"rs1364199"	0.0772891337382749	348	1.3005158875371
"rs1364200"	0.0772891337382749	348	1.3005158875371
"rs1364201"	0.0772891337382749	348	1.3005158875371
"rs1364240"	0.0772891337382749	348	1.3005158875371
"rs1364251"	0.0772891337382749	348	1.3005158875371
"rs1364776"	0.0772891337382749	348	1.3005158875371
"rs1364795"	0.0772891337382749	348	1.3005158875371
"rs1364807"	0.0772891337382749	348	1.3005158875371
"rs1364836"	0.0772891337382749	348	1.3005158875371
"rs1364894"	0.0772891337382749	348	1.3005158875371
"rs1364907"	0.0772891337382749	348	1.3005158875371
"rs1364933"	0.0772891337382749	348	1.3005158875371
"rs1364934"	0.0772891337382749	348	1.3005158875371
"rs1364944"	0.0772891337382749	348	1.3005158875371
"rs1364949"	0.0772891337382749	348	1.3005158875371
"rs1364950"	0.0772891337382749	348	1.3005158875371
"rs1364990"	0.0772891337382749	348	1.3005158875371
"rs1365250"	0.0772891337382749	348	1.3005158875371
"rs1365379"	0.0772891337382749	348	1.3005158875371
"rs1365418"	0.0772891337382749	348	1.3005158875371
"rs1365556"	0.0772891337382749	348	1.3005158875371
"rs775640"	0.0773748376616202	348	1.24662655363056
"rs346268"	0.0773799840425512	348	0.727783052569217
"rs2189967"	0.0774053641639078	348	0.666166494987462
"rs857109"	0.0774087102522479	348	0.745229262389316
"rs935353"	0.077486929843528	348	0.629828402309511
"rs1980731"	0.0774873433909549	348	0.775074904429811
"rs1813278"	0.0775062620007851	348	0.909280188075528
"rs649277"	0.0775858407553204	348	1.50796094048943
"rs273397"	0.0776231798992567	348	0.694265348773038
"rs1965020"	0.0776554281716027	348	1.35304362990876
"rs1145273"	0.0776734293330029	348	0.683912429606696
"rs847875"	0.0776841570910951	348	0.671421958673752
"rs934945"	0.0777446838244506	348	0.696364720134864
"rs537890"	0.0777675915028636	348	0.768184543020432
"rs1049578"	0.0777676745430792	348	0.658639197864482
"rs1049596"	0.0777676745430792	348	0.658639197864482
"rs1049658"	0.0777676745430792	348	0.658639197864482
"rs1365445"	0.0778000587090068	348	1.29542055850895
"rs147717"	0.0778008809780104	348	0.754026040128963
"rs1571407"	0.0778194750949354	348	2.09443823495587
"rs1643243"	0.0778194750949354	348	2.09443823495587
"rs1643267"	0.0778194750949354	348	2.09443823495587
"rs1643697"	0.0778194750949354	348	2.09443823495587
"rs1643904"	0.0778194750949354	348	2.09443823495587
"rs1976423"	0.0778548599083533	348	0.747033080462695
"rs2075663"	0.0778748694248945	348	1.45292774772006
"rs2075667"	0.0778748694248945	348	1.45292774772006
"rs896499"	0.0779551100510188	348	1.23493980000271
"rs191357"	0.0780569359473967	348	0.665063223841249
"rs191372"	0.0780569359473967	348	0.665063223841249
"rs1720930"	0.0780937590149818	348	1.42287164605571
"rs666621"	0.0781034000272187	348	1.59312585116874
"rs2165002"	0.0781253636870236	348	1.24709437902706
"rs1064536"	0.0781320067499225	348	0.910283547855355
"rs934618"	0.0781362943895185	348	0.69700228891411
"rs959337"	0.0781487130813172	348	0.677635089346073
"rs930315"	0.078159561987021	348	0.63056979645988
"rs617526"	0.0782348793291	348	1.48750734005384
"rs1365667"	0.0783113936729334	348	1.29478728390871
"rs2149192"	0.0783119976306918	348	0.676194877431404
"rs1317511"	0.0783587429237833	348	1.40273761064415
"rs225426"	0.07837180084518	348	0.821786430194663
"rs1953135"	0.0784329262955265	348	0.683485029153482
"rs1415586"	0.0784632130108566	348	0.637827797203896
"rs1415589"	0.0784632130108566	348	0.637827797203896
"rs1618296"	0.0784944252287577	348	1.23583116503739
"rs493632"	0.0785404412306398	348	1.47694693598235
"rs501708"	0.0785429605755275	348	0.729013604044903
"rs503705"	0.0785599457569376	348	0.835636906525053
"rs1702986"	0.0785865566184928	348	1.4147649016821
"rs474964"	0.0785937574101102	348	0.657807814452166
"rs475065"	0.0785937574101102	348	0.657807814452166
"rs340154"	0.0786101968634995	348	0.71764207534517
"rs1621452"	0.0786472442901395	348	0.630245840554034
"rs1738051"	0.0786771872994957	348	1.28156794572849
"rs2115772"	0.0787047150610795	348	1.40561474145878
"rs598023"	0.0787120895243622	348	1.10118698870011
"rs149033"	0.0787439476352226	348	0.836187422750017
"rs2145321"	0.0787475961656688	348	1.37148151348492
"rs195915"	0.0788153277315399	348	0.3899586051422
"rs198819"	0.0788153277315399	348	0.3899586051422
"rs201808"	0.0788153277315399	348	0.3899586051422
"rs1355042"	0.0788153277315399	348	0.3899586051422
"rs1936638"	0.0788153277315399	348	0.3899586051422
"rs1318128"	0.0788153277315483	348	2.56437474853341
"rs1549799"	0.0788189367960384	348	1.34571450852841
"rs911172"	0.0788264352081256	348	1.43933937108269
"rs911175"	0.0788264352081256	348	1.43933937108269
"rs699424"	0.0788506372501272	348	0.627358672368072
"rs96183"	0.0788639473819402	348	0.683306669532591
"rs1833935"	0.0788820837698077	348	0.72984140540583
"rs1679129"	0.078948284867563	348	0.588832120614454
"rs303993"	0.0790131092085698	348	2.03731071357184
"rs1488083"	0.079031397591599	348	1.29343768245326
"rs1705122"	0.0790475117252764	348	1.33745673519144
"rs661145"	0.079048040238506	348	0.649189085984565
"rs1114526"	0.0790776934962903	348	0.726482579719436
"rs1114540"	0.0790776934962903	348	0.726482579719436
"rs793731"	0.0790953189600042	348	0.833122009136747
"rs839036"	0.079106441499409	348	0.643371132987641
"rs1315370"	0.0791273991285122	348	0.729211260967514
"rs1357657"	0.0791564677379682	348	0.364434914284892
"rs1357852"	0.0791564677379682	348	0.364434914284892
"rs92590"	0.0791568740205875	348	0.664387160872085
"rs580379"	0.079157738123102	348	0.72586279316899
"rs854486"	0.0791605446191149	348	0.764229418289307
"rs854488"	0.0791605446191149	348	0.764229418289307
"rs933288"	0.0791658411454488	348	1.36578383452085
"rs163538"	0.0791993859499506	348	0.744127459291275
"rs163543"	0.0791993859499506	348	0.744127459291275
"rs2142775"	0.0792333031513707	348	1.29757306476817
"rs1488947"	0.0792439270536354	348	1.21495559098922
"rs1488948"	0.0792439270536354	348	1.21495559098922
"rs571628"	0.0792724773171049	348	0.734701428869655
"rs84919"	0.0792872355499254	348	0.80919199401447
"rs1365470"	0.0792980209984488	348	1.29411069237662
"rs934848"	0.0793280764658423	348	0.698098793876189
"rs446225"	0.079341043634834	348	0.84797323672621
"rs149763"	0.0793438868628652	348	0.777266961021868
"rs149769"	0.0793438868628652	348	0.777266961021868
"rs1403126"	0.079398869689043	348	1.31250968099
"rs471810"	0.0794171403764098	348	1.35820956452522
"rs1364977"	0.0795133531710941	348	1.29379017382804
"rs1053124"	0.0795482524370723	348	1.19414070070927
"rs1738407"	0.0795565827606361	348	1.43021563145284
"rs1348867"	0.0795813062262565	348	0.595123783305982
"rs1611064"	0.0795817854410237	348	0.733716147658168
"rs1762802"	0.079652597298092	348	0.604859217930092
"rs1145016"	0.0796744461295159	348	1.58318191023165
"rs2170701"	0.0797245493483182	348	0.827566067375029
"rs601901"	0.0797330829828359	348	1.39903249900085
"rs1114157"	0.0797432617476431	348	1.19189165092404
"rs462574"	0.0797688443356229	348	0.772806819607201
"rs180841"	0.0797748042949052	348	1.29476211255625
"rs1904080"	0.0797984844950797	348	0.705177969100788
"rs1106388"	0.0798506337993244	348	0.71927856606914
"rs2007547"	0.0798643910157708	348	0.336431160873303
"rs2007577"	0.0798643910157708	348	0.336431160873303
"rs2008086"	0.0798643910157708	348	0.336431160873303
"rs2008336"	0.0798643910157708	348	0.336431160873303
"rs613192"	0.0798667358501932	348	0.261598552376432
"rs613193"	0.0798667358501932	348	0.261598552376432
"rs613194"	0.0798667358501932	348	0.261598552376432
"rs324316"	0.0798700821366371	348	1.47957173913478
"rs1114033"	0.0798724515362195	348	0.715767828246339
"rs935114"	0.0798859154617099	348	0.698206253021014
"rs775480"	0.0798985016213296	348	0.780775580761787
"rs1365485"	0.079948416434279	348	1.2932487515189
"rs1070427"	0.0799574828311732	348	1.41271929467859
"rs1313673"	0.0799606859856074	348	0.704580406574675
"rs1365400"	0.0799614580631479	348	1.29297779376833
"rs1053758"	0.0799975182636305	348	0.56570550400472
"rs1906227"	0.0800118114902295	348	0.688842088500637
"rs1841019"	0.0800146497699468	348	1.69844595189666
"rs1841022"	0.0800146497699468	348	1.69844595189666
"rs1841023"	0.0800146497699468	348	1.69844595189666
"rs1533133"	0.0800180454204806	348	0.865077696686815
"rs305393"	0.0800406927322393	348	1.58423460028414
"rs791215"	0.0800486498865136	348	0.859577916757797
"rs421371"	0.0800648420027456	348	0.616879105951679
"rs421490"	0.0800648420027456	348	0.616879105951679
"rs1365235"	0.0801115593615117	348	1.29315514817782
"rs1365280"	0.0801115593615117	348	1.29315514817782
"rs1365286"	0.0801115593615117	348	1.29315514817782
"rs1365287"	0.0801115593615117	348	1.29315514817782
"rs1365289"	0.0801115593615117	348	1.29315514817782
"rs1365292"	0.0801115593615117	348	1.29315514817782
"rs1963811"	0.080162474998792	348	1.38327480890354
"rs1754507"	0.0801727578554858	348	1.27803962836517
"rs1716738"	0.0802610726430998	348	1.42786325960479
"rs1752039"	0.0802760313306229	348	1.2725357571425
"rs831124"	0.080276479877861	348	0.558688195719084
"rs831143"	0.080276479877861	348	0.558688195719084
"rs592369"	0.0802880148102358	348	1.3791068535267
"rs934082"	0.0803063131881422	348	0.632156835160595
"rs935854"	0.0803063131881422	348	0.632156835160595
"rs134299"	0.0803229128328436	348	0.751622351332997
"rs1365648"	0.0803310351752681	348	1.29283109307661
"rs603906"	0.0803532674981681	348	1.46139034372601
"rs603915"	0.0803532674981681	348	1.46139034372601
"rs1365402"	0.0803629748094679	348	1.29256347577189
"rs831080"	0.0803888105752168	348	0.558850857699726
"rs831093"	0.0803888105752168	348	0.558850857699726
"rs831132"	0.0803888105752168	348	0.558850857699726
"rs831134"	0.0803888105752168	348	0.558850857699726
"rs831158"	0.0803888105752168	348	0.558850857699726
"rs831159"	0.0803888105752168	348	0.558850857699726
"rs831160"	0.0803888105752168	348	0.558850857699726
"rs831168"	0.0803888105752168	348	0.558850857699726
"rs831170"	0.0803888105752168	348	0.558850857699726
"rs934775"	0.080428169745247	348	0.699597273873916
"rs265221"	0.0804475838764662	348	1.33836402780146
"rs62914"	0.0805058326376589	348	1.45203680145221
"rs896487"	0.0805102541713228	348	0.820515416535782
"rs327075"	0.0805869186338232	348	1.64755406400108
"rs458075"	0.0806084719617329	348	1.55490435409229
"rs2119275"	0.0806107914401389	348	0.768598679354099
"rs2119282"	0.0806107914401389	348	0.768598679354099
"rs2119283"	0.0806107914401389	348	0.768598679354099
"rs2119285"	0.0806107914401389	348	0.768598679354099
"rs546312"	0.0806123138094218	348	0.547644108362677
"rs546949"	0.0806123138094218	348	0.547644108362677
"rs1067832"	0.0806503202287012	348	1.57922735546335
"rs1067859"	0.0806503202287012	348	1.57922735546335
"rs1014198"	0.0806556728172897	348	0.506865230353199
"rs1104030"	0.0806661133369168	348	0.774060453510079
"rs1720680"	0.0806684906704265	348	1.32002356392714
"rs1720700"	0.0806684906704265	348	1.32002356392714
"rs1720852"	0.0806684906704265	348	1.32002356392714
"rs2007411"	0.0806987886144182	348	0.724809125868607
"rs1109150"	0.080755269707189	348	0.780846465456026
"rs226824"	0.0807975107865847	348	1.13553881354186
"rs935731"	0.0808213319918559	348	0.633181244138226
"rs1365377"	0.0808330354990928	348	1.29211630677016
"rs1752078"	0.0808444303098123	348	1.25238957810186
"rs1458063"	0.0808723298377512	348	1.53320632563843
"rs1704834"	0.0809082596676836	348	1.38994678192311
"rs1705356"	0.0809082596676836	348	1.38994678192311
"rs2052963"	0.0809108400744607	348	1.35493116942435
"rs1637639"	0.0809117517244604	348	1.43905608046336
"rs1637713"	0.0809117517244604	348	1.43905608046336
"rs421707"	0.0809248119335907	348	1.3827390016564
"rs1150662"	0.0809249567701366	348	0.748097467597226
"rs1364835"	0.0810001565349079	348	1.29196032915098
"rs1978729"	0.0810299299049089	348	0.601850071880084
"rs1110673"	0.081039677389382	348	1.50642923372853
"rs1945570"	0.0811224756042089	348	0.634456901143775
"rs1945573"	0.0811224756042089	348	0.634456901143775
"rs1874739"	0.081237839249528	348	0.579423696712377
"rs1874859"	0.081237839249528	348	0.579423696712377
"rs734683"	0.0812420867736107	348	0.707859189696654
"rs335463"	0.0812695176278961	348	0.728812464586727
"rs622247"	0.0813106605632065	348	1.19966635505992
"rs933040"	0.0814566900527645	348	0.633811868985361
"rs1119749"	0.0815419717967347	348	0.704875975111094
"rs933886"	0.0815686296663991	348	0.634001052645813
"rs464984"	0.0816224063378127	348	1.5156767129091
"rs1363987"	0.0816410891097963	348	1.29124900906902
"rs323804"	0.0816659567362834	348	1.17227251420857
"rs1778299"	0.0817137590225699	348	1.28069551398793
"rs1065098"	0.0817559988946967	348	0.699295753605358
"rs507749"	0.0818207894912551	348	1.52315802540337
"rs2166561"	0.0818391723499255	348	0.781184209191809
"rs319256"	0.081852264382508	348	0.406786883999207
"rs319165"	0.0818855950918351	348	0.407948848900288
"rs341547"	0.0818859076823057	348	0.627660505478949
"rs903476"	0.0819069682696603	348	1.42636188260394
"rs903509"	0.0819069682696603	348	1.42636188260394
"rs903582"	0.0819069682696603	348	1.42636188260394
"rs936283"	0.0819205886052401	348	0.672569807400552
"rs1070488"	0.0819365196321138	348	1.46571217089905
"rs295652"	0.0819420345842584	348	0.775232839677118
"rs324234"	0.0819688787061	348	0.000309593710727645
"rs83074"	0.0819853907797705	348	1.41113329588178
"rs1079611"	0.0819905350605831	348	0.579639421571533
"rs414337"	0.0819907013603925	348	1.19739827456656
"rs189148"	0.0820022327994929	348	1.52373236493624
"rs1716742"	0.082035040781138	348	1.43990800320245
"rs536366"	0.0820425046995744	348	1.44262054367686
"rs2009806"	0.0820536698672379	348	0.624203207130164
"rs1080695"	0.0820829909869733	348	2.06347797147871
"rs1082448"	0.0820829909869733	348	2.06347797147871
"rs1114418"	0.082110173129598	348	0.743857688276835
"rs1634603"	0.0821246735796379	348	1.50573868179037
"rs321354"	0.0821357235503394	348	1.54557012090013
"rs936199"	0.082257184140224	348	0.684232529409212
"rs1106397"	0.0822663763656244	348	0.720872165128588
"rs922162"	0.0822987297937021	348	0.546084396136366
"rs1365307"	0.0823097129666418	348	1.29045403930906
"rs1053793"	0.0823404232969382	348	0.588055767621075
"rs821913"	0.0823452975799002	348	1.27783120114188
"rs1134994"	0.0823955056993058	348	0.630145191201232
"rs1134956"	0.082395505699307	348	0.630145191201233
"rs409674"	0.0824060532317173	348	1.38504860978772
"rs409686"	0.0824060532317173	348	1.38504860978772
"rs409702"	0.0824060532317173	348	1.38504860978772
"rs409711"	0.0824060532317173	348	1.38504860978772
"rs1808644"	0.0824392099717736	348	1.43380118498426
"rs1937127"	0.0824455698350849	348	0.533731345375357
"rs1737919"	0.0824535649291723	348	1.25891135552096
"rs1799415"	0.0825121517615882	348	1.76657287480877
"rs117318"	0.0825239096893062	348	0.773230341957214
"rs934763"	0.0825368973919727	348	0.701136192293596
"rs934764"	0.0825368973919727	348	0.701136192293596
"rs934765"	0.0825368973919727	348	0.701136192293596
"rs934792"	0.0825368973919727	348	0.701136192293596
"rs101761"	0.0825394344603778	348	0.7393069724033
"rs304440"	0.0825487006881079	348	1.23078603387223
"rs2016068"	0.0825614719449014	348	1.77502654480405
"rs1068471"	0.0826841389259995	348	1.61632853184969
"rs1068472"	0.0826841389259995	348	1.61632853184969
"rs1068476"	0.0826841389259995	348	1.61632853184969
"rs1037534"	0.0827199755494826	348	0.443478259277903
"rs302151"	0.0827748452775371	348	1.32505592805671
"rs935035"	0.0828282763147032	348	0.701464943337482
"rs2035033"	0.0828726410226128	348	0.691347586069234
"rs2035063"	0.0828726410226128	348	0.691347586069234
"rs86257"	0.0829026167892303	348	1.3161399663525
"rs510327"	0.0829963932155468	348	1.28744095975879
"rs1408505"	0.0830054346508718	348	0.637522869199429
"rs448767"	0.0830647010278014	348	0.89483759054581
"rs2175873"	0.0830719874842319	348	0.797180140168782
"rs614750"	0.083086489594304	348	0.671552527759399
"rs614753"	0.083086489594304	348	0.671552527759399
"rs614759"	0.083086489594304	348	0.671552527759399
"rs354409"	0.0831129308697058	348	1.20120629101338
"rs133790"	0.0831189573560033	348	1.38168074753581
"rs2160639"	0.0831856200792203	348	1.23034889272094
"rs1634458"	0.0832064490556568	348	1.35778777133016
"rs226274"	0.0832102757017868	348	1.25758831437365
"rs922978"	0.0832387596044046	348	1.45289236239496
"rs1626513"	0.0832443696390162	348	0.656433319592701
"rs1357616"	0.0832802279970354	348	0.369804497928022
"rs1357744"	0.0832802279970354	348	0.369804497928022
"rs2009811"	0.0832832577358401	348	0.622979251920756
"rs116449"	0.0832959589851817	348	0.834525958432525
"rs116631"	0.0833009682583303	348	0.846391680016923
"rs2221239"	0.0833053510584424	348	1.58459445816442
"rs1309233"	0.0833100424324236	348	0.77743472575153
"rs1696443"	0.0833848899674514	348	0.662082624721883
"rs806895"	0.0834039664320193	348	1.222214988126
"rs635143"	0.0834344132752665	348	0.599840791673695
"rs635224"	0.0834344132752665	348	0.599840791673695
"rs2133754"	0.0835006271935411	348	1.30125591781413
"rs621416"	0.0835149477478717	348	1.78093196364837
"rs2070318"	0.0835512713030458	348	1.4159997413127
"rs580377"	0.0836765866874229	348	1.38562342667377
"rs433508"	0.0837206790889557	348	1.28631507139149
"rs1120780"	0.0837583001131159	348	1.3969159758728
"rs576698"	0.0838173672966604	348	1.42129595438586
"rs320579"	0.0838947077691655	348	1.52508541626892
"rs1364005"	0.0839280718253813	348	1.2907380043935
"rs1734165"	0.0839800253993975	348	1.18577282774345
"rs2093098"	0.0840280513669441	348	1.19022904393215
"rs321472"	0.0840287749303409	348	1.42897304915782
"rs321476"	0.0840287749303409	348	1.42897304915782
"rs620276"	0.0840354232696021	348	0.68879317244734
"rs994841"	0.0840857978677242	348	0.623067115027115
"rs1362606"	0.0840882641333105	348	1.48669770931964
"rs1362619"	0.0840882641333105	348	1.48669770931964
"rs855119"	0.0840897775711955	348	1.56957589936137
"rs1136390"	0.0841182880307133	348	0.652323267952823
"rs1136389"	0.0841182880307249	348	0.652323267952834
"rs1136392"	0.0841182880307249	348	0.652323267952834
"rs1136395"	0.0841182880307249	348	0.652323267952834
"rs1136396"	0.0841182880307249	348	0.652323267952834
"rs1136407"	0.0841182880307249	348	0.652323267952834
"rs1136409"	0.0841182880307249	348	0.652323267952834
"rs1136414"	0.0841182880307249	348	0.652323267952834
"rs1703220"	0.0841327830018612	348	1.4000234049962
"rs1164824"	0.0841422178644104	348	0.801279519425837
"rs1164833"	0.0841422178644104	348	0.801279519425837
"rs1164851"	0.0841422178644104	348	0.801279519425837
"rs1164845"	0.0841422178644138	348	0.801279519425837
"rs1164848"	0.0841422178644138	348	0.801279519425837
"rs159041"	0.0841549969614022	348	0.764040255869979
"rs233145"	0.0841736392914449	348	0.711608009939867
"rs2093357"	0.0842155282236155	348	1.23981632477025
"rs931313"	0.0842389741910984	348	0.635911040153236
"rs268147"	0.0842779919921876	348	1.51494454172033
"rs2102656"	0.0842923299807267	348	0.74390536004896
"rs1533100"	0.0843127913608531	348	1.12175732160735
"rs1515599"	0.0843366251137665	348	1.19875634761042
"rs295563"	0.084352116026672	348	1.37406771853352
"rs403253"	0.084358727195682	348	0.698756327209119
"rs2008968"	0.0843598744535712	348	0.690202186275069
"rs2008971"	0.0843598744535712	348	0.690202186275069
"rs2008973"	0.0843598744535712	348	0.690202186275069
"rs2008974"	0.0843598744535712	348	0.690202186275069
"rs929979"	0.084390600672222	348	0.636035856065979
"rs930045"	0.084390600672222	348	0.636035856065979
"rs932254"	0.084390600672222	348	0.636035856065979
"rs932416"	0.084390600672222	348	0.636035856065979
"rs932589"	0.084390600672222	348	0.636035856065979
"rs933690"	0.084390600672222	348	0.636035856065979
"rs935853"	0.084390600672222	348	0.636035856065979
"rs226518"	0.0843910342767145	348	1.14533680083028
"rs254474"	0.0844302023465085	348	0.927186303791287
"rs149731"	0.0844421644560747	348	0.767910366147859
"rs930889"	0.0844733465749933	348	0.635966224311767
"rs930984"	0.0844733465749933	348	0.635966224311767
"rs932548"	0.0844733465749933	348	0.635966224311767
"rs932665"	0.0844733465749933	348	0.635966224311767
"rs933565"	0.0844733465749933	348	0.635966224311767
"rs934116"	0.0844733465749933	348	0.635966224311767
"rs934935"	0.084507503156193	348	0.702506559218781
"rs44085"	0.08452306123826	348	0.647030977008654
"rs44088"	0.08452306123826	348	0.647030977008654
"rs928684"	0.084539721870357	348	0.789895243444823
"rs1482231"	0.084692286635061	348	1.47432859957375
"rs1616815"	0.0847038553828945	348	0.779652571671599
"rs149715"	0.0847375125314001	348	0.768206744538645
"rs1342965"	0.0847692710048381	348	0.752850828196446
"rs841684"	0.0847930064695707	348	0.749022894146279
"rs705208"	0.0847965200717013	348	1.38905522739881
"rs932072"	0.0847994153133042	348	0.634946205379192
"rs930938"	0.084804652371444	348	0.636393009655503
"rs1365514"	0.0848729001786314	348	1.28764252416574
"rs1403123"	0.0850158352994812	348	1.30640236858041
"rs149739"	0.0850400878040386	348	0.768510430291534
"rs149742"	0.0850400878040386	348	0.768510430291534
"rs365614"	0.0850413973075672	348	0.674458079879512
"rs492482"	0.0850659039978926	348	0.744408133853892
"rs282358"	0.0850691057975856	348	0.716919313465503
"rs1073623"	0.0850954827138717	348	1.63713552108207
"rs2170718"	0.0851172220787507	348	1.20645213830751
"rs596985"	0.0851236954859146	348	1.10327387316878
"rs1394824"	0.0851837099261546	348	0.494949642751254
"rs1472933"	0.0851879505712597	348	1.5643191418436
"rs1941716"	0.0852685518372079	348	0.71740414995265
"rs566256"	0.0852825687500839	348	1.11744274194248
"rs1926535"	0.0852903760655472	348	1.35538721579621
"rs634942"	0.0853032021155911	348	1.39079492017881
"rs226694"	0.0853075488751492	348	1.167313684863
"rs127583"	0.085357019416039	348	0.770878402412278
"rs127592"	0.085357019416039	348	0.770878402412278
"rs933247"	0.0853888739116714	348	0.636816487587585
"rs997136"	0.0853941237331785	348	2.62500841437881
"rs117072"	0.085412628019743	348	0.8175727129644
"rs1132464"	0.0854155742328574	348	1.46535782490453
"rs1132658"	0.0854155742328574	348	1.46535782490453
"rs933978"	0.0854250683050206	348	0.636847492006634
"rs265309"	0.0854619077835079	348	0.622712158783534
"rs265310"	0.0854619077835079	348	0.622712158783534
"rs1703131"	0.0854622875478624	348	1.40277539349332
"rs613399"	0.0854665478294507	348	0.57608068523994
"rs2131699"	0.0854778845950183	348	0.837642477146069
"rs337949"	0.0854880206855092	348	1.52277875534985
"rs777696"	0.0855072549726198	348	0.819941179087308
"rs1441723"	0.0855857924581503	348	0.611439949983732
"rs1441847"	0.0855857924581503	348	0.611439949983732
"rs253843"	0.0855914472125922	348	0.779035457097008
"rs934253"	0.0856611036516965	348	0.637307725815426
"rs149693"	0.0856662646973737	348	0.769139907000893
"rs933050"	0.0856845108184326	348	0.636907371315499
"rs1833908"	0.0856848482951552	348	0.379130517068727
"rs1709535"	0.0856997933325991	348	1.34209878173881
"rs1106451"	0.0857316263239288	348	0.714932019383252
"rs1106460"	0.0857316263239288	348	0.714932019383252
"rs1106474"	0.0857316263239288	348	0.714932019383252
"rs1085231"	0.0857329379168972	348	1.3757669581609
"rs1085234"	0.0857329379168972	348	1.3757669581609
"rs1085189"	0.0857329379169027	348	1.37576695816089
"rs1085249"	0.0857329379169044	348	1.3757669581609
"rs1085258"	0.0857329379169044	348	1.3757669581609
"rs1085261"	0.0857329379169044	348	1.3757669581609
"rs1085264"	0.0857329379169044	348	1.3757669581609
"rs1085270"	0.0857329379169044	348	1.3757669581609
"rs88182"	0.0857640557605641	348	1.50755833799789
"rs88302"	0.0857640557605641	348	1.50755833799789
"rs428164"	0.0858105212842457	348	0.477154921361877
"rs596919"	0.0858273766542057	348	0.851944056456072
"rs1164854"	0.0858489122665095	348	0.792966269882473
"rs1113944"	0.0858594118732739	348	0.727051488245496
"rs190087"	0.0858628366048196	348	0.687623803454486
"rs65050"	0.0858790868245913	348	0.928111242495286
"rs282568"	0.0858982687815201	348	1.26911524880375
"rs791814"	0.0859075171492653	348	1.30798459667808
"rs725277"	0.0859404161085552	348	1.26604711245006
"rs294460"	0.0859748062229986	348	1.1083693149036
"rs931718"	0.0860403313821038	348	0.614490105431841
"rs932486"	0.0860403313821038	348	0.614490105431841
"rs933163"	0.0860403313821038	348	0.614490105431841
"rs222466"	0.0860434584623612	348	0.64285655166072
"rs1113914"	0.0861820924893453	348	0.732405096134151
"rs906104"	0.0861959641892418	348	1.58323016161522
"rs835279"	0.0862108486251939	348	0.618084198385259
"rs261979"	0.0862119841432791	348	0.478316591483005
"rs1300143"	0.08621198414328	348	0.478316591483004
"rs1946884"	0.0862516067604601	348	0.615562815083168
"rs1565409"	0.0862987726406613	348	1.44398040764821
"rs1565411"	0.0862987726406613	348	1.44398040764821
"rs929243"	0.0862988178157711	348	0.710736917675876
"rs1156181"	0.0863011910967667	348	1.37195054811103
"rs1749477"	0.0863174867189036	348	1.3672707099942
"rs534463"	0.0863687856477982	348	0.633505865663931
"rs493198"	0.0864694831910252	348	1.53634336195088
"rs493232"	0.0864694831910252	348	1.53634336195088
"rs493291"	0.0864694831910252	348	1.53634336195088
"rs493298"	0.0864694831910252	348	1.53634336195088
"rs493305"	0.0864694831910252	348	1.53634336195088
"rs1326439"	0.0865118755193192	348	0.588859140187692
"rs1326442"	0.0865118755193192	348	0.588859140187692
"rs1364429"	0.0865198210117911	348	1.29743742370322
"rs2181623"	0.0865237554205007	348	1.2678918349132
"rs932232"	0.0865465285623046	348	0.637416325041841
"rs932237"	0.0865465285623046	348	0.637416325041841
"rs1886478"	0.0865560667790348	348	0.463482734906392
"rs1886804"	0.0865560667790348	348	0.463482734906392
"rs2170027"	0.0866345881890476	348	0.789091039203168
"rs1315835"	0.0866537777275538	348	1.71354428354208
"rs1964537"	0.086754848589788	348	0.843645635994073
"rs934213"	0.0867835963287559	348	0.638266287255627
"rs1842423"	0.0868064229097337	348	1.33440467152311
"rs1973065"	0.0868543183185677	348	1.34535969762504
"rs1719718"	0.0868612978925212	348	1.36092965748547
"rs1770724"	0.0869809413101341	348	1.34891018704598
"rs426031"	0.0869835594897954	348	0.636245891986402
"rs1737347"	0.0870011196057429	348	0.685781665282384
"rs1964518"	0.0870051437509571	348	0.683594227703502
"rs2147022"	0.0870426913019117	348	0.756395066963563
"rs279214"	0.0870710516071874	348	0.714659779633285
"rs127590"	0.087101710678538	348	0.796926575757995
"rs423033"	0.0871133657792067	348	1.49598192618297
"rs423084"	0.0871133657792067	348	1.49598192618297
"rs1053819"	0.0871342432761549	348	0.59215771407011
"rs2000833"	0.0871384062509589	348	0.700821780166996
"rs1139312"	0.0871406232375079	348	1.58831587877247
"rs1139318"	0.0871406232375079	348	1.58831587877247
"rs855125"	0.0871753132559666	348	1.51192133174673
"rs935295"	0.0872040326211373	348	0.638894840072075
"rs1365160"	0.0872348513595474	348	1.27019236268831
"rs545722"	0.087238573779302	348	1.31460798627
"rs1114066"	0.0872925061079811	348	0.730115645665899
"rs1123549"	0.0873988031608495	348	0.643983212493975
"rs1964533"	0.0874177614876326	348	0.683282344858429
"rs899936"	0.0874337284188332	348	1.52046515215611
"rs428133"	0.0874362557073092	348	0.481133418511652
"rs566877"	0.0874526799555482	348	1.32078198415946
"rs492839"	0.0874546339319388	348	1.56942786490643
"rs1451566"	0.0874833475754371	348	0.686107071746644
"rs1451639"	0.0874833475754371	348	0.686107071746644
"rs392183"	0.0874933091234673	348	0.750776083575442
"rs1600835"	0.0875517901651705	348	1.41333092902914
"rs1128505"	0.0876056608293853	348	1.31941401753816
"rs87960"	0.0876459706125429	348	0.724401182566586
"rs1778301"	0.0876727702632959	348	1.33666088987855
"rs1397859"	0.0877139813949463	348	1.13744007134065
"rs1357607"	0.0877298685886647	348	0.375239586591983
"rs189272"	0.0877982848877301	348	1.5034842834235
"rs2148709"	0.0878076797218619	348	1.22176232473241
"rs2148712"	0.0878076797218619	348	1.22176232473241
"rs1806683"	0.0878814155075587	348	0.699290065745976
"rs941318"	0.087885210519429	348	1.14655714083243
"rs934837"	0.0878874547861537	348	0.704740318064832
"rs579420"	0.0879047150657748	348	0.666291567009966
"rs579424"	0.0879047150657748	348	0.666291567009966
"rs1164459"	0.0879099659750031	348	0.540852800069107
"rs1164462"	0.0879099659750031	348	0.540852800069107
"rs1055810"	0.0879621536554366	348	1.30016176732705
"rs1964428"	0.0880023579617428	348	0.654785960983391
"rs235847"	0.0880676435576625	348	1.35049533595484
"rs775736"	0.0881123847064071	348	0.813992691360884
"rs904467"	0.0881424595158984	348	1.41533074378111
"rs1053920"	0.0881594688792547	348	0.592881419491357
"rs1342847"	0.0881842575167793	348	1.4657088734184
"rs1715946"	0.088214890822749	348	1.38600118647015
"rs1716010"	0.088214890822749	348	1.38600118647015
"rs133233"	0.0882276491239683	348	0.74949460335946
"rs114630"	0.0882421798179184	348	1.22319922140535
"rs929508"	0.0882538694070483	348	0.640558127387108
"rs1630701"	0.0882999250106055	348	0.738886751202024
"rs1162431"	0.088321009872797	348	1.37483529210301
"rs1618322"	0.0883774241605534	348	0.544479603717172
"rs1618226"	0.0883774241605565	348	0.544479603717174
"rs1618299"	0.0883774241605565	348	0.544479603717174
"rs2053912"	0.0884160508433312	348	1.33750907922551
"rs305346"	0.0884348133074073	348	1.41144993857475
"rs2189619"	0.0884479274584837	348	0.522651316863733
"rs68348"	0.0885139939242102	348	0.706092754114056
"rs68351"	0.0885139939242102	348	0.706092754114056
"rs68357"	0.0885139939242102	348	0.706092754114056
"rs68366"	0.0885139939242102	348	0.706092754114056
"rs563755"	0.0885205706115725	348	1.22061267743886
"rs1543015"	0.0885281728080916	348	0.696405686959068
"rs133778"	0.0885527606772811	348	1.30292044016961
"rs1104034"	0.0885586867931041	348	0.779268534118923
"rs1153012"	0.0885811036362694	348	1.31872236179807
"rs1153015"	0.0885811036362694	348	1.31872236179807
"rs1153045"	0.0885811036362694	348	1.31872236179807
"rs1153051"	0.0885811036362694	348	1.31872236179807
"rs496400"	0.0886245900768815	348	0.777730693041379
"rs1391293"	0.0886947052406992	348	1.47594142634848
"rs355755"	0.0887286889012667	348	0.864060908919697
"rs2071857"	0.0887500660873819	348	1.48248161622912
"rs1599119"	0.0887538777093977	348	1.52473191792073
"rs1599134"	0.0887538777093977	348	1.52473191792073
"rs1117395"	0.0887548861644356	348	1.44687113844676
"rs890306"	0.0888721614730957	348	0.89571899000162
"rs2140777"	0.0889595526300031	348	1.3624064237364
"rs845602"	0.0889659195367848	348	0.736012410571834
"rs294415"	0.0890546779786346	348	0.925127535781169
"rs1104365"	0.0890846535577909	348	1.44270824548665
"rs261850"	0.0890946830652924	348	1.27849711748676
"rs2170920"	0.0891457174409751	348	0.839792291316413
"rs1720465"	0.0891548582736547	348	1.39036617839107
"rs565995"	0.0891551522816248	348	1.28978430019112
"rs305343"	0.0891868313605794	348	1.52662638286371
"rs1705701"	0.0892203593760149	348	1.34393564093762
"rs1705704"	0.0892203593760149	348	1.34393564093762
"rs534972"	0.0892574134944742	348	1.33387312015967
"rs1114046"	0.0892953000428817	348	1.270660918374
"rs933526"	0.089304076800328	348	0.639024162153646
"rs1770667"	0.0893060542189713	348	1.34499721209036
"rs1770673"	0.0893060542189713	348	1.34499721209036
"rs1770676"	0.0893060542189713	348	1.34499721209036
"rs1770688"	0.0893060542189713	348	1.34499721209036
"rs1770691"	0.0893060542189713	348	1.34499721209036
"rs1770694"	0.0893060542189713	348	1.34499721209036
"rs1770697"	0.0893060542189713	348	1.34499721209036
"rs1770700"	0.0893060542189713	348	1.34499721209036
"rs1770708"	0.0893060542189713	348	1.34499721209036
"rs1770715"	0.0893060542189713	348	1.34499721209036
"rs1770718"	0.0893060542189713	348	1.34499721209036
"rs1770721"	0.0893060542189713	348	1.34499721209036
"rs1770727"	0.0893060542189713	348	1.34499721209036
"rs1770731"	0.0893060542189713	348	1.34499721209036
"rs308399"	0.0893172776340232	348	0.840974084475731
"rs451431"	0.089364008932222	348	0.611680246976306
"rs1635289"	0.08936639440228	348	0.646243458676253
"rs2090145"	0.0894430018864824	348	0.477895884990803
"rs932805"	0.0894911399296811	348	0.640012991280164
"rs929787"	0.0895006616946989	348	0.640813761638232
"rs930324"	0.0895006616946989	348	0.640813761638232
"rs930497"	0.0895006616946989	348	0.640813761638232
"rs930933"	0.0895006616946989	348	0.640813761638232
"rs932314"	0.0895006616946989	348	0.640813761638232
"rs21842"	0.0895424275602729	348	0.822904630677467
"rs1114604"	0.0895721357426884	348	0.763279296799411
"rs488272"	0.0896219282241463	348	1.85565983833476
"rs791269"	0.0896269000324263	348	0.864049905177871
"rs573269"	0.0896351187580171	348	0.807230889397554
"rs1738070"	0.0896821727143677	348	1.32000020692511
"rs371454"	0.08973721625828	348	0.713106215791851
"rs1600061"	0.0897531858054794	348	1.4054368751351
"rs1600067"	0.0897531858054794	348	1.4054368751351
"rs1600070"	0.0897531858054794	348	1.4054368751351
"rs1600079"	0.0897531858054794	348	1.4054368751351
"rs1663390"	0.0897767043516677	348	1.38694153374654
"rs2118238"	0.0897862850443578	348	0.745633375972967
"rs655588"	0.0897870579800518	348	1.46010429446339
"rs211151"	0.089809389080068	348	1.31998824141417
"rs1321152"	0.0898225469230738	348	0.751024931383485
"rs1321161"	0.0898225469230761	348	0.751024931383482
"rs930887"	0.0898352005629177	348	0.640981080196753
"rs931377"	0.0898352005629177	348	0.640981080196753
"rs1115437"	0.0898751112105942	348	0.750854165532786
"rs2110633"	0.0898782718860281	348	0.865026875139839
"rs1351615"	0.0899435263780144	348	0.686896899407089
"rs433655"	0.0899472471573632	348	1.36256574644842
"rs116587"	0.0899477031911964	348	0.851308629213462
"rs1707140"	0.0900024456523307	348	1.32509440032917
"rs2171037"	0.0901037187079393	348	0.608060887705441
"rs1357801"	0.0901321319559908	348	0.379444818340911
"rs133913"	0.0901674188915694	348	0.817360990535424
"rs1113620"	0.090172468900292	348	0.728391334966292
"rs1114496"	0.0901724689002935	348	0.728391334966285
"rs1114847"	0.0901724689002935	348	0.728391334966285
"rs1963392"	0.0902050314288937	348	1.18418164402385
"rs340523"	0.0902258841594475	348	1.36516546827816
"rs340526"	0.0902258841594475	348	1.36516546827816
"rs2028343"	0.0902355656172867	348	1.12904349000667
"rs545532"	0.0903168810120065	348	1.27314638176536
"rs411383"	0.0903596995836047	348	1.36832665647389
"rs1123534"	0.0903777783408352	348	0.691431109470397
"rs1085844"	0.0903927881340575	348	0.676282613225192
"rs1779390"	0.0904813135022584	348	0.76074229608961
"rs342392"	0.0904953346694891	348	0.700634078850011
"rs2133592"	0.0905150687253684	348	0.790842297872264
"rs2133595"	0.0905150687253684	348	0.790842297872264
"rs190561"	0.0905301044505176	348	0.598378784087795
"rs190657"	0.0905301044505176	348	0.598378784087795
"rs304365"	0.0905435242537852	348	0.0635642758444384
"rs1963400"	0.0905921808736497	348	1.22080373869485
"rs1766230"	0.0906149545155724	348	0.724331234668575
"rs1406511"	0.0906483523931827	348	0.791271311707253
"rs1164773"	0.0907145975292828	348	0.795108600271124
"rs1933723"	0.0907486125950048	348	0.700132655276198
"rs1790364"	0.0907635547786343	348	1.3673525853497
"rs189606"	0.0908454795288269	348	1.50070032188157
"rs245749"	0.0908777785636459	348	1.32265091651153
"rs226361"	0.0908830034500361	348	0.796599551770925
"rs2167981"	0.0909019776009397	348	0.744725357783364
"rs929880"	0.0909907923821193	348	0.642347061952518
"rs929892"	0.0909907923821193	348	0.642347061952518
"rs2218049"	0.0910235854480951	348	1.47425806440819
"rs2218073"	0.0910235854480951	348	1.47425806440819
"rs647947"	0.0910310236891199	348	1.24833667948432
"rs932410"	0.0910470667220292	348	0.646038804274972
"rs1337302"	0.0910931092180493	348	1.3755804216788
"rs1932315"	0.0911064704241203	348	0.751127250026635
"rs2175722"	0.0911292111262421	348	0.89090783670537
"rs1206560"	0.0911777262749959	348	0.816552423443612
"rs1205750"	0.0911835186765745	348	0.795107963744662
"rs1205751"	0.0911835186765745	348	0.795107963744662
"rs1391476"	0.0912417133869181	348	0.660443979491735
"rs1527071"	0.0912475540800899	348	0.484614341474505
"rs2009028"	0.0912475540800902	348	0.484614341474502
"rs990650"	0.0912635346289464	348	1.4248028000282
"rs277476"	0.0912695302317006	348	1.59299050189256
"rs1106376"	0.0912843745482842	348	0.71707179049244
"rs1818086"	0.0912991181973783	348	1.38614079886796
"rs493757"	0.0913053895369728	348	1.51661080768899
"rs2142604"	0.0913215293297435	348	1.33690751633227
"rs488219"	0.0913279840894649	348	1.85021506324694
"rs1614580"	0.0913342082687073	348	1.06972393951938
"rs2169985"	0.0913433610063819	348	0.798893671789466
"rs956755"	0.0913907895490957	348	1.52895705137195
"rs1154075"	0.091427833305139	348	0.752478025137848
"rs1154107"	0.091427833305139	348	0.752478025137848
"rs2141951"	0.0914872385119706	348	1.34138843046619
"rs594860"	0.0914919053756539	348	0.65123593388444
"rs266752"	0.0915002474493388	348	1.5464127027087
"rs653550"	0.0915834473699914	348	1.34629412563926
"rs121356"	0.0916117435319926	348	1.25459554691511
"rs1153072"	0.0916369970011357	348	1.31712884081692
"rs1635300"	0.0916451293248457	348	0.648196646887678
"rs1055804"	0.0917377281354721	348	1.30339078135932
"rs1006171"	0.0918751698891339	348	1.38398244833117
"rs1696996"	0.0919102212466775	348	0.533332728700219
"rs2145276"	0.0919508691574907	348	1.35278944394756
"rs2145291"	0.0919508691574907	348	1.35278944394756
"rs268206"	0.0920047557640251	348	0.726893216862689
"rs1164576"	0.0920086819916018	348	0.772369481314361
"rs1164573"	0.0920086819916184	348	0.772369481314366
"rs366812"	0.0920141598362194	348	0.725471765124523
"rs366814"	0.0920141598362194	348	0.725471765124523
"rs366815"	0.0920141598362194	348	0.725471765124523
"rs366818"	0.0920141598362194	348	0.725471765124523
"rs339968"	0.0920232371213858	348	1.35856422930727
"rs2136934"	0.0921340802468898	348	1.35251903488121
"rs2137194"	0.0921340802468898	348	1.35251903488121
"rs2137815"	0.0921340802468898	348	1.35251903488121
"rs2145059"	0.0921340802468898	348	1.35251903488121
"rs2145176"	0.0921340802468898	348	1.35251903488121
"rs2145284"	0.0921340802468898	348	1.35251903488121
"rs2145285"	0.0921340802468898	348	1.35251903488121
"rs1720814"	0.0921370988803201	348	1.3214496266981
"rs1721276"	0.0921370988803201	348	1.3214496266981
"rs831133"	0.092150776620386	348	0.571811929168451
"rs1752567"	0.0921984285687196	348	1.23414025681967
"rs1843304"	0.0922001418895525	348	1.35083156651614
"rs1403087"	0.0922223692945222	348	0.725935231574472
"rs1403089"	0.0922223692945222	348	0.725935231574472
"rs1403090"	0.0922223692945222	348	0.725935231574472
"rs464738"	0.09231563421486	348	1.635000717259
"rs324120"	0.0923183128735876	348	0.000236981624676826
"rs324240"	0.0923183128735876	348	0.000236981624676826
"rs1156148"	0.0923311262397768	348	1.36876350804645
"rs2020474"	0.0923497492904739	348	0.686478522226217
"rs2020490"	0.0923497492904739	348	0.686478522226217
"rs68346"	0.092387135825476	348	0.710189803319453
"rs443435"	0.0924218013078026	348	0.378398685136017
"rs720047"	0.0924218013078026	348	0.378398685136017
"rs720373"	0.0924218013078026	348	0.378398685136017
"rs720856"	0.0924218013078026	348	0.378398685136017
"rs778468"	0.0924218013078026	348	0.378398685136017
"rs778513"	0.0924218013078026	348	0.378398685136017
"rs778543"	0.0924218013078026	348	0.378398685136017
"rs778558"	0.0924218013078026	348	0.378398685136017
"rs778561"	0.0924218013078026	348	0.378398685136017
"rs778624"	0.0924218013078026	348	0.378398685136017
"rs778628"	0.0924218013078026	348	0.378398685136017
"rs1402304"	0.0924218013078026	348	0.378398685136017
"rs1402345"	0.0924218013078026	348	0.378398685136017
"rs1402570"	0.0924218013078026	348	0.378398685136017
"rs1402693"	0.0924218013078026	348	0.378398685136017
"rs1402701"	0.0924218013078026	348	0.378398685136017
"rs1402775"	0.0924218013078026	348	0.378398685136017
"rs1402901"	0.0924218013078026	348	0.378398685136017
"rs1402904"	0.0924218013078026	348	0.378398685136017
"rs1402913"	0.0924218013078026	348	0.378398685136017
"rs1402970"	0.0924218013078026	348	0.378398685136017
"rs1403570"	0.0924218013078026	348	0.378398685136017
"rs1403909"	0.0924218013078026	348	0.378398685136017
"rs1557273"	0.0924218013078026	348	0.378398685136017
"rs1558059"	0.0924218013078026	348	0.378398685136017
"rs1558539"	0.0924218013078026	348	0.378398685136017
"rs1558561"	0.0924218013078026	348	0.378398685136017
"rs1558807"	0.0924218013078026	348	0.378398685136017
"rs1559000"	0.0924218013078026	348	0.378398685136017
"rs1601207"	0.0924218013078026	348	0.378398685136017
"rs1601673"	0.0924218013078026	348	0.378398685136017
"rs1601875"	0.0924218013078026	348	0.378398685136017
"rs1601937"	0.0924218013078026	348	0.378398685136017
"rs1601974"	0.0924218013078026	348	0.378398685136017
"rs1602060"	0.0924218013078026	348	0.378398685136017
"rs1602123"	0.0924218013078026	348	0.378398685136017
"rs1813769"	0.0924218013078026	348	0.378398685136017
"rs2037120"	0.0924218013078026	348	0.378398685136017
"rs2054485"	0.0924218013078026	348	0.378398685136017
"rs2054702"	0.0924218013078026	348	0.378398685136017
"rs2057138"	0.0924218013078026	348	0.378398685136017
"rs1598022"	0.0924218013078034	348	0.378398685136021
"rs997231"	0.0924218013078039	348	2.642715313983
"rs910083"	0.0924218013078096	348	0.378398685136026
"rs1138960"	0.092421801307812	348	2.64271531398299
"rs1139068"	0.092421801307812	348	2.64271531398299
"rs1139174"	0.092421801307812	348	2.64271531398299
"rs1139189"	0.092421801307812	348	2.64271531398299
"rs1139420"	0.092421801307812	348	2.64271531398299
"rs1139438"	0.092421801307812	348	2.64271531398299
"rs1139510"	0.092421801307812	348	2.64271531398299
"rs1139582"	0.092421801307812	348	2.64271531398299
"rs1139633"	0.092421801307812	348	2.64271531398299
"rs1139634"	0.092421801307812	348	2.64271531398299
"rs1139942"	0.092421801307812	348	2.64271531398299
"rs1139945"	0.092421801307812	348	2.64271531398299
"rs1139947"	0.092421801307812	348	2.64271531398299
"rs1083145"	0.0924442740020147	348	0.635784458733919
"rs2116768"	0.0924828596163353	348	0.794343265427152
"rs1734671"	0.0925594534778511	348	1.40331473392647
"rs581887"	0.0925989332488437	348	1.56331218670883
"rs2147561"	0.0926253678516975	348	0.740915464409842
"rs614671"	0.0926551800404118	348	1.40187859641191
"rs2176007"	0.0926628857703473	348	1.4294670009958
"rs2176026"	0.0926628857703473	348	1.4294670009958
"rs911129"	0.0926653479424061	348	0.386969147914117
"rs566578"	0.0927219616660934	348	1.26158719561652
"rs566583"	0.0927219616660934	348	1.26158719561652
"rs1609154"	0.0927272235871681	348	0.732407391972745
"rs133920"	0.0927649683828217	348	0.813001215034155
"rs1532129"	0.0927979016002262	348	1.33415913020916
"rs163239"	0.0928885776522059	348	0.777098017752668
"rs1773464"	0.0929153543228892	348	1.58335256493486
"rs323874"	0.0929673304927214	348	0.0142544153240318
"rs929886"	0.0929885647554209	348	0.64342008482817
"rs932650"	0.0929885647554209	348	0.64342008482817
"rs933970"	0.0929885647554209	348	0.64342008482817
"rs935782"	0.0929885647554209	348	0.64342008482817
"rs863678"	0.092999977767337	348	1.145410187368
"rs932684"	0.0930126418819915	348	0.643816389419929
"rs934418"	0.0930126418819915	348	0.643816389419929
"rs935367"	0.0930126418819915	348	0.643816389419929
"rs1616755"	0.0930281735209442	348	0.771048080749148
"rs620245"	0.0930757093864436	348	0.684190906039245
"rs620247"	0.0930757093864436	348	0.684190906039245
"rs620248"	0.0930757093864436	348	0.684190906039245
"rs428129"	0.0931150636693444	348	0.485649280547052
"rs933202"	0.0931424470679658	348	0.644091093170682
"rs2093209"	0.0931583801947256	348	1.23249909218927
"rs2008089"	0.0932102637442864	348	1.45418916340349
"rs577065"	0.0932749465656038	348	1.42722945698718
"rs577108"	0.0932749465656038	348	1.42722945698718
"rs181075"	0.0932889763562567	348	1.27665031676348
"rs181076"	0.0932889763562567	348	1.27665031676348
"rs1663399"	0.0932913379193319	348	1.36061938075483
"rs963356"	0.0932919647816685	348	1.31237865035119
"rs1797942"	0.0933385405394154	348	0.528963253453769
"rs2169824"	0.093462127827887	348	0.853196275518253
"rs930522"	0.0935152875839552	348	0.643687488645399
"rs930977"	0.0935152875839552	348	0.643687488645399
"rs932299"	0.0935152875839552	348	0.643687488645399
"rs932977"	0.0935152875839552	348	0.643687488645399
"rs933589"	0.0935152875839552	348	0.643687488645399
"rs225068"	0.0935252407042872	348	1.28661130780686
"rs1069013"	0.0935961378200317	348	1.50285123438968
"rs2082070"	0.0936778596595248	348	1.07937902045466
"rs1887776"	0.0937445789629177	348	1.33901891401039
"rs1488704"	0.0938537561104825	348	1.10463035274568
"rs116456"	0.0938963834390271	348	0.844440871046504
"rs2064839"	0.0939214666757204	348	0.764228584855712
"rs2182719"	0.0939395646886669	348	0.778989937615942
"rs797570"	0.0939541461960144	348	1.2561270748957
"rs2014949"	0.0940433913263341	348	1.40326663089604
"rs181091"	0.0941025143522373	348	1.19425585568112
"rs1672079"	0.0941393347195679	348	0.54895503684994
"rs135053"	0.0941605250934185	348	1.33822623247329
"rs115691"	0.0941670779272668	348	0.829082516596561
"rs932023"	0.0941689557108234	348	1.47794724630282
"rs2156142"	0.0942285446224131	348	1.66283753321788
"rs2156143"	0.0942285446224131	348	1.66283753321788
"rs2155739"	0.0942285446224198	348	1.66283753321787
"rs732189"	0.0942442992036041	348	0.607993726573371
"rs1415854"	0.0942579102922418	348	1.39253532344747
"rs578944"	0.0942670138683717	348	0.694863145894543
"rs1331051"	0.0942949452654769	348	1.38932904909972
"rs656554"	0.0943049000873496	348	1.4258609141944
"rs622158"	0.0943085936710749	348	1.26359571140661
"rs933263"	0.0943569468139137	348	0.642302964538037
"rs933306"	0.0943569468139137	348	0.642302964538037
"rs1614331"	0.0943680304792227	348	1.65535843172534
"rs1143327"	0.0943691861577635	348	1.50135370039443
"rs604075"	0.0944125535183528	348	1.43676421488843
"rs777144"	0.094549269710179	348	0.782287994655809
"rs2117473"	0.0945811035841985	348	1.3059510366156
"rs944600"	0.094635146308033	348	0.754407885325721
"rs944601"	0.094635146308033	348	0.754407885325721
"rs295244"	0.0946357412738555	348	1.35672935465934
"rs473271"	0.0946448465840303	348	1.13301647045292
"rs854256"	0.0946535098077582	348	0.697867309695251
"rs613216"	0.0946571649661152	348	1.31603973943731
"rs1156132"	0.0946786316843168	348	1.37510783354651
"rs930417"	0.0947777773046	348	0.645166277126002
"rs932775"	0.0947777773046	348	0.645166277126002
"rs932950"	0.0948162823649991	348	0.645185433105607
"rs276078"	0.0948321911875396	348	0.767839490544822
"rs1053756"	0.0948619385823487	348	0.581172482200934
"rs667266"	0.0948624543456058	348	1.29647211673753
"rs1117185"	0.0949049786103144	348	1.45815262335093
"rs475875"	0.0949402996195968	348	1.34899921940749
"rs1847841"	0.0949425550306831	348	0.60053355313991
"rs411543"	0.0949682497862251	348	0.672208991376427
"rs1515095"	0.0950253142732865	348	0.859941878702271
"rs1545787"	0.095052984732477	348	0.661031193596644
"rs1127289"	0.0950783484728385	348	1.51251327922556
"rs1127296"	0.0950783484728385	348	1.51251327922556
"rs1127317"	0.0950783484728385	348	1.51251327922556
"rs1127318"	0.0950783484728385	348	1.51251327922556
"rs1127336"	0.0950783484728385	348	1.51251327922556
"rs1127347"	0.0950783484728385	348	1.51251327922556
"rs1127350"	0.0950783484728385	348	1.51251327922556
"rs932711"	0.0950935623767999	348	0.644946558319409
"rs934372"	0.0951053346453206	348	0.645290539732316
"rs1876225"	0.0951118719585585	348	0.695902200207277
"rs935812"	0.0951153093585808	348	0.645297320728346
"rs930882"	0.0951461915358675	348	0.64531807492384
"rs839096"	0.0951496776497573	348	0.641425765861556
"rs839102"	0.0951496776497573	348	0.641425765861556
"rs2146626"	0.0951839134445627	348	0.747769086140865
"rs1637782"	0.0951862596769043	348	1.44004609558703
"rs2169915"	0.0952315509587471	348	0.10192379649757
"rs929914"	0.0952775759016059	348	0.645977324903675
"rs2055391"	0.0953240627336277	348	1.304270541173
"rs1038470"	0.0953754534816159	348	0.525032998178934
"rs1402300"	0.0954372258254513	348	0.381835954251089
"rs2056091"	0.0955900209394399	348	0.442935850868621
"rs2056092"	0.0955900209394399	348	0.442935850868621
"rs2056093"	0.0955900209394399	348	0.442935850868621
"rs509947"	0.095655859962966	348	1.25389079087539
"rs1712819"	0.0956561335884137	348	1.34923062594073
"rs636769"	0.0956836285572148	348	0.729385591475037
"rs636823"	0.0956836285572148	348	0.729385591475037
"rs2117414"	0.0957123642583834	348	1.32407958505569
"rs319234"	0.0957696846555629	348	2.16424568032472
"rs319255"	0.0957696846555629	348	2.16424568032472
"rs644610"	0.0957980351975665	348	1.59210036758422
"rs959329"	0.0958024540193414	348	0.678134842110144
"rs2114545"	0.0958117365832892	348	0.550236833458923
"rs328795"	0.0958238268939592	348	1.53198481584871
"rs1711573"	0.0958438058435549	348	1.65314129692344
"rs2158916"	0.0958630133326527	348	1.14464324302206
"rs2158918"	0.0958630133326527	348	1.14464324302206
"rs1598993"	0.095874170405827	348	1.54562213654781
"rs419960"	0.0959030505997919	348	1.41910554005024
"rs720529"	0.0959030807286693	348	1.65626636639595
"rs433629"	0.0959490927032681	348	1.36986492920721
"rs2053371"	0.0960056514410759	348	1.40293380910813
"rs2053182"	0.0960056514410897	348	1.40293380910812
"rs934073"	0.0960115740283731	348	0.645953330109394
"rs934197"	0.0960115740283731	348	0.645953330109394
"rs934327"	0.0960115740283731	348	0.645953330109394
"rs935293"	0.0960115740283731	348	0.645953330109394
"rs934425"	0.0961007895841617	348	0.646589836352394
"rs932436"	0.0961236937344629	348	0.646324029638232
"rs934234"	0.0961236937344629	348	0.646324029638232
"rs934484"	0.0961236937344629	348	0.646324029638232
"rs647954"	0.0961477268261521	348	1.24653718783763
"rs1170920"	0.0961696160861688	348	1.1226020219109
"rs135050"	0.0961945100446489	348	1.34194672856439
"rs1128065"	0.0962647588067016	348	1.87728327340965
"rs715232"	0.0962931678014909	348	0.745651995422361
"rs409509"	0.0962986007579826	348	1.35662401516423
"rs409512"	0.0962986007579826	348	1.35662401516423
"rs409515"	0.0962986007579826	348	1.35662401516423
"rs498393"	0.0963184303233739	348	1.26262419445467
"rs1130018"	0.0963287721645744	348	0.577966298753474
"rs1130025"	0.0963287721645744	348	0.577966298753474
"rs2089891"	0.0963371711899976	348	1.1387322072753
"rs937046"	0.0963431803731156	348	0.684604355348891
"rs1399928"	0.0963502557030448	348	0.551331030520072
"rs1294044"	0.096365787837514	348	1.36860462269758
"rs114758"	0.0963874436181574	348	1.21797825598776
"rs930884"	0.0964348474545969	348	0.646017639471546
"rs933461"	0.0964348474545969	348	0.646017639471546
"rs935323"	0.0964348474545969	348	0.646017639471546
"rs935895"	0.0964348474545969	348	0.646017639471546
"rs587"	0.0964612935464204	348	1.39091817785672
"rs1049344"	0.0964956140613586	348	0.718987053110886
"rs604922"	0.0965394797394499	348	1.51315772171181
"rs84920"	0.0965409970618418	348	0.820295078516013
"rs146143"	0.0965809764701369	348	0.813086608224575
"rs1106541"	0.0966059284152395	348	0.713831613246308
"rs1081586"	0.09663700958942	348	0.703133743010179
"rs934084"	0.0966701675038458	348	0.647164655747379
"rs934994"	0.0966920486045614	348	0.712526167685376
"rs592143"	0.0967084122175991	348	1.39596256622685
"rs88373"	0.0967141404957496	348	1.36132545857076
"rs1119291"	0.0967491758841978	348	1.29408807570841
"rs935741"	0.0967609122652654	348	0.647179437354616
"rs2009849"	0.0967629438477551	348	1.47212394261216
"rs928700"	0.0967852188828845	348	0.767484853156553
"rs1649016"	0.0967868416020097	348	0.769559398113735
"rs997193"	0.0967874653421391	348	2.57718460648223
"rs2006794"	0.0968063622330551	348	0.746959468383412
"rs2006796"	0.0968063622330551	348	0.746959468383412
"rs613174"	0.0968236922459331	348	0.754457848480414
"rs613176"	0.0968236922459331	348	0.754457848480414
"rs613178"	0.0968236922459331	348	0.754457848480414
"rs742286"	0.0968515054686115	348	1.30404025823507
"rs134079"	0.0968752274036722	348	0.864702334596678
"rs1719987"	0.0969111543360646	348	1.34089733028712
"rs1790952"	0.0969204547094058	348	1.35029256523385
"rs269071"	0.0969281340569444	348	0.763559000077696
"rs269077"	0.0969281340569444	348	0.763559000077696
"rs826278"	0.0969920515279052	348	0.596980855949949
"rs930024"	0.0970398871387567	348	0.646938719091896
"rs1444187"	0.0971187403792788	348	0.701282895356691
"rs1444199"	0.0971187403792788	348	0.701282895356691
"rs2214472"	0.0971463073369024	348	1.54967657284641
"rs1952411"	0.0971664655126534	348	0.568630391758634
"rs1992552"	0.097175221495205	348	1.2766549059344
"rs2009765"	0.0971950419015335	348	0.792778266933752
"rs256194"	0.0972343521550481	348	1.4801771084687
"rs2170087"	0.0972571620150289	348	0.782380611412851
"rs1064741"	0.0972684494239775	348	0.700794953576389
"rs1783540"	0.0972814752985329	348	0.661580769442501
"rs1783558"	0.0972814752985329	348	0.661580769442501
"rs1783573"	0.0972814752985329	348	0.661580769442501
"rs1783588"	0.0972814752985329	348	0.661580769442501
"rs1783637"	0.0972814752985329	348	0.661580769442501
"rs1515872"	0.0973375616918507	348	0.88456748190847
"rs622094"	0.0973775938726895	348	1.25969240085615
"rs1162428"	0.0974041807477145	348	0.769160359132684
"rs896484"	0.0974680900913133	348	0.782928821804856
"rs476978"	0.0974786462755016	348	1.47723107459576
"rs1105860"	0.097496956205135	348	0.740876400510121
"rs935799"	0.0975151509258328	348	0.647152782711487
"rs912311"	0.0975174995262903	348	0.708536292164234
"rs912320"	0.0975174995262903	348	0.708536292164234
"rs488872"	0.0975377371647953	348	0.556608232749148
"rs1944602"	0.0975407020277189	348	0.704258245145715
"rs1944584"	0.0975407020277211	348	0.704258245145714
"rs2008413"	0.0975585466710387	348	1.21615208019495
"rs1712989"	0.0976047442406586	348	1.35172015815241
"rs735680"	0.0976513169002667	348	0.527235700825406
"rs617098"	0.0976882660084804	348	0.711938557907947
"rs1625047"	0.0978107239414678	348	0.633215988972156
"rs166898"	0.0978119049271555	348	1.70191197049722
"rs1856305"	0.0978344537220004	348	1.57704848595765
"rs718853"	0.09784738906321	348	0.69849972733213
"rs718865"	0.09784738906321	348	0.69849972733213
"rs718866"	0.09784738906321	348	0.69849972733213
"rs718874"	0.09784738906321	348	0.69849972733213
"rs718880"	0.09784738906321	348	0.69849972733213
"rs718885"	0.09784738906321	348	0.69849972733213
"rs718889"	0.09784738906321	348	0.69849972733213
"rs718898"	0.09784738906321	348	0.69849972733213
"rs718868"	0.0978473890632335	348	0.698499727332135
"rs2110676"	0.097867843532576	348	0.864082231634399
"rs693093"	0.0979375117492154	348	1.43774156788822
"rs167596"	0.0979518337930088	348	0.690926646161442
"rs848693"	0.097956764620301	348	0.716038599437999
"rs1710803"	0.0979861608177997	348	1.34323568704398
"rs1710805"	0.0979861608177997	348	1.34323568704398
"rs1710806"	0.0979861608177997	348	1.34323568704398
"rs269062"	0.098008166950218	348	0.76992798240458
"rs1690589"	0.0980739816984803	348	1.24939476266514
"rs1598169"	0.098118326378597	348	1.54204753792009
"rs1599085"	0.098118326378597	348	1.54204753792009
"rs1599239"	0.098118326378597	348	1.54204753792009
"rs1600699"	0.098118326378597	348	1.54204753792009
"rs1597794"	0.098118326378598	348	1.54204753792009
"rs1597829"	0.098118326378598	348	1.54204753792009
"rs1597953"	0.098118326378598	348	1.54204753792009
"rs1598004"	0.098118326378598	348	1.54204753792009
"rs1705107"	0.0981283446581007	348	1.35545262265148
"rs464834"	0.0981337573839666	348	1.48284754885175
"rs933750"	0.0982439167233343	348	0.645474949809664
"rs2093270"	0.0982634251738849	348	1.2288741026235
"rs743627"	0.0983528605739894	348	0.612610163975868
"rs114725"	0.0983646196433288	348	1.21456010186539
"rs1154011"	0.0983889094728552	348	1.30428367612337
"rs1055497"	0.0984658560626682	348	1.72806005414
"rs1286030"	0.098479488414002	348	0.705585153066462
"rs1643546"	0.098499558638969	348	0.720780515033368
"rs155112"	0.0985199376786525	348	0.770523880147139
"rs71378"	0.0985498775904814	348	1.42353761674308
"rs2071400"	0.098557963590983	348	0.604115295973416
"rs2071532"	0.098557963590983	348	0.604115295973416
"rs1848285"	0.0986002907263367	348	2.54766270076478
"rs1593805"	0.0986002907263389	348	0.392516638760621
"rs1672951"	0.0986036015021081	348	0.70974286472669
"rs2146998"	0.0986247662983574	348	1.25681408793438
"rs962571"	0.0986256413004334	348	1.39591449791019
"rs2214464"	0.0986563181911257	348	1.56009554550435
"rs250592"	0.0987024694502424	348	1.3565633766683
"rs854442"	0.0987336637041898	348	0.762577372055653
"rs613441"	0.0987535137839792	348	0.676355646798211
"rs2169923"	0.0988890773588847	348	0.802016164370782
"rs82986"	0.0988958450997743	348	1.32604957201852
"rs145531"	0.0989034959366074	348	1.2763141380106
"rs145532"	0.0989034959366074	348	1.2763141380106
"rs145549"	0.0989034959366074	348	1.2763141380106
"rs931433"	0.0989552182863194	348	0.648071470347742
"rs932384"	0.0989552182863194	348	0.648071470347742
"rs932514"	0.0989552182863194	348	0.648071470347742
"rs932880"	0.0989552182863194	348	0.648071470347742
"rs935844"	0.0989552182863194	348	0.648071470347742
"rs931342"	0.09895521828632	348	0.648071470347743
"rs935320"	0.09895521828632	348	0.648071470347743
"rs935257"	0.0989552182863203	348	0.648071470347742
"rs935750"	0.0989552182863203	348	0.648071470347742
"rs931376"	0.0989552182863218	348	0.648071470347742
"rs929556"	0.0989552182863227	348	0.648071470347743
"rs930369"	0.0989552182863227	348	0.648071470347743
"rs932776"	0.0989552182863253	348	0.648071470347743
"rs933451"	0.0989552182863253	348	0.648071470347743
"rs933607"	0.0989552182863253	348	0.648071470347743
"rs1128056"	0.0990545689824991	348	1.85642469419925
"rs1399301"	0.0990734585000741	348	0.526366923001605
"rs1399313"	0.0990734585000741	348	0.526366923001605
"rs1904173"	0.0990986717819755	348	0.64118560550606
"rs1663568"	0.0991330625207847	348	1.36370076324152
"rs1404688"	0.0991695959385377	348	0.390557143961975
"rs2058859"	0.0991795463665753	348	1.61865678521041
"rs320773"	0.0992079193664168	348	1.55378497921701
"rs320983"	0.0992079193664168	348	1.55378497921701
"rs1133514"	0.0992571052509255	348	1.27715576335726
"rs321455"	0.09936208250657	348	1.48887782480141
"rs321663"	0.09936208250657	348	1.48887782480141
"rs321843"	0.09936208250657	348	1.48887782480141
"rs1964510"	0.0993764901428758	348	0.693924952873642
"rs933253"	0.0993941451783991	348	0.649743957927853
"rs934020"	0.0993941451783991	348	0.649743957927853
"rs1944043"	0.0994678888171976	348	1.62797369634201
"rs1113950"	0.0994716240031979	348	0.735370856663365
"rs929665"	0.0994936520448713	348	0.648868942165305
"rs1053736"	0.0995055147213334	348	0.585601788595744
"rs2120167"	0.0995989450733504	348	0.712521094743288
"rs2148646"	0.0996291270675925	348	1.3468064227244
"rs997179"	0.0996835762810199	348	2.57182501223757
"rs2089934"	0.0997009634163792	348	1.15792610246348
"rs742343"	0.0997259442571494	348	0.78902721091191
"rs933687"	0.09972771690838	348	0.647287323113915
"rs347028"	0.0997416623555035	348	0.774142160956379
"rs145789"	0.0997613996765798	348	1.16922046256599
"rs1331451"	0.0997702373308021	348	0.646704999787187
"rs294418"	0.0997953864466351	348	0.927903405801825
"rs1739688"	0.0998403424054694	348	1.21146590847937
"rs1357855"	0.0998406100162431	348	0.3850996710077
"rs264813"	0.0998709674482428	348	0.882354920238648
"rs1444742"	0.0998764356985791	348	0.653137996400397
"rs2044314"	0.0998863831746162	348	1.5141646081881
"rs456160"	0.0999018906015587	348	1.37497881517323
"rs1064987"	0.0999313185736396	348	0.731192791261789
"rs1051931"	0.100002952251913	348	1.36414247626932
"rs446943"	0.100017480940411	348	1.07439816348332
"rs189240"	0.100018106464442	348	1.48030716175249
"rs929764"	0.100100565102554	348	0.650494196097355
"rs2009804"	0.100109007914902	348	0.785241018228164
"rs2011742"	0.10011807972881	348	1.60092059572849
"rs1897782"	0.100158722003324	348	0.623249378887649
"rs1334913"	0.100184344858195	348	0.564714857017014
"rs1317755"	0.1001871913317	348	1.34800856097558
"rs653871"	0.100238755127895	348	1.71255306720279
"rs776263"	0.100248940885379	348	0.800592727084636
"rs493582"	0.100256642133035	348	1.43099746862952
"rs2116261"	0.100261470500093	348	1.27142289063994
"rs861287"	0.100290892745613	348	1.35887810060781
"rs2051923"	0.10032805142392	348	0.747607065164562
"rs63023"	0.100366592249124	348	1.37740413535784
"rs1379188"	0.100396580235482	348	1.88735741634214
"rs116592"	0.100438312489908	348	0.851475003975341
"rs1102107"	0.100446201062688	348	1.33472783444259
"rs1844049"	0.100475037170392	348	1.43097226268885
"rs1648995"	0.100499760459142	348	0.766576559683114
"rs1648999"	0.100499760459142	348	0.766576559683114
"rs465532"	0.100527812015231	348	1.31489923709099
"rs465534"	0.100527812015231	348	1.31489923709099
"rs465538"	0.100527812015231	348	1.31489923709099
"rs465541"	0.100527812015231	348	1.31489923709099
"rs1122677"	0.100559115354978	348	1.96874825960907
"rs117682"	0.100563531568897	348	0.839785706515911
"rs1045502"	0.100567047265486	348	0.433065980472624
"rs123152"	0.100616381116953	348	1.28149759197771
"rs1441631"	0.100639951941849	348	0.663230688499985
"rs1649324"	0.10066318350441	348	0.769917426302454
"rs116629"	0.10077955268673	348	0.855200137813312
"rs1357784"	0.100810067436417	348	0.392085618428693
"rs579186"	0.100915155746904	348	0.722671410263083
"rs1117338"	0.101019238197894	348	1.44422192336334
"rs855175"	0.101023464638542	348	3.1790970993633
"rs858129"	0.101047653857952	348	0.610228543068215
"rs140353"	0.101049153809578	348	0.741952986504631
"rs935744"	0.10104999875913	348	0.649996297722635
"rs116101"	0.101118369847197	348	0.832888664276562
"rs1353216"	0.101143065595595	348	0.83524249691876
"rs1990681"	0.10119723513979	348	0.781453007238503
"rs1293059"	0.101201415661153	348	0.693469047165894
"rs2048094"	0.101204815461951	348	1.10326226291286
"rs2009877"	0.10123464804406	348	1.45976646890531
"rs1952477"	0.101249816828073	348	1.34595278927642
"rs583615"	0.101269209563249	348	0.752975287621818
"rs277293"	0.101331997691951	348	0.532947798166252
"rs1163694"	0.101333638526522	348	1.51409260465596
"rs1163700"	0.101333638526522	348	1.51409260465596
"rs1163718"	0.101333638526522	348	1.51409260465596
"rs1163601"	0.101333638526528	348	1.51409260465596
"rs1399921"	0.101362996669415	348	0.554225051343939
"rs304108"	0.101378619583413	348	0.719395772284261
"rs1609355"	0.101384391133807	348	0.68462215938211
"rs2005557"	0.101425006656511	348	1.36903529998151
"rs2015806"	0.101425531719789	348	1.6363733259923
"rs82472"	0.101438524989335	348	0.693984489673099
"rs688663"	0.101444141373724	348	23.2525724131034
"rs1392470"	0.101464838775106	348	0.474630006438138
"rs786900"	0.101464838775111	348	0.474630006438136
"rs1651725"	0.101477263953612	348	1.08304097032067
"rs1653307"	0.101517228958936	348	1.35856521262713
"rs1357837"	0.101571211709343	348	0.388268398501403
"rs1035693"	0.101605171598599	348	0.692781018004951
"rs2089708"	0.101621330275507	348	1.32784364145683
"rs294820"	0.101714400225252	348	0.69342691788803
"rs929874"	0.101720749886916	348	0.650515058242011
"rs931024"	0.101720749886916	348	0.650515058242011
"rs932214"	0.101720749886916	348	0.650515058242011
"rs932619"	0.101720749886916	348	0.650515058242011
"rs1531418"	0.101756224396001	348	0.536699710715927
"rs936857"	0.101857247058792	348	0.667345635682
"rs1663379"	0.101868128650267	348	1.36395652457883
"rs1663652"	0.101868128650269	348	1.36395652457883
"rs1663653"	0.101868128650283	348	17.6017916197706
"rs189069"	0.101868570639364	348	1.47958703116409
"rs189071"	0.101868570639364	348	1.47958703116409
"rs189072"	0.101868570639364	348	1.47958703116409
"rs189078"	0.101868570639364	348	1.47958703116409
"rs189080"	0.101868570639364	348	1.47958703116409
"rs189081"	0.101868570639364	348	1.47958703116409
"rs1068554"	0.101902888073852	348	0.70786922397715
"rs1814787"	0.101916653147178	348	1.64631365738304
"rs1007616"	0.101918126414992	348	0.628099161722085
"rs1007446"	0.101918126414999	348	0.628099161722085
"rs1007595"	0.101918126414999	348	0.628099161722085
"rs2093267"	0.10193037287162	348	1.22598097527809
"rs453960"	0.101964819368124	348	0.742117455636861
"rs934501"	0.101982342721839	348	0.652870598172986
"rs545522"	0.101989150234253	348	1.26223118949535
"rs1482423"	0.102060023377827	348	1.30634853398993
"rs1635240"	0.102063507705284	348	0.657713095884161
"rs1053686"	0.102074155838187	348	0.586506132593581
"rs47897"	0.102076600518225	348	1.59620423533154
"rs535316"	0.102078657789208	348	0.679509278419965
"rs1109656"	0.102095016882672	348	0.729373693446395
"rs775491"	0.102097845638754	348	1.2212203977352
"rs566257"	0.102190138943308	348	1.11184378725898
"rs2075464"	0.102244406487492	348	1.31377101048371
"rs473273"	0.102249870088368	348	1.1624303202109
"rs545890"	0.10224989313799	348	0.874006507732923
"rs181538"	0.102297089478812	348	0.77632460669164
"rs1742233"	0.102299887762052	348	1.86599889560714
"rs93769"	0.10233235009687	348	0.856310088515983
"rs1149015"	0.102342537337177	348	0.50672682812522
"rs1716661"	0.102364224361544	348	1.38184791355856
"rs1716666"	0.102364224361544	348	1.38184791355856
"rs1696544"	0.102405399517765	348	1.72804034053758
"rs1696776"	0.102405399517765	348	1.72804034053758
"rs1696794"	0.102405399517765	348	1.72804034053758
"rs1705088"	0.102420330573086	348	1.37161373077703
"rs1707408"	0.102420330573086	348	1.37161373077703
"rs929314"	0.102472521375494	348	0.649314189469893
"rs929466"	0.102472521375494	348	0.649314189469893
"rs931462"	0.102508425612985	348	0.651189366352773
"rs931774"	0.102510269001345	348	0.651012217100528
"rs622957"	0.102601140421061	348	0.61077919297893
"rs624103"	0.102601140421061	348	0.61077919297893
"rs624171"	0.102601140421061	348	0.61077919297893
"rs42699"	0.10265871056198	348	1.35103163108615
"rs1832045"	0.102744930362185	348	0.602672450032698
"rs87445"	0.102853555228272	348	0.87753350599588
"rs2119222"	0.102882751877804	348	1.36250988686479
"rs264284"	0.102901062195774	348	1.3282545370916
"rs904615"	0.102902808300845	348	0.625045710430895
"rs904837"	0.102902808300845	348	0.625045710430895
"rs1109467"	0.102919347760725	348	1.62266841448597
"rs1640576"	0.10292020404943	348	0.681183026018724
"rs1351076"	0.102977669012627	348	0.753009463937379
"rs1667332"	0.103044138270138	348	1.39545906259393
"rs225074"	0.103103882806766	348	1.28016812830096
"rs1688990"	0.103148814518762	348	1.37936769350226
"rs269075"	0.103168604269466	348	0.820443232479796
"rs82202"	0.103170337281855	348	0.785264816402008
"rs476026"	0.103213278098914	348	0.691843311712126
"rs496771"	0.103213404426116	348	1.16387467289334
"rs329030"	0.103236571203978	348	1.42673859114053
"rs1164863"	0.103254513567581	348	0.80724354981982
"rs2001903"	0.103316895872818	348	1.3552932350373
"rs1299539"	0.103345423898972	348	1.2837080866645
"rs1951425"	0.103351533795152	348	0.64969410338124
"rs62852"	0.103352106751485	348	1.36722109507629
"rs929436"	0.103352707845606	348	0.651574711761248
"rs933962"	0.103352707845606	348	0.651574711761248
"rs935781"	0.103352707845606	348	0.651574711761248
"rs277902"	0.103369516595647	348	0.771656322857005
"rs2039510"	0.103388192100392	348	0.692596463461187
"rs2145277"	0.103398558477003	348	0.741345176419891
"rs1364363"	0.103402804559398	348	1.20964054680481
"rs931030"	0.103422491081684	348	0.651743678046581
"rs620254"	0.103445564721465	348	0.685673399765699
"rs854435"	0.103489164606159	348	1.25689587676141
"rs854439"	0.103489164606159	348	1.25689587676141
"rs963412"	0.103508357648427	348	0.528210694638498
"rs964137"	0.103508357648427	348	0.528210694638498
"rs2071849"	0.103508357648427	348	0.528210694638498
"rs961082"	0.103508357648433	348	0.528210694638496
"rs1964540"	0.103565470957005	348	0.810309241366344
"rs1104049"	0.103602715072878	348	1.32146160153233
"rs1415764"	0.103611562023435	348	1.31631740294447
"rs1672450"	0.10362179871172	348	0.877106068747281
"rs46643"	0.103622579820194	348	0.697105523065671
"rs134283"	0.10362473207573	348	0.787193672938927
"rs1690799"	0.10363961935434	348	1.48073264314096
"rs1691994"	0.10363961935434	348	1.48073264314096
"rs1476879"	0.103649068013345	348	0.649787176382654
"rs82184"	0.103657528714555	348	0.780336193026651
"rs1704601"	0.103693097552587	348	1.34306667539224
"rs1706163"	0.103693097552587	348	1.34306667539224
"rs1707273"	0.103693097552587	348	1.34306667539224
"rs1720312"	0.103693097552587	348	1.34306667539224
"rs352913"	0.103773930762702	348	0.763354518637525
"rs116122"	0.103786704760727	348	0.833831180274473
"rs854319"	0.10387962292068	348	0.749476858331253
"rs854322"	0.10387962292068	348	0.749476858331253
"rs854325"	0.10387962292068	348	0.749476858331253
"rs854388"	0.10387962292068	348	0.749476858331253
"rs854391"	0.10387962292068	348	0.749476858331253
"rs319717"	0.103949383677529	348	1.54753240590747
"rs319880"	0.103949383677529	348	1.54753240590747
"rs320023"	0.103949383677529	348	1.54753240590747
"rs320281"	0.103949383677529	348	1.54753240590747
"rs320287"	0.103949383677529	348	1.54753240590747
"rs321025"	0.103949383677529	348	1.54753240590747
"rs321034"	0.103949383677529	348	1.54753240590747
"rs321037"	0.103949383677529	348	1.54753240590747
"rs321040"	0.103949383677529	348	1.54753240590747
"rs321043"	0.103949383677529	348	1.54753240590747
"rs321053"	0.103949383677529	348	1.54753240590747
"rs2193246"	0.103957773543458	348	0.837473236310288
"rs187345"	0.103965066128529	348	0.734514124949117
"rs2150618"	0.10397718404556	348	1.54377420921312
"rs587818"	0.103990266823163	348	0.646906665597611
"rs1127417"	0.103999748276502	348	1.35459157031694
"rs115452"	0.104019533779701	348	0.834252283709703
"rs1085519"	0.104085488636266	348	1.35868756324194
"rs1085550"	0.104085488636266	348	1.35868756324194
"rs1085603"	0.104085488636266	348	1.35868756324194
"rs1085609"	0.104085488636266	348	1.35868756324194
"rs1085618"	0.104085488636272	348	1.35868756324193
"rs1085621"	0.104085488636272	348	1.35868756324193
"rs147402"	0.104088144331933	348	1.18630006730504
"rs262271"	0.104136021103191	348	0.782963019244675
"rs624518"	0.104167149234274	348	0.736311022082187
"rs624521"	0.104167149234274	348	0.736311022082187
"rs624522"	0.104167149234274	348	0.736311022082187
"rs624527"	0.104167149234274	348	0.736311022082187
"rs2093245"	0.104196803018556	348	1.22425426101888
"rs614657"	0.104220574146194	348	0.536070765828168
"rs1696691"	0.104268643565899	348	1.36379694031134
"rs2004811"	0.104350758230198	348	0.551577410949381
"rs2004819"	0.104350758230198	348	0.551577410949381
"rs1964558"	0.10436386798201	348	0.776957406013511
"rs189239"	0.104368014945914	348	1.47712822469843
"rs303425"	0.104413106330244	348	1.39246854871413
"rs31374"	0.104435662542525	348	0.716815878339426
"rs417479"	0.104478096871023	348	1.46685932263529
"rs163856"	0.104483843527704	348	1.27609357762837
"rs1715667"	0.104484246494538	348	1.3136707526564
"rs1715673"	0.104484246494538	348	1.3136707526564
"rs725253"	0.104498984914371	348	0.899603557320725
"rs1598042"	0.104531566148619	348	1.4913978051099
"rs785262"	0.104557012302902	348	0.803343196689976
"rs785265"	0.104557012302902	348	0.803343196689976
"rs785271"	0.104557012302902	348	0.803343196689976
"rs785272"	0.104557012302902	348	0.803343196689976
"rs785274"	0.104557012302902	348	0.803343196689976
"rs785277"	0.104557012302902	348	0.803343196689976
"rs2169917"	0.10456319458694	348	0.781019361568456
"rs824247"	0.104638393907623	348	0.70268773925678
"rs42851"	0.104642920888471	348	1.36056193285761
"rs1403155"	0.104653780202576	348	1.20350986317127
"rs911059"	0.104657541222197	348	1.34203628816936
"rs47899"	0.104667604727965	348	0.679326077635634
"rs1712864"	0.104674165931055	348	1.31881504323362
"rs2093290"	0.104685808205138	348	1.22398214907402
"rs84867"	0.104782727166043	348	1.18399055966631
"rs493172"	0.104783039615405	348	1.52617768068795
"rs73096"	0.104826648234499	348	1.35008291420547
"rs989296"	0.10485196779039	348	1.34602743509231
"rs560896"	0.10487352351282	348	1.27302895865804
"rs1544911"	0.10488559522442	348	0.659567167697266
"rs1488575"	0.104904979613109	348	0.886300143396217
"rs1672974"	0.104914330400376	348	1.11375407317155
"rs1387037"	0.104919368622916	348	0.860455856815775
"rs932899"	0.104933820862202	348	0.653102864251274
"rs150293"	0.104948647931889	348	1.51903280902847
"rs1587730"	0.104959386493813	348	1.59030707894765
"rs302436"	0.104971874726723	348	0.673528003566662
"rs1164719"	0.104989796959916	348	0.465930104906723
"rs1165084"	0.104989796959919	348	0.465930104906728
"rs1833080"	0.104989796959919	348	0.465930104906728
"rs1834113"	0.104989796959919	348	0.465930104906728
"rs613394"	0.104996244557197	348	0.59752881032928
"rs1561697"	0.105006921778253	348	1.08079540138298
"rs1561715"	0.105006921778253	348	1.08079540138298
"rs1561716"	0.105006921778253	348	1.08079540138298
"rs62843"	0.105014103486694	348	1.38059110849595
"rs116522"	0.105026798051764	348	0.781414975024568
"rs321082"	0.105055546051515	348	1.4975618645922
"rs601847"	0.105059602778532	348	1.35718415755434
"rs1708451"	0.105062051226461	348	1.35856081362374
"rs2009871"	0.105096972034712	348	1.46223002670287
"rs1964496"	0.105097933420098	348	0.786718068194241
"rs1313156"	0.105161260207016	348	0.784981386961379
"rs299623"	0.105167955752619	348	1.40269571682136
"rs1303911"	0.105194463205617	348	1.34280461750816
"rs1770005"	0.105239492523323	348	0.7673469231597
"rs1206557"	0.105281841407845	348	0.822412361425944
"rs1057614"	0.105288250178254	348	1.47846860103316
"rs485493"	0.105318501367804	348	0.79689620736559
"rs722740"	0.105320440051026	348	1.28321868295853
"rs416256"	0.105409711316474	348	1.36511882838437
"rs279061"	0.105467447858175	348	0.759978800721706
"rs933583"	0.105471875568602	348	0.654945761692047
"rs2093359"	0.105499350124875	348	1.22346545223763
"rs225072"	0.105582919634076	348	1.2857085491864
"rs1666802"	0.105608357550688	348	1.49131366813935
"rs2007289"	0.105615384732917	348	0.747561117579315
"rs2219922"	0.105631853776534	348	0.725096406432259
"rs887044"	0.105670137225949	348	0.690658528590564
"rs1750903"	0.105714405973341	348	1.23849564377513
"rs319447"	0.10573690868054	348	1.55830163548773
"rs319462"	0.10573690868054	348	1.55830163548773
"rs319635"	0.10573690868054	348	1.55830163548773
"rs319636"	0.10573690868054	348	1.55830163548773
"rs320008"	0.10573690868054	348	1.55830163548773
"rs320129"	0.10573690868054	348	1.55830163548773
"rs320396"	0.10573690868054	348	1.55830163548773
"rs320423"	0.10573690868054	348	1.55830163548773
"rs320929"	0.10573690868054	348	1.55830163548773
"rs319665"	0.105736908680544	348	1.55830163548772
"rs319794"	0.105736908680544	348	1.55830163548772
"rs319809"	0.105736908680544	348	1.55830163548772
"rs319772"	0.105736908680556	348	21.1450630833083
"rs320150"	0.105736908680556	348	21.1450630833083
"rs320152"	0.105736908680556	348	21.1450630833083
"rs320154"	0.105736908680556	348	21.1450630833083
"rs320164"	0.105736908680556	348	21.1450630833083
"rs320167"	0.105736908680556	348	21.1450630833083
"rs320170"	0.105736908680556	348	21.1450630833083
"rs320404"	0.105736908680556	348	21.1450630833083
"rs320463"	0.105736908680556	348	21.1450630833083
"rs320562"	0.105736908680556	348	21.1450630833083
"rs320650"	0.105736908680556	348	21.1450630833083
"rs320743"	0.105736908680556	348	21.1450630833083
"rs320746"	0.105736908680556	348	21.1450630833083
"rs320752"	0.105736908680556	348	21.1450630833083
"rs1715387"	0.105837294860074	348	1.38491970460775
"rs920033"	0.105843060611387	348	1.37070111734994
"rs920036"	0.105843060611387	348	1.37070111734994
"rs920045"	0.105843060611387	348	1.37070111734994
"rs920048"	0.105843060611387	348	1.37070111734994
"rs1042222"	0.105874945332462	348	1.36862287604782
"rs2218101"	0.105933380009248	348	1.45133985016821
"rs2218122"	0.105933380009248	348	1.45133985016821
"rs2218140"	0.105933380009248	348	1.45133985016821
"rs2110679"	0.105953550935112	348	0.871972417605633
"rs1070445"	0.105987010501381	348	0.77440550538508
"rs1070464"	0.105987010501381	348	0.77440550538508
"rs1515098"	0.106009714824808	348	0.863865526571246
"rs366902"	0.106021156312217	348	1.29324788069899
"rs1143359"	0.106027333685387	348	0.622415416597387
"rs934275"	0.106036240088566	348	0.65558845535871
"rs146132"	0.106052267236236	348	0.817792306423593
"rs1663577"	0.106060559762245	348	1.36035046256844
"rs566468"	0.106067554772178	348	1.25048901986923
"rs1357454"	0.106108478882648	348	0.391780546900459
"rs47120"	0.106120917403135	348	1.1221954059957
"rs46737"	0.106129763128493	348	0.742194806376444
"rs46758"	0.106129763128493	348	0.742194806376444
"rs100248"	0.106165892071314	348	1.3459704026741
"rs942556"	0.106197146998752	348	1.72176370058464
"rs942565"	0.106197146998752	348	1.72176370058464
"rs942574"	0.106197146998752	348	1.72176370058464
"rs942581"	0.106197146998752	348	1.72176370058464
"rs942582"	0.106197146998752	348	1.72176370058464
"rs942583"	0.106197146998752	348	1.72176370058464
"rs942595"	0.106197146998752	348	1.72176370058464
"rs942617"	0.106197146998752	348	1.72176370058464
"rs942632"	0.106197146998752	348	1.72176370058464
"rs942650"	0.106197146998752	348	1.72176370058464
"rs942700"	0.106197146998752	348	1.72176370058464
"rs2139005"	0.106220110451042	348	1.30902794923059
"rs935732"	0.106223036456654	348	0.654033273487068
"rs350197"	0.106224862946628	348	0.671332844964276
"rs492920"	0.106256438787408	348	1.51710211937551
"rs492921"	0.106256438787408	348	1.51710211937551
"rs492923"	0.106256438787408	348	1.51710211937551
"rs492926"	0.106256438787408	348	1.51710211937551
"rs410589"	0.106318866770689	348	1.32229870382818
"rs931602"	0.106446381880743	348	0.654775492118913
"rs1122469"	0.106506450308232	348	1.31839240638004
"rs427857"	0.106508733499	348	0.737713691809731
"rs1315889"	0.10652079064013	348	1.35020266733077
"rs1102994"	0.10655346602987	348	1.28246525558118
"rs1647577"	0.106586684332181	348	1.33659611136583
"rs1488707"	0.106607649140193	348	1.0977144589353
"rs225343"	0.106644965018268	348	0.795410111189603
"rs225353"	0.106644965018268	348	0.795410111189603
"rs217649"	0.106667691635002	348	0.747280900568765
"rs1775222"	0.106670452639801	348	1.16603438704719
"rs527336"	0.10668912913908	348	0.751402831106766
"rs935195"	0.106703128247813	348	0.654520740385212
"rs919610"	0.106708179685374	348	0.69325810703106
"rs354398"	0.106730006725948	348	1.24826773457065
"rs354399"	0.106730006725948	348	1.24826773457065
"rs354400"	0.106730006725948	348	1.24826773457065
"rs354401"	0.106730006725948	348	1.24826773457065
"rs2116429"	0.106748493981302	348	0.770777890995332
"rs657868"	0.106765329149735	348	1.37799526876019
"rs657871"	0.106765329149735	348	1.37799526876019
"rs841852"	0.106770276064545	348	0.791945579562275
"rs1826162"	0.106786839560741	348	0.725559714068646
"rs1119898"	0.106892936471383	348	0.670397485002897
"rs225384"	0.106905354860499	348	0.70894850286267
"rs2009866"	0.106918694894014	348	1.47525524469781
"rs1085764"	0.106926797790107	348	1.44365546208545
"rs1085893"	0.106926797790107	348	1.44365546208545
"rs2172682"	0.106944874402201	348	1.20576447824341
"rs329032"	0.106962842343292	348	1.3547873269711
"rs1964075"	0.107011004093979	348	1.36151021993971
"rs2186735"	0.107012815892555	348	0.585295933874795
"rs330583"	0.107064372876625	348	1.08744246226507
"rs1387102"	0.107085223297026	348	1.48043536938681
"rs1800732"	0.107095356397171	348	1.45492267291214
"rs1364579"	0.107111223796012	348	1.20740763243017
"rs1364585"	0.107111223796012	348	1.20740763243017
"rs1364591"	0.107111223796012	348	1.20740763243017
"rs1364596"	0.107111223796012	348	1.20740763243017
"rs1364597"	0.107111223796012	348	1.20740763243017
"rs556549"	0.107132658415287	348	1.25085698258393
"rs556562"	0.107132658415287	348	1.25085698258393
"rs556567"	0.107132658415287	348	1.25085698258393
"rs556573"	0.107132658415287	348	1.25085698258393
"rs556585"	0.107132658415287	348	1.25085698258393
"rs116347"	0.107136517991997	348	0.83993933060355
"rs896712"	0.107165650750263	348	0.788223664490773
"rs446959"	0.107197868187296	348	1.07318221750339
"rs933793"	0.107203059842859	348	0.655168027722996
"rs933821"	0.107203059842859	348	0.655168027722996
"rs933843"	0.107203059842859	348	0.655168027722996
"rs1711197"	0.107219962440548	348	1.33082290693082
"rs934179"	0.107231494314348	348	0.65519296566229
"rs1341600"	0.107244679100727	348	0.698997346258776
"rs1983655"	0.107268977632169	348	0.699125729262862
"rs932543"	0.10729728509305	348	0.655628257666054
"rs1019705"	0.107400913958895	348	0.738012689996668
"rs1352166"	0.107405695076851	348	1.67317227729117
"rs2167236"	0.107445203953858	348	0.83362560564897
"rs2176476"	0.107453785029112	348	0.766745956671987
"rs1541973"	0.107480290856034	348	0.646060884861802
"rs1653211"	0.107519794560796	348	0.652274980226902
"rs564021"	0.107531390330462	348	0.799106736136359
"rs324382"	0.107566753537545	348	1.31698872231868
"rs667225"	0.107609486522884	348	1.28157805806078
"rs1487132"	0.107619034717219	348	1.72177885953463
"rs1087123"	0.107683161845023	348	1.47752555348183
"rs2177163"	0.107685972951607	348	0.835641871913356
"rs299770"	0.107757679063965	348	1.35603613106588
"rs376523"	0.107804997637067	348	1.29619053458984
"rs518574"	0.107878581485006	348	1.58516901417973
"rs1121235"	0.107889143014672	348	1.33502079242439
"rs446019"	0.107946229290307	348	0.87655048036932
"rs1663573"	0.107948262064776	348	1.36047801710577
"rs1663763"	0.107948262064776	348	1.36047801710577
"rs335612"	0.107988475092569	348	0.710036424957332
"rs1640694"	0.108105479472167	348	0.65193985145742
"rs1590587"	0.10811325080364	348	1.69083212877246
"rs698236"	0.108172835556534	348	1.39254360043962
"rs305335"	0.108179436169706	348	1.61561529457045
"rs806920"	0.108202659878769	348	0.42959098664051
"rs147211"	0.108208882347168	348	0.798262916805593
"rs1415791"	0.108213708293535	348	1.30987323662052
"rs1993795"	0.108224724447315	348	0.748838488622268
"rs300296"	0.108249688957422	348	0.661707813237669
"rs1943230"	0.108321389924061	348	1.41833446905163
"rs776562"	0.108335846290002	348	0.803841235353984
"rs929486"	0.108352632628495	348	0.655931616273055
"rs802549"	0.108378810677831	348	0.67649740942048
"rs802555"	0.108378810677831	348	0.67649740942048
"rs802564"	0.108378810677831	348	0.67649740942048
"rs802585"	0.108378810677831	348	0.67649740942048
"rs802615"	0.108378810677831	348	0.67649740942048
"rs802619"	0.108378810677831	348	0.67649740942048
"rs802623"	0.108378810677831	348	0.67649740942048
"rs802624"	0.108378810677831	348	0.67649740942048
"rs2164500"	0.108414616461981	348	2.08004781208389
"rs934056"	0.10847234542948	348	0.656007528410931
"rs2111894"	0.108484752721759	348	0.793949118920721
"rs157827"	0.1084892777941	348	1.2810856800458
"rs225125"	0.108490699997982	348	1.32823110249199
"rs1896818"	0.108516879623784	348	0.415054425877183
"rs931502"	0.108526038801185	348	0.656413123431008
"rs1719919"	0.108553428589899	348	1.35859173883631
"rs1719930"	0.108553428589899	348	1.35859173883631
"rs112549"	0.108554568920956	348	1.12123769512586
"rs509971"	0.108635000246204	348	1.3506527454853
"rs1036338"	0.108734670067949	348	0.744478176105006
"rs1036341"	0.108734670067949	348	0.744478176105006
"rs295552"	0.108743705983908	348	1.32679458293608
"rs702942"	0.108750028498332	348	0.724460825556789
"rs702951"	0.108750028498332	348	0.724460825556789
"rs703009"	0.108750028498332	348	0.724460825556789
"rs703011"	0.108750028498332	348	0.724460825556789
"rs703017"	0.108750028498332	348	0.724460825556789
"rs703018"	0.108750028498332	348	0.724460825556789
"rs703020"	0.108750028498332	348	0.724460825556789
"rs703026"	0.108750028498332	348	0.724460825556789
"rs703032"	0.108750028498332	348	0.724460825556789
"rs703035"	0.108750028498332	348	0.724460825556789
"rs703044"	0.108750028498332	348	0.724460825556789
"rs703047"	0.108750028498332	348	0.724460825556789
"rs703048"	0.108750028498332	348	0.724460825556789
"rs703049"	0.108750028498332	348	0.724460825556789
"rs703050"	0.108750028498332	348	0.724460825556789
"rs264738"	0.108771627052837	348	0.73429645587061
"rs942078"	0.108893940132701	348	1.47441763028115
"rs1364573"	0.108897135797115	348	1.21451138872683
"rs355846"	0.108917866934324	348	0.75905476443267
"rs942907"	0.108971716635596	348	1.57238063490563
"rs2110646"	0.108987488310755	348	0.876448549804814
"rs863781"	0.10900741760942	348	1.13356786771822
"rs1798975"	0.109017847786512	348	2.1512644452169
"rs1085809"	0.109021063610038	348	1.44238984434395
"rs930121"	0.109026114280736	348	0.674011299905051
"rs1155847"	0.109049448019828	348	1.47346120378808
"rs687143"	0.109089519474202	348	1.33422601637881
"rs1389387"	0.109104737002019	348	1.21291829965695
"rs492953"	0.109282762864165	348	1.50820175284571
"rs935338"	0.109286850964823	348	0.65782726985015
"rs1703256"	0.109309526441855	348	0.822427907771939
"rs412487"	0.109319753713376	348	0.7827466559933
"rs412493"	0.109319753713376	348	0.7827466559933
"rs1862901"	0.109327293382631	348	1.34243763450357
"rs1350174"	0.109346691385447	348	0.613148907723459
"rs510350"	0.109348105033964	348	1.27355848675307
"rs143370"	0.109424037215862	348	0.787485475858947
"rs1893867"	0.109426234935211	348	0.418993821478242
"rs134221"	0.109436740118326	348	0.789524668626804
"rs134227"	0.109436740118326	348	0.789524668626804
"rs489174"	0.10945300758813	348	1.11603096454344
"rs539489"	0.10945532232507	348	0.800408271308317
"rs930418"	0.10950333669355	348	0.657072175476953
"rs930553"	0.10950333669355	348	0.657072175476953
"rs1156970"	0.10953032946777	348	1.15521973903686
"rs1679764"	0.109535795477778	348	1.31349215787262
"rs2131761"	0.10955283540734	348	0.850675627320709
"rs2131762"	0.10955283540734	348	0.850675627320709
"rs590661"	0.109571367377312	348	0.704266357138659
"rs1318197"	0.10961139442432	348	1.32822876468575
"rs1127326"	0.109623867683023	348	1.36681576924551
"rs534894"	0.109647441709675	348	1.49174682335245
"rs931326"	0.109715212637184	348	0.658305429974381
"rs302836"	0.10974172796602	348	1.80074969277211
"rs302841"	0.10974172796602	348	1.80074969277211
"rs2158909"	0.109767818707421	348	1.13710242581642
"rs1071007"	0.109771882796526	348	1.30673858249567
"rs476360"	0.109780088667231	348	1.33021440633169
"rs561827"	0.109790704997464	348	0.808778312224854
"rs565933"	0.10979241830552	348	0.790474839260845
"rs604372"	0.109818398711091	348	0.703851996233201
"rs2160138"	0.109903423597629	348	1.18965655341875
"rs1057398"	0.109957189954463	348	1.50467882179075
"rs1057401"	0.109957189954463	348	1.50467882179075
"rs1057467"	0.109957189954463	348	1.50467882179075
"rs1057482"	0.109957189954463	348	1.50467882179075
"rs1057485"	0.109957189954463	348	1.50467882179075
"rs1057488"	0.109957189954463	348	1.50467882179075
"rs1656976"	0.109992616385925	348	0.717225633503411
"rs1656988"	0.109992616385925	348	0.717225633503411
"rs77886"	0.10999437381228	348	0.755263292625697
"rs1748611"	0.109996543836984	348	0.51512031262034
"rs233535"	0.109997202847081	348	1.36831787582657
"rs116521"	0.110028001206655	348	0.75290541820002
"rs116529"	0.110028001206655	348	0.75290541820002
"rs116530"	0.110028001206655	348	0.75290541820002
"rs116539"	0.110028001206655	348	0.75290541820002
"rs116545"	0.110028001206655	348	0.75290541820002
"rs669935"	0.110033127955091	348	1.40623776457287
"rs1533259"	0.110038419687156	348	0.677729412541463
"rs854597"	0.110055467062606	348	0.78326928065844
"rs445510"	0.110087310630653	348	0.839683991061656
"rs966988"	0.110128497677584	348	0.486140805457316
"rs618500"	0.110203411268743	348	1.46768655297378
"rs618505"	0.110203411268743	348	1.46768655297378
"rs561014"	0.110259696563101	348	1.25083935287479
"rs2092929"	0.110299859293629	348	1.18139459392142
"rs3442"	0.110359872792293	348	0.42595985252497
"rs3559"	0.110359872792293	348	0.42595985252497
"rs5412"	0.110359872792293	348	0.42595985252497
"rs436214"	0.110359872792293	348	0.42595985252497
"rs436781"	0.110359872792293	348	0.42595985252497
"rs443369"	0.110359872792293	348	0.42595985252497
"rs579450"	0.110359872792293	348	0.42595985252497
"rs579985"	0.110359872792293	348	0.42595985252497
"rs581039"	0.110359872792293	348	0.42595985252497
"rs1148802"	0.110359872792293	348	0.42595985252497
"rs1973084"	0.110359872792293	348	0.42595985252497
"rs810397"	0.110359872792303	348	0.425959852524969
"rs929798"	0.110361895393155	348	0.65728690274607
"rs932265"	0.110361895393155	348	0.65728690274607
"rs934291"	0.110361895393155	348	0.65728690274607
"rs299741"	0.110362705399386	348	1.83590611884488
"rs299963"	0.110362705399386	348	1.83590611884488
"rs146006"	0.110440423285263	348	0.823482014495223
"rs118605"	0.110447061583298	348	1.14330524921253
"rs942090"	0.110459787310078	348	1.5876498647797
"rs1944792"	0.110461860043266	348	1.68655096087126
"rs2164363"	0.110486696959768	348	1.19933623905971
"rs2164364"	0.110486696959768	348	1.19933623905971
"rs2164366"	0.110486696959768	348	1.19933623905971
"rs150971"	0.1104902108337	348	1.22930535038367
"rs189173"	0.110534634591292	348	1.46435324029065
"rs1477979"	0.110583425920117	348	0.678072943306319
"rs1477989"	0.110583425920117	348	0.678072943306319
"rs1878662"	0.110614269700685	348	0.592039646259325
"rs1037752"	0.11061566515233	348	0.332447380188844
"rs693201"	0.110674228780802	348	1.40863921421661
"rs693204"	0.110674228780802	348	1.40863921421661
"rs847387"	0.110684817577897	348	1.35475383349414
"rs666076"	0.11069735702266	348	1.47788092835516
"rs2098364"	0.110745006532722	348	0.751558887884146
"rs1089470"	0.110779509979462	348	0.722722252397041
"rs264253"	0.11092983592866	348	1.09215833373432
"rs117237"	0.11094906927054	348	0.777211357654476
"rs84977"	0.110951557761886	348	1.40131756191045
"rs273043"	0.110973298269943	348	1.37214002264731
"rs273085"	0.110973298269943	348	1.37214002264731
"rs273176"	0.110973298269943	348	1.37214002264731
"rs273250"	0.110973298269943	348	1.37214002264731
"rs273348"	0.110973298269943	348	1.37214002264731
"rs273478"	0.110973298269943	348	1.37214002264731
"rs273491"	0.110973298269943	348	1.37214002264731
"rs273600"	0.110973298269943	348	1.37214002264731
"rs273610"	0.110973298269943	348	1.37214002264731
"rs273624"	0.110973298269943	348	1.37214002264731
"rs273625"	0.110973298269943	348	1.37214002264731
"rs273627"	0.110973298269943	348	1.37214002264731
"rs273640"	0.110973298269943	348	1.37214002264731
"rs116511"	0.11098473685575	348	0.668116053992341
"rs1363676"	0.111062322198839	348	1.2082225033587
"rs121886"	0.111070914080354	348	0.613675951714002
"rs47151"	0.111074430750737	348	1.15708178593086
"rs1403172"	0.111141807006293	348	1.19088202791896
"rs474707"	0.111144716060123	348	1.40490952561497
"rs1637580"	0.111158415052072	348	1.32553255299832
"rs42663"	0.111172953803852	348	1.35197322124232
"rs42678"	0.111172953803852	348	1.35197322124232
"rs42695"	0.111172953803852	348	1.35197322124232
"rs2040056"	0.111179006307096	348	1.23399548958773
"rs535376"	0.111192636495693	348	0.656129792804012
"rs535405"	0.111192636495693	348	0.656129792804012
"rs1712148"	0.111231887568319	348	1.3723145261401
"rs863661"	0.111252764884131	348	1.1385317243905
"rs742295"	0.111327019922452	348	0.777797144103048
"rs1311974"	0.111349676234243	348	0.722252716473821
"rs264811"	0.111367265677963	348	0.886041954179987
"rs1019543"	0.111368985472489	348	1.38299735582538
"rs116447"	0.111403763498444	348	0.853767402720572
"rs855439"	0.111432660712249	348	1.7003300110027
"rs776871"	0.111434827355579	348	1.23282717545214
"rs1647579"	0.111448898282285	348	1.50667090638439
"rs189289"	0.111457648849728	348	0.697202333119495
"rs903972"	0.111465992304547	348	0.670235333848489
"rs2111591"	0.111476034249509	348	1.09702007078931
"rs68222"	0.111490343860406	348	0.735645005552136
"rs1951532"	0.11151428511266	348	0.65773789860644
"rs1164734"	0.111534089497726	348	1.28972247905864
"rs1357589"	0.111544695894381	348	0.403628444328133
"rs1485442"	0.111566255566855	348	0.674003696431662
"rs1770717"	0.111569072839744	348	1.30828767335871
"rs1634858"	0.11158414508926	348	1.38253147459296
"rs189224"	0.111619706225332	348	1.46153404514345
"rs462508"	0.111625992421282	348	0.797925409619003
"rs1352129"	0.111665398929953	348	1.66151046403575
"rs1048602"	0.111686688580847	348	0.67955552557622
"rs2170885"	0.111687620909102	348	0.830232012750279
"rs1847423"	0.111821980691664	348	1.33268148632414
"rs1125026"	0.111823266263096	348	0.6998809157255
"rs2089736"	0.111825129392054	348	1.29804665943281
"rs1565421"	0.111835527346627	348	1.33924381094497
"rs930895"	0.111838761090191	348	0.658215639767193
"rs931406"	0.111838761090191	348	0.658215639767193
"rs2121690"	0.111843858691507	348	1.17270250161669
"rs1112506"	0.111843997399438	348	1.62486526256864
"rs1120656"	0.111843997399438	348	1.62486526256864
"rs1103770"	0.111843997399441	348	1.62486526256864
"rs324313"	0.111860345564792	348	62.4305230574579
"rs324325"	0.111860345564792	348	62.4305230574579
"rs324328"	0.111860345564792	348	62.4305230574579
"rs163487"	0.111872436659982	348	0.723730087679319
"rs117054"	0.111926740176981	348	0.776956518279957
"rs321226"	0.111933443328776	348	1.58212731046826
"rs83783"	0.111952198534967	348	1.37385246314168
"rs83784"	0.111952198534967	348	1.37385246314168
"rs2009661"	0.111981057555106	348	0.700491777796621
"rs2058355"	0.111988612524743	348	1.42369185633001
"rs931584"	0.11202398161622	348	0.658805679837023
"rs1130922"	0.112043326487516	348	1.47595456321158
"rs2170062"	0.112240248125069	348	0.797579045709194
"rs1052897"	0.112322511294393	348	0.665749783773647
"rs265215"	0.11241849078085	348	0.78729921484283
"rs265219"	0.11241849078085	348	0.78729921484283
"rs1319220"	0.112438614810117	348	1.48732134998023
"rs862479"	0.112489230212923	348	1.31704070670485
"rs364687"	0.112498152072573	348	1.31021832744112
"rs364693"	0.112498152072573	348	1.31021832744112
"rs486088"	0.112517859392825	348	1.37063446668809
"rs486091"	0.112517859392825	348	1.37063446668809
"rs486101"	0.112517859392825	348	1.37063446668809
"rs486106"	0.112517859392825	348	1.37063446668809
"rs167008"	0.11252978575153	348	0.573621676058912
"rs579009"	0.112681034801066	348	1.28257205998319
"rs579012"	0.112681034801066	348	1.28257205998319
"rs116177"	0.112700004295201	348	0.838067866017406
"rs301791"	0.112745623967042	348	0.716436753878995
"rs301833"	0.112745623967042	348	0.716436753878995
"rs301815"	0.112745623967042	348	0.716436753878998
"rs1772506"	0.11280782905552	348	1.29880912136355
"rs305075"	0.112809950983183	348	0.746430128779204
"rs2121675"	0.112940221099766	348	1.1721510869979
"rs262695"	0.112959150336985	348	0.809670201420125
"rs262713"	0.112959150336985	348	0.809670201420125
"rs262716"	0.112959150336985	348	0.809670201420125
"rs262737"	0.112959150336985	348	0.809670201420125
"rs262812"	0.112959150336985	348	0.809670201420125
"rs105833"	0.112976435224907	348	0.766580918576031
"rs1707434"	0.113025204946001	348	1.38672066002826
"rs1976561"	0.113039306353295	348	0.756087696981125
"rs473171"	0.113059906343043	348	1.28690043992794
"rs2133616"	0.113071509630425	348	1.42277352061267
"rs2133625"	0.113071509630425	348	1.42277352061267
"rs2133627"	0.113071509630425	348	1.42277352061267
"rs382306"	0.113121232898252	348	1.33941241368602
"rs1702423"	0.113127393542684	348	1.3015868962553
"rs1702447"	0.113127393542684	348	1.3015868962553
"rs492494"	0.113161077013557	348	0.765021543664688
"rs1357570"	0.113177635646141	348	0.403592981050729
"rs1357575"	0.113177635646141	348	0.403592981050729
"rs1357584"	0.113177635646141	348	0.403592981050729
"rs221211"	0.113188605760472	348	0.790809367763191
"rs466092"	0.113219399503048	348	1.50259939759053
"rs2182373"	0.113222784242926	348	0.636948660348119
"rs488930"	0.113282974292943	348	0.373228923428808
"rs2182273"	0.113382752772981	348	1.425524708243
"rs47589"	0.11339320146987	348	1.34512733238339
"rs163246"	0.113402137335219	348	0.769764283693056
"rs163249"	0.113402137335219	348	0.769764283693056
"rs163250"	0.113402137335219	348	0.769764283693056
"rs163251"	0.113402137335219	348	0.769764283693056
"rs163252"	0.113402137335219	348	0.769764283693056
"rs2010913"	0.113441885004965	348	1.66685625243544
"rs1064623"	0.113448677601661	348	0.740076400290009
"rs53929"	0.113450469555846	348	1.37033071579548
"rs226344"	0.113503294372878	348	0.774884467344016
"rs1720725"	0.113508182367601	348	1.45165300530691
"rs768748"	0.113526232980912	348	0.826015226258858
"rs473668"	0.113547787766046	348	0.496545434423967
"rs473672"	0.113547787766046	348	0.496545434423967
"rs473674"	0.113547787766046	348	0.496545434423967
"rs473678"	0.113547787766046	348	0.496545434423967
"rs473680"	0.113547787766046	348	0.496545434423967
"rs473683"	0.113547787766046	348	0.496545434423967
"rs473690"	0.113547787766046	348	0.496545434423967
"rs473693"	0.113547787766046	348	0.496545434423967
"rs1320733"	0.113607850162364	348	1.32325136884546
"rs116476"	0.113662186799226	348	0.856877967163221
"rs433760"	0.113676028605104	348	0.740131696402151
"rs1635393"	0.113693734759784	348	0.666417606546009
"rs2052263"	0.113711162106394	348	1.34528906939164
"rs1397863"	0.1137791751925	348	1.29039149511954
"rs931860"	0.113805506717619	348	0.660876687388861
"rs934334"	0.113809420421841	348	0.659289574398712
"rs1046459"	0.113822780117586	348	0.596502042871107
"rs1046378"	0.113822780117596	348	0.596502042871105
"rs2070948"	0.113880280028845	348	1.49410942377055
"rs2139903"	0.113889626501743	348	0.747538745910647
"rs1963555"	0.113983136805138	348	1.30621890944023
"rs2156759"	0.113996156374002	348	1.15275277033921
"rs1085395"	0.114025974234751	348	0.751129747983581
"rs1663641"	0.114105223494411	348	1.34962770392629
"rs117051"	0.114108193839765	348	0.813170107103761
"rs937573"	0.114115676161375	348	0.656825533551128
"rs471777"	0.114152703609977	348	1.32760264058702
"rs1716004"	0.114162624757398	348	1.34400299861952
"rs1737927"	0.114170652342945	348	1.24657594445159
"rs929736"	0.114190463564198	348	0.66101003938473
"rs1663522"	0.11420378751033	348	1.36684160063863
"rs1772650"	0.11421451955162	348	1.31206155558614
"rs1773872"	0.11421451955162	348	1.31206155558614
"rs1478767"	0.114232386045474	348	0.775741847460129
"rs298283"	0.114251950239368	348	1.35094062970722
"rs598025"	0.114253747557056	348	1.09574365168478
"rs1902420"	0.114289364546087	348	0.527605709926006
"rs1902607"	0.114289364546087	348	0.527605709926006
"rs44476"	0.114289364546094	348	0.527605709926003
"rs2818"	0.114289364546097	348	0.527605709926007
"rs33600"	0.114289364546097	348	0.527605709926007
"rs33696"	0.114289364546097	348	0.527605709926007
"rs41485"	0.114289364546097	348	0.527605709926007
"rs48189"	0.114289364546097	348	0.527605709926007
"rs48499"	0.114289364546097	348	0.527605709926007
"rs50035"	0.114289364546097	348	0.527605709926007
"rs50659"	0.114289364546097	348	0.527605709926007
"rs69258"	0.114289364546097	348	0.527605709926007
"rs1556297"	0.114289364546097	348	0.527605709926007
"rs1947104"	0.114289364546097	348	0.527605709926007
"rs461803"	0.114289364546097	348	0.527605709926007
"rs462304"	0.114289364546097	348	0.527605709926007
"rs329203"	0.114293587396332	348	1.45139247104465
"rs128921"	0.114309009161082	348	0.775226172449756
"rs336888"	0.114339883883968	348	0.716855367962453
"rs1115018"	0.114352714871903	348	0.733623028327887
"rs1124976"	0.114375541872117	348	1.12279630388642
"rs1635241"	0.114389399432501	348	0.665378315061718
"rs1064606"	0.114421883742717	348	0.73376171841621
"rs1064609"	0.114421883742717	348	0.73376171841621
"rs1064611"	0.114421883742717	348	0.73376171841621
"rs1064612"	0.114421883742717	348	0.73376171841621
"rs55348"	0.114442339342502	348	0.752382303165468
"rs55350"	0.114442339342502	348	0.752382303165468
"rs1921005"	0.114445335013247	348	0.68918246357096
"rs302421"	0.114453454206826	348	0.682739457713322
"rs302422"	0.114453454206826	348	0.682739457713322
"rs302423"	0.114453454206826	348	0.682739457713322
"rs302424"	0.114453454206826	348	0.682739457713322
"rs302428"	0.114453454206826	348	0.682739457713322
"rs302437"	0.114453454206826	348	0.682739457713322
"rs302448"	0.114453454206826	348	0.682739457713322
"rs302449"	0.114453454206826	348	0.682739457713322
"rs302454"	0.114453454206826	348	0.682739457713322
"rs302456"	0.114453454206826	348	0.682739457713322
"rs935138"	0.114463898370219	348	0.660641733260349
"rs149722"	0.114470117002625	348	0.739848591053407
"rs1322169"	0.114560917650152	348	1.51160375560338
"rs1322181"	0.114560917650152	348	1.51160375560338
"rs1322187"	0.114560917650152	348	1.51160375560338
"rs1465201"	0.114608002464007	348	0.720820244977558
"rs1465204"	0.114608002464007	348	0.720820244977558
"rs1465207"	0.114608002464007	348	0.720820244977558
"rs1773985"	0.11462145973458	348	1.25891812014588
"rs1831724"	0.114698477346535	348	0.703804416481504
"rs190240"	0.114781642865563	348	0.717137263870671
"rs1073959"	0.114821087357989	348	0.649281211360791
"rs1073960"	0.114821087357989	348	0.649281211360791
"rs568431"	0.114829309691517	348	1.17770316741901
"rs861876"	0.114881527503698	348	1.3156856044645
"rs211337"	0.114921151390378	348	0.651405678470186
"rs934385"	0.114940368978247	348	0.661433542874816
"rs262734"	0.114942727765015	348	0.807399148344186
"rs2007179"	0.114956990983221	348	0.751990073946145
"rs1206791"	0.115073995019953	348	1.18895334854958
"rs171674"	0.115075050555198	348	0.781922313588424
"rs1899830"	0.11514473533966	348	1.59224628964078
"rs1451682"	0.115151311954066	348	0.311387837798525
"rs2121692"	0.11515964875403	348	1.17097725597767
"rs163635"	0.115164141972046	348	1.29795066203791
"rs2159106"	0.115185290954467	348	1.27225831717574
"rs1564239"	0.115226980678474	348	1.18893202283486
"rs1665290"	0.115244180885018	348	0.361815676160232
"rs2008280"	0.115307999142795	348	0.387682340139991
"rs896706"	0.115315833865911	348	0.824952111211872
"rs366828"	0.115350938896779	348	0.767890512990435
"rs1756968"	0.115364706164937	348	1.34301644586372
"rs69560"	0.115552873600457	348	0.76444766343701
"rs1756866"	0.115563235372027	348	1.33413546695122
"rs581012"	0.115591674743784	348	1.37287256000543
"rs1580309"	0.115615194885689	348	1.21838245709078
"rs2133748"	0.115634466756247	348	1.27594836968838
"rs1719958"	0.115666351200109	348	1.32285286177253
"rs1719961"	0.115666351200109	348	1.32285286177253
"rs1719964"	0.115666351200109	348	1.32285286177253
"rs1719970"	0.115666351200109	348	1.32285286177253
"rs1719976"	0.115666351200109	348	1.32285286177253
"rs308396"	0.115692646920451	348	0.750195850402423
"rs1156980"	0.115710046029591	348	1.15520288581843
"rs1156987"	0.115710046029591	348	1.15520288581843
"rs1737156"	0.115738308116929	348	0.741289855096694
"rs942485"	0.11574870993309	348	1.59686511220371
"rs1782385"	0.115781297361724	348	0.713312824318291
"rs1950876"	0.115785389301523	348	0.811724618681282
"rs1543052"	0.115852951169198	348	0.863710241942494
"rs128156"	0.11587080155591	348	1.32519885504228
"rs471857"	0.115924938288486	348	1.31768054344049
"rs11601"	0.115938008562461	348	0.578790206874573
"rs1635974"	0.115944387930876	348	0.64592632109896
"rs339316"	0.116016395259646	348	0.700590213605712
"rs576389"	0.116026742083747	348	1.33036442993453
"rs1803238"	0.116037270538284	348	1.90853265882605
"rs1937358"	0.116041407269977	348	0.527384338929561
"rs1937364"	0.116041407269977	348	0.527384338929561
"rs702200"	0.116084536913268	348	0.8285837718643
"rs1084937"	0.116114605302481	348	0.76112058199875
"rs2110678"	0.11619105542815	348	0.875326252118614
"rs858456"	0.116220162042337	348	0.647997846511848
"rs634650"	0.116246418005858	348	0.603193889067025
"rs929965"	0.116270492780711	348	0.661505950278381
"rs842688"	0.116274628329087	348	0.381381989668456
"rs1413141"	0.116365635284756	348	1.81142293115432
"rs2110632"	0.11648794897279	348	0.879293113640783
"rs41587"	0.116543485884235	348	1.50132600309556
"rs1064957"	0.116576691718943	348	0.74293043168323
"rs1896932"	0.116594163245151	348	0.424065376440879
"rs636971"	0.116638234992119	348	0.76703017636319
"rs2110657"	0.116703996082113	348	0.879332425997644
"rs794765"	0.116712505195467	348	1.35808366687505
"rs116445"	0.116757534251355	348	0.85597629104576
"rs1352152"	0.116799541467455	348	1.64596323557999
"rs582917"	0.116834991105485	348	1.81054008486436
"rs1108336"	0.116886030853224	348	1.61369617670022
"rs1907384"	0.116915426163381	348	1.54786203314639
"rs847255"	0.1169344964994	348	0.678406738205331
"rs1121215"	0.116976452888344	348	1.32763731763146
"rs305254"	0.117018279741709	348	0.906333187472605
"rs796421"	0.117023579545414	348	0.727587530108478
"rs132595"	0.117043214347596	348	0.769522194762792
"rs942731"	0.117057821550385	348	1.52320711792523
"rs2119508"	0.117065418701296	348	0.808611212265152
"rs2089931"	0.117104321604564	348	1.1492872852254
"rs942482"	0.11713114421151	348	1.52834110282493
"rs942552"	0.11713114421151	348	1.52834110282493
"rs1052569"	0.117135617141038	348	0.761865569470704
"rs464786"	0.117141783152292	348	1.46443620294801
"rs465499"	0.117147135895246	348	1.25953512316662
"rs464728"	0.117189639469164	348	1.32818245598536
"rs1609058"	0.117224880613576	348	0.731728721748917
"rs1190205"	0.117225798501659	348	0.849525592213669
"rs657436"	0.117257958505555	348	1.3403960468267
"rs1712983"	0.117281414732039	348	1.30246199900701
"rs471739"	0.117318887680246	348	1.3324299828188
"rs494478"	0.117328665748881	348	1.62080848271132
"rs932038"	0.117364591492137	348	0.662808892092087
"rs933424"	0.117364591492137	348	0.662808892092087
"rs933638"	0.117364591492137	348	0.662808892092087
"rs933760"	0.117364591492137	348	0.662808892092087
"rs404705"	0.117368586383416	348	0.712092600303237
"rs2080305"	0.117413929841314	348	0.646506640018234
"rs677381"	0.117454254601286	348	0.818324438587895
"rs2121677"	0.117549957487888	348	1.16974321460867
"rs1561762"	0.117665831241711	348	1.27401584114141
"rs1561799"	0.117665831241715	348	1.27401584114141
"rs620149"	0.11767712205741	348	0.751806804413059
"rs1773397"	0.117702163839903	348	1.2914683875419
"rs1963655"	0.117743002866405	348	0.741039157005769
"rs1963672"	0.117743002866405	348	0.741039157005769
"rs1963678"	0.117743002866405	348	0.741039157005769
"rs2121694"	0.117749677644581	348	1.16968850861796
"rs2121695"	0.117749677644581	348	1.16968850861796
"rs2121697"	0.117749677644581	348	1.16968850861796
"rs2121699"	0.117749677644581	348	1.16968850861796
"rs775798"	0.117772364557013	348	1.20353921967643
"rs2110688"	0.118057581254345	348	0.874406544232743
"rs1896933"	0.118065277036219	348	1.30972977342836
"rs1907689"	0.118111397946499	348	0.762691242019778
"rs1907690"	0.118111397946499	348	0.762691242019778
"rs22739"	0.118172042033945	348	1.61416343805281
"rs1638936"	0.118182029450126	348	1.20510920109436
"rs679851"	0.118269297045153	348	0.754884511435374
"rs934102"	0.118276295678412	348	0.662123952210726
"rs1959816"	0.118277906003111	348	1.37418598081074
"rs1065802"	0.118325546349813	348	1.81432735947001
"rs146168"	0.118351970881314	348	1.11788696711423
"rs1402862"	0.118359403488753	348	1.67212216737673
"rs2132200"	0.118379959973223	348	0.721847161309572
"rs1771894"	0.118382059221773	348	1.30116056528125
"rs1826062"	0.118471725936537	348	0.740145837544008
"rs854454"	0.118479175467047	348	0.790713213791573
"rs2020545"	0.118483407088674	348	1.45027313379185
"rs1687662"	0.118503792264317	348	1.33985299099474
"rs598026"	0.118517378205987	348	1.09507133320384
"rs735409"	0.118569981155777	348	0.693703830531154
"rs896529"	0.118580253453911	348	1.24929881222269
"rs1139393"	0.118585550400748	348	1.56093350718945
"rs1139399"	0.118585550400748	348	1.56093350718945
"rs1139681"	0.118585550400748	348	1.56093350718945
"rs806918"	0.118595013045383	348	0.434829469774441
"rs364950"	0.118664616469564	348	0.684642990337937
"rs2117629"	0.118669919408451	348	0.825442699751309
"rs2117632"	0.118669919408451	348	0.825442699751309
"rs2117668"	0.118669919408451	348	0.825442699751309
"rs938328"	0.118681334409465	348	0.757040625449811
"rs565238"	0.118702399397319	348	0.77777902031901
"rs565243"	0.118702399397319	348	0.77777902031901
"rs933765"	0.11872718111382	348	0.664379450505381
"rs742262"	0.118730414068147	348	1.30750747472425
"rs372634"	0.118732918965525	348	0.625895787558434
"rs854551"	0.118949261647711	348	1.24167451584455
"rs116368"	0.118964159150772	348	0.83658184046119
"rs594694"	0.118978046531126	348	0.66624269179624
"rs593041"	0.119000762794758	348	0.641957421258931
"rs593211"	0.119000762794758	348	0.641957421258931
"rs593415"	0.119000762794758	348	0.641957421258931
"rs595704"	0.119000762794758	348	0.641957421258931
"rs596011"	0.119000762794758	348	0.641957421258931
"rs596022"	0.119000762794758	348	0.641957421258931
"rs596023"	0.119000762794758	348	0.641957421258931
"rs596025"	0.119000762794758	348	0.641957421258931
"rs596028"	0.119000762794758	348	0.641957421258931
"rs596031"	0.119000762794758	348	0.641957421258931
"rs596040"	0.119000762794758	348	0.641957421258931
"rs596043"	0.119000762794758	348	0.641957421258931
"rs596064"	0.119000762794758	348	0.641957421258931
"rs596840"	0.119000762794758	348	0.641957421258931
"rs596846"	0.119000762794758	348	0.641957421258931
"rs210111"	0.11905870598882	348	1.30395278820075
"rs1068211"	0.119084432567871	348	1.46177712173347
"rs1068213"	0.119084432567871	348	1.46177712173347
"rs1907009"	0.119091690293666	348	1.61183454949572
"rs2060404"	0.119199429334184	348	1.36751617164226
"rs510964"	0.119216141370639	348	1.37556192708235
"rs510982"	0.119216141370639	348	1.37556192708235
"rs929893"	0.119236360557832	348	0.664036172400384
"rs226323"	0.119293338803435	348	0.789228805128324
"rs1105590"	0.119338472554155	348	0.688855759474661
"rs1593475"	0.119353798336061	348	0.724560031872266
"rs624673"	0.119370517420311	348	128.337086815146
"rs624677"	0.119370517420311	348	128.337086815146
"rs624682"	0.119370517420311	348	128.337086815146
"rs624683"	0.119370517420311	348	128.337086815146
"rs624691"	0.119370517420311	348	128.337086815146
"rs673443"	0.119370517420311	348	128.337086815146
"rs673445"	0.119370517420311	348	128.337086815146
"rs1946286"	0.119370517420311	348	128.337086815146
"rs483557"	0.119397731628832	348	1.74549074420035
"rs145239"	0.119428107369689	348	1.22564411897061
"rs2106797"	0.119444046136472	348	0.757642130388275
"rs1058619"	0.119455187669843	348	0.703593879382229
"rs1125389"	0.119470190796698	348	0.772369981213958
"rs566580"	0.119572378799838	348	1.24519139611453
"rs951096"	0.119600088672205	348	1.45917272905161
"rs951100"	0.119600088672205	348	1.45917272905161
"rs951101"	0.119600088672205	348	1.45917272905161
"rs1961563"	0.119652322024691	348	1.13938757664326
"rs1515750"	0.119724274140225	348	1.14263713092048
"rs265098"	0.119736063378998	348	0.510850740456079
"rs929844"	0.119747179814071	348	0.665452997557857
"rs929889"	0.119747179814071	348	0.665452997557857
"rs932303"	0.119747179814071	348	0.665452997557857
"rs934516"	0.119747179814071	348	0.665452997557857
"rs3292"	0.119750525037105	348	1.41176674887314
"rs493935"	0.119761102767341	348	1.43938174234316
"rs1609179"	0.119774016698917	348	1.32429519717331
"rs116589"	0.119814916737816	348	0.863525010456202
"rs989161"	0.119816613985883	348	1.22636945290245
"rs933169"	0.119817335559567	348	0.665511143900585
"rs935266"	0.119838379603034	348	0.665999824780214
"rs1106268"	0.119868699930188	348	0.741513127829771
"rs896989"	0.119964776279029	348	0.906201889090042
"rs303529"	0.120018648452511	348	1.48899323577435
"rs1879679"	0.120076007202365	348	1.32189882268812
"rs266164"	0.120182720370931	348	1.30729651192966
"rs563949"	0.120187209609704	348	0.788573843203412
"rs1696282"	0.120277218349104	348	1.89512795212355
"rs1696343"	0.120277218349104	348	1.89512795212355
"rs1789105"	0.120277218349104	348	1.89512795212355
"rs1799495"	0.120277218349104	348	1.89512795212355
"rs1803228"	0.120277218349107	348	1.89512795212355
"rs1813434"	0.120277218349108	348	1.89512795212356
"rs233205"	0.120278845483017	348	1.42820737646045
"rs2182518"	0.12030381993508	348	0.633933013674008
"rs226497"	0.120310808915542	348	1.13973098051219
"rs73736"	0.120332543504049	348	0.655300590747707
"rs847498"	0.120348551466651	348	1.30295038637
"rs327307"	0.120382329653733	348	1.5719475817188
"rs1485160"	0.120598436906416	348	0.754411735048346
"rs942478"	0.120653591393733	348	1.55207312411259
"rs1741476"	0.120759948338364	348	1.3595590731919
"rs263900"	0.120775052414036	348	1.2705848459318
"rs22740"	0.120795597112175	348	1.60320761187403
"rs22744"	0.120795597112175	348	1.60320761187403
"rs22747"	0.120795597112175	348	1.60320761187403
"rs1663725"	0.12081972475134	348	1.35791580429871
"rs1663730"	0.12081972475134	348	1.35791580429871
"rs1663731"	0.12081972475134	348	1.35791580429871
"rs1663732"	0.12081972475134	348	1.35791580429871
"rs1663733"	0.12081972475134	348	1.35791580429871
"rs1663738"	0.12081972475134	348	1.35791580429871
"rs1362964"	0.120831309537804	348	0.66373173716192
"rs545585"	0.120902292890103	348	1.24750743724497
"rs224129"	0.120912678448556	348	1.37501135200177
"rs775705"	0.120926115599487	348	1.20214847487575
"rs305944"	0.120937968995267	348	0.634331942073555
"rs306093"	0.120937968995267	348	0.634331942073555
"rs1452115"	0.120944181969269	348	1.33655707005079
"rs41944"	0.120948712046764	348	1.5811666624579
"rs1314635"	0.121029107546816	348	0.732120705897081
"rs1946423"	0.121050175395668	348	1.33636478384244
"rs1946462"	0.121050175395668	348	1.33636478384244
"rs1946477"	0.121050175395677	348	1.33636478384244
"rs1946486"	0.121050175395677	348	1.33636478384244
"rs1946501"	0.121050175395677	348	1.33636478384244
"rs1649352"	0.121114116470836	348	1.60791037978112
"rs1649353"	0.121114116470836	348	1.60791037978112
"rs74947"	0.121217103418872	348	0.582262175550707
"rs1661651"	0.12129339412227	348	0.730422803458263
"rs613603"	0.121295730518816	348	0.599535943182756
"rs848349"	0.121311511485704	348	1.75289577435606
"rs424692"	0.121356336659321	348	1.44228496913814
"rs1796010"	0.121373635976571	348	1.37785097084215
"rs1796046"	0.121373635976571	348	1.37785097084215
"rs211919"	0.121390136037349	348	1.4643412401936
"rs2012587"	0.121421488865459	348	1.65131128397265
"rs1963947"	0.121447381596003	348	1.50567139688448
"rs117628"	0.121465128744332	348	0.836794179956291
"rs930824"	0.121515214561081	348	0.661577412824501
"rs1022710"	0.121573774647915	348	1.55077083379995
"rs157382"	0.121614382731149	348	0.871734877580998
"rs351282"	0.121757461356079	348	0.705245773805491
"rs506172"	0.121810339187584	348	0.560382366374073
"rs877379"	0.121867018707515	348	1.30980810127461
"rs1127320"	0.12187176080725	348	1.34854164355187
"rs151868"	0.121881692090255	348	0.789441676805836
"rs1651814"	0.12191869242558	348	1.69576911949445
"rs1708606"	0.12193115526405	348	1.34048275102317
"rs116484"	0.122001304669705	348	0.867991849691649
"rs101106"	0.122004768053632	348	0.716316207630498
"rs2170432"	0.122020914908453	348	1.15142872977949
"rs1589593"	0.122045511938511	348	1.58657215055732
"rs1589743"	0.122045511938511	348	1.58657215055732
"rs1589982"	0.122045511938511	348	1.58657215055732
"rs1092648"	0.122102467181426	348	0.728941388480879
"rs1715342"	0.122102519208908	348	1.26488069941351
"rs297939"	0.122127265599792	348	0.774157118432425
"rs2172474"	0.122154610535857	348	1.30263939270724
"rs1398257"	0.122182642986955	348	0.738435347428631
"rs152956"	0.122200570057602	348	0.594259725921819
"rs1561730"	0.122207275707892	348	1.07684898754595
"rs1943281"	0.122233114611567	348	0.740700728079449
"rs1943290"	0.122233114611567	348	0.740700728079449
"rs1943356"	0.122233114611567	348	0.740700728079449
"rs202424"	0.122245891955337	348	0.70404917912704
"rs896494"	0.122267215017198	348	1.2317220048332
"rs436769"	0.122271314800917	348	0.779526354533154
"rs410218"	0.122285676730712	348	0.737090765681262
"rs544934"	0.122306935286966	348	1.28524042832407
"rs46752"	0.122327493306194	348	0.750298709513589
"rs46779"	0.122327493306194	348	0.750298709513589
"rs1327121"	0.122347634729939	348	1.44814946872006
"rs295271"	0.122392851080294	348	1.26847550019626
"rs152219"	0.1224272549471	348	0.72053476717002
"rs1941765"	0.122468701802406	348	0.708981902292549
"rs1364584"	0.122478967075102	348	1.18279943670901
"rs1844730"	0.122512791193345	348	0.712056457995237
"rs254462"	0.122618102583468	348	1.1674780812453
"rs1715340"	0.122618991139481	348	1.27066101340392
"rs1715341"	0.122618991139481	348	1.27066101340392
"rs163595"	0.122738571087599	348	0.779394374971983
"rs2144256"	0.122762330934049	348	1.31441245894527
"rs2144257"	0.122762330934049	348	1.31441245894527
"rs2144263"	0.122762330934049	348	1.31441245894527
"rs2144273"	0.122762330934049	348	1.31441245894527
"rs2144275"	0.122762330934049	348	1.31441245894527
"rs2144281"	0.122762330934049	348	1.31441245894527
"rs2158932"	0.122776407657872	348	1.14385389939458
"rs2158933"	0.122776407657872	348	1.14385389939458
"rs1738032"	0.122787690001606	348	1.18348875811263
"rs273035"	0.122794951018362	348	1.29558257340359
"rs226805"	0.122811497383234	348	1.47546355869252
"rs589487"	0.122829992392416	348	1.30621130959188
"rs303777"	0.122868607235019	348	1.52930266263195
"rs181669"	0.122900862990114	348	0.743318931890415
"rs463982"	0.122908638292921	348	0.638488456678847
"rs492173"	0.122923678382896	348	0.722832024608041
"rs322623"	0.122964453497692	348	0.775178460192146
"rs225393"	0.122981320509107	348	0.721297229512131
"rs43522"	0.123027533809789	348	1.37591392959885
"rs43530"	0.123027533809789	348	1.37591392959885
"rs596977"	0.123045009279669	348	0.809671829249807
"rs2117872"	0.123055844440599	348	1.42489790501776
"rs1806682"	0.123073526190144	348	1.40274539580609
"rs153810"	0.123074643237773	348	0.594373744587405
"rs210914"	0.123074643237785	348	0.594373744587404
"rs212593"	0.123074643237785	348	0.594373744587404
"rs267097"	0.123074643237785	348	0.594373744587404
"rs1530778"	0.123074643237785	348	0.594373744587404
"rs1531212"	0.123074643237785	348	0.594373744587404
"rs224558"	0.123074643237787	348	0.594373744587405
"rs224561"	0.123074643237787	348	0.594373744587405
"rs224627"	0.123074643237787	348	0.594373744587405
"rs224714"	0.123074643237787	348	0.594373744587405
"rs1533265"	0.123085340313471	348	0.673252023217885
"rs145929"	0.123090354632772	348	1.16872130447176
"rs322100"	0.123094698267372	348	1.43837583094793
"rs1964486"	0.123110130779032	348	0.699465175470353
"rs23486"	0.123110651780442	348	1.264267726891
"rs23489"	0.123110651780442	348	1.264267726891
"rs23491"	0.123110651780442	348	1.264267726891
"rs23492"	0.123110651780442	348	1.264267726891
"rs23501"	0.123110651780442	348	1.264267726891
"rs493740"	0.123183063828143	348	1.48014947620789
"rs493745"	0.123183063828143	348	1.48014947620789
"rs305293"	0.123183660837001	348	0.852765338990114
"rs1354388"	0.123188007770366	348	1.3255830552519
"rs1713501"	0.123210521824864	348	1.23310307993876
"rs105298"	0.123220977705162	348	0.797653214740968
"rs934308"	0.123240802373945	348	0.666497966578543
"rs862599"	0.123258656416696	348	1.30291098726631
"rs238943"	0.123279601711827	348	1.63799599846835
"rs282365"	0.123328179976445	348	1.56964745980699
"rs284013"	0.123328179976445	348	1.56964745980699
"rs284226"	0.123328179976445	348	1.56964745980699
"rs285388"	0.123328179976445	348	1.56964745980699
"rs286193"	0.123328179976445	348	1.56964745980699
"rs1894722"	0.123336302222252	348	0.430458100332959
"rs253264"	0.123437876787714	348	0.667682505958443
"rs1452508"	0.123480914658584	348	1.31217561548613
"rs1772816"	0.123520676055912	348	1.29026363701092
"rs329533"	0.123529695537721	348	0.589189209247178
"rs2100958"	0.123539649832299	348	0.69862174131366
"rs1707307"	0.123595188713186	348	1.30813250867478
"rs1707316"	0.123595188713186	348	1.30813250867478
"rs1707317"	0.123595188713186	348	1.30813250867478
"rs1707325"	0.123595188713186	348	1.30813250867478
"rs1707326"	0.123595188713186	348	1.30813250867478
"rs1707328"	0.123595188713186	348	1.30813250867478
"rs1707333"	0.123595188713186	348	1.30813250867478
"rs1707391"	0.123595188713186	348	1.30813250867478
"rs1707402"	0.123595188713186	348	1.30813250867478
"rs618481"	0.123598006394464	348	1.46389623012553
"rs298584"	0.123601403440913	348	1.09054404639789
"rs319174"	0.123626559947303	348	0.476610149187704
"rs319237"	0.123626559947303	348	0.476610149187704
"rs319279"	0.123626559947303	348	0.476610149187704
"rs1292747"	0.123701968011605	348	1.26849521704389
"rs465236"	0.123722207431486	348	0.793492810033785
"rs465240"	0.123722207431486	348	0.793492810033785
"rs454097"	0.123737899087724	348	0.53585101066513
"rs2170203"	0.123740376466275	348	1.20894506832694
"rs1772870"	0.123771706404177	348	1.28869836381239
"rs1772915"	0.123771706404177	348	1.28869836381239
"rs1772942"	0.123771706404177	348	1.28869836381239
"rs1772949"	0.123771706404177	348	1.28869836381239
"rs725912"	0.123781596889612	348	1.4290825651204
"rs776058"	0.123799137393497	348	1.19628825770349
"rs2008329"	0.12383556150634	348	0.388397115304118
"rs1773320"	0.123840192976702	348	1.28864195042735
"rs1312344"	0.123846846179528	348	1.45287967283372
"rs237176"	0.123853130414034	348	0.756287227039304
"rs892864"	0.123870772589688	348	1.40550017800408
"rs473353"	0.123871908261479	348	1.18043616733144
"rs739644"	0.123897852310113	348	0.628238569523363
"rs1773149"	0.123908442227753	348	1.2885853967248
"rs1403030"	0.123946756725405	348	1.65492490843625
"rs868176"	0.123955576080609	348	1.48875935212699
"rs1171599"	0.124039181783528	348	0.897752425452239
"rs1143274"	0.124073647634821	348	0.665887075002092
"rs1358000"	0.124123938625719	348	0.738440753697343
"rs146369"	0.124202749399512	348	1.16341695651113
"rs1316835"	0.124228923755918	348	0.588135852110052
"rs2159109"	0.124247098704806	348	1.26757871709552
"rs2159110"	0.124247098704806	348	1.26757871709552
"rs2159118"	0.124247098704806	348	1.26757871709552
"rs1347334"	0.124317223520671	348	1.35280746967649
"rs116584"	0.124328309296213	348	0.86500672749545
"rs1417893"	0.124341112024421	348	1.39926952170676
"rs1114871"	0.124378636675729	348	0.812902972437574
"rs42945"	0.124394558088797	348	1.2079940880396
"rs376781"	0.124408642853721	348	0.637924598411847
"rs855800"	0.124409280476487	348	1.24808783503534
"rs188987"	0.124472684905139	348	1.51254230868867
"rs1964482"	0.124533925963881	348	0.697006753010253
"rs341302"	0.124543157041126	348	1.27014648297474
"rs545426"	0.124545802539991	348	0.799025493733065
"rs2053437"	0.124546083848367	348	1.38650373512539
"rs2053452"	0.124546083848367	348	1.38650373512539
"rs1124211"	0.124577380688907	348	1.54667970640078
"rs718859"	0.124597819125164	348	0.712580612145203
"rs734994"	0.124606145830161	348	1.3702631020837
"rs162255"	0.124630640330173	348	0.794384571041684
"rs2170732"	0.124640896889853	348	1.19052554640917
"rs1364588"	0.124668707485248	348	1.18168356369084
"rs1052838"	0.124713459582524	348	0.655469632512588
"rs1886384"	0.124740566095258	348	0.615176865827594
"rs486051"	0.124906750415398	348	0.649642720447746
"rs486058"	0.124906750415398	348	0.649642720447746
"rs486061"	0.124906750415398	348	0.649642720447746
"rs486064"	0.124906750415398	348	0.649642720447746
"rs486067"	0.124906750415398	348	0.649642720447746
"rs486070"	0.124906750415398	348	0.649642720447746
"rs264251"	0.124931103707365	348	1.08708334817479
"rs1171726"	0.12498592633211	348	0.797683461864693
"rs2143707"	0.124994950385035	348	1.32485118852455
"rs1293056"	0.125056484145593	348	0.80584954059242
"rs150343"	0.125071810065957	348	1.4720082280358
"rs1997920"	0.125116634356063	348	0.783573584240609
"rs775011"	0.125125373372619	348	1.34744681717015
"rs2085207"	0.125140057308804	348	0.590350851854167
"rs1303149"	0.125140057308811	348	0.590350851854167
"rs1305252"	0.125140057308813	348	0.590350851854164
"rs270216"	0.125241063263777	348	0.596748407672691
"rs454774"	0.125246620370502	348	1.27474503524736
"rs417318"	0.125254756259029	348	1.46997992455538
"rs1117357"	0.125272349538944	348	1.64355310176694
"rs2016492"	0.125272349538944	348	1.64355310176694
"rs2016510"	0.125272349538944	348	1.64355310176694
"rs2017634"	0.125272349538944	348	1.64355310176694
"rs1080156"	0.125272349538947	348	1.64355310176694
"rs1080528"	0.125272349538947	348	1.64355310176694
"rs1081730"	0.125272349538947	348	1.64355310176694
"rs1097138"	0.125272349538947	348	1.64355310176694
"rs1097334"	0.125272349538947	348	1.64355310176694
"rs1098929"	0.125272349538947	348	1.64355310176694
"rs1099096"	0.125272349538947	348	1.64355310176694
"rs1099111"	0.125272349538947	348	1.64355310176694
"rs1099156"	0.125272349538947	348	1.64355310176694
"rs1100133"	0.125272349538947	348	1.64355310176694
"rs1110407"	0.125272349538947	348	1.64355310176694
"rs1115689"	0.125272349538947	348	1.64355310176694
"rs1115691"	0.125272349538947	348	1.64355310176694
"rs1115694"	0.125272349538947	348	1.64355310176694
"rs1115701"	0.125272349538947	348	1.64355310176694
"rs1115731"	0.125272349538947	348	1.64355310176694
"rs2011509"	0.125272349538947	348	1.64355310176694
"rs2012032"	0.125272349538947	348	1.64355310176694
"rs2012339"	0.125272349538947	348	1.64355310176694
"rs2012423"	0.125272349538947	348	1.64355310176694
"rs2013753"	0.125272349538947	348	1.64355310176694
"rs2015305"	0.125272349538947	348	1.64355310176694
"rs2015524"	0.125272349538947	348	1.64355310176694
"rs2017828"	0.125272349538947	348	1.64355310176694
"rs2019535"	0.125272349538947	348	1.64355310176694
"rs1097781"	0.125272349538949	348	1.64355310176694
"rs2019014"	0.125272349538949	348	1.64355310176694
"rs2015075"	0.125272349538951	348	1.64355310176694
"rs2015080"	0.125272349538951	348	1.64355310176694
"rs2015125"	0.125272349538951	348	1.64355310176694
"rs1623831"	0.125297173220453	348	1.24499116190134
"rs712174"	0.125318073578171	348	1.38062070325603
"rs1704709"	0.125329798816949	348	1.32443230906225
"rs189271"	0.125350528113884	348	0.694813865228741
"rs282343"	0.125375092004587	348	0.819445176182194
"rs1976309"	0.125380124533959	348	0.765426805074787
"rs937477"	0.125385277391603	348	0.606928111531768
"rs1894970"	0.125387677715589	348	0.430325261787899
"rs304377"	0.125404903878007	348	0.295309800959542
"rs2121700"	0.125409681877209	348	1.18570816817518
"rs2121701"	0.125409681877209	348	1.18570816817518
"rs2121704"	0.125409681877209	348	1.18570816817518
"rs410769"	0.125424864504463	348	1.29446507660788
"rs1894433"	0.125432460483864	348	0.432398109732763
"rs2148626"	0.125445526452888	348	1.27420213492261
"rs1331639"	0.125456580549658	348	1.69041493359552
"rs1332271"	0.125456580549658	348	1.69041493359552
"rs1740153"	0.125486568074257	348	0.690492738779553
"rs1978762"	0.125497371344621	348	0.805741631946105
"rs290493"	0.125544466131927	348	1.56901664826746
"rs776380"	0.125567101027696	348	1.34852674641319
"rs113337"	0.12556803531428	348	0.84421232993137
"rs1363675"	0.125589156110431	348	1.20203612140092
"rs1127694"	0.125649152224434	348	0.715867255056398
"rs564872"	0.125719969026639	348	0.752666040090886
"rs1860692"	0.125728817796006	348	0.697799499511462
"rs135116"	0.125803154580976	348	0.794071262350418
"rs135122"	0.125803154580976	348	0.794071262350418
"rs135140"	0.125803154580976	348	0.794071262350418
"rs2116507"	0.12580897160095	348	0.80636343044461
"rs224288"	0.125848011582357	348	1.32635708791229
"rs942601"	0.125910939136238	348	1.52346313006664
"rs942643"	0.125910939136238	348	1.52346313006664
"rs942652"	0.125910939136238	348	1.52346313006664
"rs1361360"	0.125924844208279	348	1.51822130425396
"rs1663642"	0.125931278158419	348	1.35538318798781
"rs1662274"	0.126016209199752	348	1.67937991789295
"rs1791901"	0.126047500805384	348	1.1498791287669
"rs590432"	0.126060977181996	348	0.772661733018023
"rs35878"	0.126088807773983	348	0.728047101772339
"rs437729"	0.126103367964714	348	0.691608833716258
"rs2159101"	0.126108106627925	348	1.26106152618539
"rs1316977"	0.126113286628266	348	1.44647042948797
"rs1771817"	0.126125260582868	348	1.29516086503013
"rs42623"	0.126134607484369	348	1.33743047213939
"rs1051210"	0.126178066284986	348	1.3923451345806
"rs1720090"	0.12625987697708	348	1.32680445500252
"rs1720096"	0.12625987697708	348	1.32680445500252
"rs1720102"	0.12625987697708	348	1.32680445500252
"rs1720108"	0.12625987697708	348	1.32680445500252
"rs2140421"	0.126267695136264	348	1.29916053393349
"rs410826"	0.12627711396981	348	1.27961565031635
"rs320675"	0.126289809564603	348	1.50644362783442
"rs1893868"	0.126315466143932	348	0.434083319781894
"rs321804"	0.126352359283268	348	1.46712882226674
"rs1737890"	0.126426776854005	348	1.1342286917405
"rs1286081"	0.126434337283284	348	0.811130200735739
"rs1677831"	0.126435169338712	348	1.29995975051272
"rs774795"	0.126480838275933	348	0.669519975411802
"rs488869"	0.126498469097772	348	0.574615092515573
"rs618507"	0.126514903621348	348	1.44110249130741
"rs561972"	0.126522847701577	348	0.82297377796613
"rs1710799"	0.126569357467394	348	1.3241125633919
"rs896057"	0.126582376573218	348	0.678284715468417
"rs1860747"	0.12658664663295	348	0.707737223529509
"rs366486"	0.126591188414423	348	1.35934989526069
"rs1399018"	0.126594909800745	348	1.10972837620119
"rs116585"	0.126607838814668	348	0.860782163034803
"rs224135"	0.126617298746141	348	1.34001746841618
"rs1470756"	0.12663122144559	348	1.2781626159882
"rs2053509"	0.126644783142518	348	1.3824227120646
"rs284438"	0.126681211510519	348	2.08416801700356
"rs285027"	0.126681211510519	348	2.08416801700356
"rs2062068"	0.126712149781303	348	0.71865614501931
"rs2210098"	0.12679563826032	348	0.724545372329143
"rs253457"	0.126819020383397	348	1.26036937212517
"rs1406526"	0.126846292647092	348	0.839001589188333
"rs489119"	0.126852723480681	348	0.874259254302795
"rs320231"	0.126888841149311	348	1.464504400324
"rs320234"	0.126888841149311	348	1.464504400324
"rs1357826"	0.126929701637169	348	0.409851126815464
"rs1124987"	0.1269302044472	348	1.1704254914516
"rs1921041"	0.126937088316456	348	1.40035285587801
"rs561860"	0.126940049084083	348	1.22173251733325
"rs1488302"	0.126942457120743	348	1.17773071110823
"rs341557"	0.12698556228422	348	0.682269549299383
"rs116113"	0.126989946196528	348	0.844148905887936
"rs116131"	0.126989946196528	348	0.844148905887936
"rs305076"	0.127014662257234	348	0.75148911182701
"rs1171594"	0.127050707082521	348	0.882832180113956
"rs844245"	0.127068438476648	348	0.780829477609158
"rs211990"	0.127100710993025	348	1.45018095320761
"rs1015070"	0.127152611220624	348	0.48736761169444
"rs1316729"	0.127200261664782	348	1.26707321582691
"rs702124"	0.127222689113598	348	0.872903887685918
"rs1415763"	0.127241716732226	348	1.29100522482913
"rs1737904"	0.127245253792748	348	1.22783921919142
"rs1035831"	0.127251780953532	348	1.10224765873409
"rs2010972"	0.127288571605456	348	1.57631983118544
"rs1896929"	0.127295173084707	348	0.434145830095447
"rs1318569"	0.127298025754576	348	1.31474832670507
"rs322461"	0.127338189674544	348	0.750001084345362
"rs492827"	0.12734342979177	348	0.898631402138308
"rs1602091"	0.127363020632377	348	1.45740253967684
"rs453673"	0.127411629775173	348	1.53562173247458
"rs290650"	0.127440108841847	348	0.799125200719569
"rs1445596"	0.127459454736185	348	0.714394078217502
"rs306432"	0.127512670692453	348	0.633131998531577
"rs306607"	0.127512670692453	348	0.633131998531577
"rs354439"	0.127521916990099	348	1.41527735920283
"rs2006824"	0.127537314303385	348	0.767032264073003
"rs2006832"	0.127537314303385	348	0.767032264073003
"rs2006836"	0.127537314303385	348	0.767032264073003
"rs2006837"	0.127537314303385	348	0.767032264073003
"rs2006842"	0.127537314303385	348	0.767032264073003
"rs556535"	0.127560258466968	348	1.24053713121738
"rs2219687"	0.127587013010457	348	0.714237683586773
"rs395914"	0.127599428872434	348	1.5661287148205
"rs395920"	0.127599428872434	348	1.5661287148205
"rs255690"	0.12761277030122	348	1.15999998298912
"rs1156105"	0.127665618813244	348	0.681805781517739
"rs1156107"	0.127665618813244	348	0.681805781517739
"rs339346"	0.127780667142867	348	0.629901989070866
"rs273013"	0.127784442310049	348	1.33849804555869
"rs1959643"	0.127784681089105	348	1.38793117929289
"rs1738450"	0.127786391515312	348	0.793945514653083
"rs1548033"	0.127813000362462	348	0.790038251254713
"rs2112109"	0.127845371702773	348	1.14904064451342
"rs707367"	0.127853526135704	348	1.48842488503372
"rs1315392"	0.127883995682056	348	0.775638201866895
"rs1894705"	0.127892587474225	348	0.433178993952101
"rs177881"	0.12790806649632	348	0.752917162235365
"rs506028"	0.127945569789656	348	0.497051450789223
"rs506034"	0.127945569789656	348	0.497051450789223
"rs2021486"	0.12798794881925	348	0.533640388414226
"rs2021495"	0.12798794881925	348	0.533640388414226
"rs1895178"	0.12800202468415	348	0.434697174305026
"rs1716248"	0.128019562726757	348	1.30346735204199
"rs295350"	0.128034516670879	348	1.32593910190738
"rs1633450"	0.128052500521114	348	1.4955894338867
"rs1072146"	0.12807979719037	348	0.815937946099301
"rs237536"	0.128091877505796	348	1.31757167369581
"rs237537"	0.128091877505796	348	1.31757167369581
"rs260072"	0.128107849414334	348	0.58636150306366
"rs226671"	0.128112371525123	348	1.15355875696656
"rs145486"	0.128132723206446	348	0.856806690642142
"rs145513"	0.128132723206446	348	0.856806690642142
"rs145528"	0.128132723206446	348	0.856806690642142
"rs506947"	0.128182825577886	348	0.703961002465986
"rs1629648"	0.12821033296449	348	0.786386959072666
"rs1773456"	0.128216803462234	348	1.28501191495917
"rs1782709"	0.128242446572822	348	1.22232910478641
"rs1716516"	0.128275928306419	348	1.30563750957477
"rs2139620"	0.128295140170236	348	1.28370110429975
"rs264628"	0.128325970644807	348	1.19876333966956
"rs1895038"	0.128337002987055	348	0.434541859062285
"rs1327016"	0.128369048128863	348	1.32630846352234
"rs1327022"	0.128369048128863	348	1.32630846352234
"rs1327025"	0.128369048128863	348	1.32630846352234
"rs1327028"	0.128369048128863	348	1.32630846352234
"rs1772921"	0.128386990939134	348	1.28357243399192
"rs1104188"	0.128399557513213	348	1.73935474001808
"rs2214433"	0.128436287458125	348	1.48534993230929
"rs2170735"	0.128627238892027	348	1.18402586991819
"rs2185727"	0.128635987936585	348	1.29153440791585
"rs647549"	0.128637887987258	348	6365.65719400693
"rs167075"	0.12863788799465	348	2.07922000135399
"rs1329636"	0.12864195734974	348	0.744992097667629
"rs943054"	0.128678844657608	348	1.45082024691165
"rs943078"	0.128678844657608	348	1.45082024691165
"rs1720666"	0.128683340096418	348	1.37718260451004
"rs1720672"	0.128683340096418	348	1.37718260451004
"rs1720678"	0.128683340096418	348	1.37718260451004
"rs219454"	0.128700560160848	348	0.694977520511627
"rs262683"	0.128713860705334	348	0.820025923197061
"rs1114946"	0.128714656224221	348	0.800398763332652
"rs1064885"	0.128751423240439	348	0.76393421135285
"rs1681912"	0.128778917129137	348	1.40794022112999
"rs1164609"	0.128799229876163	348	0.81371711704932
"rs1164597"	0.128799229876164	348	0.813717117049319
"rs1164612"	0.128799229876164	348	0.813717117049319
"rs1164648"	0.128799229876172	348	0.813717117049319
"rs129967"	0.128877966507936	348	1.39216090383641
"rs1406128"	0.128879630904918	348	1.29587632609155
"rs147637"	0.128890794615599	348	1.1999259852962
"rs305364"	0.128934350471929	348	1.40831599593792
"rs305367"	0.128934350471929	348	1.40831599593792
"rs305368"	0.128934350471929	348	1.40831599593792
"rs305846"	0.128971216170823	348	0.725048576340367
"rs146364"	0.129016636593711	348	1.16141323065734
"rs116438"	0.129046580629034	348	0.860189862364797
"rs1297203"	0.129066746515026	348	0.637776163566697
"rs493115"	0.129173351518863	348	1.46338867816377
"rs93689"	0.129188353042591	348	0.664321591745714
"rs2117065"	0.129198413315807	348	0.834580934562343
"rs1698959"	0.129204293180404	348	1.35123989714066
"rs1698962"	0.129204293180404	348	1.35123989714066
"rs305365"	0.129242057500846	348	1.40801373712346
"rs1480472"	0.129245692748307	348	0.720753354421131
"rs2021853"	0.129246879173203	348	1.63518345501817
"rs980683"	0.129265115126873	348	0.730273843629497
"rs776364"	0.129269540410904	348	0.696671802903892
"rs532093"	0.129336681221759	348	0.832769091195973
"rs1125996"	0.12940615339292	348	0.708205660841
"rs347357"	0.129410968872195	348	1.25102057749277
"rs347358"	0.129410968872195	348	1.25102057749277
"rs347361"	0.129410968872195	348	1.25102057749277
"rs944584"	0.129445977728309	348	0.762945714959485
"rs1894966"	0.129458926396909	348	0.435192789032265
"rs820023"	0.129536447623057	348	0.699108936703475
"rs171967"	0.129573766288169	348	1.26241897034552
"rs1545293"	0.129584642805941	348	1.31114589620413
"rs1545296"	0.129584642805941	348	1.31114589620413
"rs116638"	0.12962286140198	348	0.855572884914865
"rs592382"	0.129634218345409	348	1.21670684741978
"rs352890"	0.129641059330338	348	0.741952564838496
"rs1622007"	0.129675819825171	348	1.47796300253392
"rs872521"	0.129751381452572	348	0.718194827296046
"rs2009298"	0.129775435727972	348	1.36922033001806
"rs465513"	0.12978889069726	348	0.717937861784936
"rs1085713"	0.129790734454585	348	1.34966771810388
"rs1085717"	0.129790734454585	348	1.34966771810388
"rs116778"	0.129810333758616	348	0.847863705700927
"rs298091"	0.12990750725181	348	0.84279804516372
"rs1000201"	0.129937549036114	348	1.41246533129458
"rs1000220"	0.129937549036114	348	1.41246533129458
"rs1752427"	0.12995264704876	348	1.23731662213349
"rs1857156"	0.12998732557944	348	0.71831713545366
"rs48818"	0.13001049206397	348	0.646843279871619
"rs31732"	0.130034338078485	348	0.782538773497028
"rs469190"	0.130063944323691	348	1.30387882301827
"rs1672410"	0.130074260770073	348	1.19813073235361
"rs1653238"	0.130078726405319	348	0.654444341529397
"rs476414"	0.130086056484078	348	0.719594083522694
"rs711574"	0.13009004258011	348	1.53901328309455
"rs712018"	0.13009004258011	348	1.53901328309455
"rs712516"	0.13009004258011	348	1.53901328309455
"rs712578"	0.13009004258011	348	1.53901328309455
"rs113101"	0.13011672924117	348	0.851679456450406
"rs409621"	0.130146909564045	348	1.27881966133301
"rs409608"	0.130146909564048	348	1.27881966133301
"rs1488650"	0.130171232033298	348	1.13121254945011
"rs116362"	0.13017434981294	348	0.849801005638887
"rs116787"	0.13017434981294	348	0.849801005638887
"rs117009"	0.13017434981294	348	0.849801005638887
"rs117060"	0.13017434981294	348	0.849801005638887
"rs117189"	0.13017434981294	348	0.849801005638887
"rs117219"	0.13017434981294	348	0.849801005638887
"rs117324"	0.13017434981294	348	0.849801005638887
"rs117330"	0.13017434981294	348	0.849801005638887
"rs117351"	0.13017434981294	348	0.849801005638887
"rs117363"	0.13017434981294	348	0.849801005638887
"rs117417"	0.13017434981294	348	0.849801005638887
"rs117508"	0.13017434981294	348	0.849801005638887
"rs117595"	0.13017434981294	348	0.849801005638887
"rs117697"	0.13017434981294	348	0.849801005638887
"rs117715"	0.13017434981294	348	0.849801005638887
"rs2036890"	0.130188854903419	348	0.722448485737923
"rs1194277"	0.130189257028122	348	0.76398836405803
"rs1750580"	0.130226405100385	348	1.81069536198671
"rs1906681"	0.130241207674743	348	1.19835647698446
"rs1900444"	0.130305690043425	348	1.37834292163346
"rs1981226"	0.13032003979105	348	0.476370919427285
"rs163305"	0.130355643472926	348	0.685275840616614
"rs778038"	0.13039078008363	348	1.23576801871928
"rs778215"	0.13039078008363	348	1.23576801871928
"rs778445"	0.13039078008363	348	1.23576801871928
"rs781829"	0.13039078008363	348	1.23576801871928
"rs728297"	0.130403881515659	348	1.43784360511775
"rs507303"	0.130440670143596	348	1.66241841445971
"rs508775"	0.130440670143599	348	1.66241841445972
"rs467145"	0.130443995256876	348	0.776507000055516
"rs254830"	0.130444602255542	348	1.22983151199832
"rs1403117"	0.130462527411266	348	1.20902323859192
"rs1345816"	0.130484188613337	348	1.32876430902252
"rs2139355"	0.130494596897761	348	1.30728099646624
"rs1009365"	0.13050719658251	348	0.59634404705577
"rs22743"	0.130519227343508	348	1.58883550759382
"rs933815"	0.130554342324587	348	0.666506277333319
"rs936547"	0.130589761726518	348	0.727199660568506
"rs2182406"	0.130640714223991	348	0.641834671843767
"rs1050964"	0.130644677920836	348	1.39831162484667
"rs427962"	0.13064893491647	348	0.759117523564063
"rs578527"	0.130668426854604	348	0.783600295676433
"rs282376"	0.130693332521201	348	0.812064760759942
"rs1896927"	0.130708974867557	348	0.435053405119988
"rs1560254"	0.130715262612651	348	0.736332991440757
"rs141542"	0.130717929910194	348	1.21711295995256
"rs175596"	0.130728825593767	348	1.45622094108061
"rs2089735"	0.13075008389275	348	1.28407811572424
"rs124448"	0.130782944158111	348	0.784612482894947
"rs1981063"	0.130814132669818	348	1.28686932714854
"rs305910"	0.130841646663996	348	0.644494129504636
"rs304431"	0.130884282307832	348	1.18656085836206
"rs1931800"	0.130914728549652	348	1.78093987129227
"rs1932422"	0.130914728549664	348	1.78093987129228
"rs326020"	0.13093735802779	348	0.76902137115206
"rs929328"	0.130940038806246	348	0.674214263815533
"rs1886349"	0.130948972022363	348	1.43467671815442
"rs510066"	0.130957454411281	348	1.2671636380751
"rs1789175"	0.13097817307002	348	1.38557624517214
"rs2218192"	0.131017437199973	348	1.42974685213707
"rs2218211"	0.131017437199973	348	1.42974685213707
"rs2218233"	0.131017437199973	348	1.42974685213707
"rs2218235"	0.131017437199973	348	1.42974685213707
"rs2218237"	0.131017437199973	348	1.42974685213707
"rs2218242"	0.131017437199973	348	1.42974685213707
"rs1340271"	0.131030444854901	348	1.51570136442115
"rs775836"	0.131042552454516	348	0.791151422031062
"rs320102"	0.131079062106256	348	1.49885577916928
"rs134233"	0.131119378756674	348	0.791867651784209
"rs320635"	0.131185834683075	348	1.49860869988451
"rs698200"	0.131208447623391	348	1.35683753308638
"rs116419"	0.131217033136926	348	0.857138356340169
"rs770586"	0.131229640877673	348	1.22998471506696
"rs2148691"	0.131238846406176	348	1.19954647720459
"rs2148694"	0.131238846406176	348	1.19954647720459
"rs46228"	0.131242756162753	348	1.33284121869492
"rs113993"	0.131296258517934	348	0.852661344233076
"rs1006511"	0.131314695066289	348	1.40062166188776
"rs1895076"	0.131316965278161	348	0.43562498959476
"rs122109"	0.131366415191872	348	0.72536160684646
"rs99135"	0.131376862872581	348	0.862810602821079
"rs1743026"	0.131378176912507	348	0.752510607820138
"rs1886837"	0.131386929534789	348	0.745491304710936
"rs2080795"	0.131389062080672	348	0.555467483623945
"rs2080804"	0.131389062080672	348	0.555467483623945
"rs2080805"	0.131389062080672	348	0.555467483623945
"rs2080822"	0.131389062080672	348	0.555467483623945
"rs2080825"	0.131389062080672	348	0.555467483623945
"rs2080827"	0.131389062080672	348	0.555467483623945
"rs2080848"	0.131389062080672	348	0.555467483623945
"rs2080849"	0.131389062080672	348	0.555467483623945
"rs2080867"	0.131389062080672	348	0.555467483623945
"rs2080870"	0.131389062080672	348	0.555467483623945
"rs1720336"	0.131390937210871	348	1.33039985630126
"rs1720351"	0.131390937210871	348	1.33039985630126
"rs1720354"	0.131390937210871	348	1.33039985630126
"rs2147397"	0.131433916780593	348	0.779799495525927
"rs1565370"	0.131516273839049	348	1.39980213927088
"rs1777333"	0.131516485528665	348	1.28666606655415
"rs352585"	0.131517060408999	348	0.734464322282254
"rs935448"	0.131583032080701	348	0.685800965709719
"rs880570"	0.131584499324736	348	1.33644757799228
"rs998695"	0.131593352812657	348	0.622058782318144
"rs146419"	0.131611397117406	348	0.871887819987756
"rs821910"	0.131651927883944	348	1.20653417584224
"rs1087020"	0.131662897828859	348	0.80339634893743
"rs677980"	0.131676791679185	348	1.70918314734559
"rs392956"	0.131680390479686	348	1.52401134211772
"rs392983"	0.131680390479686	348	1.52401134211772
"rs392986"	0.131680390479686	348	1.52401134211772
"rs190089"	0.131694198587382	348	1.72641928553186
"rs2133577"	0.13170230110554	348	1.21066507384863
"rs391934"	0.131706307693508	348	1.39978260129207
"rs391937"	0.131706307693508	348	1.39978260129207
"rs391949"	0.131706307693508	348	1.39978260129207
"rs391952"	0.131706307693508	348	1.39978260129207
"rs844257"	0.131755220307662	348	0.778668531796757
"rs775771"	0.131769965957142	348	1.19476049345582
"rs128564"	0.131811818608029	348	0.785315370825517
"rs1665143"	0.13186795755638	348	3.10893618865809
"rs225280"	0.131920922832344	348	1.21010973197516
"rs1470721"	0.131931327923209	348	1.25292609034286
"rs1858848"	0.131937128352652	348	1.36642174295772
"rs276057"	0.131979434521316	348	0.795315294161107
"rs1944807"	0.131996230797074	348	0.732354946536601
"rs1842441"	0.132029858634174	348	1.30500570212359
"rs1842462"	0.132029858634174	348	1.30500570212359
"rs1842537"	0.132029858634174	348	1.30500570212359
"rs1842558"	0.132029858634174	348	1.30500570212359
"rs645400"	0.132049208330074	348	0.594223628321077
"rs468831"	0.132056945053329	348	0.718214835477051
"rs469012"	0.13205694505333	348	0.71821483547705
"rs544187"	0.132197974131749	348	0.72300968522353
"rs1298858"	0.132224310046076	348	1.48250736563919
"rs1300408"	0.132352311713269	348	0.768710974318427
"rs1300403"	0.132352311713274	348	0.768710974318427
"rs42891"	0.132375813680078	348	0.850941203281274
"rs1079194"	0.132378523120774	348	0.69303342885597
"rs320033"	0.132404654828822	348	1.49133949308594
"rs320083"	0.132404654828822	348	1.49133949308594
"rs320086"	0.132404654828822	348	1.49133949308594
"rs1049524"	0.132439553410842	348	0.749461244334621
"rs713148"	0.132443220142612	348	1.48977178724928
"rs43635"	0.132465732547295	348	0.544386714238338
"rs1481644"	0.132513393504784	348	0.709142559841777
"rs869"	0.132530473916614	348	0.717170258676246
"rs291070"	0.132570490159467	348	1.21779175040448
"rs544379"	0.132609048893259	348	0.730325720203037
"rs921864"	0.132716826477812	348	1.67131874424039
"rs397107"	0.132727998985933	348	1.87211420258677
"rs2140823"	0.132762209050105	348	1.28539554327467
"rs417142"	0.132779612174969	348	1.46523505994697
"rs417201"	0.132779612174969	348	1.46523505994697
"rs407986"	0.132786655745718	348	1.28493876612301
"rs407999"	0.132786655745718	348	1.28493876612301
"rs408002"	0.132786655745718	348	1.28493876612301
"rs1772572"	0.132848962737094	348	1.28219716918521
"rs1772675"	0.132848962737094	348	1.28219716918521
"rs1156234"	0.13289608966253	348	1.29802169984174
"rs171228"	0.133008574297652	348	1.23191204156691
"rs765302"	0.133022828676837	348	0.831554261773632
"rs734926"	0.133025049815497	348	1.38507748464414
"rs1896410"	0.133032866497221	348	0.627672791203823
"rs135128"	0.13303504643296	348	0.782863401424224
"rs1418306"	0.133052330881249	348	1.34979439622696
"rs724304"	0.133155699369693	348	0.534181000573312
"rs2218968"	0.133155699369693	348	0.534181000573312
"rs1105947"	0.133174946142558	348	0.761303311585227
"rs1106166"	0.133174946142558	348	0.761303311585227
"rs1106169"	0.133174946142558	348	0.761303311585227
"rs1106208"	0.133174946142561	348	0.761303311585228
"rs1106211"	0.133174946142561	348	0.761303311585228
"rs1106217"	0.133174946142562	348	0.761303311585228
"rs1105953"	0.133174946142567	348	0.761303311585228
"rs1106013"	0.133174946142567	348	0.761303311585228
"rs1106034"	0.133174946142567	348	0.761303311585228
"rs1106076"	0.133174946142567	348	0.761303311585228
"rs1106148"	0.133174946142567	348	0.761303311585228
"rs237182"	0.133221504598901	348	0.749763743294738
"rs1086742"	0.133238033984817	348	0.734144687960744
"rs1895196"	0.133249737004634	348	0.438745825663177
"rs1896428"	0.133249737004634	348	0.438745825663177
"rs2119249"	0.133285296376223	348	0.755523082187592
"rs2119255"	0.133285296376223	348	0.755523082187592
"rs511222"	0.133290565694584	348	1.34217142841991
"rs511349"	0.133290565694584	348	1.34217142841991
"rs2010468"	0.133321587699766	348	1.44350023317308
"rs385990"	0.13333827067285	348	1.77923853387777
"rs1564191"	0.133369295233786	348	0.681654098686259
"rs275640"	0.133374097585683	348	1.42126643482846
"rs868710"	0.133388921414166	348	0.691292039125366
"rs868712"	0.133388921414166	348	0.691292039125366
"rs868713"	0.133388921414166	348	0.691292039125366
"rs496585"	0.13341400662656	348	0.655006025335967
"rs1705258"	0.133451460268372	348	1.31920339149693
"rs737674"	0.133474819664829	348	0.658289644744675
"rs1964790"	0.133480100125266	348	1.12014595132586
"rs117346"	0.133510055183839	348	0.849128770026138
"rs115703"	0.133535302092096	348	0.850592028122734
"rs115735"	0.133535302092096	348	0.850592028122734
"rs115847"	0.133535302092096	348	0.850592028122734
"rs115852"	0.133535302092096	348	0.850592028122734
"rs270255"	0.1335776042502	348	0.671319985347568
"rs1918155"	0.133672150753441	348	1.22513451507733
"rs319534"	0.133717621064609	348	1.48816922539033
"rs319537"	0.133717621064609	348	1.48816922539033
"rs319540"	0.133717621064609	348	1.48816922539033
"rs319546"	0.133717621064609	348	1.48816922539033
"rs1630053"	0.133726476261046	348	1.27384868112224
"rs428144"	0.133763870210453	348	0.529489255564068
"rs844198"	0.133801861350955	348	0.784043972950057
"rs1156932"	0.133841212104141	348	1.21973205413663
"rs1156945"	0.133841212104141	348	1.21973205413663
"rs1156952"	0.133841212104141	348	1.21973205413663
"rs566255"	0.13388534348851	348	1.10781400851179
"rs523554"	0.133947188224296	348	1.15960215425025
"rs215456"	0.133993445584775	348	0.718005296407999
"rs1321571"	0.13399435957223	348	0.705737760507898
"rs1321566"	0.133994359572243	348	0.7057377605079
"rs1321518"	0.133994359572246	348	0.705737760507902
"rs1321542"	0.133994359572246	348	0.705737760507902
"rs1321547"	0.133994359572246	348	0.705737760507902
"rs1321584"	0.133994359572246	348	0.705737760507902
"rs1708985"	0.134003312954832	348	1.29503983330634
"rs1067955"	0.134016586190979	348	1.45315124324804
"rs1357626"	0.134018913070263	348	0.414580506232571
"rs1357845"	0.134018913070263	348	0.414580506232571
"rs1068869"	0.134020070439303	348	1.39921883961081
"rs1525802"	0.134024421375226	348	1.19762624782788
"rs860180"	0.134027640244937	348	0.811891209668809
"rs226322"	0.134041203492986	348	0.801005005648828
"rs133856"	0.134058075722073	348	1.31377903087212
"rs580395"	0.134104953785366	348	0.606465602851303
"rs1339123"	0.134131423806845	348	0.818622348006343
"rs1716511"	0.134151386337283	348	1.30778756970767
"rs1561704"	0.134154046878911	348	1.07430794279707
"rs1432895"	0.134157999110192	348	1.07855276612634
"rs1712790"	0.134166363304112	348	1.31592145595092
"rs65016"	0.134197276079495	348	1.29752720163861
"rs533505"	0.134199109765076	348	1.56813246221401
"rs1482056"	0.13421559810144	348	0.700275693328862
"rs417284"	0.13423200317226	348	1.45639649126343
"rs718909"	0.134308767256633	348	1.35456755799821
"rs718928"	0.134308767256633	348	1.35456755799821
"rs1127962"	0.134403572219304	348	0.752495936903147
"rs341380"	0.134432884062832	348	1.31575335742731
"rs618694"	0.13452362530949	348	1.47404112586509
"rs1598999"	0.134549236457422	348	1.52422502035785
"rs116173"	0.134549558563236	348	0.843497462764443
"rs1752042"	0.13455788508544	348	1.23551172768393
"rs1114996"	0.13460047528322	348	0.73730950796906
"rs1113592"	0.134625199113565	348	0.814076564429448
"rs935679"	0.134689583352097	348	0.687373114507583
"rs223302"	0.134734302795591	348	1.37940588516049
"rs1182334"	0.134767508179142	348	0.783634633994462
"rs647945"	0.134783796902522	348	1.66411391682805
"rs1089159"	0.134852329733354	348	0.662773104369491
"rs1770704"	0.13486769320526	348	1.28713789589216
"rs1895893"	0.134913857539578	348	0.441372631950143
"rs433491"	0.134928418673953	348	1.26112229172793
"rs653822"	0.134933370895305	348	1.63380721288904
"rs653874"	0.134933370895305	348	1.63380721288904
"rs39066"	0.134937994248886	348	0.627300053688276
"rs156766"	0.134945509575642	348	0.70437343573772
"rs1640912"	0.134958341973007	348	0.780888015226467
"rs1640915"	0.134958341973007	348	0.780888015226467
"rs742951"	0.134962730553154	348	1.28064927123336
"rs2179497"	0.134994938054178	348	1.46549724106556
"rs476356"	0.135019092663853	348	1.3037497373531
"rs1979649"	0.1350271985895	348	1.07456222504066
"rs93942"	0.135053341525063	348	0.803354992001828
"rs1933773"	0.135094809473452	348	0.751938836321446
"rs1609877"	0.135098801337126	348	1.3787758571251
"rs132545"	0.135102572456358	348	1.51953999134751
"rs1108167"	0.135123825277752	348	0.792232909372595
"rs880885"	0.135126145216848	348	1.31716826329999
"rs2213823"	0.135172920626425	348	1.40612072398886
"rs735243"	0.135196375640738	348	0.703533388061324
"rs253214"	0.135197840048335	348	1.33699998086121
"rs253232"	0.135197840048335	348	1.33699998086121
"rs253238"	0.135197840048335	348	1.33699998086121
"rs253241"	0.135197840048335	348	1.33699998086121
"rs253242"	0.135197840048335	348	1.33699998086121
"rs253250"	0.135197840048335	348	1.33699998086121
"rs303927"	0.135230689474237	348	0.749258365106077
"rs417551"	0.135279984244995	348	1.42993148701733
"rs1893839"	0.135300268089017	348	0.441621133322411
"rs463735"	0.135315645353212	348	0.640996204708268
"rs1601155"	0.135345653543956	348	1.40223008549854
"rs366693"	0.135352764442549	348	0.772154519769759
"rs366696"	0.135352764442549	348	0.772154519769759
"rs723513"	0.135367683323061	348	0.463071619144954
"rs601949"	0.135377169988301	348	0.774953486685275
"rs601955"	0.135377169988301	348	0.774953486685275
"rs2102018"	0.135420422505493	348	0.783675273099673
"rs1770658"	0.135426420056833	348	1.2882759854489
"rs1680587"	0.135441501278434	348	0.566219058001762
"rs1689877"	0.135441501278435	348	0.566219058001762
"rs1690084"	0.135441501278435	348	0.566219058001762
"rs1944990"	0.135458540327738	348	2172.7349764694
"rs1695532"	0.135458540327752	348	2.07659702494372
"rs1696262"	0.135458540327752	348	2.07659702494372
"rs1678006"	0.135458540327753	348	2.07659702494372
"rs1136022"	0.135493628561808	348	1.79473763676705
"rs1135818"	0.13549362856182	348	1.79473763676705
"rs1135944"	0.13549362856182	348	1.79473763676705
"rs1135959"	0.13549362856182	348	1.79473763676705
"rs1136013"	0.13549362856182	348	1.79473763676705
"rs1136031"	0.13549362856182	348	1.79473763676705
"rs366627"	0.135517088451786	348	0.76923133456034
"rs808365"	0.135532427683241	348	0.783278374096943
"rs579016"	0.135534231247349	348	1.26032612438329
"rs169364"	0.135632834298912	348	1.64937277876013
"rs1317644"	0.135678272906937	348	0.558348856812474
"rs264382"	0.135697527664131	348	0.726747119904041
"rs210391"	0.135762364968429	348	1.31446399134274
"rs1070115"	0.135826872999643	348	1.28980885621512
"rs1206819"	0.135833486454081	348	0.85288844192149
"rs1134826"	0.135856125208504	348	0.684790635139981
"rs31703"	0.135986394870362	348	1.18721194278814
"rs1121544"	0.135991144188313	348	0.767847656914751
"rs1352738"	0.13599921304454	348	1.36551917777375
"rs237753"	0.136040429036242	348	0.780740810678866
"rs237768"	0.136040429036242	348	0.780740810678866
"rs237813"	0.136040429036242	348	0.780740810678866
"rs1823384"	0.136057987822097	348	0.755496779993087
"rs82324"	0.136140479830362	348	0.618235464316622
"rs1973327"	0.136142132833707	348	1.75591883443598
"rs1452397"	0.136205353974361	348	0.686693378266947
"rs2117407"	0.13621609529951	348	0.757092938916127
"rs1772918"	0.136300839419828	348	1.28052692780098
"rs2138247"	0.136328554743809	348	1.28477345200917
"rs2112102"	0.136332004361382	348	1.26644245145364
"rs849149"	0.136347167200399	348	0.797386214919434
"rs1716412"	0.13643244877118	348	1.3245694561751
"rs896661"	0.136470268742773	348	1.1409838745772
"rs272761"	0.136474459225112	348	1.48994111462144
"rs1753707"	0.13649789893842	348	1.21711102762731
"rs1716754"	0.136500275142701	348	1.34925695744951
"rs1716757"	0.136500275142701	348	1.34925695744951
"rs446836"	0.136544657260973	348	1.24364533146176
"rs541721"	0.136565562557716	348	0.605405957834303
"rs542615"	0.136565562557716	348	0.605405957834303
"rs305332"	0.136573920495173	348	1.42922852305539
"rs1406499"	0.136607161735906	348	0.811074141212822
"rs115163"	0.136639767665691	348	0.85367345433352
"rs116691"	0.136639767665691	348	0.85367345433352
"rs1829710"	0.136652624577161	348	0.651727835733665
"rs347052"	0.136662975575254	348	0.819201762047063
"rs575627"	0.136668342449366	348	1.33037822907568
"rs1301199"	0.136685530197826	348	0.752430566469659
"rs971902"	0.136710932152672	348	1.33296511725471
"rs2185258"	0.136731328780558	348	0.53505698943508
"rs768942"	0.136731328780562	348	0.53505698943508
"rs768947"	0.136731328780562	348	0.53505698943508
"rs768974"	0.136731328780562	348	0.53505698943508
"rs768980"	0.136731328780562	348	0.53505698943508
"rs769001"	0.136731328780562	348	0.53505698943508
"rs769019"	0.136731328780562	348	0.53505698943508
"rs769022"	0.136731328780562	348	0.53505698943508
"rs769034"	0.136731328780562	348	0.53505698943508
"rs769575"	0.136731328780562	348	0.53505698943508
"rs561682"	0.136785713637745	348	1.22046167885164
"rs1609203"	0.136799760685313	348	1.31277811570645
"rs1598789"	0.13685001911499	348	0.802195911269176
"rs1529926"	0.136853807434707	348	1.30506681746178
"rs264461"	0.136862172085241	348	1.47887267666714
"rs937004"	0.136915584352882	348	0.713885058137955
"rs1144488"	0.136929302024967	348	1.33952266607563
"rs1599380"	0.136940897323808	348	1.44082063896001
"rs1373069"	0.136953158495289	348	0.638652000380387
"rs990353"	0.136964379560139	348	0.754543764575665
"rs1606268"	0.136969865188994	348	1.80989876891405
"rs189016"	0.136970768102045	348	1.49260232089089
"rs189022"	0.136970768102045	348	1.49260232089089
"rs189023"	0.136970768102045	348	1.49260232089089
"rs189026"	0.136970768102045	348	1.49260232089089
"rs189028"	0.136970768102045	348	1.49260232089089
"rs22738"	0.136979239863478	348	1.58232140170794
"rs929378"	0.136982641225079	348	0.677185671466516
"rs115996"	0.137047899258884	348	0.851646333850396
"rs1114216"	0.137065991803436	348	0.790932636968531
"rs1561425"	0.137094760383566	348	1.19874721320432
"rs228238"	0.137154515767616	348	1.33193780113722
"rs228248"	0.137154515767616	348	1.33193780113722
"rs341458"	0.137178998744508	348	0.788751286780209
"rs1069271"	0.137187038234849	348	1.37017578925592
"rs1701169"	0.137199169708544	348	1.33342121959284
"rs116134"	0.137490606219319	348	0.845148245022933
"rs1532804"	0.137496471523275	348	1.30396598592937
"rs2021560"	0.137501093204494	348	1.54732568760101
"rs394053"	0.137526868170766	348	1.55831424413042
"rs394677"	0.13752686817077	348	1.55831424413042
"rs1897142"	0.137546797015557	348	0.443518348133922
"rs2145225"	0.13756138286445	348	1.28139318169912
"rs1715567"	0.137614576563275	348	1.33982556519723
"rs1107944"	0.137674783499277	348	0.703763803313467
"rs837686"	0.137682276298679	348	0.665424222584239
"rs1441594"	0.137692111775093	348	1.37326140815614
"rs1467204"	0.137860906557103	348	0.871643112125563
"rs1413383"	0.137873713568317	348	0.729083281936942
"rs1963588"	0.137901534063132	348	1.37210646791495
"rs2056249"	0.137919236995765	348	1.40122071758842
"rs1609576"	0.137932267753478	348	1.37604624382576
"rs1964659"	0.137940467598052	348	0.68724417121749
"rs417786"	0.138005429781995	348	1.42070413825246
"rs2137957"	0.13801596813975	348	1.28194714965594
"rs2139491"	0.13801596813975	348	1.28194714965594
"rs2142665"	0.13801596813975	348	1.28194714965594
"rs527310"	0.138050233592807	348	0.713369607472014
"rs1785663"	0.138061456008099	348	1.29916612674697
"rs209934"	0.138066131889823	348	0.695828294815084
"rs1672404"	0.138124603023512	348	1.19352620219868
"rs493250"	0.138150802582237	348	1.42005257272689
"rs2122670"	0.138168889524612	348	0.782941900585309
"rs1078894"	0.138192149242617	348	2.33466459560004
"rs483887"	0.138192149242671	348	2840.19831283324
"rs153013"	0.138197802683318	348	0.802535436761814
"rs2111004"	0.138240713192947	348	0.880080889523384
"rs544382"	0.138245316408525	348	0.732171105105568
"rs655102"	0.138319026491853	348	1.49230803946037
"rs1140050"	0.138353047943153	348	1.3297663650428
"rs1304704"	0.13838134345215	348	0.771018718126446
"rs1894245"	0.138403047220834	348	0.443216584633173
"rs533529"	0.138423744524668	348	0.649035604508337
"rs628622"	0.138456635312565	348	0.579132364037024
"rs2182571"	0.138460577235137	348	1.27085331727711
"rs81886"	0.13852794302731	348	0.772220144054092
"rs1690891"	0.138611699019462	348	0.790802841246109
"rs1488863"	0.138639694102584	348	1.10441296502366
"rs1946331"	0.138646998011819	348	0.625341794219361
"rs1153090"	0.138654139524301	348	1.27221328735746
"rs1153102"	0.138654139524301	348	1.27221328735746
"rs1153117"	0.138654139524301	348	1.27221328735746
"rs556035"	0.138655650447498	348	1.2243066245992
"rs846398"	0.138685008290205	348	0.745022998820697
"rs806629"	0.13870335203207	348	1.10549661133837
"rs733428"	0.138706667376342	348	1.63934950894475
"rs944570"	0.138769096524293	348	0.699859911406862
"rs1619406"	0.138788219904326	348	1.24783649251768
"rs1441330"	0.138830565382925	348	0.734122075363022
"rs565848"	0.138878804883989	348	0.819033790544777
"rs565860"	0.138878804883989	348	0.819033790544777
"rs2155050"	0.138906837235158	348	0.791451709574472
"rs715793"	0.138915894959698	348	1.54305194330461
"rs232605"	0.138919177248347	348	1.34165975784274
"rs1106445"	0.138964716672746	348	0.792230847300857
"rs514225"	0.139017435747037	348	0.475003389479752
"rs414528"	0.139037494299151	348	1.38878771052938
"rs114080"	0.1390535289433	348	0.854755222490525
"rs1752393"	0.139096668200362	348	1.22776379184691
"rs931589"	0.13910652639558	348	0.678644021198685
"rs1720162"	0.139107422522915	348	1.29923044048414
"rs1041724"	0.139156435255278	348	1.83156477889766
"rs1397878"	0.139167080969972	348	0.909249188842508
"rs43393"	0.139169763311157	348	1.40496101852262
"rs1580757"	0.139213634678094	348	0.80151516490355
"rs305248"	0.139221292896381	348	0.883639771901268
"rs122982"	0.13922992695747	348	0.804329191112219
"rs237742"	0.139231350567951	348	1.47028656100917
"rs1894013"	0.139251828777146	348	0.442499470975102
"rs349954"	0.139265091105103	348	1.28857417643052
"rs1703025"	0.139266215493779	348	1.31327822384261
"rs2012000"	0.139277402346671	348	0.809415847270331
"rs290423"	0.139293150814413	348	0.659335501364904
"rs562005"	0.139303468093806	348	0.777211967372462
"rs810566"	0.139312664399638	348	1.2134945123342
"rs2048081"	0.139342293643536	348	1.15275686572158
"rs1068962"	0.139343696575526	348	1.36776759000749
"rs854409"	0.139418415004163	348	0.785961928957853
"rs617095"	0.139483186667082	348	0.745365476867828
"rs23458"	0.139560439119863	348	1.26422615532211
"rs1418583"	0.139595405195235	348	0.709655119720711
"rs1169149"	0.139597357281923	348	1.31534033597261
"rs1169174"	0.139597357281923	348	1.31534033597261
"rs1169183"	0.139597357281923	348	1.31534033597261
"rs1169186"	0.139597357281923	348	1.31534033597261
"rs1772861"	0.139607274523616	348	1.2748479093386
"rs2182513"	0.139644677061514	348	0.638337523968299
"rs465116"	0.139679690809848	348	1.59676331754892
"rs2121519"	0.139699577233157	348	1.20118495941688
"rs1100505"	0.139705182480355	348	1.26006485387477
"rs427683"	0.139809620598362	348	0.744765461857715
"rs254822"	0.139810862234008	348	1.19676987130293
"rs411478"	0.139816029700851	348	1.3072875223362
"rs377426"	0.139817223668042	348	0.592481507517688
"rs389281"	0.139818766695142	348	1.39133354224682
"rs1587301"	0.139835879233295	348	1.50260870206783
"rs993233"	0.139866862496071	348	1.37154776518695
"rs1599265"	0.139870681926836	348	1.43770335235479
"rs1599425"	0.139870681926845	348	1.43770335235478
"rs1599452"	0.139870681926845	348	1.43770335235478
"rs1565373"	0.139886574732773	348	1.44343856746246
"rs1391474"	0.139889162603405	348	0.523319165458561
"rs821688"	0.139895029076603	348	0.754458445879543
"rs1086066"	0.139944854225334	348	0.774833864854666
"rs2177205"	0.139986776299217	348	0.714982780503321
"rs1041757"	0.139988416114697	348	307.429832858364
"rs1041891"	0.139988416114697	348	307.429832858364
"rs2154399"	0.140046187624195	348	1.2336144615155
"rs225092"	0.140084891249133	348	1.29554346473947
"rs225094"	0.140084891249133	348	1.29554346473947
"rs225089"	0.140084891249139	348	1.29554346473947
"rs1771593"	0.140097411275015	348	1.28443180341372
"rs1771670"	0.140097411275015	348	1.28443180341372
"rs510230"	0.140118306060059	348	1.30484623344635
"rs1889104"	0.140181425313685	348	1.25920145615593
"rs294749"	0.14022251364113	348	1.2637307888653
"rs303898"	0.140249036129295	348	0.38349287924581
"rs1121612"	0.140298700832138	348	0.809983430089586
"rs854237"	0.14033400165373	348	0.655537038890782
"rs854262"	0.14033400165373	348	0.655537038890782
"rs576795"	0.14036626313225	348	1.34050218624875
"rs511183"	0.140386887908622	348	1.30199145231259
"rs1773059"	0.140387944571408	348	1.27541293589456
"rs1897474"	0.140411259743622	348	0.446003155995241
"rs1897210"	0.140422695128028	348	0.446002723637338
"rs346745"	0.140444105209358	348	0.821006106675319
"rs2180323"	0.140472878590109	348	1.33811595590367
"rs2126384"	0.140485178879269	348	0.833433937221951
"rs1896910"	0.140497611652175	348	0.446134454033014
"rs2117404"	0.140507644446486	348	0.759357889724285
"rs1896261"	0.14057729663468	348	0.444706092620622
"rs544188"	0.14059105539688	348	0.721626162321173
"rs544190"	0.14059105539688	348	0.721626162321173
"rs544193"	0.14059105539688	348	0.721626162321173
"rs544196"	0.14059105539688	348	0.721626162321173
"rs496201"	0.140617161128526	348	0.711935454163226
"rs1751629"	0.140632856736549	348	1.22666893245685
"rs53770"	0.140750294192883	348	1.2458285451941
"rs189089"	0.140752386695375	348	1.42308559960897
"rs189192"	0.140752386695375	348	1.42308559960897
"rs1104022"	0.140755439284644	348	0.78246314939286
"rs327811"	0.140760487291532	348	0.70859052251926
"rs572154"	0.140787627045666	348	0.589478148065126
"rs1978763"	0.140790387534511	348	0.812846445318724
"rs1982430"	0.140798762258773	348	0.806125469323186
"rs677380"	0.140799953443935	348	1.43516732429166
"rs116448"	0.140843410323406	348	0.864265019181427
"rs1784338"	0.140848259605773	348	1.1091707514818
"rs448350"	0.140905364838552	348	1.20756804786362
"rs932016"	0.140967024581537	348	0.768405412185335
"rs1668265"	0.140968965019703	348	0.561827936626693
"rs2099376"	0.140981425732188	348	1.66426869417157
"rs209720"	0.140992372397331	348	0.737051728900065
"rs1349455"	0.141017558803546	348	0.726436702955908
"rs114624"	0.141145858972807	348	1.17681109614789
"rs1017804"	0.14117732036922	348	0.657995509821626
"rs1317738"	0.141183463425105	348	0.719059562793622
"rs1716399"	0.141185409992701	348	1.30030627159105
"rs424738"	0.141200217189947	348	1.32379262242737
"rs1771334"	0.141235970722581	348	1.28289669910878
"rs1103881"	0.141262231913236	348	1.45196200985533
"rs74964"	0.141282166968472	348	0.643850869103801
"rs1715262"	0.141299861874829	348	1.3621280622601
"rs485197"	0.141329982851853	348	0.701776279681679
"rs145175"	0.141377927328539	348	0.849754601199138
"rs1482248"	0.141505758364467	348	0.705397354768879
"rs1894111"	0.14156884343706	348	0.446142175011278
"rs1894161"	0.14156884343706	348	0.446142175011278
"rs113884"	0.141582080078623	348	0.855585486407897
"rs127600"	0.141609191046288	348	0.818191068543867
"rs610767"	0.141621738256442	348	0.677262559006123
"rs1772475"	0.141672081231932	348	1.27389534663157
"rs440309"	0.141682972847774	348	0.647477973618706
"rs2119586"	0.141690752056728	348	0.6187335577901
"rs145912"	0.141712449578231	348	1.27549873952792
"rs1779708"	0.141718590221423	348	0.735243051455146
"rs842808"	0.141726240085746	348	0.39572596599724
"rs1778282"	0.141756360913674	348	1.25415565652149
"rs1964561"	0.14179402425299	348	0.693373183435936
"rs1615884"	0.141794476134364	348	1.09141700518122
"rs869352"	0.141851951839327	348	0.792570662871037
"rs931056"	0.141882065734702	348	1.26531870964904
"rs273973"	0.141989122451468	348	0.814666531607492
"rs319471"	0.142034431337771	348	1.45257673782063
"rs1740186"	0.142036952197826	348	0.766186513639623
"rs1740189"	0.142036952197826	348	0.766186513639623
"rs1740195"	0.142036952197826	348	0.766186513639623
"rs1740191"	0.142036952197829	348	0.766186513639623
"rs1092651"	0.142063551912549	348	0.733110455062826
"rs321241"	0.142073909250125	348	1.45936929526064
"rs1117857"	0.142074178364069	348	1.35499907003911
"rs290923"	0.142113255229255	348	1.20285297082926
"rs80467"	0.142141769458192	348	1.30125990239275
"rs1748009"	0.142147794613891	348	0.755207879265014
"rs1748045"	0.142147794613891	348	0.755207879265014
"rs2127571"	0.142165393401097	348	1.21441137237391
"rs2110677"	0.142182778529989	348	0.883313840244782
"rs1544336"	0.142192103298959	348	0.736784657115529
"rs1747906"	0.142212540526847	348	0.758731518243303
"rs2136682"	0.142240679006398	348	1.2857456507446
"rs2136721"	0.142240679006398	348	1.2857456507446
"rs2136730"	0.142240679006398	348	1.2857456507446
"rs2136754"	0.142240679006398	348	1.2857456507446
"rs2136760"	0.142240679006398	348	1.2857456507446
"rs2136766"	0.142240679006398	348	1.2857456507446
"rs2136775"	0.142240679006398	348	1.2857456507446
"rs2136808"	0.142240679006398	348	1.2857456507446
"rs2136841"	0.142240679006398	348	1.2857456507446
"rs2136901"	0.142240679006398	348	1.2857456507446
"rs2136904"	0.142240679006398	348	1.2857456507446
"rs2136938"	0.142240679006398	348	1.2857456507446
"rs1416080"	0.142260439803016	348	0.708211123640501
"rs275932"	0.142273702353602	348	1.35148114043037
"rs935491"	0.142289632526425	348	0.664586219318788
"rs725274"	0.142319695729185	348	0.821263055575036
"rs1964549"	0.142327587743899	348	0.693486377554187
"rs1964555"	0.142327587743899	348	0.693486377554187
"rs1749378"	0.142370335956841	348	1.21601108558367
"rs2142628"	0.142403265256777	348	1.29350381031261
"rs1876211"	0.142413547503127	348	0.732891259910397
"rs1772253"	0.142452703263608	348	1.28047793101925
"rs31530"	0.142457796237689	348	1.20742576657322
"rs514276"	0.142502134357872	348	0.478668665163148
"rs115832"	0.142564786262805	348	0.855715431622425
"rs1896659"	0.14257006121962	348	0.445827331004639
"rs209905"	0.142626981926706	348	0.766348130624873
"rs1833569"	0.14262774575168	348	0.763374956756018
"rs224303"	0.142629767953982	348	1.33377731496535
"rs1773611"	0.142665594957935	348	1.27879964622732
"rs896538"	0.142674039028673	348	1.1683043212141
"rs2006501"	0.142708574208279	348	0.746707783258226
"rs1752555"	0.142734615615622	348	1.19709179183794
"rs1752558"	0.142734615615622	348	1.19709179183794
"rs1752560"	0.142734615615622	348	1.19709179183794
"rs1907000"	0.142740266003486	348	1.56396791245723
"rs1907006"	0.142740266003486	348	1.56396791245723
"rs26086"	0.142781036601382	348	0.692795135845677
"rs145078"	0.14279737910127	348	0.831300556218168
"rs480561"	0.14279971541363	348	0.537977220180059
"rs644623"	0.142802423716795	348	1.41261788528004
"rs2130530"	0.142849519242264	348	0.771973710517174
"rs2130532"	0.142849519242264	348	0.771973710517174
"rs650520"	0.142866958959018	348	0.684593692905401
"rs2206021"	0.142909363896436	348	0.723451746224034
"rs1894068"	0.142985094217346	348	0.448911721552541
"rs1286736"	0.143010586491926	348	0.820659227297175
"rs1771451"	0.143088713358487	348	1.28146737203724
"rs2120154"	0.143103577094138	348	1.25400190285299
"rs1888231"	0.143122565729768	348	0.749288500257861
"rs1770490"	0.143140085237538	348	1.28124303976355
"rs425920"	0.14315630919257	348	0.679544399569808
"rs1536572"	0.143166121094468	348	0.742536748218141
"rs417438"	0.143170383935823	348	1.40897655406665
"rs2142940"	0.143216597803939	348	1.27940760362422
"rs1330356"	0.143255030897912	348	0.655078317559562
"rs456770"	0.143277516002983	348	1.26925471161262
"rs611129"	0.143305767899029	348	0.492540443268019
"rs664721"	0.143305767899042	348	0.492540443268018
"rs664724"	0.143305767899042	348	0.492540443268018
"rs1993954"	0.143305767899042	348	0.492540443268018
"rs1992747"	0.143307975036347	348	0.74810803501716
"rs1545496"	0.143321990473611	348	1.27417405934749
"rs1545500"	0.143321990473611	348	1.27417405934749
"rs1545511"	0.143321990473611	348	1.27417405934749
"rs1545516"	0.143321990473611	348	1.27417405934749
"rs1545538"	0.143321990473611	348	1.27417405934749
"rs1106004"	0.143322259671923	348	0.766126013181364
"rs1106139"	0.143322259671923	348	0.766126013181364
"rs265497"	0.143330038212536	348	1.29527643266536
"rs1022397"	0.143343074177275	348	0.634981404103953
"rs534440"	0.143346942838284	348	0.688874661815676
"rs480711"	0.143358662063431	348	1.28798099469553
"rs1742993"	0.143359983626552	348	0.663581453619928
"rs81865"	0.143374768545686	348	1.13647956082385
"rs1391047"	0.143407279137291	348	0.580621877894652
"rs445203"	0.143478567066361	348	0.92976037255337
"rs409605"	0.143484511489285	348	1.27914715763523
"rs565263"	0.143488689097749	348	0.832294513192719
"rs2110666"	0.14349598171482	348	0.887018546910707
"rs653559"	0.14353220525229	348	1.11191658077416
"rs1619685"	0.143547141520115	348	1.28755659941336
"rs115336"	0.143551444978358	348	0.854619054940853
"rs115897"	0.143551444978358	348	0.854619054940853
"rs115957"	0.143551444978358	348	0.854619054940853
"rs116296"	0.143551444978358	348	0.854619054940853
"rs1950640"	0.143556322124188	348	1.29058945087775
"rs1720443"	0.143597150266803	348	1.29212368195991
"rs545694"	0.143619791757924	348	1.26121222917439
"rs523535"	0.143699578660655	348	1.19845556276584
"rs1286024"	0.143708947874433	348	0.843849420598812
"rs1893884"	0.143728211768291	348	0.448095014278531
"rs121991"	0.143771783145452	348	0.828839672462249
"rs1163196"	0.143826169720336	348	1.29130242775309
"rs1817114"	0.143854025187208	348	0.726634436978716
"rs670949"	0.143898614949995	348	0.713605078476347
"rs1773600"	0.143903709837623	348	1.27189041086519
"rs446075"	0.143910669175612	348	0.838095265283443
"rs341481"	0.143920520680798	348	0.840729291891779
"rs718942"	0.143931614643138	348	1.35924385283427
"rs135110"	0.143936378271792	348	1.33933384435656
"rs2003187"	0.143948212201213	348	0.801175129222727
"rs694496"	0.143950662074193	348	1.52841924997833
"rs929292"	0.144016853711606	348	0.697789805230191
"rs417495"	0.14401978729182	348	1.41259531434202
"rs2189956"	0.144036685337344	348	0.656673049656987
"rs1773497"	0.144087027222272	348	1.27358473112788
"rs663286"	0.144126123045781	348	1.17140305958952
"rs1459551"	0.144134205802151	348	0.625960861466654
"rs2080257"	0.144172026361171	348	0.619266966067378
"rs1944437"	0.14417631039067	348	0.77264794934949
"rs1687844"	0.144218382070195	348	0.651309594773764
"rs2138860"	0.144243769520973	348	0.747398537143073
"rs821700"	0.144274974630431	348	0.758020390936588
"rs1092804"	0.144314267223056	348	1.09237692509546
"rs863015"	0.144343706194812	348	1.26464877641231
"rs1944698"	0.144357482796419	348	0.748267840256867
"rs1781123"	0.144361920716442	348	0.780928049386445
"rs1781731"	0.144361920716442	348	0.780928049386445
"rs146953"	0.144396068819957	348	0.845988881993363
"rs544479"	0.144422141735416	348	0.720796767933994
"rs544505"	0.144422141735416	348	0.720796767933994
"rs544544"	0.144422141735416	348	0.720796767933994
"rs1044147"	0.144427942847213	348	0.600561138037393
"rs2218027"	0.144429254406257	348	1.39207383552032
"rs2218028"	0.144429254406257	348	1.39207383552032
"rs2218029"	0.144429254406257	348	1.39207383552032
"rs2218030"	0.144429254406257	348	1.39207383552032
"rs2218054"	0.144429254406257	348	1.39207383552032
"rs2218058"	0.144429254406257	348	1.39207383552032
"rs364681"	0.144448285082334	348	1.290469430213
"rs703059"	0.144455246148626	348	0.726139111868512
"rs703068"	0.144455246148626	348	0.726139111868512
"rs703069"	0.144455246148626	348	0.726139111868512
"rs599610"	0.144457971424583	348	0.606016418970474
"rs963273"	0.144460463367679	348	1.37577394831877
"rs1534959"	0.144467649478768	348	1.31486635292529
"rs679674"	0.144483649597223	348	1.63504856798146
"rs928719"	0.144521600815471	348	0.808790629705205
"rs1145065"	0.144554423158122	348	1.38822311087814
"rs1145118"	0.144554423158122	348	1.38822311087814
"rs1145453"	0.144554423158122	348	1.38822311087814
"rs839795"	0.144556991849136	348	0.748109380142911
"rs739669"	0.144573421458861	348	0.641080813931909
"rs746093"	0.144649479258695	348	0.716047166254321
"rs1963574"	0.144655237895338	348	0.680881065015399
"rs1963106"	0.14465523789534	348	0.680881065015401
"rs1963214"	0.14465523789534	348	0.680881065015401
"rs1963627"	0.14465523789534	348	0.680881065015401
"rs1963630"	0.14465523789534	348	0.680881065015401
"rs492818"	0.144662660227556	348	1.15242390189629
"rs146146"	0.144664369047796	348	1.30806523576333
"rs146159"	0.144664369047796	348	1.30806523576333
"rs1115431"	0.144687783030161	348	0.777874014953588
"rs334142"	0.144690323830467	348	0.763649859219767
"rs170463"	0.14476617311327	348	0.810715199342207
"rs211966"	0.144819839143178	348	1.42661878695637
"rs782555"	0.144900252223821	348	0.905901098842484
"rs1947757"	0.144910450806608	348	0.0102068500973401
"rs1947754"	0.144910450806609	348	0.620474225257617
"rs1203452"	0.144927051262111	348	1.12946405171037
"rs1437022"	0.14495547369485	348	1.62821809657481
"rs1482130"	0.144964857371727	348	0.707152491479073
"rs341452"	0.145083114605773	348	1.26640778039044
"rs1770788"	0.145093203697153	348	1.28103617332947
"rs1770978"	0.145093203697153	348	1.28103617332947
"rs848558"	0.145137285250089	348	0.801847727680068
"rs1705958"	0.145204980661457	348	1.29603155483828
"rs1171865"	0.145218863162216	348	1.41666390915218
"rs675452"	0.14521967897919	348	0.755776445454775
"rs1557586"	0.145272361548566	348	0.717059594338925
"rs544907"	0.145286901454738	348	0.779466757925903
"rs1758964"	0.145290690558653	348	1.29826679847089
"rs1937086"	0.145305144312439	348	0.678528724431906
"rs768137"	0.145311266167481	348	1.18497474100441
"rs2007301"	0.145357798158645	348	0.786824992791632
"rs2145873"	0.145381631756669	348	1.51371576261674
"rs1896742"	0.145405813182698	348	0.447856226583035
"rs845599"	0.145425149533355	348	1.1367975611554
"rs73206"	0.145428756431283	348	1.26436901869582
"rs793435"	0.145463664601026	348	0.863537237279487
"rs622850"	0.145466663273879	348	1.32730740273659
"rs2147028"	0.145508988134994	348	1.2176787044289
"rs824158"	0.14552385592763	348	1.26686188864372
"rs1771450"	0.14557091375327	348	1.27974549681968
"rs2217995"	0.145583050984478	348	1.40164078206387
"rs237485"	0.145607731967929	348	1.29081519920947
"rs211801"	0.145620418038145	348	1.43480930034817
"rs211881"	0.145620418038145	348	1.43480930034817
"rs1965022"	0.145622858157379	348	0.760021268875252
"rs2115658"	0.145626645470043	348	1.31348065488082
"rs2115706"	0.145626645470043	348	1.31348065488082
"rs2115712"	0.145626645470043	348	1.31348065488082
"rs2115723"	0.145626645470043	348	1.31348065488082
"rs2115724"	0.145626645470043	348	1.31348065488082
"rs2115727"	0.145626645470043	348	1.31348065488082
"rs855089"	0.145658289320093	348	1.28581997842833
"rs1476419"	0.145690790413036	348	0.643122043630023
"rs711867"	0.145758207076933	348	1.34489735695482
"rs1653364"	0.145794313739092	348	0.770393081560975
"rs1169465"	0.145799070036119	348	1.18609490498296
"rs903647"	0.145799876432027	348	0.78722816502563
"rs319489"	0.145816675987613	348	1.44311946059438
"rs301234"	0.145844179507917	348	0.782954667775618
"rs511494"	0.14598128540985	348	1.25166675473483
"rs714713"	0.14598137674373	348	0.758634046840264
"rs1049722"	0.145991229123082	348	1.37794901894369
"rs1007646"	0.146009307427531	348	1.34278839620901
"rs1924181"	0.14601133048478	348	1.51185160776883
"rs2135925"	0.146017887383605	348	1.27860549822691
"rs2135928"	0.146017887383605	348	1.27860549822691
"rs2135944"	0.146017887383605	348	1.27860549822691
"rs2135954"	0.146017887383605	348	1.27860549822691
"rs2141572"	0.146017887383605	348	1.27860549822691
"rs46006"	0.146050570867505	348	1.3254511514815
"rs46198"	0.146050570867505	348	1.3254511514815
"rs1716535"	0.146062585889392	348	1.30090614599447
"rs1716538"	0.146062585889392	348	1.30090614599447
"rs1716577"	0.146062585889392	348	1.30090614599447
"rs1471854"	0.146087525270817	348	1.83114077124268
"rs1773565"	0.146109354939334	348	1.27097142594603
"rs236006"	0.146179517891227	348	1.31390739293385
"rs215998"	0.146186651858909	348	1.26496859491107
"rs1433182"	0.146227599485563	348	1.27796780526009
"rs1623450"	0.146329936070558	348	0.819661086552678
"rs1061700"	0.14634518867496	348	1.61050015833547
"rs2089721"	0.146361644846131	348	1.2698981410173
"rs1181569"	0.146411991099629	348	0.812542901850948
"rs506160"	0.14641285779523	348	0.449902671106718
"rs506163"	0.14641285779523	348	0.449902671106718
"rs506187"	0.14641285779523	348	0.449902671106718
"rs1893934"	0.14641285779523	348	0.449902671106715
"rs1895181"	0.14641285779523	348	0.449902671106716
"rs1897253"	0.14641285779523	348	0.449902671106716
"rs1893850"	0.146412857795235	348	0.449902671106719
"rs1895022"	0.146412857795235	348	0.449902671106719
"rs1895770"	0.146412857795235	348	0.449902671106719
"rs1895187"	0.146412857795236	348	0.449902671106717
"rs1896675"	0.146412857795237	348	0.449902671106718
"rs1894444"	0.146412857795239	348	0.449902671106717
"rs1894207"	0.14641285779524	348	0.449902671106717
"rs1896211"	0.14641285779524	348	0.449902671106717
"rs1897245"	0.146412857795241	348	0.449902671106717
"rs1897295"	0.146412857795241	348	0.449902671106717
"rs40493"	0.146412857795242	348	0.449902671106717
"rs40496"	0.146412857795242	348	0.449902671106717
"rs478278"	0.146412857795242	348	0.449902671106717
"rs1300076"	0.146412857795242	348	0.449902671106717
"rs1413275"	0.146412857795242	348	0.449902671106717
"rs1896923"	0.146412857795254	348	0.000392875608561574
"rs742292"	0.146430079576657	348	1.23425126175228
"rs1691625"	0.146439032405178	348	0.833964138189745
"rs1947040"	0.146471084153564	348	0.780085709366554
"rs1807374"	0.146497953463255	348	1.36754722446173
"rs328696"	0.146540865498065	348	0.753431462509303
"rs1365875"	0.146570474971479	348	1.22484543431039
"rs1770444"	0.146592079263752	348	1.27773537091934
"rs1770556"	0.146592079263752	348	1.27773537091934
"rs855193"	0.146596050916924	348	2.7022464169217
"rs855208"	0.146596050916924	348	2.7022464169217
"rs583288"	0.146611428474391	348	1.42949590081983
"rs1106529"	0.146741765437276	348	0.761767931551057
"rs181063"	0.14674679348829	348	0.875756588443616
"rs2170209"	0.146754882687967	348	1.16846575573167
"rs341434"	0.146784893632478	348	0.819036811340676
"rs1617530"	0.146790340715898	348	0.748933840600082
"rs1619165"	0.146795199353688	348	1.24035556024472
"rs1619167"	0.146795199353688	348	1.24035556024472
"rs1619168"	0.146795199353688	348	1.24035556024472
"rs1619179"	0.146795199353688	348	1.24035556024472
"rs1619183"	0.146795199353688	348	1.24035556024472
"rs1619187"	0.146795199353688	348	1.24035556024472
"rs1619261"	0.146795199353688	348	1.24035556024472
"rs1619267"	0.146795199353688	348	1.24035556024472
"rs1619309"	0.146795199353688	348	1.24035556024472
"rs2147428"	0.146874128510362	348	1.26100319393007
"rs2170695"	0.146882867316042	348	1.16815390622737
"rs1319400"	0.146886270429201	348	0.700215329104604
"rs506298"	0.146886537617775	348	0.567217802141851
"rs506319"	0.146886537617775	348	0.567217802141851
"rs506322"	0.146886537617775	348	0.567217802141851
"rs506328"	0.146886537617775	348	0.567217802141851
"rs506346"	0.146886537617775	348	0.567217802141851
"rs506367"	0.146886537617775	348	0.567217802141851
"rs506370"	0.146886537617775	348	0.567217802141851
"rs340942"	0.146916851237476	348	0.768990142325494
"rs1965524"	0.146928597782466	348	1.2893403609537
"rs1771375"	0.146937293803967	348	1.27933562548407
"rs1739156"	0.14706240259846	348	1.43959691732034
"rs1698707"	0.147090655823112	348	1.27048884395008
"rs27457"	0.147147570496293	348	1.42281533885287
"rs270294"	0.147197534768472	348	0.91993849889737
"rs2116237"	0.147213480869369	348	0.532638411599647
"rs76541"	0.147213480869371	348	1.87744627165876
"rs2145752"	0.147275657928294	348	1.5243283381747
"rs1482255"	0.147300658708145	348	0.708668140557035
"rs2137135"	0.147332815709295	348	1.27691424266408
"rs649132"	0.147342405875936	348	1.17599674431918
"rs2184159"	0.147350233894399	348	0.773970981272274
"rs1084176"	0.147404712489384	348	0.535356979630914
"rs1593460"	0.147429661245543	348	0.712418765295517
"rs1743071"	0.147434404063315	348	0.666658726734495
"rs935455"	0.147501901794816	348	0.696900758922418
"rs632262"	0.147517420290152	348	1.36735580080123
"rs472631"	0.147588340994962	348	0.680040013321271
"rs488061"	0.147602800722049	348	1.27554707166753
"rs488062"	0.147602800722049	348	1.27554707166753
"rs488072"	0.147602800722049	348	1.27554707166753
"rs488074"	0.147602800722049	348	1.27554707166753
"rs488077"	0.147602800722049	348	1.27554707166753
"rs488087"	0.147602800722049	348	1.27554707166753
"rs448768"	0.147640245994787	348	0.90565296108057
"rs116920"	0.147676391875746	348	0.857920044201506
"rs739662"	0.147685655388429	348	0.643470967130774
"rs1427233"	0.147708465404356	348	1.3013247087703
"rs2101178"	0.147732003104672	348	0.750415866180478
"rs493186"	0.147740795944428	348	1.418278482579
"rs1958693"	0.147741717499442	348	1.51275345105768
"rs320293"	0.147746883698864	348	1.48222453693119
"rs739631"	0.147810919599218	348	0.643511471323576
"rs1753838"	0.147813382019915	348	1.21949027064919
"rs2007659"	0.147828623090962	348	0.785272961889276
"rs1052689"	0.147838786090069	348	1.76968477724515
"rs1415193"	0.147931799099675	348	1.48170864788272
"rs510246"	0.147942294621502	348	1.29380770823228
"rs510248"	0.147942294621502	348	1.29380770823228
"rs510251"	0.147942294621502	348	1.29380770823228
"rs1406363"	0.147992082566612	348	0.89897289890465
"rs1941972"	0.148009162031143	348	0.695868714668665
"rs1942035"	0.148009162031143	348	0.695868714668665
"rs1942044"	0.148009162031143	348	0.695868714668665
"rs1942059"	0.148009162031143	348	0.695868714668665
"rs1541135"	0.148025478735052	348	0.723885543817208
"rs322415"	0.148068035177941	348	1.22587393306373
"rs226313"	0.148081501096067	348	1.25555187818954
"rs1858096"	0.148085804645156	348	1.42389156966478
"rs116678"	0.148097439618649	348	0.857306412412194
"rs117110"	0.148097439618649	348	0.857306412412194
"rs117203"	0.148097439618649	348	0.857306412412194
"rs1704723"	0.14810592499667	348	1.29893692503339
"rs1561878"	0.148242966445031	348	1.23436709901445
"rs629968"	0.148289849756641	348	0.726492587850722
"rs796883"	0.148300729608328	348	1.32859397888146
"rs854112"	0.148331143090187	348	0.660574057325068
"rs854136"	0.148331143090187	348	0.660574057325068
"rs859245"	0.148331143090187	348	0.660574057325068
"rs692901"	0.148382348479735	348	1.36743202559148
"rs692904"	0.148382348479735	348	1.36743202559148
"rs692906"	0.148382348479735	348	1.36743202559148
"rs693117"	0.148382348479735	348	1.36743202559148
"rs942306"	0.148431826511669	348	1.56215448232832
"rs285183"	0.148455414491765	348	1.26760564850095
"rs764838"	0.148463394552359	348	0.506335574264543
"rs667347"	0.148480016011853	348	1.27075876347216
"rs702188"	0.148524492179658	348	0.816870926547712
"rs702191"	0.148524492179658	348	0.816870926547712
"rs702194"	0.148524492179658	348	0.816870926547712
"rs1716265"	0.148536239117418	348	1.3495692947144
"rs1114880"	0.148586634514818	348	0.807580758537327
"rs975367"	0.148588436340066	348	0.790686272856322
"rs767052"	0.148588616681884	348	0.843628686895201
"rs278792"	0.148627263330158	348	0.772821248614942
"rs858492"	0.148628392434357	348	0.728123620561728
"rs858495"	0.148628392434357	348	0.728123620561728
"rs1317802"	0.148644697446019	348	1.89914576379502
"rs1773631"	0.148700894031215	348	1.26940026549293
"rs1636821"	0.148729968629828	348	0.696847741616722
"rs671296"	0.148768825118693	348	1.62698572327522
"rs671297"	0.148768825118693	348	1.62698572327522
"rs1365806"	0.14878752415327	348	1.22352123031385
"rs1632532"	0.148818381949031	348	0.831331393081434
"rs1398522"	0.148841327629424	348	0.511436763788892
"rs1318872"	0.148841327629424	348	0.511436763788903
"rs1318890"	0.148841327629424	348	0.511436763788903
"rs247425"	0.148841327629427	348	0.511436763788909
"rs1318764"	0.148841327629431	348	0.511436763788899
"rs1318781"	0.148841327629431	348	0.511436763788899
"rs1318784"	0.148841327629431	348	0.511436763788899
"rs1318824"	0.148841327629431	348	0.511436763788899
"rs1318825"	0.148841327629431	348	0.511436763788899
"rs1318932"	0.148841327629431	348	0.511436763788899
"rs1318954"	0.148841327629431	348	0.511436763788899
"rs1318983"	0.148841327629431	348	0.511436763788899
"rs1318986"	0.148841327629431	348	0.511436763788899
"rs1319043"	0.148841327629431	348	0.511436763788899
"rs1319073"	0.148841327629431	348	0.511436763788899
"rs1319142"	0.148841327629431	348	0.511436763788899
"rs1319184"	0.148841327629431	348	0.511436763788899
"rs1319196"	0.148841327629431	348	0.511436763788899
"rs1319207"	0.148841327629431	348	0.511436763788899
"rs1319250"	0.148841327629431	348	0.511436763788899
"rs1319292"	0.148841327629431	348	0.511436763788899
"rs1319373"	0.148841327629431	348	0.511436763788899
"rs169273"	0.148841327629437	348	0.511436763788907
"rs528799"	0.148841327629437	348	0.511436763788907
"rs529001"	0.148841327629437	348	0.511436763788907
"rs1907264"	0.148876028475487	348	0.85765645809925
"rs1348595"	0.148888297433408	348	1.85217774541048
"rs1562326"	0.148906687844755	348	1.23651435618016
"rs43660"	0.148909684687365	348	0.656727600395922
"rs635363"	0.14892228326225	348	0.718909432319193
"rs809371"	0.148937432591283	348	0.773600541217052
"rs697621"	0.148949680351745	348	1.42603542207974
"rs1648651"	0.149056746146868	348	1.35685871378909
"rs1934724"	0.149072413404283	348	1.36951054277453
"rs1065164"	0.149161906832269	348	0.769140734025494
"rs1085351"	0.14916445630648	348	1.30803972067612
"rs1085357"	0.14916445630648	348	1.30803972067612
"rs1085362"	0.14916445630648	348	1.30803972067612
"rs1040417"	0.149167990486339	348	0.755080482775514
"rs1406360"	0.149198346851148	348	0.901487931374594
"rs55372"	0.14922845652937	348	1.41194645621072
"rs1990954"	0.149247722097914	348	1.24290169956142
"rs417410"	0.149267466942084	348	1.4386863960817
"rs565257"	0.149281100975874	348	0.813017116544928
"rs544400"	0.149344441902196	348	0.766598928811405
"rs281791"	0.14934937549854	348	0.780120997442427
"rs922716"	0.149361268344233	348	0.712142949928887
"rs1901467"	0.149367534470253	348	1.30960958195884
"rs933266"	0.149388455305736	348	1.29468295495342
"rs2143003"	0.14941982557396	348	1.27740261034503
"rs2145157"	0.14941982557396	348	1.27740261034503
"rs131073"	0.149431924357747	348	0.547393490648113
"rs131078"	0.149431924357747	348	0.547393490648113
"rs131079"	0.149431924357747	348	0.547393490648113
"rs131082"	0.149431924357747	348	0.547393490648113
"rs131094"	0.149431924357747	348	0.547393490648113
"rs131184"	0.149431924357747	348	0.547393490648113
"rs131235"	0.149431924357747	348	0.547393490648113
"rs131262"	0.149431924357747	348	0.547393490648113
"rs131286"	0.149431924357747	348	0.547393490648113
"rs131289"	0.149431924357747	348	0.547393490648113
"rs131340"	0.149431924357747	348	0.547393490648113
"rs131352"	0.149431924357747	348	0.547393490648113
"rs131355"	0.149431924357747	348	0.547393490648113
"rs131358"	0.149431924357747	348	0.547393490648113
"rs131364"	0.149431924357747	348	0.547393490648113
"rs131403"	0.149431924357747	348	0.547393490648113
"rs131409"	0.149431924357747	348	0.547393490648113
"rs131418"	0.149431924357747	348	0.547393490648113
"rs131499"	0.149431924357747	348	0.547393490648113
"rs131517"	0.149431924357747	348	0.547393490648113
"rs1116446"	0.149431924357747	348	0.547393490648113
"rs1116538"	0.149431924357747	348	0.547393490648113
"rs1419799"	0.149446507512827	348	0.718175468305473
"rs453891"	0.149459499130208	348	1.23134643983564
"rs207267"	0.149481379483284	348	1.31151616797268
"rs823729"	0.149502205119639	348	0.795313192286599
"rs1321170"	0.149549947781931	348	0.783163555842366
"rs1321176"	0.149549947781956	348	0.783163555842377
"rs617923"	0.149639470824225	348	1.5443494637891
"rs493821"	0.149651328115002	348	1.41934031320123
"rs1694841"	0.149665557904968	348	1.47106958274695
"rs328915"	0.14978655665758	348	0.812425193165248
"rs467522"	0.149826874488607	348	1.40998408561373
"rs467533"	0.149826874488607	348	1.40998408561373
"rs508010"	0.14984033699065	348	0.767057786053998
"rs268569"	0.149843948040412	348	1.21072751042351
"rs282937"	0.149880343257547	348	1.30969374615882
"rs1299526"	0.149900372652639	348	0.768392548409893
"rs1538987"	0.149904812854775	348	0.738622169697847
"rs922033"	0.149928783502557	348	0.67611113702484
"rs1330979"	0.149931729165482	348	0.708610957246141
"rs1331081"	0.149931729165482	348	0.708610957246141
"rs1331084"	0.149931729165482	348	0.708610957246141
"rs909366"	0.149985672675315	348	0.719294103834726
"rs984612"	0.150046942142376	348	1.14353160903298
"rs1564266"	0.150115402033576	348	1.2325181495075
"rs1545188"	0.150116087846054	348	1.37641104269513
"rs412808"	0.15012596947217	348	1.27664883646517
"rs426356"	0.150132560373187	348	1.42318070444305
"rs426394"	0.150132560373187	348	1.42318070444305
"rs796526"	0.150141850929218	348	2.16832445170895
"rs2212754"	0.150169073058699	348	0.511703194785829
"rs1893880"	0.150174806522766	348	0.453015247536903
"rs341258"	0.150234674766016	348	1.14169417733079
"rs936711"	0.150245862854484	348	0.745532668009264
"rs328708"	0.150246602624986	348	0.765541986209259
"rs1772545"	0.150268713180673	348	1.26778635996522
"rs304626"	0.150275858069068	348	1.26853153573802
"rs603071"	0.150308176880156	348	0.389451139230619
"rs1934071"	0.150308176880156	348	0.389451139230624
"rs1086294"	0.150308176880157	348	0.38945113923062
"rs1980160"	0.150308176880157	348	0.389451139230621
"rs1086921"	0.150308176880159	348	0.000280013899223815
"rs1174663"	0.150313046489197	348	0.803855450618703
"rs1716264"	0.1503651366533	348	1.33570617139319
"rs341449"	0.150373901392995	348	0.797269165089734
"rs802336"	0.150380582405834	348	0.750163055947542
"rs2155497"	0.150430874188498	348	0.812213673654619
"rs326842"	0.15043234957625	348	0.748152377431482
"rs628652"	0.150466573373344	348	1.41554875124301
"rs1597700"	0.150484198184917	348	1.54280240169055
"rs1945615"	0.150566244721817	348	0.749054022044667
"rs1945614"	0.150566244721866	348	0.749054022044695
"rs1945624"	0.150566244721866	348	0.749054022044695
"rs2138737"	0.150639573613816	348	1.27287285719249
"rs884933"	0.150719596583676	348	1.3340798799167
"rs437447"	0.150741204268941	348	0.7056121647881
"rs493946"	0.150773787921592	348	1.43935461640811
"rs2009928"	0.150786981852439	348	1.21322842732315
"rs1167909"	0.150828345475273	348	0.824116037719747
"rs147634"	0.150850582922788	348	0.781956766770572
"rs2180703"	0.15088586909285	348	0.837932561399626
"rs2180706"	0.15088586909285	348	0.837932561399626
"rs1771266"	0.150886470296026	348	1.27485843209514
"rs1894729"	0.150886587584621	348	0.454040805525832
"rs1773799"	0.150921504707959	348	1.26603708814458
"rs155507"	0.150924002530363	348	1.18025365786722
"rs116594"	0.150924563812793	348	0.872365810158288
"rs2110904"	0.150948495072601	348	0.818375244182556
"rs1151101"	0.150955397860469	348	1.42811225338426
"rs1488572"	0.151006062346858	348	1.10878928927844
"rs100494"	0.151019691997659	348	1.08264309550013
"rs929253"	0.151056887118624	348	0.701952415396162
"rs929262"	0.151056887118624	348	0.701952415396162
"rs929273"	0.151056887118624	348	0.701952415396162
"rs880534"	0.15107449334359	348	0.933509305364813
"rs272734"	0.151077389223992	348	0.775509365387969
"rs221083"	0.151108946354239	348	0.766716683857781
"rs893797"	0.151115840766985	348	1.39717710616079
"rs170174"	0.151141305594035	348	1.26351292205367
"rs1937599"	0.151192384022301	348	0.719839944574108
"rs1937624"	0.151192384022301	348	0.719839944574108
"rs877943"	0.151207394122629	348	0.698737899791826
"rs2214109"	0.151208229312071	348	1.55809957276425
"rs857070"	0.151239684596737	348	1.22172535335512
"rs327388"	0.151280777346787	348	1.51928477528811
"rs327443"	0.151280777346787	348	1.51928477528811
"rs226403"	0.151303186161343	348	1.14183660961724
"rs226404"	0.151303186161343	348	1.14183660961724
"rs794055"	0.151310764487298	348	0.342432751726971
"rs794285"	0.151310764487298	348	0.342432751726971
"rs157871"	0.151323344087618	348	1.16652384018137
"rs433795"	0.151327202895234	348	0.778069519227746
"rs1019365"	0.151328316497913	348	0.738836188044952
"rs1667353"	0.151376591873579	348	1.42399155829626
"rs116533"	0.151443967868322	348	0.793249936143222
"rs1720136"	0.151450117175955	348	1.30734406985406
"rs1127450"	0.151460137289648	348	0.777030540095912
"rs2142619"	0.151466284394779	348	1.27156968031126
"rs1399776"	0.151469606911745	348	0.613036388339829
"rs2140547"	0.151507997364688	348	1.27615235590587
"rs1772173"	0.151514362752012	348	1.27521118603938
"rs1515794"	0.151546504074745	348	1.13100595292738
"rs209866"	0.151549964977519	348	1.29595835576137
"rs113900"	0.151568625426131	348	0.859323819437012
"rs1353058"	0.151594294544748	348	1.19086774371497
"rs1694880"	0.151621693242824	348	1.66669810158012
"rs1381189"	0.151656836185684	348	1.45647600454306
"rs2182468"	0.151667744159314	348	0.652637184655856
"rs810424"	0.151724974705251	348	1.19534799918846
"rs565272"	0.151730835672628	348	0.839908685162091
"rs1679795"	0.151750613584045	348	0.717632929705668
"rs2158937"	0.151753828597814	348	1.13085792101176
"rs1434836"	0.151810765743194	348	0.751955086415717
"rs1434677"	0.151810765743197	348	0.751955086415722
"rs1434680"	0.151810765743197	348	0.751955086415722
"rs117056"	0.151812273604236	348	0.857967013601744
"rs832916"	0.151845962928542	348	0.750794737812072
"rs832968"	0.151845962928542	348	0.750794737812072
"rs1780265"	0.151862782837021	348	1.19450587640767
"rs1780266"	0.151862782837021	348	1.19450587640767
"rs1780270"	0.151862782837021	348	1.19450587640767
"rs1780272"	0.151862782837021	348	1.19450587640767
"rs1780274"	0.151862782837021	348	1.19450587640767
"rs1780277"	0.151862782837021	348	1.19450587640767
"rs1780279"	0.151862782837021	348	1.19450587640767
"rs1780280"	0.151862782837021	348	1.19450587640767
"rs1780283"	0.151862782837021	348	1.19450587640767
"rs1780285"	0.151862782837021	348	1.19450587640767
"rs211771"	0.151871883754416	348	1.41895826968459
"rs1413621"	0.151926049621003	348	0.738332252485414
"rs1716556"	0.151969294707602	348	1.30414751218261
"rs1372733"	0.151992219190402	348	0.879296792794152
"rs1372735"	0.151992219190402	348	0.879296792794152
"rs491250"	0.151997727432509	348	1.59747363943799
"rs817706"	0.151997727432511	348	1.59747363943799
"rs817859"	0.151997727432511	348	1.59747363943799
"rs1016418"	0.15202699397157	348	0.723407684952212
"rs1545086"	0.152030297971332	348	1.40000593046439
"rs319542"	0.152034780851684	348	1.44589845914925
"rs906201"	0.152036188945911	348	0.75418645999084
"rs1906683"	0.152051552633218	348	0.859472299600011
"rs1770513"	0.152059837021379	348	1.28045479540897
"rs760274"	0.15206995271674	348	1.47553348230998
"rs715172"	0.152143952877309	348	0.691099512983009
"rs847612"	0.152165729011671	348	1.27701798856738
"rs847621"	0.152165729011671	348	1.27701798856738
"rs1105899"	0.152177084916663	348	0.765393958072876
"rs1105698"	0.152177084916667	348	0.765393958072877
"rs1105752"	0.152177084916667	348	0.765393958072876
"rs1895224"	0.152201443734214	348	0.454319382577372
"rs1895231"	0.152201443734214	348	0.454319382577372
"rs771140"	0.152241802119477	348	1.18440082532875
"rs2099982"	0.152256212972723	348	0.681989810393467
"rs145687"	0.152326040459441	348	1.26948650251717
"rs2138212"	0.152407739360262	348	1.27698137482892
"rs2087041"	0.152410925533581	348	0.914601017473436
"rs1770659"	0.152412478785634	348	1.27316896116451
"rs1879703"	0.152434523270275	348	1.46719346407356
"rs1897067"	0.152478082487454	348	0.454548843213908
"rs1348851"	0.152482471665676	348	1.24870579097614
"rs704321"	0.152517203754762	348	1.2706103763251
"rs602657"	0.152583127277881	348	1.75906054693237
"rs2172691"	0.152606760532709	348	1.15439371780365
"rs2172694"	0.152606760532709	348	1.15439371780365
"rs544355"	0.152653733643487	348	1.2394577009276
"rs2066631"	0.152664344767943	348	1.29825410371376
"rs994172"	0.152699757633646	348	1.29472636924545
"rs73199"	0.15270293195625	348	0.740191013312287
"rs812587"	0.152730307987847	348	1.19601023073772
"rs330223"	0.152764010287271	348	0.783577597243737
"rs667243"	0.152826895812803	348	1.24258816548255
"rs929270"	0.1528457962613	348	0.702078816600509
"rs1770829"	0.152861692662347	348	1.28896384141421
"rs1117173"	0.152928495167754	348	1.37406264821078
"rs1545764"	0.152938294257244	348	0.722860626238242
"rs1545839"	0.152938294257244	348	0.722860626238242
"rs620234"	0.152941181462495	348	0.706619621683406
"rs1126054"	0.152945051527662	348	1.25753887546885
"rs255465"	0.152949861958374	348	1.12198280582855
"rs1716085"	0.152952275761004	348	1.29148429227683
"rs135068"	0.152960184449164	348	1.35257466862863
"rs135113"	0.152960184449164	348	1.35257466862863
"rs1847273"	0.153025809762915	348	0.58729154299214
"rs941892"	0.15310738421338	348	1.38644571996924
"rs1422911"	0.153112916969886	348	1.39119055195367
"rs835666"	0.153194761990386	348	1.39622862915307
"rs936370"	0.15322062292119	348	0.705538824037804
"rs1897343"	0.153250845940017	348	0.457881315662067
"rs1771617"	0.153251440556959	348	1.27333939784984
"rs1771534"	0.153251440556968	348	1.27333939784985
"rs2025314"	0.153262417774578	348	1.39666453135977
"rs1896370"	0.153276799440628	348	0.457914130569563
"rs2130188"	0.153326800040064	348	1.57736171780902
"rs2130399"	0.153326800040064	348	1.57736171780902
"rs297819"	0.153381914859266	348	1.44347290425713
"rs702118"	0.153387769856831	348	0.831794538382808
"rs334678"	0.153460637178243	348	1.34649232584426
"rs1104025"	0.153483273822694	348	0.815130997612342
"rs1171677"	0.153528176056276	348	0.803235489277581
"rs419412"	0.153578792943963	348	0.924495215731495
"rs1894696"	0.153597334827641	348	0.456386156312101
"rs1897450"	0.153597334827641	348	0.456386156312101
"rs1344585"	0.153665680917562	348	0.758078938654961
"rs1783051"	0.153689503971119	348	1.21972369874411
"rs1772969"	0.153714955561808	348	1.26743198566304
"rs779060"	0.153717970939185	348	1.19929719186107
"rs779072"	0.153717970939185	348	1.19929719186107
"rs779074"	0.153717970939185	348	1.19929719186107
"rs1565490"	0.153723577422495	348	1.42905601461204
"rs1565496"	0.153723577422495	348	1.42905601461204
"rs1565501"	0.153723577422495	348	1.42905601461204
"rs1565513"	0.153723577422495	348	1.42905601461204
"rs1716268"	0.153758256585697	348	1.35733638507511
"rs624840"	0.15375973832898	348	0.772375749273291
"rs929264"	0.153832242366679	348	0.703839384861751
"rs1608472"	0.153853781981465	348	1.43036611711538
"rs942093"	0.153876506571219	348	1.44652841986225
"rs2137212"	0.153885711863853	348	1.27804405679422
"rs70154"	0.153894150907776	348	1.07607665741176
"rs2170575"	0.153900251027763	348	0.889339032872779
"rs797454"	0.15390665489914	348	0.907795472197756
"rs1896914"	0.153932658851135	348	0.45669962177082
"rs1896944"	0.153932658851135	348	0.45669962177082
"rs556509"	0.153943136168694	348	1.29417826529485
"rs1894967"	0.153949251140276	348	0.457073079255444
"rs1346336"	0.153985486720222	348	1.49515142567328
"rs24934"	0.154018964922631	348	1.82193060124993
"rs25252"	0.154018964922631	348	1.82193060124993
"rs208296"	0.15403528935353	348	1.28751475137931
"rs1894126"	0.154050848033198	348	0.456832326633514
"rs225765"	0.15406851208491	348	0.753172387325805
"rs1470725"	0.154175593761382	348	1.25585222469741
"rs1470732"	0.154175593761382	348	1.25585222469741
"rs43995"	0.154209724598015	348	0.692527708024602
"rs43998"	0.154209724598015	348	0.692527708024602
"rs44001"	0.154209724598015	348	0.692527708024602
"rs44004"	0.154209724598015	348	0.692527708024602
"rs1102638"	0.154238687014086	348	0.672180642541677
"rs2139920"	0.154249305226039	348	1.28541898646219
"rs2141167"	0.154249305226039	348	1.28541898646219
"rs2141378"	0.154249305226039	348	1.28541898646219
"rs2141741"	0.154249305226039	348	1.28541898646219
"rs2141786"	0.154249305226039	348	1.28541898646219
"rs2141827"	0.154249305226039	348	1.28541898646219
"rs2141914"	0.154249305226039	348	1.28541898646219
"rs2141920"	0.154249305226039	348	1.28541898646219
"rs2141963"	0.154249305226039	348	1.28541898646219
"rs2141988"	0.154249305226039	348	1.28541898646219
"rs2142092"	0.154249305226039	348	1.28541898646219
"rs2142119"	0.154249305226039	348	1.28541898646219
"rs2142161"	0.154249305226039	348	1.28541898646219
"rs2142268"	0.154249305226039	348	1.28541898646219
"rs2142287"	0.154249305226039	348	1.28541898646219
"rs2142361"	0.154249305226039	348	1.28541898646219
"rs2142400"	0.154249305226039	348	1.28541898646219
"rs2142577"	0.154249305226039	348	1.28541898646219
"rs2142589"	0.154249305226039	348	1.28541898646219
"rs2142603"	0.154249305226039	348	1.28541898646219
"rs2142637"	0.154249305226039	348	1.28541898646219
"rs2142679"	0.154249305226039	348	1.28541898646219
"rs2142739"	0.154249305226039	348	1.28541898646219
"rs2142769"	0.154249305226039	348	1.28541898646219
"rs2143090"	0.154249305226039	348	1.28541898646219
"rs2143177"	0.154249305226039	348	1.28541898646219
"rs2143255"	0.154249305226039	348	1.28541898646219
"rs2143276"	0.154249305226039	348	1.28541898646219
"rs2143323"	0.154249305226039	348	1.28541898646219
"rs2143884"	0.154249305226039	348	1.28541898646219
"rs278427"	0.15425520466468	348	0.6849248276036
"rs1879571"	0.154276238321881	348	1.33124540215438
"rs265272"	0.154291720190521	348	0.698334243892621
"rs1594173"	0.154353194959423	348	1.27917584519019
"rs114357"	0.154356536114247	348	0.858442910785729
"rs1635761"	0.154359056719137	348	1.26782370545707
"rs540169"	0.154380472324984	348	1.52829505405197
"rs2056484"	0.154384027509035	348	1.32183088058737
"rs417375"	0.154391840602999	348	1.43285167987647
"rs1720309"	0.154480172257692	348	1.29521092288077
"rs1990810"	0.154542442147076	348	0.817449000566833
"rs1055425"	0.154551924314847	348	0.600566589961217
"rs971925"	0.154557982387202	348	0.67691823027919
"rs2110909"	0.154572126886004	348	0.819832181478653
"rs389197"	0.154597688948845	348	1.33529603455253
"rs1998768"	0.154600334723855	348	0.793923224138202
"rs1987422"	0.154696758025794	348	1.27102716336793
"rs1883997"	0.154730725059371	348	1.4284077280626
"rs1944747"	0.154769053929364	348	0.745020453938782
"rs1944783"	0.154769053929364	348	0.745020453938782
"rs1092739"	0.154791904848737	348	0.811776612772519
"rs928683"	0.154801763543928	348	0.748734231150413
"rs1164795"	0.154911064715511	348	0.821826812838655
"rs1814550"	0.15492799063458	348	1.45521131536804
"rs1814586"	0.15492799063458	348	1.45521131536804
"rs1814607"	0.15492799063458	348	1.45521131536804
"rs672800"	0.154943199480359	348	0.776794478886875
"rs2172492"	0.15495532655989	348	1.19745777270729
"rs1965333"	0.154975840695295	348	1.43167082653927
"rs365758"	0.15498867358886	348	1.24326632572338
"rs565968"	0.154996288317342	348	1.25453433957742
"rs417160"	0.155013480562739	348	1.43905666594659
"rs739501"	0.155046189403482	348	0.649840456664721
"rs1601135"	0.155064751563989	348	1.39901371386933
"rs1601138"	0.155064751563989	348	1.39901371386933
"rs1601150"	0.155064751563989	348	1.39901371386933
"rs667285"	0.155066055552114	348	1.24074927167251
"rs1349469"	0.15507162490052	348	0.75069667828799
"rs23029"	0.155144108568783	348	0.458109305429086
"rs637013"	0.155186032670524	348	1.35424819092232
"rs1609938"	0.155196618830474	348	0.807836575557185
"rs1896172"	0.155197636465743	348	0.45748813962622
"rs226340"	0.155250244378336	348	0.756386533755901
"rs224457"	0.155271856127312	348	1.32547952995087
"rs1773913"	0.155274201239227	348	1.26416010226875
"rs1894185"	0.155294486981873	348	0.457876685724399
"rs1086293"	0.155417649315873	348	0.759920781690451
"rs1086324"	0.155417649315873	348	0.759920781690451
"rs634473"	0.15543572928892	348	0.673271609582172
"rs1778192"	0.155437171575592	348	1.24875730038512
"rs1814952"	0.155440418959265	348	1.41907562248743
"rs767373"	0.155449143680346	348	0.839553923448375
"rs2131707"	0.155479471477308	348	0.866040081834634
"rs493134"	0.155509976710482	348	1.43466055399269
"rs492236"	0.155536036620087	348	1.11314258109726
"rs1947258"	0.155547089117079	348	1.4683919580246
"rs588980"	0.155600697944891	348	1.38473413248322
"rs993728"	0.155602558323862	348	1.45021239135165
"rs117459"	0.155639316170292	348	0.858398910683961
"rs1896743"	0.155715492096611	348	0.460960801041782
"rs2203964"	0.155732086075616	348	0.720119605865295
"rs1896734"	0.155735084274252	348	0.457997861865519
"rs1896737"	0.155735084274252	348	0.457997861865519
"rs1896872"	0.155735084274252	348	0.457997861865519
"rs392852"	0.155796603209855	348	1.45636048530958
"rs948506"	0.155812208686706	348	0.823952367605121
"rs1772546"	0.155833003244674	348	1.26369655117902
"rs553228"	0.155892719134459	348	1.08681463630521
"rs561811"	0.155915151341149	348	0.648801906001591
"rs347352"	0.155922776778251	348	1.23910365414787
"rs1773180"	0.155962562022718	348	1.30384908392927
"rs1798050"	0.156008847677684	348	0.00447888153354555
"rs846485"	0.156108454929419	348	0.768211437704131
"rs935420"	0.156127247496143	348	0.695708335169475
"rs872542"	0.156134260691068	348	0.712004210807186
"rs83"	0.156147788604656	348	1.35621700939665
"rs1401865"	0.156173919752928	348	0.6335675768384
"rs890843"	0.156230709309831	348	0.899004741372002
"rs253169"	0.156250907891284	348	1.33867923855987
"rs280933"	0.156260107651009	348	1.32667429490889
"rs1973405"	0.156304480215846	348	1.70399504996135
"rs211892"	0.156308438639384	348	1.41236256181209
"rs1121633"	0.156408136654893	348	1.29025054214059
"rs304892"	0.156409293398481	348	0.723878615274121
"rs271629"	0.156414974532533	348	0.644808222274409
"rs211733"	0.156437229910624	348	1.4120904690872
"rs211959"	0.156452787658398	348	1.41207519292306
"rs259141"	0.156457703838634	348	1.35076233727369
"rs1579844"	0.156464967983578	348	0.682067889147785
"rs2002912"	0.156520651574	348	1.29648276786134
"rs508009"	0.156544122009758	348	1.29192965503596
"rs150025"	0.156568005934421	348	0.781913524162729
"rs1114010"	0.156588800437613	348	1.09425835243983
"rs1329633"	0.156604260552576	348	0.783479285538495
"rs1706157"	0.156632585288505	348	1.38237322702728
"rs1356599"	0.156647596088938	348	1.45892048878795
"rs1123543"	0.15674361897472	348	0.694153322828727
"rs210028"	0.156758342229629	348	0.75458569841577
"rs236270"	0.156765963214728	348	0.743077431332244
"rs236273"	0.156765963214728	348	0.743077431332244
"rs1019642"	0.156963621549914	348	1.74319956553806
"rs1019648"	0.156963621549914	348	1.74319956553806
"rs1019450"	0.156963621549914	348	1.74319956553808
"rs1019640"	0.156963621549914	348	1.74319956553808
"rs2182332"	0.156986748077805	348	0.658493202624139
"rs910989"	0.15704010566041	348	1.35835252773835
"rs910995"	0.15704010566041	348	1.35835252773835
"rs2182325"	0.157068398624909	348	0.658617269412395
"rs2182459"	0.157068398624909	348	0.658617269412395
"rs478287"	0.157085184387014	348	1.24660190710033
"rs512413"	0.157086801789983	348	0.76846984897196
"rs466906"	0.157116153561307	348	0.802291221411184
"rs466907"	0.157116153561307	348	0.802291221411184
"rs466910"	0.157116153561307	348	0.802291221411184
"rs466911"	0.157116153561307	348	0.802291221411184
"rs466915"	0.157116153561307	348	0.802291221411184
"rs466920"	0.157116153561307	348	0.802291221411184
"rs466921"	0.157116153561307	348	0.802291221411184
"rs466923"	0.157116153561307	348	0.802291221411184
"rs466924"	0.157116153561307	348	0.802291221411184
"rs466926"	0.157116153561307	348	0.802291221411184
"rs466933"	0.157116153561307	348	0.802291221411184
"rs466935"	0.157116153561307	348	0.802291221411184
"rs466937"	0.157116153561307	348	0.802291221411184
"rs498389"	0.157119841832062	348	0.740776451769813
"rs1480572"	0.15717558925711	348	1.26290883026278
"rs223862"	0.15720045713808	348	1.30073445585531
"rs1623373"	0.157284036411029	348	1.19163682134872
"rs1089777"	0.157285530707309	348	1.39255297744522
"rs326710"	0.157286183877957	348	0.75365169935574
"rs1897370"	0.157292030007305	348	0.459641835632298
"rs1108106"	0.15736246121626	348	1.2795515337189
"rs648007"	0.15737312636331	348	0.861396232900302
"rs724007"	0.157374871571345	348	0.600317590922483
"rs724022"	0.157374871571345	348	0.600317590922483
"rs23063"	0.157376901400488	348	0.459803260631037
"rs2070128"	0.157386184224009	348	0.776709940327999
"rs1848565"	0.157405983809569	348	0.565527468301153
"rs1848606"	0.157405983809569	348	0.565527468301153
"rs1850797"	0.157405983809569	348	0.565527468301153
"rs2017256"	0.157405983809569	348	0.565527468301153
"rs462948"	0.157405983809576	348	0.56552746830116
"rs464530"	0.157405983809576	348	0.56552746830116
"rs465115"	0.157405983809576	348	0.56552746830116
"rs484898"	0.157405983809576	348	0.56552746830116
"rs1900998"	0.157405983809576	348	0.56552746830116
"rs305068"	0.157436041432119	348	0.751092497106739
"rs115500"	0.157439475226067	348	0.85981395499062
"rs117090"	0.157439475226067	348	0.85981395499062
"rs117249"	0.157439475226067	348	0.85981395499062
"rs117319"	0.157439475226067	348	0.85981395499062
"rs117342"	0.157439475226067	348	0.85981395499062
"rs117372"	0.157439475226067	348	0.85981395499062
"rs271731"	0.157450845075158	348	0.645619431040226
"rs271808"	0.157450845075158	348	0.645619431040226
"rs1681652"	0.157513032653572	348	1.36476883623809
"rs53827"	0.157611622113035	348	1.33327679704628
"rs1106514"	0.157639559723229	348	0.76679847506506
"rs1737264"	0.157685724174412	348	1.35637704860017
"rs1648597"	0.157735836341644	348	1.34853090877722
"rs2156845"	0.157754058165331	348	1.23733231279735
"rs2156847"	0.157754058165331	348	1.23733231279735
"rs69211"	0.157770771404463	348	1.27019371641784
"rs935683"	0.157818973028998	348	0.70301930354582
"rs1896885"	0.157821518339	348	0.4601443305084
"rs558616"	0.157837615878129	348	1.20806118620382
"rs417743"	0.157854756927759	348	1.40285105526041
"rs572534"	0.157867912902901	348	1.23848021133789
"rs417745"	0.157873808094838	348	1.39981048369682
"rs622861"	0.157896798235089	348	1.34636661907612
"rs146142"	0.157911096136043	348	1.21972672885548
"rs304042"	0.158064938565443	348	1.30479364651485
"rs91517"	0.158065921492295	348	1.30724521692339
"rs146926"	0.158078756213296	348	0.842785513626901
"rs146932"	0.158078756213296	348	0.842785513626901
"rs1482103"	0.158082828559958	348	0.715055398335071
"rs154420"	0.158091714225495	348	0.810107547908563
"rs1123975"	0.158133338053521	348	0.797992513349333
"rs366757"	0.158152210575339	348	0.767425306471833
"rs1741524"	0.158174893293756	348	1.31089689668116
"rs1741533"	0.158174893293756	348	1.31089689668116
"rs1894354"	0.15823528628643	348	0.460320081724012
"rs544535"	0.158236654142087	348	0.760518196428848
"rs965980"	0.158260498018361	348	1.3347118249496
"rs1964483"	0.158282015097294	348	0.837726610236032
"rs1704511"	0.158345717042387	348	1.29852895285953
"rs1705722"	0.158345717042387	348	1.29852895285953
"rs2122171"	0.158391732339007	348	1.34978833563262
"rs1425892"	0.158395307134198	348	0.563856759540078
"rs736979"	0.158418128942928	348	1.32430771619213
"rs328975"	0.158418250970293	348	1.37675880500302
"rs1705274"	0.158441390832633	348	1.29854315811621
"rs1719952"	0.158441390832633	348	1.29854315811621
"rs1719979"	0.158441390832633	348	1.29854315811621
"rs1990654"	0.15844524008176	348	1.22893968108065
"rs854515"	0.158447986431999	348	0.801930054485121
"rs1604817"	0.158449933596049	348	0.696083519923363
"rs1689353"	0.158488656704058	348	1.2817460188928
"rs1874623"	0.158524505578725	348	0.394426462214247
"rs116599"	0.158525006671125	348	0.871667799527004
"rs507939"	0.158529161994498	348	1.52385765007341
"rs1879481"	0.158616281272824	348	1.30543907840367
"rs1758967"	0.158632410977575	348	1.29060516921493
"rs568907"	0.158635238560732	348	1.18362855627568
"rs146844"	0.158784080240884	348	0.843026838106498
"rs146854"	0.158784080240884	348	0.843026838106498
"rs146857"	0.158784080240884	348	0.843026838106498
"rs2133589"	0.158785712881936	348	0.834177812987074
"rs388672"	0.158808135863099	348	0.695377164667823
"rs388674"	0.158808135863099	348	0.695377164667823
"rs145762"	0.158837272400573	348	1.14132388414654
"rs2220471"	0.158843949498693	348	0.735992946207326
"rs1772647"	0.158911295048638	348	1.26223844124027
"rs1773443"	0.158911295048638	348	1.26223844124027
"rs1773504"	0.158911295048638	348	1.26223844124027
"rs1773510"	0.158911295048638	348	1.26223844124027
"rs501192"	0.158928604092834	348	0.713999883222698
"rs872846"	0.158989027730971	348	0.785169588791752
"rs1299590"	0.158989877190553	348	0.776305420380855
"rs2170891"	0.159082888373857	348	0.854710064260649
"rs1551356"	0.159088453669266	348	1.26895479990135
"rs1594671"	0.159092613142905	348	0.696765280414404
"rs1085361"	0.159124185895007	348	1.29769370953291
"rs566656"	0.15912652732707	348	0.818923484114772
"rs2220970"	0.159174772753145	348	1.33896909687071
"rs2221090"	0.159174772753145	348	1.33896909687071
"rs770745"	0.15918049337412	348	0.835164816360549
"rs1561412"	0.15922548375757	348	1.19494583593972
"rs1893613"	0.159225647941145	348	0.806387728152424
"rs1443641"	0.159233639629626	348	0.765701142932526
"rs758567"	0.159234302297771	348	1.26297945407619
"rs225570"	0.159269058302882	348	0.650851155554437
"rs225579"	0.159269058302882	348	0.650851155554437
"rs225585"	0.159269058302882	348	0.650851155554437
"rs1068183"	0.159275462654684	348	0.762065458848748
"rs264734"	0.159297427876217	348	0.819038106334937
"rs264735"	0.159297427876217	348	0.819038106334937
"rs1784380"	0.159351365858541	348	0.933021769512486
"rs102145"	0.159361515270614	348	0.670757127396787
"rs102162"	0.159361515270614	348	0.670757127396787
"rs1659843"	0.15936920081884	348	1.32619712828773
"rs117763"	0.15946717415573	348	0.837707625027838
"rs117808"	0.15946717415573	348	0.837707625027838
"rs1357790"	0.159561388347861	348	0.44475919157257
"rs1963195"	0.159574818262374	348	1.32534475523491
"rs1976534"	0.159578049840633	348	1.37662995849228
"rs1976539"	0.159578049840633	348	1.37662995849228
"rs493783"	0.159580816151623	348	1.32627965573916
"rs1659336"	0.159599085943902	348	0.781736652190654
"rs1070803"	0.159623588178966	348	0.756776461876991
"rs2145882"	0.159697947568078	348	1.50425464482338
"rs407639"	0.159759287366913	348	1.35082693957521
"rs1716932"	0.159759649040066	348	0.499543998527369
"rs1104210"	0.159785272686599	348	1.88438334169394
"rs724497"	0.159792592144404	348	1.10059034338582
"rs115831"	0.159805388890046	348	0.860190965069542
"rs115848"	0.159805388890046	348	0.860190965069542
"rs115882"	0.159805388890046	348	0.860190965069542
"rs123451"	0.159810780260574	348	1.3572135277073
"rs84391"	0.159813526923105	348	0.737096327653408
"rs84402"	0.159813526923105	348	0.737096327653408
"rs1102623"	0.159843508269569	348	0.675437328400349
"rs1102630"	0.159843508269569	348	0.675437328400349
"rs881343"	0.15987033181237	348	1.34873292967919
"rs356938"	0.159875294923013	348	1.30699902770059
"rs1053928"	0.159878164723845	348	0.666301941034962
"rs238914"	0.159884353166335	348	1.35250341046528
"rs1703782"	0.15992077624653	348	1.61517874666445
"rs486250"	0.159976340017245	348	0.74921238541009
"rs229861"	0.160017412492367	348	0.747542092685083
"rs2110954"	0.160018318533605	348	0.803507924846438
"rs1488154"	0.160048109505584	348	0.890748338568526
"rs1800697"	0.160060416680519	348	1.38816681914355
"rs553104"	0.160086690299678	348	1.4761848832894
"rs1705898"	0.160131574423429	348	1.29499058808238
"rs1706512"	0.160131574423429	348	1.29499058808238
"rs1707851"	0.160131574423429	348	1.29499058808238
"rs1709282"	0.160131574423429	348	1.29499058808238
"rs1752591"	0.160135370572233	348	1.26546039074643
"rs1703706"	0.16016312159684	348	1.61464253830652
"rs2139646"	0.160241000502443	348	1.28468604634502
"rs579011"	0.160265525519103	348	1.3842736173627
"rs1771915"	0.160265580104085	348	1.26701508904965
"rs104639"	0.160329606512422	348	387.414436948272
"rs895229"	0.160329606512422	348	387.414436948272
"rs664222"	0.160329606512427	348	0.567364611363396
"rs400845"	0.16035607605234	348	0.599933676944908
"rs510282"	0.160359079871923	348	1.31757244686171
"rs510286"	0.160359079871923	348	1.31757244686171
"rs510287"	0.160359079871923	348	1.31757244686171
"rs510292"	0.160359079871923	348	1.31757244686171
"rs1737897"	0.160361645854257	348	1.24454047600032
"rs133571"	0.160405580947726	348	1.20775369163909
"rs191759"	0.160414859773335	348	0.706341961791391
"rs191768"	0.160414859773335	348	0.706341961791391
"rs1053935"	0.160517409991541	348	0.66664581158512
"rs154058"	0.160525353408122	348	1.28920779177238
"rs395809"	0.160541389170589	348	0.682414358472075
"rs295959"	0.160581634994131	348	1.20539423878648
"rs1649341"	0.160586721183617	348	1.34567360152741
"rs1648938"	0.160590659364303	348	0.801010107627137
"rs1734112"	0.16060684285107	348	1.17254345394704
"rs1006093"	0.160733108180202	348	1.66822646474998
"rs1355654"	0.160739224937717	348	1.42242062013088
"rs764815"	0.160745407142226	348	0.497663032052694
"rs465234"	0.160836826686307	348	1.24884458723931
"rs465294"	0.160836826686307	348	1.24884458723931
"rs465306"	0.160836826686307	348	1.24884458723931
"rs465362"	0.160836826686307	348	1.24884458723931
"rs465377"	0.160836826686307	348	1.24884458723931
"rs318892"	0.160837160382847	348	1.32303654683176
"rs1879511"	0.160915204798037	348	1.31523713298548
"rs1879514"	0.160915204798037	348	1.31523713298548
"rs1879520"	0.160915204798037	348	1.31523713298548
"rs339537"	0.160935534403624	348	0.6974729356272
"rs638593"	0.160972290814505	348	0.674554591273988
"rs797453"	0.160995676925059	348	0.927241899694468
"rs278648"	0.161016952859973	348	0.688437191734713
"rs1649313"	0.161030395618069	348	1.34538224715666
"rs1617482"	0.161040077266808	348	0.792062733981324
"rs93333"	0.161073114773167	348	1.19897655933663
"rs1988182"	0.161190438398875	348	0.775167299314501
"rs1102703"	0.161202364909305	348	0.552292619649849
"rs1102769"	0.161202364909305	348	0.552292619649849
"rs1102772"	0.161202364909305	348	0.552292619649849
"rs1102922"	0.161202364909305	348	0.552292619649849
"rs1102928"	0.161202364909305	348	0.552292619649849
"rs1103003"	0.161202364909305	348	0.552292619649849
"rs320704"	0.161223071668894	348	1.40753700454568
"rs320707"	0.161223071668894	348	1.40753700454568
"rs320713"	0.161223071668894	348	1.40753700454568
"rs320722"	0.161223071668894	348	1.40753700454568
"rs320725"	0.161223071668894	348	1.40753700454568
"rs115034"	0.161251777023894	348	0.860816084151256
"rs718448"	0.161272672739043	348	1.38277700508288
"rs222812"	0.161324037771518	348	0.741370754422498
"rs942930"	0.161365567122752	348	0.865614931930528
"rs809481"	0.161370952110133	348	1.20324974562135
"rs2176533"	0.161419771239348	348	0.77087827218387
"rs2176547"	0.161419771239348	348	0.77087827218387
"rs2176557"	0.161419771239348	348	0.77087827218387
"rs2176560"	0.161419771239348	348	0.77087827218387
"rs2176563"	0.161419771239348	348	0.77087827218387
"rs2176566"	0.161419771239348	348	0.77087827218387
"rs2176569"	0.161419771239348	348	0.77087827218387
"rs2176431"	0.161419771239351	348	0.77087827218387
"rs2176434"	0.161419771239351	348	0.77087827218387
"rs2176437"	0.161419771239351	348	0.77087827218387
"rs2176458"	0.161419771239351	348	0.77087827218387
"rs2176461"	0.161419771239351	348	0.77087827218387
"rs2176467"	0.161419771239351	348	0.77087827218387
"rs2176470"	0.161419771239351	348	0.77087827218387
"rs2176527"	0.161419771239351	348	0.77087827218387
"rs1755917"	0.161482394592092	348	1.45623067785348
"rs1692550"	0.161527597740833	348	0.777449566363141
"rs1069010"	0.161534157690819	348	1.30251376566773
"rs1770622"	0.161589757753689	348	1.26525386563686
"rs1488363"	0.161606939493758	348	1.11078717919672
"rs1488383"	0.161606939493758	348	1.11078717919672
"rs2144747"	0.161684587190422	348	1.26512540890179
"rs305971"	0.161706936916043	348	0.711545564830802
"rs1703993"	0.161725932549422	348	1.31338505453221
"rs2042267"	0.161757376411117	348	0.81078757020537
"rs2042191"	0.161757376411118	348	0.810787570205371
"rs2042196"	0.161757376411118	348	0.810787570205371
"rs1842474"	0.16178284323992	348	1.28911513201647
"rs1716663"	0.161789325057194	348	1.27225923371997
"rs2110656"	0.161891919082435	348	0.893997656850403
"rs140327"	0.161922179921396	348	0.847911649442449
"rs1676948"	0.161928579695445	348	0.676024098305322
"rs259342"	0.161945639010676	348	0.639395077566628
"rs211745"	0.161990984040619	348	1.40625646849692
"rs401109"	0.162011889149407	348	0.743418165803137
"rs2121717"	0.16205848210707	348	1.1380537404355
"rs2121719"	0.16205848210707	348	1.1380537404355
"rs2012987"	0.162084705153475	348	0.787656833863867
"rs2012990"	0.162084705153475	348	0.787656833863867
"rs2012979"	0.162084705153477	348	0.787656833863867
"rs162554"	0.162098974277738	348	0.821569354909377
"rs44103"	0.162118821108904	348	0.684992220434604
"rs1052595"	0.162119021179729	348	0.761799864244815
"rs1963931"	0.162156445597986	348	1.58587580553277
"rs445490"	0.162165132234772	348	1.24069075577921
"rs621168"	0.162167447690489	348	2.14502918112386
"rs610787"	0.162208876261113	348	0.651039885344218
"rs1579835"	0.162263479028684	348	0.685538976015208
"rs971946"	0.162278255663221	348	0.741308736444081
"rs1771626"	0.162310611249721	348	1.26728938548421
"rs1101569"	0.162312555154767	348	1.63679806509845
"rs1421549"	0.162319750186955	348	1.44341744739924
"rs1421551"	0.162319750186955	348	1.44341744739924
"rs1772487"	0.162326313150605	348	1.2587527870526
"rs1564977"	0.162365069881173	348	1.37760520881479
"rs1105710"	0.16236989205851	348	0.77008692007467
"rs1106232"	0.162413820043895	348	1.72496315375715
"rs1106247"	0.162413820043895	348	1.72496315375715
"rs1107177"	0.162413820043896	348	1.72496315375716
"rs935474"	0.162465659538798	348	0.702533007094987
"rs1721110"	0.162494230842211	348	1.42399842243604
"rs1721113"	0.162494230842211	348	1.42399842243604
"rs492461"	0.162505151912981	348	0.90409527916938
"rs1053121"	0.162513374881186	348	1.20489305491111
"rs1897407"	0.16258585212353	348	0.467074983191158
"rs1169201"	0.162593426550382	348	1.29592077006513
"rs1814828"	0.162605747358287	348	1.47872374636824
"rs1814823"	0.162605747358289	348	1.47872374636823
"rs1814856"	0.162605747358289	348	1.47872374636823
"rs1814888"	0.162605747358289	348	1.47872374636823
"rs276448"	0.162615109345689	348	1.43255383291971
"rs2041640"	0.162617229257724	348	0.797096694445443
"rs613144"	0.162634631396189	348	0.795459803287196
"rs304753"	0.16263577662451	348	1.20678769253556
"rs475193"	0.162642085016244	348	0.699159610564075
"rs475211"	0.162642085016244	348	0.699159610564075
"rs417168"	0.16264670521504	348	1.42274638335851
"rs2213653"	0.162701089618073	348	1.30645525644808
"rs151483"	0.162744264296684	348	0.677666680220004
"rs1743374"	0.162755646949462	348	0.884519793657211
"rs1960548"	0.162755827973246	348	0.753774017307646
"rs1649010"	0.162756140511424	348	1.3437855364346
"rs1648779"	0.162756140511669	348	47.7041220390861
"rs1648947"	0.162756140511669	348	47.7041220390861
"rs154578"	0.162792467099848	348	1.39099017569839
"rs154581"	0.162792467099848	348	1.39099017569839
"rs154584"	0.162792467099848	348	1.39099017569839
"rs897023"	0.162794837119776	348	0.897923443495245
"rs1772356"	0.162852778946092	348	1.25979672881848
"rs115371"	0.162855665850078	348	0.861349039880388
"rs116696"	0.162855665850078	348	0.861349039880388
"rs1894332"	0.162857403251034	348	0.463086723760129
"rs545513"	0.162862319245212	348	0.797638723236068
"rs2139874"	0.162884493303263	348	0.788299944601635
"rs880594"	0.162896064863314	348	1.41216294152521
"rs2016984"	0.162909933115777	348	0.673013287204834
"rs136291"	0.162939321947159	348	0.626927421585988
"rs1774972"	0.162967686113382	348	0.819941092323634
"rs322441"	0.162976118187711	348	0.757176043291864
"rs1713612"	0.162989359802769	348	1.22667575937537
"rs560838"	0.163021183502455	348	1.22116902875604
"rs2183402"	0.163025774485745	348	1.23311351498612
"rs994169"	0.163086274105135	348	0.780648628242807
"rs224015"	0.163126394356467	348	1.71179030402196
"rs1165722"	0.163136418452721	348	0.804728165977574
"rs36216"	0.163164762699823	348	1.33185941783645
"rs1964851"	0.163192950018182	348	1.29487236855747
"rs413977"	0.163195899832028	348	1.28230272507866
"rs413978"	0.163195899832028	348	1.28230272507866
"rs617059"	0.163211648181817	348	1.52406612920888
"rs1778306"	0.163219120300891	348	1.1984813288992
"rs705038"	0.16324338400137	348	1.29292103728812
"rs1286481"	0.163334712505593	348	0.819131297887673
"rs113124"	0.163335500522543	348	0.862229304685786
"rs2136102"	0.16335926188183	348	1.26763289835102
"rs2139089"	0.16335926188183	348	1.26763289835102
"rs2145270"	0.16335926188183	348	1.26763289835102
"rs307072"	0.16338440408221	348	0.747715412340884
"rs758813"	0.163399978496581	348	1.22786772825973
"rs451323"	0.163402920799494	348	1.22885341481649
"rs451383"	0.163402920799494	348	1.22885341481649
"rs1106253"	0.163441159602894	348	0.781349801238496
"rs1019541"	0.163445061880644	348	0.74100217191116
"rs1826389"	0.163455068698425	348	0.744415354930174
"rs465526"	0.163482376320181	348	0.705413399075326
"rs465537"	0.163482376320181	348	0.705413399075326
"rs113957"	0.163493412343409	348	0.862901309332896
"rs271180"	0.163618425180242	348	0.650548993830672
"rs2090815"	0.163674042776557	348	0.811925429293564
"rs1460807"	0.16370557634752	348	0.732237169663045
"rs812041"	0.163792690016487	348	0.855136222530324
"rs1874025"	0.163875656514448	348	1.66520543955237
"rs974818"	0.163911603152216	348	1.40662146955625
"rs1699268"	0.163931460571564	348	1.32351579637396
"rs1649363"	0.163932252338358	348	1.34253466419155
"rs1715640"	0.163933680059525	348	1.21628913850851
"rs1715646"	0.163933680059525	348	1.21628913850851
"rs2116315"	0.163949657510993	348	1.26415261992491
"rs1940983"	0.163993058119239	348	0.789424491067347
"rs1085387"	0.16400587100857	348	1.26170108859777
"rs1085389"	0.16400587100857	348	1.26170108859777
"rs1085390"	0.16400587100857	348	1.26170108859777
"rs414362"	0.164046122126495	348	1.1935223398736
"rs1770092"	0.164145552787799	348	0.78488489678987
"rs2170868"	0.164151074294151	348	0.845807351180323
"rs1114943"	0.164200097523499	348	0.81841834094185
"rs2101886"	0.164238918905735	348	1.18136599228836
"rs2147577"	0.164306384021335	348	0.781052025313706
"rs1690671"	0.164316222812679	348	0.820017526097964
"rs771720"	0.164323593267578	348	0.475332304443771
"rs942468"	0.164338625671194	348	1.53023341940536
"rs471633"	0.164347696821552	348	1.29254603651892
"rs508293"	0.1643702768278	348	1.3816497425174
"rs809502"	0.164394137629031	348	0.932318046627284
"rs1761493"	0.164460369326268	348	1.19554898584005
"rs362383"	0.164489699526553	348	1.32382614969114
"rs366615"	0.164554902435853	348	0.781472522896078
"rs366621"	0.164554902435853	348	0.781472522896078
"rs1895147"	0.1645588995909	348	0.464119381618454
"rs1403190"	0.164583062954549	348	1.25071059293708
"rs1897213"	0.164615462417631	348	0.46416478560124
"rs1719683"	0.164643750543447	348	1.29086956324499
"rs248654"	0.164649979077224	348	1.28783877662393
"rs667554"	0.164662735769892	348	1.26799981892968
"rs938300"	0.16467413224213	348	0.766122851412852
"rs2135741"	0.164696430087549	348	0.839403334085652
"rs576301"	0.164742118211112	348	1.23743296546485
"rs2141576"	0.164834691142693	348	1.2690276908681
"rs951079"	0.164852171994873	348	0.364555384593552
"rs115115"	0.164858629080247	348	0.8616606927879
"rs115807"	0.164858629080247	348	0.8616606927879
"rs115915"	0.164858629080247	348	0.8616606927879
"rs411729"	0.164942665355185	348	0.850313146284734
"rs115699"	0.164959889873782	348	0.862556680043353
"rs2024645"	0.164999696216429	348	1.29030999919321
"rs1648739"	0.165046522174984	348	1.34148540811968
"rs767169"	0.165054511423289	348	0.846297117728856
"rs1976541"	0.16505609524559	348	1.36741904404277
"rs1485091"	0.165099445072124	348	1.25472129679743
"rs1470903"	0.165099465363854	348	1.23247649458443
"rs1470905"	0.165099465363854	348	1.23247649458443
"rs1470936"	0.165099465363854	348	1.23247649458443
"rs1742668"	0.165125745229551	348	1.27505939416877
"rs930859"	0.165135255681247	348	1.2854521343237
"rs1312322"	0.165163169986317	348	1.23719955765273
"rs935555"	0.165186689226138	348	0.705789132811709
"rs2181398"	0.165261715568248	348	0.755687758583617
"rs1015082"	0.165300789062759	348	0.517497659228213
"rs143344"	0.165308602497187	348	0.811454166086734
"rs2106630"	0.165315389575275	348	0.808367468649487
"rs113121"	0.16532830380395	348	0.862791736764857
"rs1875992"	0.165330392199	348	2.55718859416373
"rs1305289"	0.165347240928828	348	0.490655216494187
"rs1305339"	0.165347240928828	348	0.490655216494187
"rs1305349"	0.165347240928828	348	0.490655216494187
"rs1164321"	0.16534760274378	348	1.284410107469
"rs1164323"	0.16534760274378	348	1.284410107469
"rs1164325"	0.16534760274378	348	1.284410107469
"rs1164327"	0.16534760274378	348	1.284410107469
"rs1164336"	0.165347602743781	348	1.284410107469
"rs1164339"	0.165347602743781	348	1.284410107469
"rs1164354"	0.165347602743781	348	1.284410107469
"rs131202"	0.16536265633918	348	1.37866565993069
"rs114989"	0.165364952473026	348	0.862793353328073
"rs2136982"	0.16539885200506	348	1.26476746335195
"rs2136983"	0.16539885200506	348	1.26476746335195
"rs2137051"	0.16539885200506	348	1.26476746335195
"rs2137903"	0.16539885200506	348	1.26476746335195
"rs1748801"	0.165400002422653	348	0.780823117154541
"rs211888"	0.165423734716855	348	1.40215709203623
"rs907041"	0.165443738858429	348	1.30658144062263
"rs2182379"	0.165454472915559	348	0.663355605445593
"rs211850"	0.165575703977044	348	1.40705864177965
"rs2166576"	0.165628007413385	348	0.770619356788536
"rs307043"	0.165631234612692	348	0.783199273584173
"rs1738061"	0.165671128404703	348	1.23381691707812
"rs1105779"	0.165724585561332	348	0.770703977248705
"rs1105782"	0.165724585561332	348	0.770703977248705
"rs2106663"	0.165769902803697	348	0.825477990567618
"rs1743380"	0.165871086192542	348	1.19204803305076
"rs2010247"	0.165873756657204	348	1.37463871032003
"rs1599148"	0.165955936914492	348	1.25022696786549
"rs224051"	0.165980585567449	348	1.50573957882881
"rs1649022"	0.166004221603999	348	1.34040549638159
"rs1770448"	0.166018959568719	348	0.771673467317733
"rs326722"	0.166033264213035	348	1.32460475826971
"rs372679"	0.166044650946199	348	0.530347480293635
"rs1952880"	0.166044650946199	348	0.530347480293635
"rs120644"	0.166104367558255	348	1.42576896878608
"rs931316"	0.166178887423881	348	0.366222939999938
"rs225042"	0.166226198237117	348	1.24683062437268
"rs1770901"	0.166233052821531	348	1.26228033374512
"rs1770910"	0.166233052821531	348	1.26228033374512
"rs1771066"	0.166233052821531	348	1.26228033374512
"rs1771362"	0.166233052821531	348	1.26228033374512
"rs744273"	0.166343571511721	348	1.24748593689071
"rs1637131"	0.166371183327733	348	0.920764226822959
"rs228325"	0.16637152735593	348	1.32966146452391
"rs1995890"	0.166381288469516	348	1.43602939726901
"rs1757601"	0.166402020096209	348	1.28313151597238
"rs1055312"	0.166451128044975	348	1.11055871314525
"rs2170549"	0.16652307766214	348	1.11028533965585
"rs163846"	0.166586661134365	348	1.25333936136663
"rs884291"	0.166600036759441	348	1.34253446896567
"rs46746"	0.166628924680065	348	0.776334730447521
"rs46749"	0.166628924680065	348	0.776334730447521
"rs2012639"	0.166629101336286	348	0.734749878978361
"rs2080624"	0.166636887555229	348	1.26682241820343
"rs570586"	0.16665861561245	348	1.57127175401464
"rs1337686"	0.166727364174497	348	0.513928983492334
"rs1337699"	0.166727364174497	348	0.513928983492334
"rs1337734"	0.166727364174497	348	0.513928983492334
"rs1337770"	0.166727364174497	348	0.513928983492334
"rs1740738"	0.166727364174497	348	0.513928983492334
"rs1781452"	0.166727364174497	348	0.513928983492334
"rs1947053"	0.166740618001952	348	0.784237064243531
"rs1136007"	0.166788201911123	348	1.74038504006453
"rs1737088"	0.166803383214812	348	0.63865865398502
"rs1348357"	0.166857465585639	348	1.52846417036425
"rs874975"	0.166909450705734	348	1.48768804134205
"rs1105629"	0.166913221455681	348	0.766019080009037
"rs2114993"	0.166914259950715	348	0.821465548638244
"rs582513"	0.166985010943028	348	0.582592488655772
"rs1194901"	0.166999401356725	348	0.764114346568935
"rs2010734"	0.167006328799874	348	1.30377137016621
"rs1444104"	0.167006994600226	348	0.7285960650172
"rs445219"	0.16702333026161	348	0.861840901203314
"rs37784"	0.167029844756095	348	1.27733941865898
"rs2021341"	0.167060784019055	348	1.35971077814703
"rs116422"	0.167071786980198	348	0.872456728054244
"rs211830"	0.167142194483699	348	1.39843297315069
"rs1828492"	0.167156836578352	348	0.701831426814819
"rs1471644"	0.167159741401521	348	0.803530778711138
"rs715004"	0.167205062503033	348	0.760734035976026
"rs715015"	0.167205062503033	348	0.760734035976026
"rs1964504"	0.167213338620532	348	0.750861070757177
"rs1964507"	0.167213338620532	348	0.750861070757177
"rs1708099"	0.16721344073058	348	1.28132269620462
"rs1709712"	0.16721344073058	348	1.28132269620462
"rs1703434"	0.167228186603356	348	1.28121584313016
"rs1649038"	0.167250865723356	348	1.33939168280948
"rs1345047"	0.167252117710902	348	0.717308337969754
"rs1413821"	0.167300524701602	348	2.128925683268
"rs1772511"	0.167333110284245	348	1.25546307445009
"rs352115"	0.167367086692048	348	0.65744037986076
"rs1021840"	0.167455972621671	348	1.38055512647715
"rs36751"	0.167462488487509	348	1.31720242663126
"rs36973"	0.167462488487509	348	1.31720242663126
"rs743851"	0.167475400940001	348	2.13431353835563
"rs821704"	0.167511455178672	348	0.767683671113576
"rs854436"	0.167529075473534	348	0.784371025359035
"rs854482"	0.167529075473534	348	0.784371025359035
"rs854483"	0.167529075473534	348	0.784371025359035
"rs854513"	0.167529075473534	348	0.784371025359035
"rs854525"	0.167529075473534	348	0.784371025359035
"rs1691143"	0.167547541464811	348	0.680386633525252
"rs2006874"	0.167575322201924	348	1.42897777735784
"rs1700794"	0.167589782520465	348	1.31555499271219
"rs1700803"	0.167589782520465	348	1.31555499271219
"rs1700805"	0.167589782520465	348	1.31555499271219
"rs1700809"	0.167589782520465	348	1.31555499271219
"rs582108"	0.167603662077934	348	1.38407315313196
"rs582120"	0.167603662077934	348	1.38407315313196
"rs1001721"	0.167615383765977	348	1.27780482398586
"rs225059"	0.167638917496877	348	1.21152476976467
"rs278714"	0.167642230427411	348	0.817282596652726
"rs28901"	0.167654879325843	348	1.42833115742242
"rs28904"	0.167654879325843	348	1.42833115742242
"rs28916"	0.167654879325843	348	1.42833115742242
"rs28925"	0.167654879325843	348	1.42833115742242
"rs28988"	0.167654879325843	348	1.42833115742242
"rs28991"	0.167654879325843	348	1.42833115742242
"rs29014"	0.167654879325843	348	1.42833115742242
"rs29018"	0.167654879325843	348	1.42833115742242
"rs29082"	0.167654879325843	348	1.42833115742242
"rs29096"	0.167654879325843	348	1.42833115742242
"rs29132"	0.167654879325843	348	1.42833115742242
"rs29150"	0.167654879325843	348	1.42833115742242
"rs29152"	0.167654879325843	348	1.42833115742242
"rs29159"	0.167654879325843	348	1.42833115742242
"rs29171"	0.167654879325843	348	1.42833115742242
"rs29207"	0.167654879325843	348	1.42833115742242
"rs29228"	0.167654879325843	348	1.42833115742242
"rs29234"	0.167654879325843	348	1.42833115742242
"rs29252"	0.167654879325843	348	1.42833115742242
"rs29282"	0.167654879325843	348	1.42833115742242
"rs29299"	0.167654879325843	348	1.42833115742242
"rs29342"	0.167654879325843	348	1.42833115742242
"rs29365"	0.167654879325843	348	1.42833115742242
"rs29380"	0.167654879325843	348	1.42833115742242
"rs29389"	0.167654879325843	348	1.42833115742242
"rs29404"	0.167654879325843	348	1.42833115742242
"rs29408"	0.167654879325843	348	1.42833115742242
"rs29421"	0.167654879325843	348	1.42833115742242
"rs29422"	0.167654879325843	348	1.42833115742242
"rs29446"	0.167654879325843	348	1.42833115742242
"rs29461"	0.167654879325843	348	1.42833115742242
"rs29530"	0.167654879325843	348	1.42833115742242
"rs29551"	0.167654879325843	348	1.42833115742242
"rs29604"	0.167654879325843	348	1.42833115742242
"rs29634"	0.167654879325843	348	1.42833115742242
"rs52886"	0.167657291094217	348	0.695311415952212
"rs1119779"	0.16767346243174	348	1.57969371221457
"rs1120149"	0.167673462431753	348	1.57969371221456
"rs514317"	0.167677401514376	348	0.490570685273471
"rs1322196"	0.167689720617409	348	1.42288501815085
"rs1322202"	0.167689720617409	348	1.42288501815085
"rs937990"	0.167740082553772	348	0.682775555710175
"rs2112861"	0.167765747234301	348	0.776000278946025
"rs2143178"	0.167782717398214	348	1.25943046766099
"rs1784870"	0.167806388359236	348	0.758571057598403
"rs1114925"	0.167846927110257	348	0.816359442196823
"rs2047633"	0.167863231272722	348	1.12266195265409
"rs1759692"	0.167864411089767	348	1.3456442029499
"rs1549796"	0.167929726066125	348	1.27070347438481
"rs1936909"	0.167940463882643	348	1.28290353154996
"rs487015"	0.16794850525316	348	0.724314105248727
"rs555426"	0.167953560549687	348	0.776960534838748
"rs2091724"	0.167955597581474	348	1.33727282420452
"rs2136613"	0.167974794356773	348	1.26659865870768
"rs2136646"	0.167974794356773	348	1.26659865870768
"rs1647576"	0.167998963760374	348	1.34174837407218
"rs1647580"	0.167998963760374	348	1.34174837407218
"rs1647588"	0.167998963760374	348	1.34174837407218
"rs1647590"	0.167998963760374	348	1.34174837407218
"rs255148"	0.168000316632525	348	1.43873710190909
"rs571471"	0.168029272206043	348	1.31082004863751
"rs515107"	0.168032422740987	348	1.24282505015859
"rs1456897"	0.168065509711828	348	2.13907088870318
"rs1693731"	0.16807975289795	348	0.749653391895096
"rs1952467"	0.168099922981107	348	0.676830006599883
"rs519530"	0.168143549461664	348	1.76023329579305
"rs526910"	0.168143549461664	348	1.76023329579305
"rs527347"	0.168143549461664	348	1.76023329579305
"rs1045759"	0.168143549461664	348	1.76023329579305
"rs479992"	0.168143549461664	348	1.76023329579306
"rs667270"	0.168190273348536	348	1.23302373511689
"rs1893932"	0.168202422443386	348	0.468239275588201
"rs71799"	0.168229299924304	348	0.76606712584176
"rs465564"	0.168289646622535	348	1.26147718524054
"rs465575"	0.168289646622535	348	1.26147718524054
"rs465579"	0.168289646622535	348	1.26147718524054
"rs465585"	0.168289646622535	348	1.26147718524054
"rs845055"	0.168382003829555	348	1.06796695590177
"rs2136976"	0.168464849605953	348	1.27097007589064
"rs169895"	0.168504815160328	348	0.716363223961803
"rs1478005"	0.168520663214861	348	1.24270517830382
"rs1488959"	0.16852567097169	348	1.18413791876229
"rs1488968"	0.16852567097169	348	1.18413791876229
"rs133979"	0.168537698436777	348	0.855531089871981
"rs1105635"	0.168550378691107	348	0.76685201240764
"rs46230"	0.168566544599475	348	1.31726553250858
"rs501787"	0.168577215748621	348	1.28744153740022
"rs1863375"	0.168610546316635	348	0.659938694448825
"rs1863627"	0.168610546316635	348	0.659938694448825
"rs207189"	0.168709857183787	348	1.28040492685435
"rs69146"	0.168737457590166	348	1.24891094466527
"rs135300"	0.168791333624382	348	1.30617361845089
"rs1102583"	0.168826480235916	348	0.681157965358408
"rs1831630"	0.16886792033359	348	1.30165861362638
"rs791434"	0.16890168953276	348	1.07480968606921
"rs425716"	0.168970176670507	348	1.26044150090412
"rs536426"	0.169120001646718	348	0.826509847038538
"rs2046567"	0.169154917445713	348	1.28220429296533
"rs1897354"	0.169202674712266	348	0.469199706776179
"rs1897367"	0.169202674712266	348	0.469199706776179
"rs1488962"	0.169206761431236	348	1.18388771649265
"rs1033924"	0.169208396839012	348	0.598849017941919
"rs2118250"	0.169209755367095	348	0.776088634240056
"rs561365"	0.169229152227533	348	0.838614675767207
"rs1543032"	0.169271970548106	348	0.696031143506968
"rs1897218"	0.16927412194221	348	0.469260189861735
"rs1897327"	0.16927412194221	348	0.469260189861735
"rs2138119"	0.169321786468946	348	1.2586354825092
"rs929269"	0.169335986179451	348	0.712951085770125
"rs635908"	0.169337509390209	348	0.49936373723581
"rs1806818"	0.169337509390209	348	0.49936373723581
"rs1890922"	0.169337509390209	348	0.49936373723581
"rs1876002"	0.16935699131794	348	1.22525810440352
"rs921087"	0.169446434573307	348	1.37523056969369
"rs5384"	0.169521581761589	348	1.68203928218128
"rs6069"	0.169521581761589	348	1.68203928218128
"rs131376"	0.169528565358722	348	0.562709220747538
"rs326984"	0.169574866161439	348	0.841325165357737
"rs285820"	0.169589611308952	348	0.60529789780122
"rs285881"	0.169589611308952	348	0.60529789780122
"rs92953"	0.16965547960172	348	0.757564137607193
"rs1752977"	0.169660790477096	348	1.21289851412476
"rs1648709"	0.169678915774016	348	1.33700666810928
"rs6255"	0.1697539772045	348	1.32443464143887
"rs2021634"	0.169771241634992	348	0.769373881213814
"rs1719820"	0.169795987430331	348	1.3028294569969
"rs1719822"	0.169795987430331	348	1.3028294569969
"rs307107"	0.169850690055111	348	0.761347014906357
"rs221914"	0.169856278597995	348	1.52684069330395
"rs2033610"	0.169913320819677	348	1.05942515422025
"rs285700"	0.169935774282334	348	0.605582343763587
"rs1716099"	0.170022986251294	348	1.2832734741004
"rs1716420"	0.170022986251294	348	1.2832734741004
"rs1716421"	0.170022986251294	348	1.2832734741004
"rs1716433"	0.170022986251294	348	1.2832734741004
"rs1790117"	0.170045142062008	348	1.20999286408889
"rs1395646"	0.170045302088561	348	0.543371589430929
"rs1715577"	0.170073083755183	348	1.2799003102236
"rs1715578"	0.170073083755183	348	1.2799003102236
"rs1715579"	0.170073083755183	348	1.2799003102236
"rs115748"	0.170081797768893	348	0.863827868684505
"rs943787"	0.170082294547377	348	1.2274109262443
"rs327490"	0.170113505701799	348	1.40045199652746
"rs271208"	0.170138886345195	348	0.654354962203017
"rs1829819"	0.170194912629043	348	0.777456584417269
"rs1809987"	0.170195745071744	348	1.31787633440672
"rs271696"	0.170223202678839	348	0.654750056474711
"rs1117388"	0.170262672027871	348	1.24132289234201
"rs1117389"	0.170262672027871	348	1.24132289234201
"rs1984115"	0.170289269048854	348	1.35500737190649
"rs545322"	0.170312514677837	348	1.34176942909406
"rs818652"	0.170348235794814	348	1.2491778114911
"rs279093"	0.17035675464755	348	0.825894955445964
"rs1378477"	0.170416355699634	348	0.633660287561477
"rs1122552"	0.170426083347319	348	2.60007880193087e-06
"rs1423368"	0.170426083347394	348	0.508220198646417
"rs1423983"	0.170426083347394	348	0.508220198646417
"rs105882"	0.170426083347406	348	0.508220198646418
"rs106100"	0.170426083347428	348	0.000845096792114354
"rs1122483"	0.17042608334744	348	2.32271093299427e-06
"rs2048122"	0.170437329270543	348	1.09760548344267
"rs2043862"	0.170460615686035	348	1.3370947030204
"rs1708657"	0.170505342875001	348	1.27564087675429
"rs1708659"	0.170505342875001	348	1.27564087675429
"rs1708660"	0.170505342875001	348	1.27564087675429
"rs93316"	0.170527096469457	348	1.33139354597237
"rs1345856"	0.170572622195446	348	1.28487805984893
"rs579649"	0.170592787773117	348	1.29724830116289
"rs831598"	0.170670628790255	348	0.759769411454078
"rs831599"	0.170670628790255	348	0.759769411454078
"rs831608"	0.170670628790255	348	0.759769411454078
"rs831610"	0.170670628790255	348	0.759769411454078
"rs1171795"	0.170691407246287	348	1.35176195976535
"rs1702024"	0.170700393007304	348	1.31243947158451
"rs1702026"	0.170700393007304	348	1.31243947158451
"rs1702029"	0.170700393007304	348	1.31243947158451
"rs742945"	0.170777898861566	348	1.24911515230625
"rs1702272"	0.170795336319172	348	1.32456779651321
"rs1773272"	0.170798563937109	348	1.25315128199958
"rs1770308"	0.170919779400032	348	1.26509176110483
"rs533100"	0.171030840652661	348	1.40909191474357
"rs1332168"	0.171038247074789	348	1.29979284055982
"rs1206586"	0.171077149812803	348	0.852638370393531
"rs297435"	0.171095167401685	348	1.28755806901756
"rs1303782"	0.17110934555657	348	0.711116696232817
"rs265017"	0.171122680020065	348	0.819172948175167
"rs1258360"	0.171187004986015	348	0.731008911348998
"rs202781"	0.171202403186336	348	0.71054185089497
"rs1743080"	0.171218665495919	348	0.683497878213207
"rs1365438"	0.171245293136702	348	1.26352631099903
"rs2111021"	0.171255067964876	348	0.871616694052864
"rs1926845"	0.171255402880747	348	1.29912319572799
"rs1931836"	0.171280789081437	348	1.44886689344804
"rs2159100"	0.171281806829831	348	1.23483486414856
"rs647998"	0.171284822685195	348	1.07562220962387
"rs2009904"	0.171293781733111	348	0.840018575349953
"rs2119607"	0.17130403598876	348	0.794723384245763
"rs942524"	0.171316648469609	348	1.52672415785212
"rs1894723"	0.171316837220261	348	0.468779731037688
"rs51044"	0.171329739729535	348	0.674792122623751
"rs2145694"	0.17134424929473	348	1.24383434004119
"rs2182543"	0.171407726408181	348	1.22460359647184
"rs1104446"	0.171420200201964	348	1.36539123625721
"rs1740027"	0.171488915328689	348	0.769622068659807
"rs2141513"	0.171507215707601	348	1.25514115595193
"rs308462"	0.171533557357173	348	1.25712059579139
"rs1561399"	0.171540568925456	348	1.10320323196859
"rs253969"	0.171567761094989	348	0.703801623286183
"rs114392"	0.171605816758628	348	0.864061550346903
"rs1648869"	0.171633096165568	348	1.33557091739289
"rs298167"	0.171695791875003	348	1.22960687824294
"rs1672876"	0.171747251979439	348	1.12725760072818
"rs539830"	0.171770317894927	348	1.60253740336254
"rs1932933"	0.171783808664461	348	1.34480707677755
"rs1932936"	0.171783808664461	348	1.34480707677755
"rs768703"	0.171834931939147	348	1.18825781323401
"rs768755"	0.171834931939147	348	1.18825781323401
"rs768767"	0.171834931939147	348	1.18825781323401
"rs768785"	0.171834931939147	348	1.18825781323401
"rs768742"	0.171834931939148	348	1.18825781323401
"rs1380425"	0.171872528237368	348	1.38404998012099
"rs225032"	0.171881489402976	348	1.16635678755721
"rs552379"	0.171927807008776	348	0.856285029714266
"rs617246"	0.171930148359164	348	0.744351425102928
"rs617247"	0.171930148359164	348	0.744351425102928
"rs802471"	0.171940313346827	348	0.715701084814107
"rs802483"	0.171940313346827	348	0.715701084814107
"rs802484"	0.171940313346827	348	0.715701084814107
"rs802489"	0.171940313346827	348	0.715701084814107
"rs802492"	0.171940313346827	348	0.715701084814107
"rs802498"	0.171940313346827	348	0.715701084814107
"rs336983"	0.171942452489186	348	1.79384579886585
"rs1169922"	0.171979796136819	348	0.65462968292403
"rs175101"	0.171981718470897	348	1.33818453627265
"rs935587"	0.171984034110352	348	0.711961130359182
"rs1661786"	0.172025563826428	348	0.679266006719887
"rs775714"	0.172081454818566	348	1.17167651664519
"rs944588"	0.172115119801279	348	0.692392201545291
"rs944591"	0.172115119801279	348	0.692392201545291
"rs944597"	0.172115119801279	348	0.692392201545291
"rs1117344"	0.172127573768997	348	0.774141507993895
"rs1117408"	0.172127573768997	348	0.774141507993895
"rs1117416"	0.172127573768997	348	0.774141507993895
"rs1117428"	0.172127573768997	348	0.774141507993895
"rs1460125"	0.172159512235033	348	0.718623514764752
"rs1489312"	0.172214134620608	348	0.891103722219084
"rs893091"	0.172226009286471	348	0.660839579709727
"rs1878953"	0.172235130196714	348	1.39215246272403
"rs1879918"	0.172235130196714	348	1.39215246272403
"rs267889"	0.172237232400245	348	0.396476827210999
"rs517389"	0.172256139863235	348	1.37797685966592
"rs810416"	0.172276216493612	348	1.18707395680083
"rs1773470"	0.172288162330542	348	1.25251001572014
"rs1128567"	0.172307321019574	348	1.34347273547277
"rs225771"	0.172308541596918	348	1.41199214225259
"rs1758315"	0.17238020943287	348	1.27010697308342
"rs1973726"	0.172380635013074	348	1.38080762564265
"rs1357679"	0.17241700272429	348	0.547886049220657
"rs157379"	0.17244116287268	348	1.18591442008968
"rs1963928"	0.172441727122467	348	1.39014993249532
"rs1648603"	0.172501480799588	348	1.3349160625304
"rs1093708"	0.172532733347313	348	0.760808863697568
"rs1093758"	0.172532733347313	348	0.760808863697568
"rs1938431"	0.17261880959474	348	1.2944062783971
"rs2145760"	0.172657051344411	348	1.47593688574206
"rs305377"	0.172718884987403	348	1.44746465330311
"rs305395"	0.172718884987403	348	1.44746465330311
"rs305398"	0.172718884987403	348	1.44746465330311
"rs2133730"	0.172719283245826	348	1.26124806847832
"rs809886"	0.172736752497644	348	0.692459311595212
"rs1443665"	0.172776825171584	348	1.25890396543555
"rs1339987"	0.17282390631595	348	0.711291199412747
"rs571426"	0.172836691180564	348	0.802781714041684
"rs2118805"	0.172857224449447	348	1.30186128548576
"rs1807315"	0.172873614151253	348	0.761772238331023
"rs1135809"	0.17287972594504	348	1.81744036697721
"rs1136298"	0.172879725945041	348	1.81744036697721
"rs837038"	0.172934047391247	348	0.815466092601961
"rs113462"	0.172952849253971	348	1.14616946365333
"rs1773327"	0.172955248630075	348	1.25217095615379
"rs571712"	0.17295617515923	348	0.770535024267081
"rs272613"	0.172993994817808	348	0.656082169319324
"rs1757953"	0.173010926971236	348	1.44099332281939
"rs1706148"	0.173018791549988	348	1.271972084827
"rs593277"	0.173038455497635	348	0.6987510825575
"rs425707"	0.173041310825302	348	1.26698969616582
"rs425710"	0.173041310825302	348	1.26698969616582
"rs417159"	0.173072984102581	348	1.41423062715987
"rs1828156"	0.173100357284557	348	1.44193092753896
"rs475160"	0.173113172591521	348	0.75543677588216
"rs2121412"	0.173122975556132	348	1.22755320588032
"rs203128"	0.173133997964496	348	1.34998585768387
"rs722251"	0.173136056200869	348	1.48480389864802
"rs722287"	0.173136056200869	348	1.48480389864802
"rs1326910"	0.17317007968757	348	1.31755885834025
"rs121393"	0.173184060385504	348	0.687639812388392
"rs514242"	0.173190205099631	348	0.504313454015315
"rs1331454"	0.173227209874689	348	0.71231567789887
"rs1331465"	0.173227209874689	348	0.71231567789887
"rs1331466"	0.173227209874689	348	0.71231567789887
"rs1331468"	0.173227209874689	348	0.71231567789887
"rs1331477"	0.173227209874689	348	0.71231567789887
"rs2169980"	0.173263053361447	348	0.804775186170992
"rs62750"	0.173270789955079	348	1.39013704244358
"rs62753"	0.173270789955079	348	1.39013704244358
"rs62756"	0.173270789955079	348	1.39013704244358
"rs62757"	0.173270789955079	348	1.39013704244358
"rs62775"	0.173270789955079	348	1.39013704244358
"rs62783"	0.173270789955079	348	1.39013704244358
"rs62786"	0.173270789955079	348	1.39013704244358
"rs62789"	0.173270789955079	348	1.39013704244358
"rs62811"	0.173270789955079	348	1.39013704244358
"rs62816"	0.173270789955079	348	1.39013704244358
"rs62819"	0.173270789955079	348	1.39013704244358
"rs62828"	0.173270789955079	348	1.39013704244358
"rs586815"	0.173302287033092	348	0.691791764012426
"rs1587126"	0.173313884114769	348	2.09381982546113
"rs2188174"	0.173324054070077	348	1.42361495971696
"rs337063"	0.173411225466823	348	1.86536357115446
"rs106110"	0.173418512047757	348	0.675960534737041
"rs277344"	0.173472671706025	348	1.29535426140051
"rs1359036"	0.17356654601723	348	1.11455019599397
"rs1384838"	0.173577814659849	348	0.707755787606539
"rs1102550"	0.173584461196385	348	0.684258564195084
"rs1771203"	0.173585812262525	348	1.25659805335625
"rs1771244"	0.173585812262525	348	1.25659805335625
"rs663547"	0.173627965402986	348	1.42287890832803
"rs225959"	0.173696520834189	348	0.762113706140318
"rs2051066"	0.173703354278915	348	1.33320364143834
"rs477562"	0.173729990475382	348	1.74575948653365
"rs596989"	0.173732464531023	348	1.07171604830692
"rs1579843"	0.173755044711722	348	0.692490455147767
"rs115644"	0.173778391999263	348	0.865761420408892
"rs613797"	0.173806820347219	348	0.650843406024338
"rs613798"	0.173806820347219	348	0.650843406024338
"rs613801"	0.173806820347219	348	0.650843406024338
"rs613802"	0.173806820347219	348	0.650843406024338
"rs613805"	0.173806820347219	348	0.650843406024338
"rs613806"	0.173806820347219	348	0.650843406024338
"rs613807"	0.173806820347219	348	0.650843406024338
"rs613811"	0.173806820347219	348	0.650843406024338
"rs613814"	0.173806820347219	348	0.650843406024338
"rs613815"	0.173806820347219	348	0.650843406024338
"rs1114096"	0.173826271209849	348	1.11504159991161
"rs1876161"	0.173835268028183	348	2.5005243801209
"rs1839785"	0.173836403507563	348	1.273594175014
"rs1720558"	0.173845348970006	348	1.2756954909437
"rs1616024"	0.173850740512101	348	0.801163018610363
"rs1405500"	0.173854934484203	348	0.668904282244032
"rs1593600"	0.173858253760002	348	0.754289518146357
"rs2155602"	0.173917316876672	348	1.36504042857299
"rs1807521"	0.173965356821983	348	1.40751978708896
"rs1963258"	0.174062876546521	348	0.744332441046478
"rs2143182"	0.174074225854735	348	1.25185685425641
"rs2145237"	0.174074225854735	348	1.25185685425641
"rs1286235"	0.174082139045253	348	0.835870314812438
"rs116003"	0.174089199461119	348	0.864830735301517
"rs116005"	0.174089199461119	348	0.864830735301517
"rs116044"	0.174089199461119	348	0.864830735301517
"rs725259"	0.174091624828925	348	0.834549527963257
"rs1599469"	0.174117459991038	348	1.38398750258161
"rs1456918"	0.174130164767365	348	1.32580428722307
"rs2179852"	0.174138745293966	348	1.29959191503548
"rs1087968"	0.174149231427965	348	1.27149278035185
"rs1093332"	0.174179197880328	348	0.758024842500615
"rs556886"	0.174247100985823	348	0.705276272411096
"rs2170395"	0.174362276375078	348	1.23100476052925
"rs148180"	0.174381308222303	348	2.10724546926701
"rs148184"	0.174381308222303	348	2.10724546926701
"rs116869"	0.17441727319775	348	0.861664997574886
"rs174793"	0.174433983907317	348	1.8465026190292
"rs1356166"	0.174461632114386	348	1.36313912400337
"rs1579838"	0.174481556008114	348	0.690960274241321
"rs294883"	0.174514952752761	348	1.2594464372955
"rs1773014"	0.174553445462491	348	1.24954193891272
"rs803171"	0.174553881341928	348	0.486347534095443
"rs803180"	0.174553881341928	348	0.486347534095443
"rs803195"	0.174553881341928	348	0.486347534095443
"rs803206"	0.174553881341928	348	0.486347534095443
"rs803207"	0.174553881341928	348	0.486347534095443
"rs803212"	0.174553881341928	348	0.486347534095443
"rs803224"	0.174553881341928	348	0.486347534095443
"rs803464"	0.174553881341928	348	0.486347534095443
"rs803467"	0.174553881341928	348	0.486347534095443
"rs803471"	0.174553881341928	348	0.486347534095443
"rs803473"	0.174553881341928	348	0.486347534095443
"rs1696124"	0.174673155990263	348	0.704792729478979
"rs902595"	0.174701814518425	348	1.36580661260201
"rs115037"	0.174722124170933	348	0.865422905921812
"rs115039"	0.174722124170933	348	0.865422905921812
"rs115046"	0.174722124170933	348	0.865422905921812
"rs115049"	0.174722124170933	348	0.865422905921812
"rs115056"	0.174722124170933	348	0.865422905921812
"rs115062"	0.174722124170933	348	0.865422905921812
"rs115063"	0.174722124170933	348	0.865422905921812
"rs115064"	0.174722124170933	348	0.865422905921812
"rs115068"	0.174722124170933	348	0.865422905921812
"rs115069"	0.174722124170933	348	0.865422905921812
"rs115070"	0.174722124170933	348	0.865422905921812
"rs115076"	0.174722124170933	348	0.865422905921812
"rs115077"	0.174722124170933	348	0.865422905921812
"rs115084"	0.174722124170933	348	0.865422905921812
"rs115085"	0.174722124170933	348	0.865422905921812
"rs115088"	0.174722124170933	348	0.865422905921812
"rs115095"	0.174722124170933	348	0.865422905921812
"rs2136393"	0.174729477262301	348	1.25355155231794
"rs1035636"	0.174733571005532	348	0.896257683048001
"rs1704331"	0.174747182614226	348	1.28123554445745
"rs1704346"	0.174747182614226	348	1.28123554445745
"rs1164383"	0.174761394028536	348	1.24597469857098
"rs1106550"	0.174802157021982	348	0.769571475784299
"rs1551350"	0.174802833411916	348	1.27062332296673
"rs222917"	0.17481815536386	348	0.751555399618377
"rs1716492"	0.174831864241043	348	1.28470340520953
"rs2218589"	0.174919636237169	348	1.23376673523416
"rs649060"	0.174966565369208	348	1.12580173749474
"rs1564326"	0.174977489021919	348	0.809619852628925
"rs2050222"	0.175025918212806	348	1.33535004736246
"rs1716308"	0.175034115543456	348	1.28193287616868
"rs1561817"	0.175048238769035	348	1.25701127821044
"rs1561835"	0.175048238769035	348	1.25701127821044
"rs1319007"	0.175052866336635	348	0.587293823659129
"rs1319010"	0.175052866336635	348	0.587293823659129
"rs1319022"	0.175052866336635	348	0.587293823659129
"rs1319062"	0.175052866336635	348	0.587293823659129
"rs117078"	0.175054034954312	348	0.807775176802575
"rs398972"	0.175072965837338	348	1.5249078937738
"rs1933732"	0.175091191687442	348	0.776505609189808
"rs2100798"	0.175102389492006	348	0.49529223654371
"rs369913"	0.175102389492013	348	0.495292236543713
"rs2100925"	0.175102389492013	348	0.495292236543713
"rs272595"	0.175125332569076	348	0.658128049090011
"rs2144306"	0.17514320617229	348	1.25458243229845
"rs1097277"	0.175162358816728	348	1.40715849529351
"rs83628"	0.175193456258218	348	0.804918335167407
"rs1979620"	0.175206737106069	348	1.06934540658109
"rs327010"	0.175210472962718	348	1.25178358432942
"rs327011"	0.175210472962718	348	1.25178358432942
"rs327013"	0.175210472962718	348	1.25178358432942
"rs1944458"	0.175229697909713	348	0.785905187613938
"rs1093590"	0.175267389751806	348	0.761990284138239
"rs2139871"	0.175273729181478	348	1.25799071655763
"rs2139931"	0.175273729181478	348	1.25799071655763
"rs2139947"	0.175273729181478	348	1.25799071655763
"rs2139961"	0.175273729181478	348	1.25799071655763
"rs587773"	0.175321579029404	348	0.692657975436577
"rs2170537"	0.175334474968668	348	1.14662063523752
"rs2170539"	0.175334474968668	348	1.14662063523752
"rs211825"	0.17533962546614	348	1.39303799408951
"rs211832"	0.17533962546614	348	1.39303799408951
"rs2065881"	0.175344884061433	348	0.786145955088239
"rs1354619"	0.175348317201932	348	0.724089257201966
"rs112556"	0.175376542625564	348	1.08661662938784
"rs130168"	0.175379560162817	348	1.14140944762398
"rs177249"	0.175469684838413	348	0.784160681054463
"rs590136"	0.17549507227343	348	1.40716429461488
"rs566253"	0.175500921757022	348	1.11590072705707
"rs1616587"	0.175504906415927	348	0.74285931249279
"rs1609209"	0.175546581418218	348	1.28344153858658
"rs1704386"	0.175570834201731	348	1.27014275772729
"rs1704514"	0.175570834201731	348	1.27014275772729
"rs1709024"	0.175570834201731	348	1.27014275772729
"rs1716637"	0.175570834201731	348	1.27014275772729
"rs135149"	0.175590892684384	348	1.22311309741053
"rs160673"	0.175631516540423	348	2.10569417986875
"rs1848801"	0.175696416471693	348	0.800506385882278
"rs1181454"	0.175704320106922	348	0.852110227401441
"rs1106322"	0.175715040140973	348	1.47549817190241
"rs1106328"	0.175715040140973	348	1.47549817190241
"rs665735"	0.175718611535595	348	0.685756390302002
"rs1286042"	0.175735737453468	348	0.839182591543792
"rs1640498"	0.175798558625922	348	1.58590804622419
"rs935440"	0.1758064315905	348	0.710287893641356
"rs364232"	0.175810050221267	348	1.66829779388149
"rs776772"	0.17582282296334	348	1.2039008361746
"rs1896977"	0.175823807675853	348	0.476356375470584
"rs1182269"	0.175837988258156	348	0.82369952473624
"rs150355"	0.175856340881014	348	1.48900083818316
"rs1014054"	0.175882279989825	348	0.898549321448663
"rs1194364"	0.175906982301099	348	0.787063593703427
"rs158443"	0.175913455799018	348	1.34630840114723
"rs576827"	0.175920079172931	348	1.31437953874898
"rs2007911"	0.175927061091384	348	0.44171238598785
"rs2093066"	0.17596710305178	348	1.13703293433906
"rs463580"	0.17597547713649	348	0.750589202613869
"rs808868"	0.175990442899213	348	1.27309498948403
"rs2182428"	0.176036061443624	348	0.672032936363447
"rs1896145"	0.176048402707824	348	0.475279496026551
"rs447031"	0.176052642259529	348	1.06454289740969
"rs320661"	0.176078886826053	348	1.55139893253309
"rs1542946"	0.176088432397765	348	0.884697199173663
"rs715776"	0.176140642942215	348	0.715159307611796
"rs553081"	0.176145349065893	348	1.45601137138372
"rs2027884"	0.176155555628593	348	0.7396849330634
"rs271214"	0.176156701061445	348	0.658091602930725
"rs272194"	0.176174199456037	348	0.657836445300041
"rs890267"	0.176191387687208	348	0.91326206980191
"rs1115458"	0.176204048061455	348	1.23697909413382
"rs299846"	0.176218519845714	348	0.729935998325398
"rs1405219"	0.176235575508954	348	1.56933845313597
"rs1937753"	0.176245989807856	348	0.746027435962382
"rs1937771"	0.176245989807856	348	0.746027435962382
"rs137322"	0.176265556762756	348	0.791391405677205
"rs137325"	0.176265556762756	348	0.791391405677205
"rs2012609"	0.17627478923298	348	0.773114403792139
"rs1323138"	0.176279908215406	348	1.28124474448472
"rs324463"	0.176305813449104	348	0.794372455009466
"rs2106031"	0.176327372499566	348	1.33177963027936
"rs628584"	0.176331244714303	348	0.681537720061414
"rs103523"	0.176356921105293	348	1.31601629121454
"rs147280"	0.176384566825886	348	0.779253505499106
"rs1470945"	0.17642751027255	348	1.22799551334769
"rs2143718"	0.176478942738285	348	1.25238499677334
"rs1895880"	0.176523071696007	348	0.474284410947336
"rs1637624"	0.176528322186818	348	0.580688311523907
"rs758983"	0.176534901938672	348	1.22907987380165
"rs566721"	0.176535585910256	348	0.839725668653126
"rs1957183"	0.17654803060843	348	0.699343438933729
"rs366147"	0.176564642558001	348	1.37182999443139
"rs694477"	0.176613564478696	348	1.4303445474158
"rs544886"	0.176617518146624	348	0.796929412311599
"rs2170036"	0.176659259297016	348	0.828255154115699
"rs1346712"	0.176672588875448	348	1.33825471695736
"rs2019442"	0.176676122975174	348	1.51414595914244
"rs1946287"	0.176691039968433	348	283.771657863931
"rs877303"	0.176739291428022	348	1.35012239338564
"rs2172860"	0.176761167961221	348	0.604227527236336
"rs8169"	0.176762461790775	348	1.30175023516562
"rs577473"	0.176790747451911	348	0.751387615160642
"rs568944"	0.176866472190532	348	0.892118726106316
"rs287664"	0.17689441450762	348	1.44754333977993
"rs1542975"	0.176903858496013	348	0.885156689854241
"rs1699769"	0.177053691323681	348	1.3592622722595
"rs1546867"	0.17710144727079	348	1.23330191454294
"rs356820"	0.177143571011404	348	1.3003830925912
"rs1294619"	0.177154138390629	348	0.77271572011633
"rs673468"	0.177168780847831	348	0.873955921079911
"rs1137731"	0.177177353580338	348	0.768826266401102
"rs460692"	0.177182567795058	348	0.827039328491864
"rs1543028"	0.177190948850436	348	0.885264531335954
"rs1305152"	0.177192178312854	348	0.697520055004514
"rs1879505"	0.177202529614245	348	1.30159127737607
"rs1938983"	0.177222215890629	348	1.4406143191239
"rs1735260"	0.177260283488994	348	1.30663660752266
"rs1708681"	0.177281031673701	348	1.268907414256
"rs1708685"	0.177281031673701	348	1.268907414256
"rs1708687"	0.177281031673701	348	1.268907414256
"rs1708690"	0.177281031673701	348	1.268907414256
"rs22746"	0.177292677835748	348	1.51214135511599
"rs417765"	0.177300882268123	348	1.37952270192166
"rs1400257"	0.177343295853258	348	0.684286967591673
"rs1314802"	0.177350220023009	348	1.3356290120138
"rs1739247"	0.177352114550123	348	0.755332461321932
"rs2137293"	0.177414908580732	348	1.25643078283811
"rs1737169"	0.177421675687424	348	1.63933552494345
"rs831231"	0.177429914792982	348	0.733254599753499
"rs464810"	0.177436530786889	348	1.261454509424
"rs464816"	0.177436530786889	348	1.261454509424
"rs464818"	0.177436530786889	348	1.261454509424
"rs464830"	0.177436530786889	348	1.261454509424
"rs464861"	0.177436530786889	348	1.261454509424
"rs1771455"	0.177453099909973	348	1.25497432073562
"rs1291420"	0.177456396984309	348	0.861068624573498
"rs1613689"	0.177474428797971	348	1.22882737585146
"rs128210"	0.177496817128343	348	1.21118330352534
"rs466957"	0.177508918068313	348	0.841081899400067
"rs341080"	0.177509748286599	348	1.29315220867279
"rs223546"	0.177529764789099	348	1.30964838508456
"rs1743047"	0.177558330034067	348	0.688272524363855
"rs514428"	0.17760636998571	348	0.506598528777606
"rs326983"	0.177638617308718	348	0.827348852772467
"rs326986"	0.177638617308718	348	0.827348852772467
"rs326993"	0.177638617308718	348	0.827348852772467
"rs326995"	0.177638617308718	348	0.827348852772467
"rs326998"	0.177638617308718	348	0.827348852772467
"rs327004"	0.177638617308718	348	0.827348852772467
"rs105265"	0.177666573581489	348	0.806322812005427
"rs1092661"	0.177667791583009	348	0.767797186508725
"rs1092662"	0.177667791583009	348	0.767797186508725
"rs1092674"	0.177667791583009	348	0.767797186508725
"rs1164301"	0.177683114710684	348	1.35548679715421
"rs1124975"	0.177726394248277	348	1.09782491050802
"rs426223"	0.177746231384748	348	1.37856591802491
"rs426224"	0.177746231384748	348	1.37856591802491
"rs426226"	0.177746231384748	348	1.37856591802491
"rs426233"	0.177746231384748	348	1.37856591802491
"rs1542971"	0.177781672887321	348	0.885362323450793
"rs1543026"	0.177781672887324	348	0.885362323450793
"rs113183"	0.177866706623185	348	0.866176850864713
"rs224522"	0.177879881864312	348	1.63875194769297
"rs2101145"	0.177975078436332	348	0.767665864987484
"rs2046606"	0.177979728477807	348	0.748284373598457
"rs1013298"	0.177986315881733	348	0.824355672641934
"rs1716436"	0.178025136251924	348	1.28427584671054
"rs1890082"	0.178066209157897	348	0.786791042787465
"rs1460425"	0.178141221738642	348	0.763687381447176
"rs2112367"	0.178154311256177	348	0.81807780378056
"rs869310"	0.178168597012183	348	0.812332987939297
"rs869313"	0.178168597012183	348	0.812332987939297
"rs1414664"	0.178194315255179	348	1.45216834382421
"rs2139881"	0.178202710030798	348	1.25728220838292
"rs2136422"	0.178202710030798	348	1.25728220838292
"rs2143529"	0.178202710030798	348	1.25728220838292
"rs2139725"	0.1782027100308	348	1.25728220838292
"rs227125"	0.178291335822803	348	1.16326734029675
"rs1816242"	0.178326017507621	348	2.52777710792558
"rs2167502"	0.178327384230529	348	1.31582519951183
"rs1721050"	0.178334488561316	348	1.29516871802505
"rs1721056"	0.178334488561316	348	1.29516871802505
"rs1721060"	0.178334488561316	348	1.29516871802505
"rs1721061"	0.178334488561316	348	1.29516871802505
"rs1721077"	0.178334488561316	348	1.29516871802505
"rs2139540"	0.178383195816099	348	1.26086696504187
"rs618499"	0.178402087637366	348	1.35575238006412
"rs1462152"	0.178410444491436	348	1.36367849297323
"rs1120193"	0.178482588682541	348	1.56387861819832
"rs2132221"	0.1784984413625	348	1.17896478993576
"rs320677"	0.17849914152235	348	1.39101028725277
"rs320680"	0.17849914152235	348	1.39101028725277
"rs320671"	0.178499141522359	348	1.39101028725277
"rs46938"	0.17853878979701	348	0.74939578491848
"rs1366519"	0.178553631056473	348	1.45221022023556
"rs2149756"	0.178566644492656	348	1.51715652759706
"rs506730"	0.178622762411832	348	1.31390050569274
"rs506732"	0.178622762411832	348	1.31390050569274
"rs506733"	0.178622762411832	348	1.31390050569274
"rs564867"	0.178630121445197	348	0.757794284079421
"rs564883"	0.178630121445197	348	0.757794284079421
"rs564887"	0.178630121445197	348	0.757794284079421
"rs336531"	0.178816099617233	348	1.33267458799487
"rs2123844"	0.178821821024101	348	0.818393300286547
"rs795752"	0.17882512436071	348	0.724925641091687
"rs795867"	0.17882512436071	348	0.724925641091687
"rs898723"	0.178863589550865	348	1.39752286867315
"rs898756"	0.178863589550865	348	1.39752286867315
"rs1293007"	0.178883945942259	348	0.836508261114195
"rs1293011"	0.178883945942259	348	0.836508261114195
"rs1293012"	0.178883945942259	348	0.836508261114195
"rs2145395"	0.178976165681819	348	1.26172605357126
"rs410694"	0.178976635563444	348	1.25098030063021
"rs272325"	0.179002101567001	348	0.656686995148895
"rs1515094"	0.179006336527196	348	0.889774681605197
"rs260178"	0.179011257156949	348	1.37012896355511
"rs1601060"	0.179017143220966	348	1.37683216124294
"rs1601074"	0.179017143220966	348	1.37683216124294
"rs1601075"	0.179017143220966	348	1.37683216124294
"rs1601212"	0.179017143220966	348	1.37683216124294
"rs1601216"	0.179017143220966	348	1.37683216124294
"rs1601239"	0.179017143220966	348	1.37683216124294
"rs1601240"	0.179017143220966	348	1.37683216124294
"rs1601255"	0.179017143220966	348	1.37683216124294
"rs1601258"	0.179017143220966	348	1.37683216124294
"rs1601260"	0.179017143220966	348	1.37683216124294
"rs1601261"	0.179017143220966	348	1.37683216124294
"rs1601267"	0.179017143220966	348	1.37683216124294
"rs1601294"	0.179017143220966	348	1.37683216124294
"rs810579"	0.179020373833843	348	0.829986091576109
"rs810581"	0.179020373833843	348	0.829986091576109
"rs1363248"	0.179066741687745	348	1.52920047144677
"rs423756"	0.179090363755357	348	0.738983937424144
"rs2136010"	0.179100555931417	348	0.795408972819777
"rs211739"	0.179120505503902	348	1.38545140415511
"rs410651"	0.179126469547684	348	1.27722621877975
"rs410652"	0.179126469547684	348	1.27722621877975
"rs410655"	0.179126469547684	348	1.27722621877975
"rs1720582"	0.17914209309257	348	1.27442222130417
"rs1757950"	0.17914692825197	348	1.25627431875156
"rs1772579"	0.179152915615372	348	1.25252368294554
"rs1371522"	0.1791730898118	348	1.42008077190171
"rs1371523"	0.1791730898118	348	1.42008077190171
"rs1371524"	0.1791730898118	348	1.42008077190171
"rs381679"	0.179182426401565	348	0.821238276110303
"rs1689453"	0.179183639746693	348	1.26198997283048
"rs1689571"	0.179183639746693	348	1.26198997283048
"rs272546"	0.179190604277395	348	0.659281816840201
"rs1347442"	0.179242308255275	348	0.737452839495676
"rs152905"	0.179263492451353	348	1.27174063850461
"rs2155311"	0.179295988439834	348	0.793613184022801
"rs1488400"	0.179301004207884	348	1.11030963483197
"rs123537"	0.179308329000541	348	1.32630916701385
"rs277665"	0.179345313509642	348	1.27883968448989
"rs271608"	0.179351514481311	348	0.660193692203266
"rs366800"	0.179438459727262	348	0.776181200858168
"rs1570565"	0.179446307536474	348	0.746352178884922
"rs1959886"	0.179501243565898	348	1.50757627520425
"rs1742657"	0.179510442501047	348	1.24014181909687
"rs189673"	0.17951992695763	348	0.69042057931762
"rs1316738"	0.179609573425017	348	1.24622207789486
"rs2137992"	0.179622646602448	348	1.24928799436696
"rs409017"	0.179632152203319	348	0.663194487053898
"rs409026"	0.179632152203319	348	0.663194487053898
"rs1093622"	0.179651396944437	348	0.763969033300645
"rs1093637"	0.179651396944437	348	0.763969033300645
"rs254471"	0.179677579401595	348	0.934101238800734
"rs2142991"	0.17971049295371	348	1.25184376744496
"rs2033611"	0.17973028882368	348	1.05856158575953
"rs319382"	0.179732871062892	348	1.4137591263914
"rs319384"	0.179732871062892	348	1.4137591263914
"rs545027"	0.179767123329859	348	0.780377374421162
"rs545030"	0.179767123329859	348	0.780377374421162
"rs545060"	0.179767123329859	348	0.780377374421162
"rs545068"	0.179767123329859	348	0.780377374421162
"rs545078"	0.179767123329859	348	0.780377374421162
"rs545081"	0.179767123329859	348	0.780377374421162
"rs324406"	0.179781926372508	348	406.339038154472
"rs559739"	0.179789451446625	348	0.747248924776989
"rs464948"	0.179809830442515	348	1.32585138018247
"rs114221"	0.179837001153246	348	0.866987167755157
"rs1599468"	0.179856999651597	348	1.37923169119995
"rs1599626"	0.179856999651603	348	1.37923169119995
"rs935596"	0.179861142280074	348	0.716288996758197
"rs114154"	0.17991756664706	348	0.867588191525651
"rs937279"	0.17994144770382	348	0.756935582590565
"rs340597"	0.179953841018589	348	0.87929122251503
"rs535686"	0.179963287616297	348	1.26497376172332
"rs1045961"	0.179969553054364	348	0.768770797340947
"rs175872"	0.179981004585738	348	0.795100866338877
"rs175878"	0.179981004585738	348	0.795100866338877
"rs224201"	0.179996759199971	348	0.64582348656225
"rs1081288"	0.180028520108449	348	0.773008413907576
"rs986112"	0.180066027567494	348	0.826983080621838
"rs72585"	0.180082208155585	348	1.44442453576279
"rs148754"	0.180086717085266	348	0.791186672658144
"rs47119"	0.180110327761788	348	1.0978229631759
"rs175711"	0.180170464773139	348	1.33094206984972
"rs535325"	0.180174738591491	348	0.755527762305578
"rs591820"	0.180181472749402	348	0.683551393237056
"rs1964567"	0.180197705452605	348	0.69984441669007
"rs1806193"	0.180296701494037	348	1.39077415087754
"rs980860"	0.180311990483189	348	1.33396938119497
"rs956568"	0.180364835289298	348	0.682676037919413
"rs956751"	0.180364835289298	348	0.682676037919413
"rs958288"	0.180364835289298	348	0.682676037919413
"rs1783598"	0.180364835289298	348	0.682676037919413
"rs1664294"	0.18037347919542	348	0.813716368137116
"rs1394122"	0.180380575722145	348	1.62521313230656
"rs1394128"	0.180380575722145	348	1.62521313230656
"rs62975"	0.180450172346891	348	1.35182134786944
"rs62979"	0.180450172346891	348	1.35182134786944
"rs62980"	0.180450172346891	348	1.35182134786944
"rs62983"	0.180450172346891	348	1.35182134786944
"rs63001"	0.180450172346891	348	1.35182134786944
"rs63005"	0.180450172346891	348	1.35182134786944
"rs63008"	0.180450172346891	348	1.35182134786944
"rs63011"	0.180450172346891	348	1.35182134786944
"rs63017"	0.180450172346891	348	1.35182134786944
"rs63018"	0.180450172346891	348	1.35182134786944
"rs295623"	0.180451545053295	348	1.19458940658635
"rs1545245"	0.180455480550169	348	1.29430068673263
"rs1545335"	0.180455480550169	348	1.29430068673263
"rs1545341"	0.180455480550169	348	1.29430068673263
"rs1688731"	0.180461201761868	348	1.35825611652283
"rs1688733"	0.180461201761868	348	1.35825611652283
"rs1688734"	0.180461201761868	348	1.35825611652283
"rs1162910"	0.180518890868763	348	0.766676400874688
"rs1772261"	0.180524692085494	348	1.25264526134201
"rs340890"	0.180535868574915	348	0.782411265928679
"rs1965026"	0.180537657528586	348	0.770798152987353
"rs207898"	0.180541138669205	348	0.640283951674424
"rs874163"	0.180553902484647	348	1.35772787753577
"rs317452"	0.180575760145215	348	0.579834591132046
"rs317492"	0.180575760145215	348	0.579834591132046
"rs317501"	0.180575760145215	348	0.579834591132046
"rs317531"	0.180575760145215	348	0.579834591132046
"rs317532"	0.180575760145215	348	0.579834591132046
"rs601796"	0.180575760145222	348	1.67099203310042
"rs601811"	0.180575760145222	348	1.67099203310042
"rs272743"	0.18058375385255	348	1.33165173124237
"rs24331"	0.180612925602672	348	1.59235653336411
"rs653565"	0.180616035860846	348	1.10852393954627
"rs441882"	0.18063529995222	348	0.582706609372693
"rs378694"	0.180659410718082	348	0.79244712077706
"rs211821"	0.180681942625744	348	1.38891572238839
"rs1898617"	0.180689489597269	348	1.61954206154413
"rs2007610"	0.180694595584991	348	0.716233538359223
"rs1976567"	0.180734708774187	348	1.35218721533642
"rs888670"	0.180808961203524	348	1.32992772046876
"rs83101"	0.180926302551243	348	1.29569215706071
"rs647967"	0.180928886017818	348	1.14305648723416
"rs2066489"	0.180930533787696	348	1.35709573695674
"rs507123"	0.180944782781309	348	0.626054553804419
"rs507126"	0.180944782781309	348	0.626054553804419
"rs507132"	0.180944782781309	348	0.626054553804419
"rs2021011"	0.18096752286025	348	1.39685467843316
"rs2070285"	0.181064863694823	348	0.646547885068112
"rs493800"	0.18109113802029	348	0.713651381633958
"rs274111"	0.18111381530079	348	1.18902380627141
"rs274117"	0.18111381530079	348	1.18902380627141
"rs966166"	0.181128175356613	348	0.752597688936829
"rs1102336"	0.181145298587941	348	0.644002867526102
"rs2191112"	0.181147789973078	348	1.52414033050979
"rs1638623"	0.181202734821826	348	1.36708413456072
"rs1294168"	0.181261182054851	348	0.761746302357685
"rs2170043"	0.181269101502316	348	0.828761797672094
"rs1602696"	0.181293595473912	348	2.07622136439388
"rs1602859"	0.181293595473912	348	2.07622136439388
"rs1790439"	0.181302846641924	348	1.28269158736044
"rs425674"	0.181412852096339	348	1.24667742824806
"rs425699"	0.181412852096339	348	1.24667742824806
"rs336886"	0.181461306856662	348	1.86399362516506
"rs42062"	0.181461306856666	348	1.86399362516506
"rs858894"	0.181468133000397	348	1.11147881466583
"rs319423"	0.181489041290071	348	1.46168064428159
"rs1320464"	0.18150102205932	348	0.710664236827689
"rs1038968"	0.181506446903659	348	0.724098168109206
"rs1093613"	0.181550792598184	348	0.763467238144907
"rs503401"	0.181599020687391	348	1.29998358317289
"rs841762"	0.181645033387378	348	0.775780700245408
"rs841772"	0.181645033387378	348	0.775780700245408
"rs841773"	0.181645033387378	348	0.775780700245408
"rs324068"	0.181665990239487	348	324.32973785976
"rs92193"	0.18166950735663	348	0.629703507033654
"rs445967"	0.18176482285011	348	1.08284720558443
"rs1736046"	0.181777340509632	348	1.38198404438919
"rs760882"	0.181796628769217	348	0.700380882787611
"rs1701944"	0.181799267136056	348	1.30495182183521
"rs1104035"	0.181816178345024	348	0.823871603158574
"rs1093605"	0.181820021418882	348	0.765058661064056
"rs1093743"	0.181820021418882	348	0.765058661064056
"rs117411"	0.18185687271265	348	0.867288191222802
"rs818418"	0.181894117834233	348	1.29909417528119
"rs818424"	0.181894117834233	348	1.29909417528119
"rs539408"	0.181895938188689	348	1.27567575516414
"rs491455"	0.181903295765595	348	0.896735759013619
"rs5760"	0.181940056783449	348	1.37367914946671
"rs1488172"	0.1819693308112	348	0.909452424579926
"rs304646"	0.181995811322726	348	1.27053763429893
"rs306098"	0.182005706699591	348	0.725675730019263
"rs113238"	0.182036540775301	348	0.868771405557272
"rs809724"	0.182091787682654	348	1.09112478567495
"rs228569"	0.182116438633319	348	1.35586664061296
"rs228578"	0.182116438633319	348	1.35586664061296
"rs228586"	0.182116438633319	348	1.35586664061296
"rs228588"	0.182116438633319	348	1.35586664061296
"rs228593"	0.182116438633319	348	1.35586664061296
"rs228595"	0.182116438633319	348	1.35586664061296
"rs228596"	0.182116438633319	348	1.35586664061296
"rs228601"	0.182116438633319	348	1.35586664061296
"rs228605"	0.182116438633319	348	1.35586664061296
"rs228608"	0.182116438633319	348	1.35586664061296
"rs971972"	0.18215756037818	348	0.692155058497216
"rs1104414"	0.182174480157636	348	1.72357702557564
"rs319411"	0.182178376155539	348	1.46108754859376
"rs264487"	0.182192023068934	348	1.51666530097969
"rs1704021"	0.182202840679407	348	1.28282111569827
"rs1707216"	0.182202840679407	348	1.28282111569827
"rs1703271"	0.182202840679416	348	1.28282111569827
"rs1703274"	0.182202840679416	348	1.28282111569827
"rs1703277"	0.182202840679416	348	1.28282111569827
"rs1703310"	0.182202840679416	348	1.28282111569827
"rs1703328"	0.182202840679416	348	1.28282111569827
"rs1703331"	0.182202840679416	348	1.28282111569827
"rs1703343"	0.182202840679416	348	1.28282111569827
"rs1703349"	0.182202840679416	348	1.28282111569827
"rs1703355"	0.182202840679416	348	1.28282111569827
"rs1703358"	0.182202840679416	348	1.28282111569827
"rs1703724"	0.182202840679416	348	1.28282111569827
"rs1703748"	0.182202840679416	348	1.28282111569827
"rs1703751"	0.182202840679416	348	1.28282111569827
"rs1703754"	0.182202840679416	348	1.28282111569827
"rs1703766"	0.182202840679416	348	1.28282111569827
"rs1703796"	0.182202840679416	348	1.28282111569827
"rs1703821"	0.182202840679416	348	1.28282111569827
"rs1703823"	0.182202840679416	348	1.28282111569827
"rs1703850"	0.182202840679416	348	1.28282111569827
"rs1703853"	0.182202840679416	348	1.28282111569827
"rs1703855"	0.182202840679416	348	1.28282111569827
"rs1703859"	0.182202840679416	348	1.28282111569827
"rs1703860"	0.182202840679416	348	1.28282111569827
"rs1703862"	0.182202840679416	348	1.28282111569827
"rs1703871"	0.182202840679416	348	1.28282111569827
"rs1703874"	0.182202840679416	348	1.28282111569827
"rs1703877"	0.182202840679416	348	1.28282111569827
"rs1703880"	0.182202840679416	348	1.28282111569827
"rs1703886"	0.182202840679416	348	1.28282111569827
"rs1703888"	0.182202840679416	348	1.28282111569827
"rs1703892"	0.182202840679416	348	1.28282111569827
"rs1703919"	0.182202840679416	348	1.28282111569827
"rs1703925"	0.182202840679416	348	1.28282111569827
"rs1703933"	0.182202840679416	348	1.28282111569827
"rs1703936"	0.182202840679416	348	1.28282111569827
"rs1703949"	0.182202840679416	348	1.28282111569827
"rs1703952"	0.182202840679416	348	1.28282111569827
"rs1703994"	0.182202840679416	348	1.28282111569827
"rs1704003"	0.182202840679416	348	1.28282111569827
"rs1704009"	0.182202840679416	348	1.28282111569827
"rs1704011"	0.182202840679416	348	1.28282111569827
"rs1704015"	0.182202840679416	348	1.28282111569827
"rs1704018"	0.182202840679416	348	1.28282111569827
"rs1704027"	0.182202840679416	348	1.28282111569827
"rs1704356"	0.182202840679416	348	1.28282111569827
"rs1705227"	0.182202840679416	348	1.28282111569827
"rs1706140"	0.182202840679416	348	1.28282111569827
"rs1706223"	0.182202840679416	348	1.28282111569827
"rs1706427"	0.182202840679416	348	1.28282111569827
"rs1706430"	0.182202840679416	348	1.28282111569827
"rs1707348"	0.182202840679416	348	1.28282111569827
"rs1707355"	0.182202840679416	348	1.28282111569827
"rs1707425"	0.182202840679416	348	1.28282111569827
"rs1707693"	0.182202840679416	348	1.28282111569827
"rs1709499"	0.182202840679416	348	1.28282111569827
"rs1709636"	0.182202840679416	348	1.28282111569827
"rs1704054"	0.182202840679418	348	1.28282111569827
"rs1704223"	0.182202840679418	348	1.28282111569827
"rs1705209"	0.182202840679418	348	1.28282111569827
"rs1709048"	0.182202840679418	348	1.28282111569827
"rs1709424"	0.182202840679418	348	1.28282111569827
"rs1709815"	0.182202840679418	348	1.28282111569827
"rs1716734"	0.182202840679418	348	1.28282111569827
"rs1720167"	0.182202840679418	348	1.28282111569827
"rs776279"	0.182269009453485	348	0.843540625580185
"rs1403843"	0.182302667099532	348	1.47845990146225
"rs964706"	0.182317395089278	348	0.787597925233965
"rs113118"	0.182319116545979	348	0.867227769894065
"rs226843"	0.182328864292087	348	1.42524753239321
"rs1876168"	0.182341420913814	348	2.48510373042422
"rs2001312"	0.182345423088613	348	1.26096348918255
"rs2001321"	0.182345423088613	348	1.26096348918255
"rs1602861"	0.182367821430621	348	2.08518470430223
"rs1880585"	0.182368301346289	348	0.831699467657429
"rs1594025"	0.182378263356794	348	1.25785401959186
"rs929569"	0.182418697348587	348	0.411976498695818
"rs149035"	0.18245297082929	348	0.875454052438962
"rs1171663"	0.182487968650091	348	0.770572035740183
"rs271183"	0.182510626419085	348	0.661981891566382
"rs552802"	0.182521727298069	348	0.73806105320027
"rs1691537"	0.182544874280137	348	0.77479444079575
"rs1691538"	0.182544874280137	348	0.77479444079575
"rs1691540"	0.182544874280137	348	0.77479444079575
"rs1691550"	0.182544874280137	348	0.77479444079575
"rs1691553"	0.182544874280137	348	0.77479444079575
"rs1897393"	0.182548204947894	348	1.3407257269362
"rs115012"	0.182555183894059	348	0.867173146116195
"rs236525"	0.182570077069639	348	1.26539398913098
"rs236528"	0.182570077069639	348	1.26539398913098
"rs236534"	0.182570077069639	348	1.26539398913098
"rs236537"	0.182570077069639	348	1.26539398913098
"rs236539"	0.182570077069639	348	1.26539398913098
"rs467359"	0.182589233854388	348	0.590195693141865
"rs189254"	0.182602269300316	348	1.33793270681655
"rs1591801"	0.182615026153482	348	0.81165165129709
"rs954579"	0.182652058667446	348	1.31673828246814
"rs647988"	0.182657809631653	348	0.858299557869007
"rs1617753"	0.182688888166843	348	0.723888802696074
"rs1617756"	0.182688888166843	348	0.723888802696074
"rs1617757"	0.182688888166843	348	0.723888802696074
"rs1617775"	0.182688888166843	348	0.723888802696074
"rs1617778"	0.182688888166843	348	0.723888802696074
"rs1617781"	0.182688888166843	348	0.723888802696074
"rs1617789"	0.182688888166843	348	0.723888802696074
"rs146134"	0.182698332349839	348	1.27872193410303
"rs1053249"	0.182726162613413	348	1.39380601086694
"rs1119737"	0.182733793176613	348	1.48127142772441
"rs1119758"	0.182733793176613	348	1.48127142772441
"rs1093237"	0.182743936645158	348	0.766320570507386
"rs305921"	0.182821517402466	348	0.726232373501843
"rs305939"	0.182821517402466	348	0.726232373501843
"rs305970"	0.182821517402466	348	0.726232373501843
"rs1748266"	0.18283079096428	348	0.770728115768192
"rs1716496"	0.182855647157402	348	1.28637057879049
"rs823909"	0.182859104647059	348	0.804674095862013
"rs209228"	0.182917631458218	348	1.42338208571801
"rs1564335"	0.182936042301015	348	0.790601544888365
"rs426421"	0.182939974145772	348	1.39832832955288
"rs426424"	0.182939974145772	348	1.39832832955288
"rs426436"	0.182939974145772	348	1.39832832955288
"rs426438"	0.182939974145772	348	1.39832832955288
"rs1133458"	0.182956694910573	348	1.22182768452371
"rs1615191"	0.182958523975803	348	0.636243446820433
"rs1712060"	0.18300347707291	348	1.27664630438661
"rs1368945"	0.183009394118496	348	1.4175736335895
"rs1384758"	0.183065479488766	348	1.35395340954381
"rs464978"	0.183081130021382	348	1.24669072684963
"rs1413140"	0.183115616969076	348	1.08682846849469
"rs854635"	0.183126812997162	348	0.823779192852483
"rs1172527"	0.183131342904929	348	0.807368364030075
"rs1172539"	0.183131342904929	348	0.807368364030075
"rs523539"	0.183183146761743	348	1.16834910804488
"rs523542"	0.183183146761743	348	1.16834910804488
"rs211902"	0.183279237300881	348	1.3830868520751
"rs465612"	0.183298174570194	348	1.27290685511945
"rs1648954"	0.183389525173374	348	0.788650975035394
"rs137509"	0.183424271954549	348	1.25198158624968
"rs2167754"	0.18342528806797	348	0.831870961668362
"rs272371"	0.18343538788198	348	0.664050291811733
"rs575168"	0.183455719391142	348	1.10960351068875
"rs1055909"	0.183530385102051	348	0.494384073924428
"rs1375957"	0.183531560279767	348	1.41115138303961
"rs1181594"	0.183540162199486	348	0.811972441132448
"rs428648"	0.183541020130163	348	1.41963633333362
"rs1206731"	0.183592259747882	348	0.84639665039684
"rs1157192"	0.183599606319198	348	0.789340117414934
"rs1708864"	0.183616815491923	348	1.25375448110912
"rs1896884"	0.183622268928872	348	0.480607394082877
"rs742432"	0.183625711900725	348	0.829010063598875
"rs1543042"	0.183649877924259	348	0.884276376506552
"rs1157205"	0.183669535364807	348	0.789371586399334
"rs1157210"	0.183669535364807	348	0.789371586399334
"rs1157217"	0.183669535364807	348	0.789371586399334
"rs1369272"	0.183677125637037	348	1.11547225830154
"rs1714556"	0.183693509101965	348	1.27326843166257
"rs366717"	0.183712090897567	348	0.778923863106704
"rs366726"	0.183712090897567	348	0.778923863106704
"rs1070217"	0.183748412420184	348	1.44133920201591
"rs1070243"	0.183748412420184	348	1.44133920201591
"rs1369107"	0.183773040080593	348	1.11544210783995
"rs876015"	0.183785949662214	348	2.07528075110849
"rs211751"	0.18380665813078	348	1.37887939221124
"rs211874"	0.183808767950635	348	1.38223923076698
"rs896520"	0.183845159631345	348	1.14055879805498
"rs156722"	0.183868148061075	348	0.833663840758341
"rs1387980"	0.183886702024521	348	0.744601756679424
"rs177522"	0.183886813362229	348	1.68036912249707
"rs177600"	0.183886813362229	348	1.68036912249707
"rs178989"	0.183886813362236	348	1.68036912249709
"rs541357"	0.183896936671484	348	1.20930216462343
"rs1055311"	0.183929570291826	348	1.10743744743086
"rs2010207"	0.184063936531581	348	0.878383554984749
"rs304011"	0.184093674494507	348	0.803060915142448
"rs880111"	0.184104683188309	348	0.873894319445513
"rs2008328"	0.184105179867495	348	0.4385156490607
"rs1737889"	0.184117444290166	348	1.10080474047463
"rs2084152"	0.184140733484954	348	1.06746634825756
"rs2170726"	0.184209895725994	348	1.1638604103983
"rs2170727"	0.184209895725994	348	1.1638604103983
"rs2170728"	0.184209895725994	348	1.1638604103983
"rs225104"	0.184217103802905	348	1.26930130527985
"rs1577111"	0.184223516548609	348	1.46389766431143
"rs1716461"	0.184243998562493	348	1.27534791950038
"rs1609920"	0.1842496334904	348	0.799467844997614
"rs228650"	0.184293474945794	348	1.36281619029617
"rs228665"	0.184293474945794	348	1.36281619029617
"rs228674"	0.184293474945794	348	1.36281619029617
"rs228675"	0.184293474945794	348	1.36281619029617
"rs228676"	0.184293474945794	348	1.36281619029617
"rs228687"	0.184293474945794	348	1.36281619029617
"rs228710"	0.184293474945794	348	1.36281619029617
"rs228714"	0.184293474945794	348	1.36281619029617
"rs1107910"	0.184327283184789	348	0.761011496205743
"rs1126015"	0.184343625819308	348	1.36932166661318
"rs470797"	0.184356150563311	348	1.50451053935862
"rs1161985"	0.184363948921276	348	0.765850145702533
"rs69169"	0.184367226499247	348	0.744684859266201
"rs1038236"	0.184429064852804	348	0.0152755487362913
"rs1128106"	0.184462063755301	348	0.835910003106872
"rs320695"	0.184493963752923	348	1.39237100264559
"rs936698"	0.184504680633652	348	0.758645952835139
"rs1086431"	0.184514207071327	348	1.88864775768159
"rs51201"	0.184514207071331	348	1.88864775768155
"rs52319"	0.184514207071331	348	1.88864775768155
"rs201118"	0.184514207071331	348	1.88864775768155
"rs1322267"	0.184514207071331	348	1.88864775768155
"rs1327357"	0.184514207071331	348	1.88864775768155
"rs182388"	0.184514207071335	348	1.88864775768155
"rs966897"	0.184519017392621	348	0.867140796754579
"rs1479868"	0.184534612876535	348	0.69331173634964
"rs694461"	0.184540441389192	348	1.26889415224177
"rs834946"	0.184552084609383	348	0.624967073906071
"rs1833144"	0.184562224754542	348	0.76194130404876
"rs100281"	0.184566878044773	348	1.19208924271006
"rs1882665"	0.184589110712142	348	1.1052430446486
"rs429286"	0.184666639116879	348	2.25487366412996
"rs847549"	0.184666639116879	348	2.25487366412996
"rs1306672"	0.184666639116879	348	2.25487366412996
"rs2153902"	0.184666639116879	348	2.25487366412996
"rs1533094"	0.184670072781318	348	1.09031705542367
"rs1533097"	0.184670072781318	348	1.09031705542367
"rs2123768"	0.18481601099639	348	0.794019758876018
"rs1329755"	0.18483752696984	348	0.739030075132455
"rs1329762"	0.18483752696984	348	0.739030075132455
"rs898900"	0.184887530342817	348	2.07123027836476
"rs898903"	0.184887530342817	348	2.07123027836476
"rs1124445"	0.184902756473688	348	1.39944664967081
"rs190766"	0.184934594798119	348	1.36055499301558
"rs304410"	0.184966414377646	348	0.808792826600898
"rs1925309"	0.18496952911778	348	0.721973881681453
"rs1093677"	0.185024605144143	348	0.766433947065872
"rs595053"	0.185090826699223	348	0.689594005015431
"rs618592"	0.185117116063487	348	1.31967491830161
"rs1388084"	0.185118174650073	348	0.699641757350634
"rs1388115"	0.185118174650073	348	0.699641757350634
"rs1388287"	0.185118174650076	348	0.699641757350635
"rs1388216"	0.185118174650076	348	0.699641757350632
"rs264679"	0.185156637039696	348	1.12423468901842
"rs1322322"	0.185162200464903	348	1.25148094000528
"rs1542904"	0.185164338384223	348	0.477733781465934
"rs526068"	0.185229604140668	348	0.751962378297644
"rs1065774"	0.185251521480203	348	1.32506513110285
"rs2155092"	0.185258884250995	348	1.19575126457995
"rs941940"	0.185306044043891	348	1.46475335327484
"rs1637130"	0.185311491154133	348	0.923527404659394
"rs1318720"	0.185317351611797	348	0.693214588369253
"rs1318729"	0.185317351611797	348	0.693214588369253
"rs1318730"	0.185317351611797	348	0.693214588369253
"rs113103"	0.185333249440964	348	0.868421070488249
"rs1104742"	0.185375750876758	348	1.8240592797134
"rs1104055"	0.185382052424288	348	0.817681326703934
"rs2144050"	0.18541152381609	348	1.25371796062873
"rs1627498"	0.185445242965951	348	1.35547821929428
"rs781463"	0.185460641563163	348	0.672289069755777
"rs617056"	0.185472862823143	348	1.81450605572436
"rs1336477"	0.185526160753169	348	0.797322686693049
"rs272516"	0.185534025897866	348	0.663674618184506
"rs271252"	0.185534025897868	348	0.663674618184507
"rs271238"	0.185534025897873	348	0.663674618184505
"rs271879"	0.185534025897873	348	0.663674618184505
"rs1103752"	0.185551504661035	348	0.803054310072415
"rs1079311"	0.185607955818459	348	0.723197250778348
"rs1079527"	0.185607955818459	348	0.723197250778348
"rs1079620"	0.185607955818459	348	0.723197250778348
"rs2010203"	0.185612121487135	348	0.878789000940911
"rs2089905"	0.185625984821991	348	1.11723658339265
"rs1848435"	0.185670991270824	348	0.774354898849557
"rs134138"	0.18567954216374	348	0.842534330762242
"rs911816"	0.185687332161129	348	1.30443671636273
"rs114447"	0.185725554706962	348	0.868577341006417
"rs319352"	0.18574553041163	348	1.41673088036664
"rs1469840"	0.18576738432656	348	0.726976922195564
"rs919651"	0.185834284463823	348	0.625456670970067
"rs2143826"	0.185859037002046	348	1.25475265255711
"rs1945891"	0.185906226828809	348	1.79389515196761
"rs46162"	0.185914277527381	348	1.2733136110211
"rs1119725"	0.185952897479676	348	0.78583979710747
"rs567782"	0.185981597947118	348	0.848819868402572
"rs1358007"	0.185985898244928	348	0.768766003565467
"rs2142328"	0.186000785159138	348	1.24815723612176
"rs810181"	0.186004711114382	348	0.775573102483104
"rs211917"	0.186025355817382	348	1.3832029647276
"rs211923"	0.186025355817382	348	1.3832029647276
"rs462482"	0.186029291006935	348	1.55512397894699
"rs1382574"	0.186029710382169	348	1.92147079716242
"rs1716160"	0.186046329160694	348	1.2840683391732
"rs1716241"	0.186046329160694	348	1.2840683391732
"rs1716298"	0.186046329160694	348	1.2840683391732
"rs1716346"	0.186046329160694	348	1.2840683391732
"rs1716372"	0.186046329160694	348	1.2840683391732
"rs1716376"	0.186046329160694	348	1.2840683391732
"rs1170923"	0.186081383194065	348	1.08159514297538
"rs145089"	0.186081854874073	348	0.86523582213266
"rs494250"	0.186087399964436	348	2.48137481079285
"rs494324"	0.186087399964436	348	2.48137481079285
"rs494610"	0.186087399964436	348	2.48137481079285
"rs494619"	0.186087399964436	348	2.48137481079285
"rs494706"	0.186087399964436	348	2.48137481079285
"rs494709"	0.186087399964436	348	2.48137481079285
"rs938122"	0.186102861780205	348	0.700886501470036
"rs438398"	0.186125715002814	348	1.27684839796073
"rs173370"	0.186128214824894	348	0.801802401829572
"rs982879"	0.186136764008675	348	0.684748013672946
"rs2127906"	0.186150206183061	348	0.806560734618753
"rs315786"	0.186171697266226	348	0.391588537099453
"rs315787"	0.186171697266226	348	0.391588537099453
"rs1945474"	0.18618103676395	348	1.41878804362844
"rs1596764"	0.186201445589021	348	1.24451087220864
"rs329467"	0.186220795801553	348	0.796173633951667
"rs329455"	0.186220795801561	348	0.796173633951669
"rs329458"	0.186220795801561	348	0.796173633951669
"rs1317577"	0.186253242363082	348	1.4160169298154
"rs1655625"	0.186342108261299	348	0.835370859713392
"rs156130"	0.186398911906973	348	1.28900697756932
"rs1470951"	0.186404671363924	348	0.794017151096785
"rs307164"	0.186431221451433	348	1.51321753067131
"rs2139736"	0.186440036011209	348	0.7941238953414
"rs2139760"	0.186440036011209	348	0.7941238953414
"rs2139765"	0.186440036011209	348	0.7941238953414
"rs2139775"	0.186440036011209	348	0.7941238953414
"rs2139803"	0.186440036011209	348	0.7941238953414
"rs2139810"	0.186440036011209	348	0.7941238953414
"rs1018961"	0.186455581435205	348	0.635436838036614
"rs1359713"	0.186481963589645	348	1.24021447554248
"rs1790253"	0.18649911437556	348	0.847561516641497
"rs1678360"	0.186502478456632	348	1.26238616374473
"rs545518"	0.186509901687915	348	0.808928684468298
"rs305380"	0.186520088308321	348	1.40821999696879
"rs885021"	0.186558538893786	348	1.51276062245578
"rs620239"	0.186573075465631	348	1.44026665012948
"rs2115331"	0.186584846319918	348	0.603090870386544
"rs271019"	0.186587920032289	348	0.762279648606292
"rs572226"	0.18660177058892	348	1.59489000880947
"rs572328"	0.18660177058892	348	1.59489000880947
"rs572369"	0.18660177058892	348	1.59489000880947
"rs1316956"	0.186619649505172	348	0.788563341720086
"rs281303"	0.186630077932494	348	0.836819283127239
"rs1480599"	0.186635314687405	348	0.654728559947665
"rs445340"	0.186668060536362	348	0.870586562421604
"rs1365442"	0.186711873124234	348	1.34444653779391
"rs2134724"	0.186724410955801	348	1.23376264552775
"rs1141289"	0.18672897481354	348	1.28023355816352
"rs958591"	0.186781238717106	348	0.687460628759784
"rs5889"	0.186785317649892	348	0.749120701862919
"rs565233"	0.186801128372049	348	0.822801755022453
"rs1577399"	0.186820736203662	348	1.3551479564872
"rs341425"	0.186829714018854	348	0.79154487469337
"rs1369041"	0.186843869149047	348	0.886658831987622
"rs1162563"	0.186849351873686	348	0.807235846484581
"rs1162569"	0.186849351873686	348	0.807235846484581
"rs1162581"	0.186849351873686	348	0.807235846484581
"rs937234"	0.18685696803037	348	0.75543101079767
"rs454213"	0.186860701101821	348	0.817121515529794
"rs1951594"	0.186882338185456	348	0.65497695698469
"rs629772"	0.186895940207272	348	1.25110412943168
"rs629878"	0.186895940207272	348	1.25110412943168
"rs392168"	0.18698756991849	348	0.798745032594642
"rs226292"	0.18700396620011	348	0.881875200985069
"rs2213976"	0.187044817750271	348	1.39395001618541
"rs1112062"	0.187064795327096	348	0.750597473049977
"rs1114416"	0.187064795327096	348	0.750597473049977
"rs174721"	0.187136955940401	348	1.82634553537892
"rs1106487"	0.187189900439842	348	0.778152528573029
"rs1876516"	0.187224176445647	348	0.874803668687407
"rs1118303"	0.187232623344715	348	0.739768619740184
"rs1118304"	0.187232623344715	348	0.739768619740184
"rs1118340"	0.187232623344715	348	0.739768619740184
"rs1118382"	0.187232623344715	348	0.739768619740184
"rs1118388"	0.187232623344715	348	0.739768619740184
"rs1118394"	0.187232623344715	348	0.739768619740184
"rs564222"	0.187278129206951	348	0.812937158117078
"rs791895"	0.187316212563498	348	1.22778502291722
"rs791949"	0.187316212563498	348	1.22778502291722
"rs465628"	0.187349811425201	348	1.26879904374364
"rs2177664"	0.18749828323048	348	0.836486812936784
"rs46039"	0.187610028501388	348	1.30851674098711
"rs46042"	0.187610028501388	348	1.30851674098711
"rs46072"	0.187610028501388	348	1.30851674098711
"rs46114"	0.187610028501388	348	1.30851674098711
"rs46171"	0.187610028501388	348	1.30851674098711
"rs46261"	0.187610028501388	348	1.30851674098711
"rs334841"	0.187624419700202	348	1.25618740978841
"rs271202"	0.187625664122	348	0.665064425885429
"rs811987"	0.187648092494292	348	0.649725584969984
"rs336018"	0.187701723567651	348	1.34706716682618
"rs929265"	0.187706694219583	348	0.723196848877303
"rs287455"	0.187771762785709	348	1.26571013344908
"rs2145258"	0.187784130443243	348	1.24576560857741
"rs291058"	0.187794416424451	348	1.18764029466723
"rs291064"	0.187794416424451	348	1.18764029466723
"rs223043"	0.187798316155042	348	0.713997782030687
"rs329287"	0.187801917170262	348	0.579416583010806
"rs1842308"	0.187855678740539	348	0.706347769535472
"rs1064964"	0.18789443230755	348	0.575938757143631
"rs2217028"	0.18789443230755	348	0.575938757143631
"rs35686"	0.187937135553713	348	0.578052587090948
"rs209336"	0.187945466804667	348	0.69215946215403
"rs2009672"	0.188014512087242	348	1.25593510649625
"rs1286415"	0.188016942343638	348	0.826829586612174
"rs2062547"	0.188031969193744	348	0.786481556156078
"rs989207"	0.188104615549743	348	0.789444813770404
"rs975299"	0.188111871250638	348	1.21136187016033
"rs1570013"	0.188137295309789	348	1.48223222499844
"rs210144"	0.188178399420493	348	0.772229678116659
"rs1357999"	0.188193253674894	348	0.76944394716649
"rs1358020"	0.188193253674894	348	0.76944394716649
"rs1358024"	0.188193253674894	348	0.76944394716649
"rs1358026"	0.188193253674894	348	0.76944394716649
"rs1358103"	0.188193253674894	348	0.76944394716649
"rs1167018"	0.188209620611117	348	0.852958272052479
"rs958769"	0.188278845726615	348	1.27075658581608
"rs958777"	0.188278845726615	348	1.27075658581608
"rs1640403"	0.188389386784629	348	1.23758702356104
"rs157954"	0.188419675702056	348	1.19573997742991
"rs291196"	0.18842972535291	348	1.17253566604438
"rs2168485"	0.188442725516795	348	1.3359937528681
"rs2140659"	0.188449301375007	348	1.24636054038732
"rs1716462"	0.18852506623808	348	1.28214770070245
"rs853920"	0.188541411275155	348	0.826501703149527
"rs2190930"	0.188577542069243	348	0.813366592132248
"rs628630"	0.188579743196374	348	1.36529005703619
"rs237746"	0.188594498858176	348	0.708424354128696
"rs237801"	0.188594498858176	348	0.708424354128696
"rs1159839"	0.188640573423676	348	1.26292899463797
"rs1159842"	0.188640573423676	348	1.26292899463797
"rs1159848"	0.188640573423676	348	1.26292899463797
"rs1159854"	0.188640573423676	348	1.26292899463797
"rs1159857"	0.188640573423676	348	1.26292899463797
"rs1159860"	0.188640573423676	348	1.26292899463797
"rs1159863"	0.188640573423676	348	1.26292899463797
"rs274339"	0.188657735336593	348	0.737686000415576
"rs890361"	0.188659369858537	348	1.10083206313131
"rs1286354"	0.188699772453263	348	0.84324973517182
"rs1286409"	0.188699772453263	348	0.84324973517182
"rs1844741"	0.188731132809459	348	1.48923326761834
"rs2116435"	0.188741265534544	348	1.61078869781728
"rs330664"	0.188781797104866	348	1.966044242693
"rs713951"	0.188781797104878	348	1.96604424269296
"rs1118880"	0.188786499650282	348	0.727373226711128
"rs1163148"	0.188791017434879	348	0.775960257054326
"rs1163160"	0.188791017434879	348	0.775960257054326
"rs925082"	0.188801232551622	348	1.30530543205312
"rs1470782"	0.188807270922418	348	1.2196548994174
"rs1470791"	0.188807270922418	348	1.2196548994174
"rs1470795"	0.188807270922418	348	1.2196548994174
"rs1470797"	0.188807270922418	348	1.2196548994174
"rs1470814"	0.188807270922418	348	1.2196548994174
"rs1470817"	0.188807270922418	348	1.2196548994174
"rs1470842"	0.188807270922418	348	1.2196548994174
"rs1470852"	0.188807270922418	348	1.2196548994174
"rs1470877"	0.188807270922418	348	1.2196548994174
"rs1470907"	0.188807270922418	348	1.2196548994174
"rs1515092"	0.188841505402803	348	0.894663612762592
"rs1687830"	0.188888083178935	348	0.725123842320999
"rs1953671"	0.188900416626682	348	0.677524937975937
"rs238715"	0.188940477541465	348	1.2369371804745
"rs253283"	0.189038529026141	348	1.28129560571053
"rs1640479"	0.189051919522378	348	1.80188327019907
"rs1085734"	0.189102192508236	348	1.33282949963666
"rs598326"	0.189138474359524	348	0.700162794313111
"rs1115455"	0.189212778894733	348	1.27186210096657
"rs1115446"	0.189212778894733	348	1.27186210096657
"rs1115449"	0.189212778894733	348	1.27186210096657
"rs1115474"	0.189212778894733	348	1.27186210096657
"rs272395"	0.189237413912921	348	0.665742142354775
"rs2175784"	0.189242030255628	348	0.771389270087778
"rs1876114"	0.189285868934272	348	2.4616084688063
"rs1169821"	0.189301460119664	348	1.32053150440156
"rs474914"	0.189315079034214	348	1.49232625796486
"rs474992"	0.189315079034215	348	1.49232625796486
"rs474999"	0.189315079034215	348	1.49232625796486
"rs475106"	0.189315079034215	348	1.49232625796486
"rs1716469"	0.189318286254167	348	1.2810378316225
"rs1716470"	0.189318286254167	348	1.2810378316225
"rs1716471"	0.189318286254167	348	1.2810378316225
"rs1716472"	0.189318286254167	348	1.2810378316225
"rs1716475"	0.189318286254167	348	1.2810378316225
"rs1716481"	0.189318286254167	348	1.2810378316225
"rs1716484"	0.189318286254167	348	1.2810378316225
"rs1093243"	0.189354800971301	348	0.768507924373618
"rs492185"	0.189380744957124	348	0.754093138959147
"rs1752504"	0.189400837320575	348	1.25059410413975
"rs857106"	0.189414360321352	348	1.19868722302946
"rs857107"	0.189414360321352	348	1.19868722302946
"rs1666884"	0.189432837535009	348	1.38095366982837
"rs1884015"	0.189435044780976	348	1.1918314732921
"rs1102484"	0.189469460248829	348	1.19207341508715
"rs566691"	0.189471781400684	348	0.830469367251596
"rs566694"	0.189471781400684	348	0.830469367251596
"rs566703"	0.189471781400684	348	0.830469367251596
"rs1448454"	0.189504207371705	348	1.44683499950574
"rs225077"	0.189559090408523	348	1.23547481887174
"rs149180"	0.189576641681232	348	0.688627042833989
"rs2053840"	0.18961333495752	348	0.792988905955622
"rs435584"	0.189676278481142	348	0.824917890323926
"rs435591"	0.189676278481142	348	0.824917890323926
"rs845403"	0.189694683657997	348	1.24444538645798
"rs890313"	0.189695105735296	348	0.922847146646652
"rs702192"	0.189716257590163	348	1.44061829154499
"rs281644"	0.189827067196479	348	0.761958927883758
"rs1093670"	0.189844355182546	348	0.768963337995846
"rs1365077"	0.189851702180876	348	0.772292744023315
"rs986136"	0.189886535462528	348	0.805117167938962
"rs986137"	0.189886535462528	348	0.805117167938962
"rs1055801"	0.189902038137835	348	1.23129551895746
"rs1669855"	0.189930764991896	348	1.27983530975828
"rs290683"	0.189942068357063	348	0.834006337338583
"rs1004225"	0.189946583742115	348	1.25302464555077
"rs1939591"	0.189948941325059	348	1.35275502097975
"rs1939593"	0.189948941325059	348	1.35275502097975
"rs1939600"	0.189948941325059	348	1.35275502097975
"rs1939603"	0.189948941325059	348	1.35275502097975
"rs1939612"	0.189948941325059	348	1.35275502097975
"rs1939624"	0.189948941325059	348	1.35275502097975
"rs1939630"	0.189948941325059	348	1.35275502097975
"rs1939552"	0.189948941325063	348	1.35275502097975
"rs1939468"	0.189948941325067	348	1.35275502097975
"rs1939549"	0.189948941325067	348	1.35275502097975
"rs1939557"	0.189948941325067	348	1.35275502097975
"rs546873"	0.189967473524315	348	0.653670342087556
"rs921556"	0.190009123214667	348	1.26789097065242
"rs921567"	0.190009123214667	348	1.26789097065242
"rs1457339"	0.19004778467406	348	0.681578465654462
"rs1757294"	0.190108483292858	348	1.25902898982436
"rs362326"	0.19011527632875	348	1.28991052571427
"rs362357"	0.190115276328753	348	1.28991052571427
"rs362359"	0.190115276328753	348	1.28991052571427
"rs362365"	0.190115276328753	348	1.28991052571427
"rs362371"	0.190115276328753	348	1.28991052571427
"rs362373"	0.190115276328753	348	1.28991052571427
"rs362374"	0.190115276328753	348	1.28991052571427
"rs2115802"	0.190128239494536	348	1.32261428201196
"rs1113996"	0.190151088263498	348	1.08028140693468
"rs271861"	0.190175911910602	348	0.666662956263067
"rs1471326"	0.190182979314421	348	0.803708292975876
"rs142791"	0.190210197961317	348	0.725621344079242
"rs151231"	0.190210197961317	348	0.725621344079242
"rs153413"	0.190210197961317	348	0.725621344079242
"rs153975"	0.190210197961317	348	0.725621344079242
"rs154056"	0.190210197961317	348	0.725621344079242
"rs2010522"	0.190273916365698	348	1.3276246162533
"rs489039"	0.190307820326143	348	0.740383864813737
"rs776209"	0.190345124112041	348	0.87946081247738
"rs321236"	0.190352434301963	348	1.37998168399557
"rs23095"	0.190424868788023	348	1.24236579444818
"rs637006"	0.190425762842091	348	1.30204450638676
"rs1706691"	0.190437220596612	348	1.2840818041037
"rs1706834"	0.190437220596612	348	1.2840818041037
"rs1716307"	0.190437220596612	348	1.2840818041037
"rs1716355"	0.190437220596612	348	1.2840818041037
"rs1716370"	0.190437220596612	348	1.2840818041037
"rs1716377"	0.190437220596612	348	1.2840818041037
"rs1716378"	0.190437220596612	348	1.2840818041037
"rs1716379"	0.190437220596612	348	1.2840818041037
"rs1716388"	0.190437220596612	348	1.2840818041037
"rs1716427"	0.190437220596612	348	1.2840818041037
"rs1716493"	0.190437220596612	348	1.2840818041037
"rs1716501"	0.190437220596612	348	1.2840818041037
"rs1716532"	0.190437220596612	348	1.2840818041037
"rs1716559"	0.190437220596612	348	1.2840818041037
"rs1716587"	0.190437220596612	348	1.2840818041037
"rs1716621"	0.190437220596612	348	1.2840818041037
"rs1716622"	0.190437220596612	348	1.2840818041037
"rs1716649"	0.190437220596612	348	1.2840818041037
"rs1716727"	0.190437220596612	348	1.2840818041037
"rs1092952"	0.190455965434858	348	0.781846675337071
"rs858316"	0.190462959897955	348	0.716498207155352
"rs1770484"	0.190463695886494	348	1.24614687002431
"rs99648"	0.190464515964609	348	1.27873614315504
"rs126609"	0.190468137219506	348	0.814565918137828
"rs622834"	0.190479806455044	348	0.782133890733033
"rs2123761"	0.190502331785785	348	0.804833286491198
"rs117120"	0.19053452340063	348	0.869332078255101
"rs1359138"	0.190543525925458	348	57.009197330848
"rs1359519"	0.190543525925458	348	57.009197330848
"rs992630"	0.190571871064405	348	0.894966644273339
"rs1876240"	0.190600559280523	348	2.46069401725206
"rs1167830"	0.190665610896456	348	0.837440664751626
"rs937108"	0.190692158238274	348	0.744638250727603
"rs568635"	0.190755971342147	348	1.21523256296981
"rs1738967"	0.190816163411395	348	0.790203075154541
"rs790613"	0.190827085203352	348	0.853268032014408
"rs1900760"	0.190835934812787	348	2.026027492542
"rs1900762"	0.190835934812787	348	2.026027492542
"rs1473012"	0.190847544518041	348	1.63440565207257
"rs151478"	0.190857221649726	348	1.35700486467594
"rs906474"	0.190876043323645	348	0.760456913367999
"rs2155494"	0.190906797221653	348	0.830017970399582
"rs226293"	0.190931748505293	348	0.896255576162537
"rs1963675"	0.190965569047054	348	1.25834946981156
"rs1963699"	0.190965569047054	348	1.25834946981156
"rs117620"	0.190998116405398	348	0.866813420901686
"rs1897719"	0.191030050432215	348	0.647200780814328
"rs896973"	0.191038728848592	348	1.08290723929099
"rs42906"	0.191061564395963	348	0.876818828249422
"rs898887"	0.191074069146504	348	2.04549925679694
"rs1785426"	0.191074526767563	348	1.2027723418374
"rs2069467"	0.191092825930995	348	1.29921223440123
"rs1321203"	0.191126269177833	348	0.800883955040026
"rs1321205"	0.191126269177833	348	0.800883955040026
"rs1321209"	0.191126269177833	348	0.800883955040026
"rs2177499"	0.191128965697671	348	0.837069099154388
"rs839798"	0.191198947623135	348	0.68084527902778
"rs2093157"	0.191211404191032	348	1.13535849610721
"rs1749232"	0.191222688362507	348	0.779015611736235
"rs1038942"	0.191229739673423	348	1.44358689142481
"rs1039106"	0.191229739673423	348	1.44358689142481
"rs2190813"	0.191246926232887	348	0.683377851558647
"rs42611"	0.191289473564952	348	1.26258933416329
"rs42618"	0.191289473564952	348	1.26258933416329
"rs1820757"	0.191335861086469	348	1.35641367702423
"rs614861"	0.191344229815557	348	0.659628823254113
"rs614864"	0.191344229815557	348	0.659628823254113
"rs614870"	0.191344229815557	348	0.659628823254113
"rs266203"	0.191352407804888	348	1.29071451603616
"rs149045"	0.191398290823326	348	0.699566237216977
"rs1117399"	0.191416407713213	348	0.785469249988055
"rs852591"	0.191474113145782	348	1.27345007893455
"rs622253"	0.191488050214992	348	0.807269809242817
"rs2118412"	0.191508747185383	348	1.16918137881178
"rs319369"	0.191524689248809	348	1.41397308881852
"rs1737884"	0.191663731350599	348	0.93169153789313
"rs1833818"	0.191667975536408	348	0.724631578809657
"rs2135900"	0.191705664447428	348	1.24966924214059
"rs651546"	0.191755806879893	348	1.61858966096556
"rs1633202"	0.191845815336919	348	6194.91358038599
"rs322416"	0.191934887915219	348	1.14071661812134
"rs484662"	0.191959136279157	348	0.757527743557805
"rs722747"	0.191969008527215	348	1.24835998944007
"rs745538"	0.19197054051607	348	1.34940099685404
"rs602278"	0.191977708925779	348	1.81292439277122
"rs134270"	0.192002080337464	348	0.81345006216088
"rs134271"	0.19200208033747	348	0.813450062160879
"rs2168878"	0.192031481304214	348	0.77681156112279
"rs84307"	0.192047820762902	348	0.759529379747295
"rs84310"	0.192047820762902	348	0.759529379747295
"rs84289"	0.192047820762911	348	0.759529379747295
"rs84344"	0.192047820762911	348	0.759529379747295
"rs84346"	0.192047820762911	348	0.759529379747295
"rs84352"	0.192047820762911	348	0.759529379747295
"rs1139542"	0.192087492616585	348	1.3513063372292
"rs2158887"	0.19213135810387	348	1.09235467235587
"rs485313"	0.192150175143514	348	0.91420293300171
"rs271714"	0.192155952639357	348	0.667432547464774
"rs1354385"	0.192167315061797	348	1.25696022084516
"rs37697"	0.192237743061677	348	1.22498890105995
"rs1737277"	0.192244631167171	348	1.28728788471015
"rs409595"	0.192269043739277	348	1.25281392622096
"rs305585"	0.192286737388892	348	0.770527438897477
"rs1964444"	0.192296910838028	348	0.847959691701368
"rs598329"	0.192322537602741	348	0.660096500494935
"rs1103890"	0.192358357414746	348	1.42166187913366
"rs1103938"	0.192358357414746	348	1.42166187913366
"rs726523"	0.192470982132155	348	0.648668311149111
"rs237547"	0.192480822447474	348	1.24986250137876
"rs117505"	0.192523269736829	348	1.20203427176839
"rs419874"	0.192624748753195	348	0.797239334608314
"rs2139091"	0.192628312697223	348	1.24510559700929
"rs1351957"	0.192631765685575	348	0.8036906983272
"rs1780487"	0.192668277538392	348	0.823933245686665
"rs237523"	0.192689122723555	348	1.26355594543089
"rs880621"	0.192702541765513	348	1.36374685578382
"rs1618394"	0.192731049803242	348	0.821125127383058
"rs1205368"	0.192745611617432	348	1.10474813694772
"rs1601141"	0.192764164804607	348	1.40238471287514
"rs47622"	0.192793834987569	348	0.640116748069817
"rs848498"	0.192819926535008	348	1.42691855258127
"rs845783"	0.192846037355069	348	0.700627649336579
"rs409967"	0.192857094876314	348	0.803005979930727
"rs1833070"	0.192887115087022	348	1.67632473521431
"rs202840"	0.192918505613106	348	0.7524771406865
"rs298585"	0.192924292435034	348	1.07745183020443
"rs488878"	0.192930383761476	348	0.437198285341475
"rs488879"	0.192930383761476	348	0.437198285341475
"rs488882"	0.192930383761476	348	0.437198285341475
"rs488909"	0.192930383761476	348	0.437198285341475
"rs488917"	0.192930383761476	348	0.437198285341475
"rs488921"	0.192930383761476	348	0.437198285341475
"rs488924"	0.192930383761476	348	0.437198285341475
"rs488931"	0.192930383761476	348	0.437198285341475
"rs488933"	0.192930383761476	348	0.437198285341475
"rs488936"	0.192930383761476	348	0.437198285341475
"rs1883469"	0.192944049966787	348	1.23355716188086
"rs791383"	0.193017645135021	348	1.07059523382756
"rs1770242"	0.193080006608388	348	1.25156279611633
"rs1187309"	0.193091452418029	348	0.825544257163379
"rs81769"	0.193121334181271	348	1.2698154308827
"rs577193"	0.193138141612858	348	0.763488052982045
"rs577196"	0.193138141612858	348	0.763488052982045
"rs577199"	0.193138141612858	348	0.763488052982045
"rs383221"	0.193216120865363	348	1.27543602151255
"rs272380"	0.19321823410446	348	0.66855579004094
"rs2133793"	0.19326417178348	348	1.22704752022393
"rs1064600"	0.193279013098907	348	0.786468225595629
"rs1323426"	0.193290643425827	348	0.789553109022293
"rs1601319"	0.193334222180818	348	1.38245859279456
"rs1601320"	0.193334222180818	348	1.38245859279456
"rs1601321"	0.193334222180818	348	1.38245859279456
"rs1601327"	0.193334222180818	348	1.38245859279456
"rs1601333"	0.193334222180818	348	1.38245859279456
"rs1601338"	0.193334222180818	348	1.38245859279456
"rs1601339"	0.193334222180818	348	1.38245859279456
"rs1601342"	0.193334222180818	348	1.38245859279456
"rs1601344"	0.193334222180818	348	1.38245859279456
"rs1601360"	0.193334222180818	348	1.38245859279456
"rs1601099"	0.193334222180826	348	1.38245859279456
"rs1656112"	0.193337614731964	348	1.28018082001377
"rs134141"	0.193348244530292	348	0.837047324768232
"rs1117674"	0.193426350513055	348	0.805410967067361
"rs1347761"	0.193444873593341	348	1.45708045471089
"rs364252"	0.193476977497445	348	0.737154896229534
"rs2116538"	0.19351249358367	348	0.664682699830782
"rs1781668"	0.193533908381519	348	0.842425209494794
"rs222494"	0.193547638376947	348	1.41217282969824
"rs2120298"	0.193565465737008	348	1.2721705996652
"rs2120522"	0.193565465737008	348	1.2721705996652
"rs2120523"	0.193565465737008	348	1.2721705996652
"rs2120528"	0.193565465737008	348	1.2721705996652
"rs2120531"	0.193565465737008	348	1.2721705996652
"rs292146"	0.193600981580339	348	1.52981149571655
"rs1900672"	0.193635184097471	348	1.26029253884203
"rs1900677"	0.193635184097471	348	1.26029253884203
"rs1842864"	0.193660720306282	348	1.23584933752044
"rs1842867"	0.193660720306282	348	1.23584933752044
"rs1842870"	0.193660720306282	348	1.23584933752044
"rs1842897"	0.19366072030629	348	1.23584933752043
"rs1842900"	0.19366072030629	348	1.23584933752043
"rs102855"	0.193700824637412	348	0.648207565828238
"rs103566"	0.193700824637412	348	0.648207565828238
"rs102367"	0.193700824637413	348	0.648207565828239
"rs2115637"	0.193709436870852	348	1.17599670515722
"rs305690"	0.193717128530608	348	0.733575181544244
"rs1782721"	0.193719476054562	348	1.24090937756264
"rs82815"	0.19375224134429	348	1.27972064740096
"rs1739302"	0.193761522289907	348	0.790876471309913
"rs426297"	0.193769510884909	348	1.42834800291527
"rs426292"	0.193769510884921	348	1.42834800291527
"rs1286974"	0.193903508917642	348	0.852394782374907
"rs2112483"	0.193907561911764	348	0.80434489618354
"rs1469876"	0.193981642684218	348	1.25119056932084
"rs1617292"	0.193990656894987	348	1.22849950698918
"rs215920"	0.193991967195345	348	0.806005545028091
"rs2140792"	0.194036256756511	348	1.2456836194538
"rs1085158"	0.194063478837345	348	0.704204138514464
"rs178851"	0.194089222044659	348	0.647802053513649
"rs301209"	0.194107370767577	348	0.803976074127746
"rs301218"	0.194107370767577	348	0.803976074127746
"rs301221"	0.194107370767577	348	0.803976074127746
"rs301237"	0.194107370767577	348	0.803976074127746
"rs536081"	0.194115238173698	348	0.740642111154019
"rs284410"	0.194259441328715	348	1.17424336021685
"rs620113"	0.194268534408605	348	1.30743144451778
"rs620119"	0.194268534408605	348	1.30743144451778
"rs439305"	0.194321411671781	348	1.39827034967073
"rs439310"	0.194321411671781	348	1.39827034967073
"rs148110"	0.194324012032189	348	2.03714347207067
"rs62801"	0.194400006507769	348	1.31854380352566
"rs1354751"	0.194465423897049	348	1.3359158099942
"rs1354811"	0.194465423897049	348	1.3359158099942
"rs1890361"	0.194499415722474	348	1.36313376578508
"rs465320"	0.194500046617395	348	1.23000724812018
"rs613212"	0.194523709144617	348	0.803355850453412
"rs613220"	0.194523709144617	348	0.803355850453412
"rs636995"	0.194536717946159	348	1.28056564096629
"rs637001"	0.194536717946159	348	1.28056564096629
"rs935480"	0.194538496626887	348	0.721476430022404
"rs1055887"	0.194552382698622	348	0.591104524840429
"rs1055888"	0.194552382698622	348	0.591104524840429
"rs1055891"	0.194552382698622	348	0.591104524840429
"rs1055894"	0.194552382698622	348	0.591104524840429
"rs621919"	0.194576565310476	348	1.37399655142796
"rs1080060"	0.194611871404636	348	0.709556577565945
"rs722451"	0.194645257997863	348	1.39652845392865
"rs1748268"	0.194651256371375	348	0.777754104636066
"rs1748278"	0.194651256371375	348	0.777754104636066
"rs2136294"	0.194654752556945	348	1.24635549580852
"rs2137013"	0.194654752556945	348	1.24635549580852
"rs2137044"	0.194654752556945	348	1.24635549580852
"rs2137247"	0.194654752556945	348	1.24635549580852
"rs2139836"	0.194654752556945	348	1.24635549580852
"rs2143400"	0.194654752556945	348	1.24635549580852
"rs148752"	0.19468867000817	348	0.796459237390441
"rs1716211"	0.194707923992581	348	1.28539217648955
"rs1716296"	0.194707923992581	348	1.28539217648955
"rs1716301"	0.194707923992581	348	1.28539217648955
"rs1716319"	0.194707923992581	348	1.28539217648955
"rs1716328"	0.194707923992581	348	1.28539217648955
"rs1716371"	0.194707923992581	348	1.28539217648955
"rs1716373"	0.194707923992581	348	1.28539217648955
"rs1042919"	0.19473194183653	348	0.757539048063097
"rs2006818"	0.19473699410747	348	0.798039194538945
"rs1413673"	0.194771435334	348	0.491197160758125
"rs483969"	0.194788282095254	348	0.773301815800618
"rs2171211"	0.194813674907528	348	1.25350819042909
"rs679077"	0.194882635071453	348	0.718482288716136
"rs409630"	0.194892958857226	348	1.25960113987
"rs295534"	0.194914340006984	348	1.23505712813315
"rs51948"	0.19492758593451	348	1.57238585022882
"rs113252"	0.194981843592257	348	0.870372894483104
"rs271794"	0.194981862482426	348	0.669599628826045
"rs2022020"	0.194987693008834	348	1.97611328176552
"rs91241"	0.19498769300884	348	1.97611328176551
"rs2056390"	0.19498769300884	348	1.97611328176551
"rs989378"	0.194989338354592	348	0.639270485646998
"rs409420"	0.195054603355686	348	1.27378247899822
"rs409426"	0.195054603355686	348	1.27378247899822
"rs646023"	0.195114504376574	348	0.735516461025278
"rs1963894"	0.195124592738741	348	1.38975152516789
"rs1142525"	0.195150652770589	348	1.29197632507673
"rs561179"	0.195193353284541	348	0.802004450036708
"rs1369167"	0.195204993248396	348	1.11390308900595
"rs222695"	0.195216930018146	348	0.697275820399743
"rs388233"	0.195246151086036	348	1.41440138616699
"rs388239"	0.195246151086036	348	1.41440138616699
"rs388242"	0.195246151086036	348	1.41440138616699
"rs388245"	0.195246151086036	348	1.41440138616699
"rs388269"	0.195246151086036	348	1.41440138616699
"rs388287"	0.195246151086036	348	1.41440138616699
"rs388323"	0.195246151086036	348	1.41440138616699
"rs388335"	0.195246151086036	348	1.41440138616699
"rs388360"	0.195246151086036	348	1.41440138616699
"rs388371"	0.195246151086036	348	1.41440138616699
"rs388374"	0.195246151086036	348	1.41440138616699
"rs388376"	0.195246151086036	348	1.41440138616699
"rs388392"	0.195246151086036	348	1.41440138616699
"rs388399"	0.195246151086036	348	1.41440138616699
"rs388422"	0.195246151086036	348	1.41440138616699
"rs149907"	0.195263726074864	348	0.797382168586137
"rs149910"	0.195263726074864	348	0.797382168586137
"rs663509"	0.195312129072992	348	1.27553280692824
"rs117649"	0.195342677021097	348	0.870975936366794
"rs804980"	0.195364169973508	348	0.7963116060884
"rs272287"	0.195401605889692	348	1.37404022103962
"rs272375"	0.195401605889692	348	1.37404022103962
"rs182265"	0.195426600506142	348	1.39604264824407
"rs1321591"	0.195428386645175	348	0.80873138809544
"rs1896924"	0.195459530730347	348	0.763085142867872
"rs211783"	0.19547500948591	348	1.37131733289617
"rs440277"	0.195481683527089	348	1.28012696463237
"rs146672"	0.195490678299665	348	0.912067198889792
"rs686345"	0.195513843368686	348	1.30154245690421
"rs84868"	0.195653784184702	348	1.21831691879487
"rs747690"	0.195682513745169	348	0.771712063745444
"rs1755491"	0.195736848711286	348	1.2608541464245
"rs307168"	0.195800124058416	348	1.51425355268891
"rs307179"	0.195800124058416	348	1.51425355268891
"rs307181"	0.195800124058416	348	1.51425355268891
"rs307184"	0.195800124058416	348	1.51425355268891
"rs307188"	0.195800124058416	348	1.51425355268891
"rs271845"	0.195823849391395	348	0.658846641147411
"rs2168197"	0.195853644939206	348	0.616279907796066
"rs2167680"	0.195853644939208	348	0.616279907796067
"rs2167730"	0.195853644939208	348	0.616279907796067
"rs2167739"	0.195853644939208	348	0.616279907796067
"rs2168073"	0.195853644939208	348	0.616279907796067
"rs2168105"	0.195853644939208	348	0.616279907796067
"rs2168161"	0.195853644939208	348	0.616279907796067
"rs2168506"	0.195853644939208	348	0.616279907796067
"rs2169116"	0.195853644939208	348	0.616279907796067
"rs2169413"	0.195853644939213	348	0.616279907796067
"rs2084185"	0.195857877943975	348	1.17011763258876
"rs1444243"	0.195918348103139	348	1.29622738928422
"rs2013905"	0.195919031220743	348	1.25951072399486
"rs1093115"	0.195920259676391	348	0.783573442876494
"rs1093121"	0.195920259676391	348	0.783573442876494
"rs1093124"	0.195920259676391	348	0.783573442876494
"rs1919569"	0.195948935988816	348	1.30330257448771
"rs299813"	0.195980961784663	348	0.779009040825945
"rs1587114"	0.195998847089395	348	0.744132620824933
"rs1330338"	0.196017652374645	348	0.745286723185789
"rs935549"	0.196040794736247	348	0.723185842177785
"rs1944526"	0.196074261438406	348	0.782717435876216
"rs2184467"	0.196172290759425	348	1.24965960702496
"rs1884123"	0.196185264578172	348	0.783452250812484
"rs1884125"	0.196185264578172	348	0.783452250812484
"rs1884131"	0.196185264578172	348	0.783452250812484
"rs117100"	0.196222976923495	348	0.871601727438426
"rs863791"	0.196232394745815	348	1.10795972789575
"rs1963702"	0.196285514410109	348	1.2695780147572
"rs334708"	0.196357028925218	348	1.31760330931149
"rs2070276"	0.196395293994786	348	0.654820630550517
"rs265406"	0.196466171060176	348	1.22355639118822
"rs744038"	0.196545682052614	348	0.668518314501988
"rs308072"	0.196578840207412	348	1.37889084715153
"rs308075"	0.196578840207412	348	1.37889084715153
"rs308114"	0.196578840207412	348	1.37889084715153
"rs308119"	0.196578840207412	348	1.37889084715153
"rs279215"	0.196608880253696	348	0.802817465794357
"rs942458"	0.196615382878893	348	1.4960918638756
"rs942546"	0.196615382878893	348	1.4960918638756
"rs942232"	0.196615382878904	348	1.4960918638756
"rs942456"	0.196615382878904	348	1.4960918638756
"rs1099320"	0.196633398011619	348	1.33968209556704
"rs562788"	0.196640620306602	348	1.30340388827611
"rs2096944"	0.19664320254671	348	1.29630915307963
"rs617239"	0.196692136929731	348	0.752948523404955
"rs1069564"	0.196707636550681	348	0.810836220703744
"rs1253676"	0.196709670511001	348	0.774298173989555
"rs1256731"	0.196709670511001	348	0.774298173989555
"rs250256"	0.196747651237329	348	0.790163125427319
"rs1453091"	0.196749811151852	348	1.55095997933759
"rs49204"	0.196758321461789	348	1.29690889322576
"rs1907270"	0.196769783012981	348	1.53749001364529
"rs271192"	0.196797046847555	348	0.67119991154568
"rs1743278"	0.19680143838913	348	0.804076914653891
"rs31734"	0.196822569984279	348	0.793193072539429
"rs2039249"	0.196829420205532	348	0.781128445183122
"rs1488365"	0.196830941437813	348	1.10097460822492
"rs1996454"	0.196837996309756	348	1.35626619813153
"rs96896"	0.196843642967824	348	1.25852622694917
"rs278789"	0.196845859806278	348	0.580446825676604
"rs1586885"	0.196870445813247	348	1.33070767315544
"rs1591941"	0.196883198846636	348	1.30743710409881
"rs942081"	0.19691733705772	348	1.51761141909439
"rs1653896"	0.196933396867746	348	0.724287305181174
"rs272417"	0.196938362685589	348	0.67078272293542
"rs1432222"	0.196954317756432	348	1.26809231118546
"rs881961"	0.196956552851697	348	0.667773833488009
"rs440932"	0.197091623181713	348	1.69159161635003
"rs1103884"	0.197126221555863	348	1.41690539431639
"rs1651827"	0.197146921835879	348	2.08815277252759
"rs860561"	0.197193938609008	348	1.23343945422365
"rs69480"	0.197199684684909	348	0.70083644770528
"rs1481435"	0.197220404084902	348	1.25180162100384
"rs375633"	0.197395199083649	348	0.665755813854533
"rs562257"	0.19739545002524	348	0.77670322268571
"rs1404499"	0.197399883049874	348	1.9420879242537
"rs1640213"	0.197419826063924	348	1.3306948694524
"rs146986"	0.197452631336979	348	0.862161865509186
"rs146989"	0.197452631336979	348	0.862161865509186
"rs146992"	0.197452631336979	348	0.862161865509186
"rs146993"	0.197452631336979	348	0.862161865509186
"rs146998"	0.197452631336979	348	0.862161865509186
"rs2011010"	0.197479668081366	348	1.2586242781404
"rs1782772"	0.197555482480366	348	1.20413495147361
"rs1536895"	0.19758437075514	348	1.48210448689639
"rs1847632"	0.197619646233106	348	0.701951169236112
"rs1156098"	0.19770626549148	348	0.8176189273549
"rs1548318"	0.197724642882188	348	0.589673624893185
"rs1544508"	0.197724642882195	348	0.589673624893188
"rs31638"	0.197733305550247	348	0.895699283829097
"rs1591015"	0.19781448690455	348	1.30231017733652
"rs236624"	0.197854911551154	348	1.45433052446921
"rs114564"	0.197872463839912	348	0.872022449032887
"rs2053714"	0.197882088014814	348	0.72315039647412
"rs224570"	0.19788298092821	348	1.43951871301904
"rs1312613"	0.197914228411543	348	0.80293627059249
"rs305344"	0.197940855570891	348	1.3205815858176
"rs1329328"	0.197960269273095	348	0.575169952702866
"rs271493"	0.197989808370599	348	0.660229578079396
"rs485195"	0.197991412403398	348	1.29161390198266
"rs186368"	0.198061471143611	348	0.64129570816366
"rs445643"	0.198073263147726	348	0.93903363560312
"rs1719790"	0.198085696738966	348	1.28438961173105
"rs1119105"	0.198132817320266	348	1.41292538532568
"rs1119117"	0.198132817320266	348	1.41292538532568
"rs1118810"	0.198132817320272	348	1.41292538532568
"rs1118811"	0.198132817320272	348	1.41292538532568
"rs1118817"	0.198132817320272	348	1.41292538532568
"rs1118820"	0.198132817320272	348	1.41292538532568
"rs1118832"	0.198132817320272	348	1.41292538532568
"rs1118838"	0.198132817320272	348	1.41292538532568
"rs1118844"	0.198132817320272	348	1.41292538532568
"rs1118852"	0.198132817320272	348	1.41292538532568
"rs1118856"	0.198132817320272	348	1.41292538532568
"rs1119102"	0.198132817320272	348	1.41292538532568
"rs858848"	0.198227793044904	348	1.0941248095512
"rs409633"	0.198236916425366	348	1.25781443521144
"rs1802694"	0.198241270710465	348	1.60237365306076
"rs1802709"	0.198241270710465	348	1.60237365306076
"rs1802646"	0.19824127071047	348	1.60237365306076
"rs1802649"	0.19824127071047	348	1.60237365306076
"rs1802658"	0.19824127071047	348	1.60237365306076
"rs133832"	0.198249318838452	348	0.770298081387437
"rs114397"	0.198300573928982	348	0.872055068654016
"rs1404829"	0.198308326569015	348	1.31818680191454
"rs1755418"	0.198320970987744	348	1.25108441163595
"rs225044"	0.198332802706941	348	1.22662293517906
"rs640576"	0.198342262635116	348	1.30223778430194
"rs640600"	0.198342262635116	348	1.30223778430194
"rs640604"	0.198342262635116	348	1.30223778430194
"rs640606"	0.198342262635116	348	1.30223778430194
"rs640579"	0.198342262635118	348	1.30223778430196
"rs640591"	0.198342262635118	348	1.30223778430196
"rs944942"	0.198414050344089	348	0.884497405446714
"rs1749243"	0.198424244488751	348	0.780691501954
"rs461199"	0.198429797606239	348	0.810536685659128
"rs1943320"	0.198437816553651	348	0.785186603955204
"rs1943323"	0.198437816553651	348	0.785186603955204
"rs1943339"	0.198437816553651	348	0.785186603955204
"rs1943340"	0.198437816553651	348	0.785186603955204
"rs1943341"	0.198437816553651	348	0.785186603955204
"rs1900694"	0.198447638056133	348	2.00996832254986
"rs938180"	0.198479635593781	348	0.693868088931246
"rs1565076"	0.198540863069203	348	1.32932380007413
"rs1875984"	0.198591801954061	348	2.43473695265522
"rs776809"	0.19859180195407	348	2.43473695265527
"rs1016730"	0.19859180195407	348	2.43473695265517
"rs1144179"	0.19859180195407	348	2.43473695265517
"rs1901159"	0.19859180195407	348	2.43473695265517
"rs315427"	0.198591801954071	348	2.5717793902465
"rs315804"	0.198591801954071	348	2.5717793902465
"rs602270"	0.198591801954073	348	2.43473695265518
"rs1042626"	0.198591801954073	348	2.43473695265518
"rs1983863"	0.198591801954073	348	2.43473695265518
"rs315816"	0.198591801954073	348	0.387772677271216
"rs315817"	0.198591801954073	348	0.387772677271216
"rs315822"	0.198591801954073	348	0.387772677271216
"rs316484"	0.198591801954073	348	0.387772677271216
"rs316848"	0.198591801954073	348	0.387772677271216
"rs316853"	0.198591801954073	348	0.387772677271216
"rs316970"	0.198591801954073	348	0.387772677271216
"rs316982"	0.198591801954073	348	0.387772677271216
"rs316994"	0.198591801954073	348	0.387772677271216
"rs317052"	0.198591801954073	348	0.387772677271216
"rs317102"	0.198591801954073	348	0.387772677271216
"rs317540"	0.198591801954073	348	0.387772677271216
"rs317663"	0.198591801954073	348	0.387772677271216
"rs317667"	0.198591801954073	348	0.387772677271216
"rs317669"	0.198591801954073	348	0.387772677271216
"rs317678"	0.198591801954073	348	0.387772677271216
"rs317682"	0.198591801954073	348	0.387772677271216
"rs317696"	0.198591801954073	348	0.387772677271216
"rs317699"	0.198591801954073	348	0.387772677271216
"rs317702"	0.198591801954073	348	0.387772677271216
"rs317733"	0.198591801954073	348	0.387772677271216
"rs317737"	0.198591801954073	348	0.387772677271216
"rs317740"	0.198591801954073	348	0.387772677271216
"rs317761"	0.198591801954073	348	0.387772677271216
"rs317771"	0.198591801954073	348	0.387772677271216
"rs317884"	0.198591801954073	348	0.387772677271216
"rs1681451"	0.198591801954073	348	2.43473695265514
"rs1876329"	0.198591801954076	348	2.43473695265519
"rs1876352"	0.198591801954076	348	2.43473695265519
"rs1876338"	0.198591801954076	348	2.43473695265518
"rs1875948"	0.198591801954077	348	2.43473695265519
"rs759648"	0.198591801954106	348	2.43473695265497
"rs766235"	0.198591801954106	348	2.43473695265497
"rs766350"	0.198591801954106	348	2.43473695265497
"rs768682"	0.198591801954106	348	2.43473695265497
"rs771832"	0.198591801954106	348	2.43473695265497
"rs775151"	0.198591801954106	348	2.43473695265497
"rs1808879"	0.198591801954106	348	2.43473695265497
"rs1814811"	0.198591801954106	348	2.43473695265497
"rs1817080"	0.198591801954106	348	2.43473695265497
"rs1832217"	0.198591801954106	348	2.43473695265497
"rs1833153"	0.198591801954106	348	2.43473695265497
"rs1880227"	0.198602190722905	348	1.24851884031803
"rs227488"	0.198617735171915	348	1.14811949745806
"rs2091293"	0.198655257664227	348	0.826326086869405
"rs732498"	0.198673233184192	348	0.744984071603093
"rs732502"	0.198673233184192	348	0.744984071603093
"rs732503"	0.198673233184192	348	0.744984071603093
"rs732504"	0.198673233184192	348	0.744984071603093
"rs732507"	0.198673233184192	348	0.744984071603093
"rs732510"	0.198673233184192	348	0.744984071603093
"rs732516"	0.198673233184192	348	0.744984071603093
"rs732537"	0.198673233184192	348	0.744984071603093
"rs732571"	0.198673233184192	348	0.744984071603093
"rs732580"	0.198673233184192	348	0.744984071603093
"rs732582"	0.198673233184192	348	0.744984071603093
"rs732591"	0.198673233184192	348	0.744984071603093
"rs732597"	0.198673233184192	348	0.744984071603093
"rs732603"	0.198673233184192	348	0.744984071603093
"rs732664"	0.198673233184192	348	0.744984071603093
"rs732722"	0.198673233184192	348	0.744984071603093
"rs406350"	0.198864690133579	348	0.897921723238078
"rs381378"	0.19888962138155	348	0.819118055502347
"rs506334"	0.198906949431069	348	0.762154262422322
"rs506338"	0.198906949431069	348	0.762154262422322
"rs2136283"	0.198914936125122	348	1.24290511759885
"rs2136363"	0.198914936125122	348	1.24290511759885
"rs2136375"	0.198914936125122	348	1.24290511759885
"rs2136379"	0.198914936125122	348	1.24290511759885
"rs2136388"	0.198914936125122	348	1.24290511759885
"rs2136456"	0.198914936125122	348	1.24290511759885
"rs2136516"	0.198914936125122	348	1.24290511759885
"rs791157"	0.198916122001806	348	0.903910225317357
"rs1181495"	0.19892442122759	348	0.817243092526692
"rs1181536"	0.19892442122759	348	0.817243092526692
"rs1181615"	0.19892442122759	348	0.817243092526692
"rs1181621"	0.19892442122759	348	0.817243092526692
"rs452577"	0.198940351685497	348	1.18449875164044
"rs2002971"	0.198941942051687	348	1.25724861650999
"rs2002980"	0.198941942051687	348	1.25724861650999
"rs1085914"	0.198946840111348	348	1.27784664206368
"rs279045"	0.198951350460948	348	0.816162790046706
"rs1564467"	0.199029255334393	348	0.801306140086667
"rs295625"	0.1990343057494	348	1.18303434174293
"rs2071442"	0.199041256591359	348	0.786528540332904
"rs1526819"	0.199082766384613	348	1.17988085548645
"rs1018417"	0.199102534393842	348	1.51336999061806
"rs704619"	0.199128736163314	348	1.35040023179696
"rs1889346"	0.199174586961915	348	1.57223031699047
"rs2137074"	0.199184505188275	348	1.23993946523257
"rs225333"	0.199212418627562	348	1.1532766057349
"rs1064105"	0.199212457699316	348	0.820158455358927
"rs409590"	0.199244560948972	348	1.25835090570967
"rs2142718"	0.199257960829738	348	1.22265966199978
"rs354549"	0.199375826994984	348	1.08027770584028
"rs463666"	0.199398836042823	348	1.26758267417982
"rs1318655"	0.199417932849433	348	1.4275357738339
"rs1720000"	0.199422091232274	348	1.2640570152893
"rs1720003"	0.199422091232274	348	1.2640570152893
"rs1609548"	0.19944953700904	348	1.26124619165053
"rs560667"	0.199453000271711	348	0.793758153861963
"rs203160"	0.199459178411685	348	2.01778994705652
"rs1353339"	0.199476847901421	348	0.691825311223434
"rs514384"	0.199495036245012	348	0.52175957301466
"rs255453"	0.199518034954085	348	1.10786466411195
"rs255456"	0.199518034954085	348	1.10786466411195
"rs255459"	0.199518034954085	348	1.10786466411195
"rs1963212"	0.199534889737219	348	1.31592351892643
"rs1102476"	0.199536040885661	348	0.821734515215065
"rs1533428"	0.199543460112852	348	0.704365230818277
"rs328714"	0.199548849710257	348	0.653779909397447
"rs630431"	0.199597062792183	348	1.26379831173495
"rs1586928"	0.199604599448269	348	0.792084975981433
"rs1106178"	0.199732282670638	348	0.796762429223933
"rs1106223"	0.199732282670642	348	0.796762429223933
"rs1106343"	0.199732282670642	348	0.796762429223933
"rs1106358"	0.199732282670642	348	0.796762429223933
"rs226399"	0.199736017673246	348	1.1843514774838
"rs226401"	0.199736017673246	348	1.1843514774838
"rs226494"	0.199755087947233	348	1.1139671917947
"rs1933827"	0.19976262797018	348	1.4015748581124
"rs1650030"	0.199764808079093	348	0.770550939485246
"rs239087"	0.19977527596471	348	0.689715030768525
"rs361914"	0.199784844732113	348	1.33901452154454
"rs1807331"	0.199821962640998	348	0.777888323510569
"rs1807339"	0.199821962640998	348	0.777888323510569
"rs62888"	0.199867889343354	348	1.35489094716254
"rs62895"	0.199867889343354	348	1.35489094716254
"rs53071"	0.199904466156362	348	0.790588254929861
"rs1103889"	0.199906634007509	348	1.446413279424
"rs42385"	0.199922685021891	348	1.14527704107647
"rs42386"	0.199922685021891	348	1.14527704107647
"rs484525"	0.200005869226569	348	1.68468695292691
"rs484556"	0.200005869226569	348	1.68468695292691
"rs1108693"	0.200017094668188	348	0.713460820662806
"rs1312973"	0.200036103228939	348	1.66301357354041
"rs539531"	0.200077637045704	348	0.705830628435449
"rs539543"	0.200077637045704	348	0.705830628435449
"rs539558"	0.200077637045704	348	0.705830628435449
"rs539567"	0.200077637045704	348	0.705830628435449
"rs425986"	0.200082081890784	348	1.42878357030524
"rs1647846"	0.200088046833354	348	0.791599249450668
"rs1740032"	0.200194104060311	348	0.769154694737388
"rs1900659"	0.20023511330376	348	2.01831681380409
"rs428522"	0.200250544799557	348	1.34467326585944
"rs2008120"	0.200263391697192	348	0.67289912517141
"rs2123495"	0.200278454778785	348	0.746656399175752
"rs742265"	0.200294803091026	348	1.24851266898491
"rs1114166"	0.200314218949161	348	0.786527963571215
"rs896182"	0.200353703658814	348	0.833508676844891
"rs1678723"	0.200396713186691	348	1.76554061646102
"rs1678741"	0.200396713186691	348	1.76554061646102
"rs598306"	0.200401983423344	348	0.663201731235752
"rs598307"	0.200401983423344	348	0.663201731235752
"rs1755724"	0.200431274672528	348	1.25986929516507
"rs2138704"	0.200446747122186	348	1.24543140138029
"rs2138824"	0.200446747122186	348	1.24543140138029
"rs941311"	0.200449688458464	348	1.13610975698864
"rs2172633"	0.200467921401384	348	1.30734349839978
"rs212930"	0.200493034277852	348	1.40771075763247
"rs1755080"	0.200544097147712	348	1.25981430574821
"rs1755092"	0.200544097147712	348	1.25981430574821
"rs1326980"	0.2005449139194	348	1.27671822654628
"rs1073817"	0.200551664841016	348	0.847390292995456
"rs271138"	0.200566391343393	348	0.672565346503898
"rs271820"	0.200566391343393	348	0.672565346503898
"rs49150"	0.200579325296987	348	1.29688891277483
"rs445651"	0.200621486958567	348	0.939360488391852
"rs1963834"	0.200647676598719	348	1.3781308150259
"rs330091"	0.200647690617622	348	1.25518642025015
"rs350076"	0.200686491919811	348	1.24308765612256
"rs1326874"	0.200740073359708	348	1.29731774870604
"rs936582"	0.200772023598374	348	0.76647903561107
"rs1068854"	0.200839871794664	348	1.31432854824253
"rs1068860"	0.200839871794664	348	1.31432854824253
"rs835246"	0.200845970971514	348	0.647576772334939
"rs465858"	0.200890508610907	348	1.45642535450291
"rs673768"	0.200899546692707	348	0.355677384455743
"rs1300256"	0.200962313808542	348	1.21900284787858
"rs1141269"	0.200962713867951	348	0.755409670695406
"rs1141318"	0.200962713867951	348	0.755409670695406
"rs2138375"	0.200967983928071	348	1.24085322666296
"rs120688"	0.20101382375037	348	1.34627487729536
"rs966850"	0.201024436057966	348	0.788383662015562
"rs1086099"	0.201059194542949	348	1.3959866312643
"rs1515067"	0.20108694245107	348	0.896612037379168
"rs1055666"	0.201100801908295	348	0.821139926196805
"rs770214"	0.201130234324171	348	1.19849527731823
"rs1876347"	0.201143141781427	348	2.36083291881045
"rs896979"	0.201148394638287	348	0.917529556022965
"rs663019"	0.201162100223675	348	0.665773014176701
"rs663064"	0.201162100223675	348	0.665773014176701
"rs663067"	0.201162100223675	348	0.665773014176701
"rs663136"	0.201162100223675	348	0.665773014176701
"rs2099016"	0.201199078094919	348	0.774515131377972
"rs1036248"	0.201257098603387	348	0.805007859720096
"rs1890643"	0.201276148397491	348	1.35741325569407
"rs1108359"	0.201279813217553	348	0.797295203282189
"rs1347931"	0.201319082234514	348	1.45209846605655
"rs226405"	0.201339172800452	348	1.13513657235288
"rs155715"	0.201351021526662	348	1.24144561700989
"rs1038971"	0.201366216456349	348	0.808470908690766
"rs1592872"	0.201405231117124	348	1.327151785989
"rs1739143"	0.201426111060453	348	1.35287630949668
"rs1739145"	0.201426111060453	348	1.35287630949668
"rs414339"	0.201428694962733	348	1.16032310599823
"rs414340"	0.201428694962733	348	1.16032310599823
"rs896178"	0.201429269364623	348	0.829142317879118
"rs2169902"	0.201466565928201	348	0.882350711130969
"rs1963814"	0.20149486655065	348	0.780628482967411
"rs411766"	0.201502644750982	348	0.86278936192935
"rs114819"	0.201556096048801	348	1.17240239759603
"rs625294"	0.201572653726548	348	1.43742382346855
"rs23004"	0.201585880886361	348	0.492227296010421
"rs1381521"	0.201613948602549	348	1.70062780969471
"rs116488"	0.201636895841826	348	0.890748432913619
"rs1749387"	0.201652216968572	348	1.18802040006432
"rs1749405"	0.201652216968572	348	1.18802040006432
"rs1749468"	0.201652216968572	348	1.18802040006432
"rs645707"	0.201705959094385	348	0.770329949392178
"rs1944348"	0.201715597391423	348	1.2434414241548
"rs225790"	0.201738886603862	348	0.774717346723986
"rs225860"	0.201738886603862	348	0.774717346723986
"rs225900"	0.201738886603862	348	0.774717346723986
"rs225906"	0.201738886603862	348	0.774717346723986
"rs306423"	0.201739418156331	348	0.734488302009605
"rs1286147"	0.201792100360484	348	0.843391443335743
"rs855721"	0.20179607823231	348	0.834369913788253
"rs855745"	0.20179607823231	348	0.834369913788253
"rs812874"	0.201830030015747	348	0.88308316117489
"rs1481294"	0.201866498859363	348	0.702259933499584
"rs1481303"	0.201866498859363	348	0.702259933499584
"rs579639"	0.201867412550295	348	0.783584694229871
"rs460687"	0.201904405125081	348	0.877754339948769
"rs2007517"	0.201905013062422	348	1.38910846266516
"rs1602714"	0.201912307863198	348	2.0170533771722
"rs1900756"	0.201912307863198	348	2.0170533771722
"rs1117554"	0.201919911934324	348	0.809929582206409
"rs1117583"	0.201919911934324	348	0.809929582206409
"rs1117653"	0.201919911934324	348	0.809929582206409
"rs212858"	0.201925257235661	348	1.40233287420494
"rs1937687"	0.201926425541853	348	0.756571126989726
"rs2140014"	0.201964303533798	348	1.23753355648045
"rs2115340"	0.202000013727616	348	1.18898289643987
"rs411334"	0.202010981562901	348	1.11014571796409
"rs1617829"	0.202034391390463	348	0.698343074905808
"rs1617844"	0.202034391390463	348	0.698343074905808
"rs738520"	0.202059221872856	348	0.729840025446751
"rs1778315"	0.202118264255413	348	0.824249886793502
"rs1832917"	0.202126414386338	348	0.710772692734907
"rs2148503"	0.202150379125124	348	1.19702108870562
"rs94167"	0.202159076863562	348	0.634158486688737
"rs1877879"	0.202177628373423	348	1.1281213737452
"rs1783579"	0.202177655792121	348	0.841682130582404
"rs211900"	0.202200374599543	348	1.39292038673624
"rs1839452"	0.202206607946966	348	0.759908465281504
"rs449575"	0.202227737038682	348	0.73421784408049
"rs425621"	0.20224617876495	348	1.23906922436669
"rs425648"	0.20224617876495	348	1.23906922436669
"rs425602"	0.202246178764975	348	1.23906922436668
"rs208638"	0.202247167395412	348	1.35132680414181
"rs290995"	0.202266008962643	348	1.20148148165004
"rs1012485"	0.202293372489705	348	1.25973982005985
"rs154455"	0.202330020921467	348	0.830356536826169
"rs1716451"	0.202364264044914	348	1.26620568946083
"rs566090"	0.202375486498684	348	0.831811841206428
"rs1413359"	0.202484248404864	348	1.54340905127581
"rs1783570"	0.202495927305773	348	0.816023517988493
"rs797607"	0.20251382052509	348	1.18425012819659
"rs1403105"	0.202545918440507	348	1.13466169464194
"rs480660"	0.202555648371454	348	0.676647973509521
"rs1316983"	0.202594597380644	348	0.763676605663147
"rs2008574"	0.202596799556771	348	0.831341047278818
"rs209039"	0.202673339712341	348	1.34585593610546
"rs1926818"	0.202682063412882	348	0.797307786152439
"rs284399"	0.202699148104632	348	1.19700122021828
"rs578770"	0.202703711863206	348	0.813039509866254
"rs1816005"	0.202715910087214	348	0.79015786884049
"rs1816008"	0.202715910087214	348	0.79015786884049
"rs1754148"	0.202757939020203	348	0.824976850965027
"rs1638309"	0.202768521779494	348	1.21362130218185
"rs1546999"	0.202794084496491	348	1.23798441813762
"rs1547131"	0.202794084496491	348	1.23798441813762
"rs1547146"	0.202794084496491	348	1.23798441813762
"rs1547203"	0.202794084496491	348	1.23798441813762
"rs1608080"	0.202872776130175	348	1.33380088589721
"rs503358"	0.202911590628079	348	1.28484577527505
"rs503364"	0.202911590628079	348	1.28484577527505
"rs1137076"	0.202952085900009	348	1.28607204298808
"rs2021291"	0.202981798504934	348	1.28742033990653
"rs23471"	0.202983157113361	348	1.23605850698268
"rs1313584"	0.203004725767683	348	0.806664374118027
"rs564903"	0.203017247152337	348	0.762447824456198
"rs564912"	0.203017247152337	348	0.762447824456198
"rs564939"	0.203017247152337	348	0.762447824456198
"rs564987"	0.203017247152337	348	0.762447824456198
"rs624894"	0.203027417282905	348	1.36925117224271
"rs1439541"	0.20303799264765	348	0.815793782498059
"rs1622995"	0.203073110246527	348	1.35977737880226
"rs2019877"	0.20311926964632	348	1.25047300099431
"rs1782105"	0.203141901980074	348	0.781313770343396
"rs124439"	0.203152147138096	348	0.874704543167835
"rs975334"	0.203167524437379	348	1.2010800910202
"rs1020544"	0.203240016185855	348	1.30224658872998
"rs577694"	0.203266097541837	348	0.782489596636896
"rs577697"	0.203266097541837	348	0.782489596636896
"rs297977"	0.203276971961663	348	0.823502568454355
"rs253418"	0.203341599566565	348	0.810512874495801
"rs1829861"	0.203404707676134	348	1.28595983855515
"rs2189445"	0.203452178239338	348	1.8865604782314
"rs836196"	0.203517336155317	348	1.33005592801707
"rs579033"	0.203551507265953	348	1.24029239131682
"rs579034"	0.203551507265953	348	1.24029239131682
"rs2172444"	0.203554318714544	348	1.26426501368527
"rs2057512"	0.203612705257641	348	0.772064223573324
"rs531309"	0.203624612131787	348	1.29223421987667
"rs2046474"	0.203640481322484	348	1.25643923432301
"rs597984"	0.203651274222981	348	0.647600840266319
"rs1130091"	0.203656770201714	348	0.691358542809772
"rs1721368"	0.203671590421278	348	1.33737750978493
"rs122184"	0.203715840650643	348	1.20842339484669
"rs1749366"	0.203723564606536	348	1.18395477491239
"rs843796"	0.203725302092223	348	0.893862472816765
"rs939076"	0.203798130265879	348	1.34550318208369
"rs1614796"	0.203808489135723	348	1.06669196310656
"rs186982"	0.204020739736591	348	0.691030349530226
"rs1839759"	0.204079926892365	348	0.74731912335274
"rs1839761"	0.204079926892365	348	0.74731912335274
"rs942849"	0.204159900492897	348	1.31262757824322
"rs1891000"	0.204160703942867	348	0.810939135646376
"rs685049"	0.204171776584456	348	1.30276764648092
"rs1121659"	0.204193824263219	348	0.82228101503244
"rs1992541"	0.204208443053634	348	0.804439743925717
"rs1992568"	0.204208443053634	348	0.804439743925717
"rs1189288"	0.204222503144936	348	0.82766946813374
"rs225876"	0.204248273176645	348	0.801680298355682
"rs937374"	0.204256720328811	348	0.770561913688221
"rs1595287"	0.204257948465527	348	0.818624196931141
"rs1936990"	0.204261758514796	348	0.678022828000113
"rs2135207"	0.204263156622264	348	1.2551571047558
"rs2135249"	0.204263156622264	348	1.2551571047558
"rs2135264"	0.204263156622264	348	1.2551571047558
"rs421941"	0.204278165781565	348	0.79148468152646
"rs1893311"	0.204302246521762	348	0.930542324039259
"rs1020502"	0.20437572329333	348	1.3175607354547
"rs1789313"	0.20440523486783	348	0.773790638157027
"rs124367"	0.204441107601925	348	0.727614689099025
"rs124393"	0.204441107601925	348	0.727614689099025
"rs124414"	0.204441107601925	348	0.727614689099025
"rs1951537"	0.20444345179374	348	0.707505986600382
"rs1951546"	0.20444345179374	348	0.707505986600382
"rs145285"	0.204461113556191	348	0.860293915236323
"rs2007828"	0.204475357937905	348	0.4459849966054
"rs272644"	0.204485451581879	348	0.675380959015083
"rs396123"	0.204502601198096	348	0.796435843400164
"rs422457"	0.204523050205563	348	1.78030061963036
"rs1886924"	0.204530469175736	348	0.751807715750225
"rs845603"	0.204542912413499	348	1.17493115012013
"rs1907147"	0.204555718616335	348	1.34474527029378
"rs359597"	0.20456061576704	348	0.757828790777111
"rs88253"	0.204581593103549	348	0.647409315111505
"rs1342405"	0.204595326485678	348	1.25947576638937
"rs1068330"	0.204654047327563	348	1.67992626627562
"rs1068386"	0.204654047327563	348	1.67992626627562
"rs1286193"	0.204685207082391	348	0.848410614633944
"rs1287032"	0.204685207082391	348	0.848410614633944
"rs782561"	0.204691143111064	348	0.908115538250369
"rs2006381"	0.204763534543757	348	0.753097385489888
"rs1657264"	0.204811852074325	348	0.779413370639914
"rs272101"	0.204844200148708	348	1.31701996944583
"rs750078"	0.204871234948165	348	0.919448338030027
"rs580562"	0.204879310114791	348	0.729186375320744
"rs489006"	0.20488286509033	348	0.765825908716229
"rs1608642"	0.204895889826735	348	2.12221392584084
"rs1609042"	0.204895889826735	348	2.12221392584084
"rs667223"	0.204978853727183	348	1.1926890858127
"rs225684"	0.205029556417319	348	0.532507397967797
"rs633969"	0.205048245149785	348	1.22062517965315
"rs1366510"	0.205059981768588	348	0.649829044744814
"rs1611044"	0.205143967874023	348	0.789853296986928
"rs82105"	0.205144572620362	348	0.82322227505188
"rs2092980"	0.205177417129651	348	1.14413112616337
"rs1045729"	0.205214060065253	348	1.42927113676805
"rs1879978"	0.205230110675701	348	1.95540090539682
"rs1719832"	0.20525621024438	348	1.28415239460823
"rs253691"	0.205260456194707	348	0.828715754188199
"rs435056"	0.20527340374217	348	1.29328056182558
"rs1564338"	0.205307011147269	348	0.798575022179301
"rs1564296"	0.205307011147271	348	0.798575022179303
"rs1564311"	0.205307011147271	348	0.798575022179303
"rs714977"	0.205311847397971	348	1.40073232861372
"rs545342"	0.205344473801001	348	1.23221667394416
"rs545345"	0.205344473801001	348	1.23221667394416
"rs1950900"	0.205382279613298	348	0.86026186636715
"rs1754957"	0.205385768958245	348	1.26142540295423
"rs569867"	0.205404694997648	348	0.761376036045652
"rs425697"	0.205407175180467	348	0.793797844774281
"rs664104"	0.205436263042741	348	0.657490152749244
"rs941850"	0.205487987421036	348	1.49548774564821
"rs941852"	0.205487987421036	348	1.49548774564821
"rs941859"	0.205487987421036	348	1.49548774564821
"rs941930"	0.205487987421036	348	1.49548774564821
"rs942461"	0.205487987421036	348	1.49548774564821
"rs2129875"	0.205495518480925	348	0.829489383643329
"rs426154"	0.205515491234268	348	1.30954390337703
"rs1961448"	0.205532138648782	348	0.828354608990191
"rs1961449"	0.205532138648782	348	0.828354608990191
"rs1823507"	0.205568088946717	348	0.764412101920269
"rs1823433"	0.205568088946722	348	0.76441210192027
"rs1093217"	0.205669222681366	348	0.772635276650329
"rs2145745"	0.205675782552164	348	1.43507912937725
"rs2145753"	0.205675782552164	348	1.43507912937725
"rs2145761"	0.205675782552164	348	1.43507912937725
"rs2145765"	0.205675782552164	348	1.43507912937725
"rs2145789"	0.205675782552164	348	1.43507912937725
"rs2145804"	0.205675782552164	348	1.43507912937725
"rs2145811"	0.205675782552164	348	1.43507912937725
"rs1713527"	0.205687037065098	348	1.24255470915058
"rs2182666"	0.205688575631316	348	0.798560962378998
"rs721937"	0.205717268321791	348	1.3362851513011
"rs1825694"	0.205799253151722	348	0.794916675682271
"rs1640444"	0.205799949900602	348	0.836422656930305
"rs460324"	0.205808751563157	348	0.856835166241775
"rs297878"	0.205862707732931	348	1.23397677034134
"rs2190126"	0.205884073477842	348	0.741508346489753
"rs1315175"	0.205893610722771	348	0.80433550066582
"rs36473"	0.205951531388921	348	1.25023685411646
"rs942104"	0.205971627809255	348	1.42077278604762
"rs942108"	0.205971627809255	348	1.42077278604762
"rs942162"	0.205971627809255	348	1.42077278604762
"rs942166"	0.205971627809255	348	1.42077278604762
"rs942168"	0.205971627809255	348	1.42077278604762
"rs942169"	0.205971627809255	348	1.42077278604762
"rs942171"	0.205971627809255	348	1.42077278604762
"rs942182"	0.205971627809255	348	1.42077278604762
"rs942183"	0.205971627809255	348	1.42077278604762
"rs942185"	0.205971627809255	348	1.42077278604762
"rs942189"	0.205971627809255	348	1.42077278604762
"rs942192"	0.205971627809255	348	1.42077278604762
"rs942198"	0.205971627809255	348	1.42077278604762
"rs942207"	0.205971627809255	348	1.42077278604762
"rs1363312"	0.205976630479241	348	1.18468062100116
"rs1964866"	0.205982580782126	348	0.656052205672317
"rs941985"	0.205985971764113	348	1.49472698243056
"rs942024"	0.205985971764113	348	1.49472698243056
"rs942047"	0.205985971764113	348	1.49472698243056
"rs2137300"	0.205999138604317	348	1.23907342870095
"rs820038"	0.206013162839478	348	0.788493705079852
"rs604170"	0.206044897645737	348	0.766704940628964
"rs1121705"	0.206056972361676	348	0.802175105073867
"rs960165"	0.206057889147723	348	0.80258269439804
"rs114179"	0.206074797127579	348	0.874162767045904
"rs1413674"	0.206121087667088	348	2.00521460721389
"rs1602815"	0.206121087667088	348	2.00521460721389
"rs1701100"	0.20614765731147	348	1.26996581441666
"rs1701103"	0.20614765731147	348	1.26996581441666
"rs1701115"	0.20614765731147	348	1.26996581441666
"rs1701126"	0.20614765731147	348	1.26996581441666
"rs1701127"	0.20614765731147	348	1.26996581441666
"rs304617"	0.206151036122753	348	1.20075017914826
"rs2180699"	0.206295508703411	348	0.862281043856077
"rs1790402"	0.206305574524563	348	0.888007845054455
"rs271263"	0.206318595421642	348	0.676355892352873
"rs2008236"	0.206342233220815	348	1.28244419233503
"rs783096"	0.206346443593942	348	0.75635517965078
"rs883866"	0.206369967807271	348	0.772145568289315
"rs225204"	0.206375634130746	348	1.23307473466691
"rs1845991"	0.206402169363925	348	1.39079425443044
"rs1951882"	0.206403512512222	348	1.34409812125539
"rs1951883"	0.206403512512222	348	1.34409812125539
"rs132603"	0.206488078579446	348	1.25807617233693
"rs419953"	0.206507744345408	348	0.790577696027687
"rs937228"	0.20655812863594	348	0.772968980161574
"rs1441849"	0.206574747891347	348	0.715366316337885
"rs1150665"	0.206591889324333	348	1.25875887201656
"rs1478112"	0.206639307422129	348	0.703567143255292
"rs98043"	0.206641947111158	348	1.26146342676413
"rs396115"	0.20665826082903	348	0.80457695835965
"rs396118"	0.20665826082903	348	0.80457695835965
"rs242164"	0.206686183311599	348	0.824869334639645
"rs468893"	0.206688773131382	348	1.24046528318264
"rs390945"	0.206835138723962	348	1.31836994350356
"rs1316122"	0.2068417667256	348	0.797120445658124
"rs2098916"	0.206852375972654	348	0.813264397536423
"rs305824"	0.206864937641325	348	0.694314735258119
"rs328666"	0.206911998023537	348	1.28463511361384
"rs935504"	0.206917927126117	348	0.72932313421669
"rs790473"	0.206923000596259	348	1.07626417740229
"rs1712292"	0.206941614770427	348	1.2773897813485
"rs115843"	0.206985942176804	348	0.874031503993832
"rs1055254"	0.207027176990876	348	1.16057603629848
"rs290692"	0.207044348627235	348	0.827620487653918
"rs129954"	0.207049688844803	348	1.36778219617997
"rs1988025"	0.207063693752921	348	0.742735017626821
"rs1100412"	0.207070636880338	348	0.74391400475491
"rs540013"	0.207071884788509	348	0.727139411199725
"rs1164523"	0.207229871103716	348	1.20530277275106
"rs1710731"	0.207263942144436	348	1.26892673810141
"rs1710770"	0.207263942144436	348	1.26892673810141
"rs517482"	0.207266389807364	348	1.37331223806655
"rs279175"	0.207267654997502	348	0.7883579855009
"rs454769"	0.207310197621014	348	0.806040287816142
"rs1543055"	0.207320528618236	348	0.469322446949167
"rs459431"	0.207369511192782	348	1.33553372797058
"rs1822073"	0.207371258601743	348	1.47955197260136
"rs1741498"	0.207408754509052	348	0.755711729384258
"rs807768"	0.207463613495766	348	0.816496439717295
"rs2177906"	0.207490842184077	348	0.860004376642955
"rs1979630"	0.207503546400991	348	1.06802895881511
"rs133829"	0.20750638990801	348	0.777292450802396
"rs133853"	0.20750638990801	348	0.777292450802396
"rs225041"	0.207512529306034	348	1.22552365946782
"rs1937933"	0.207517927540559	348	0.799340519561341
"rs2036468"	0.207573899796601	348	1.30526287462297
"rs1754853"	0.207616368881179	348	1.25377114094435
"rs1754892"	0.207616368881179	348	1.25377114094435
"rs1672973"	0.207628207525469	348	1.09135628883562
"rs1861237"	0.207669150379216	348	0.652152757164604
"rs1861832"	0.207669150379216	348	0.652152757164604
"rs354414"	0.20767487633863	348	1.19147759943596
"rs1771271"	0.207695865230066	348	1.23571368221383
"rs2170447"	0.207761217829441	348	1.20263874071458
"rs2106693"	0.207791717036233	348	1.25548723231566
"rs2106702"	0.207791717036233	348	1.25548723231566
"rs2106708"	0.207791717036233	348	1.25548723231566
"rs552801"	0.207827096443505	348	0.775579984761787
"rs49162"	0.207848218076394	348	1.29033488570767
"rs49165"	0.207848218076394	348	1.29033488570767
"rs1435183"	0.207993408878454	348	1.31028984710331
"rs473444"	0.208024596669758	348	0.895839443473368
"rs1860629"	0.20802729710978	348	1.32469027341645
"rs1860630"	0.20802729710978	348	1.32469027341645
"rs1860640"	0.20802729710978	348	1.32469027341645
"rs1860652"	0.20802729710978	348	1.32469027341645
"rs330576"	0.208043206164139	348	1.16661600984274
"rs2214658"	0.208066534589964	348	1.34552124890047
"rs2214671"	0.208066534589964	348	1.34552124890047
"rs510406"	0.208076317367577	348	1.20407487219635
"rs631246"	0.208105724336854	348	1.25756788153206
"rs121340"	0.208106034049156	348	1.27328742167493
"rs99132"	0.208115856136943	348	1.25010217606683
"rs135107"	0.208175744480181	348	0.822556030523522
"rs2041200"	0.208186352171885	348	1.56099673665006
"rs935410"	0.208189447125329	348	0.724398134074153
"rs265608"	0.208191322387502	348	1.22265008630513
"rs1358334"	0.20827689054167	348	0.582987887134041
"rs1704687"	0.208306088326368	348	1.26443334259551
"rs566259"	0.208370051332561	348	1.08775593748643
"rs135038"	0.208395863837893	348	1.18419172269901
"rs547457"	0.208399007023188	348	1.31824808982918
"rs465503"	0.208440267407102	348	0.790192258738032
"rs937224"	0.208445040679417	348	0.681577231746698
"rs426397"	0.208460708299838	348	1.41231220852148
"rs669869"	0.208478647622167	348	0.74226591600056
"rs608803"	0.208544989432621	348	1.47259200806194
"rs697818"	0.208591139575709	348	1.34260191758686
"rs697829"	0.208591139575709	348	1.34260191758686
"rs785263"	0.208631728411019	348	0.849802205289162
"rs603724"	0.208644553794344	348	1.33685480452179
"rs1171724"	0.208658812147886	348	0.730353697009463
"rs705522"	0.208666246232309	348	1.26492566592579
"rs705527"	0.208666246232309	348	1.26492566592579
"rs705528"	0.208666246232309	348	1.26492566592579
"rs705535"	0.208666246232309	348	1.26492566592579
"rs705560"	0.208666246232309	348	1.26492566592579
"rs409581"	0.208676086520482	348	1.2531664803741
"rs409584"	0.208676086520482	348	1.2531664803741
"rs175053"	0.208704919349686	348	1.31044672889369
"rs175080"	0.208704919349686	348	1.31044672889369
"rs176370"	0.208704919349701	348	1.31044672889368
"rs1839848"	0.208716804022059	348	0.692643156387583
"rs1926794"	0.208722323087244	348	0.787102931797925
"rs545144"	0.208735228564309	348	0.773902758394693
"rs157799"	0.208756940546061	348	0.802707456716128
"rs2175637"	0.20877300908543	348	0.918397721695309
"rs1373026"	0.208776458950315	348	0.936478256581992
"rs719015"	0.208793972538616	348	1.30700690075298
"rs719018"	0.208793972538616	348	1.30700690075298
"rs466408"	0.208810897740843	348	0.807452012923042
"rs466409"	0.208810897740843	348	0.807452012923042
"rs446974"	0.208889070887225	348	1.08872153874847
"rs2116300"	0.208893687867966	348	0.837833155961396
"rs1608564"	0.208946365225625	348	0.760384019608407
"rs1608569"	0.208946365225625	348	0.760384019608407
"rs932611"	0.208956363244569	348	1.25181241124622
"rs932613"	0.208956363244569	348	1.25181241124622
"rs1307717"	0.208960206887965	348	0.644139493092679
"rs172014"	0.208989100401213	348	1.3350827224183
"rs351300"	0.209058016271321	348	0.574830412172776
"rs2022095"	0.209115572184176	348	1.46396685698463
"rs1944031"	0.209168910098041	348	0.706662596511433
"rs942298"	0.209188472297379	348	1.38192420655332
"rs942304"	0.209188472297379	348	1.38192420655332
"rs942331"	0.209188472297379	348	1.38192420655332
"rs876025"	0.209228875808332	348	2.10890518417179
"rs2138813"	0.209245927410902	348	1.23745568138541
"rs993111"	0.209250268421868	348	0.737481315142832
"rs1751103"	0.209260427440278	348	1.1860892972765
"rs430418"	0.209281223347407	348	0.736315301268064
"rs2128006"	0.209284662931472	348	1.39782852614573
"rs850889"	0.209332544512638	348	0.74545608600472
"rs781832"	0.209344505689441	348	1.22435123708698
"rs1319388"	0.209345325299735	348	0.731752158733603
"rs1319397"	0.209345325299735	348	0.731752158733603
"rs1319409"	0.209345325299735	348	0.731752158733603
"rs618223"	0.209378078531941	348	0.760160060858836
"rs1947448"	0.209397462387303	348	0.709040946119646
"rs255449"	0.209398745270836	348	1.10675719841583
"rs578632"	0.20940674309513	348	1.20782729324846
"rs636959"	0.209454543886579	348	0.773495750613364
"rs455419"	0.209548401230036	348	0.789579907851561
"rs1144806"	0.20955848489312	348	0.811580658740964
"rs958471"	0.20960449536236	348	1.31902792162247
"rs225997"	0.2096207241271	348	0.790768475012141
"rs911822"	0.209635909889519	348	1.28222926534504
"rs1707635"	0.209641271313171	348	1.25248268493697
"rs1694633"	0.209701634875183	348	0.80789334565319
"rs286846"	0.209716183996686	348	1.23783609421496
"rs1815518"	0.209725004410351	348	1.27862045588357
"rs1763459"	0.209796846287079	348	0.786321800499032
"rs295293"	0.20984781683315	348	1.23789563558194
"rs327251"	0.209850151015316	348	0.794454888495074
"rs1181667"	0.209888916152622	348	0.823916870098722
"rs663375"	0.20994152084623	348	1.17133571377371
"rs464879"	0.210010791379779	348	0.818606149520235
"rs175756"	0.210022093504794	348	1.4791875132461
"rs175772"	0.210022093504794	348	1.4791875132461
"rs175775"	0.210022093504794	348	1.4791875132461
"rs175810"	0.210022093504794	348	1.4791875132461
"rs890966"	0.210064316516333	348	1.17847866847531
"rs797560"	0.210122658770507	348	1.22979268452989
"rs296987"	0.210124788378091	348	0.793863113571854
"rs1659107"	0.210145681531722	348	1.1406858757614
"rs148506"	0.210202595398237	348	1.25213551151127
"rs127083"	0.210241966392126	348	0.828503654847256
"rs127089"	0.210241966392126	348	0.828503654847256
"rs2093473"	0.210363970241937	348	1.60095930241838
"rs1488536"	0.210381247973971	348	1.08602247580601
"rs514152"	0.210407037690143	348	0.790655961540027
"rs1358514"	0.210426630224178	348	0.886522530406647
"rs1357398"	0.210493077809816	348	1.36119183783596
"rs1773398"	0.210533935574821	348	1.35532689356147
"rs1413033"	0.210545462332103	348	0.825681618715834
"rs413630"	0.210637094886714	348	0.764539858312527
"rs413964"	0.210637094886714	348	0.764539858312527
"rs1093560"	0.210721304546354	348	0.776841557320008
"rs1542584"	0.2108032231309	348	1.42581245186857
"rs79516"	0.210806481224439	348	0.722345058411006
"rs1369050"	0.210818302962889	348	1.10664520229115
"rs303796"	0.21086781715009	348	0.66236662215642
"rs1941034"	0.210868661815497	348	0.750056401610535
"rs163726"	0.210900538301784	348	0.806337230842473
"rs1286920"	0.210921515729518	348	0.862112852644126
"rs153938"	0.210939046474088	348	0.751622034646228
"rs842637"	0.210958100145673	348	0.719653537627025
"rs1093327"	0.211035842768687	348	0.777879541785582
"rs1106442"	0.211040249161993	348	0.820832293059991
"rs62657"	0.211053999654373	348	0.811431479096606
"rs1159899"	0.211058712582266	348	1.25479886476999
"rs2009865"	0.211102393135189	348	1.2494777295887
"rs322440"	0.211147670401181	348	0.777732265026202
"rs698926"	0.211209907998527	348	0.751529481211763
"rs1289985"	0.21123436583145	348	1.2161561839671
"rs1951089"	0.211330371739794	348	0.674017728106056
"rs497417"	0.211392693917348	348	0.857113003377701
"rs534309"	0.211404665974837	348	1.47207752388127
"rs2177805"	0.211467688267798	348	0.848934566006277
"rs1067986"	0.211493083666174	348	1.990686743704
"rs1343982"	0.211501488555161	348	0.725048342560585
"rs1752066"	0.211537827764253	348	1.16589258895219
"rs2170581"	0.211581357092196	348	0.912932989248979
"rs84869"	0.211589424463019	348	1.20891158019031
"rs1544087"	0.211603065299905	348	0.58620642442816
"rs645381"	0.211625798683784	348	1.31204373140562
"rs863633"	0.21164649908721	348	1.1027930471367
"rs63098"	0.211729717638998	348	1.24863980875229
"rs142850"	0.211751606145652	348	1.29242437265895
"rs1144188"	0.211805448163745	348	1.20825723285219
"rs117922"	0.211836649155593	348	0.918476682188966
"rs1077555"	0.211845635697118	348	1.20376740480296
"rs2001498"	0.211856519128528	348	1.20090563203985
"rs326690"	0.211869944390234	348	0.772616886652643
"rs2165146"	0.211874860904774	348	1.17580395326897
"rs2139251"	0.211941999152151	348	1.23104552986248
"rs1532972"	0.212007464421192	348	1.319940478512
"rs1532974"	0.212007464421192	348	1.319940478512
"rs1532975"	0.212007464421192	348	1.319940478512
"rs1532976"	0.212007464421192	348	1.319940478512
"rs1532977"	0.212007464421192	348	1.319940478512
"rs1532979"	0.212007464421192	348	1.319940478512
"rs1532986"	0.212007464421192	348	1.319940478512
"rs1532989"	0.212007464421192	348	1.319940478512
"rs601991"	0.212025192390946	348	1.5135701881101
"rs182646"	0.212031708148233	348	0.782175752831003
"rs182647"	0.212031708148233	348	0.782175752831003
"rs1121628"	0.212034510302168	348	1.39253260075941
"rs2035501"	0.212034991647013	348	0.718897130696311
"rs2035120"	0.21203499164702	348	0.718897130696312
"rs2035132"	0.21203499164702	348	0.718897130696312
"rs2035135"	0.21203499164702	348	0.718897130696312
"rs2035156"	0.21203499164702	348	0.718897130696312
"rs2035162"	0.21203499164702	348	0.718897130696312
"rs1791954"	0.212044797071301	348	1.27324341524144
"rs613694"	0.212073470987086	348	0.742576931456708
"rs597963"	0.212092039825684	348	0.70273470443216
"rs937366"	0.212093273577968	348	0.770907941218813
"rs307121"	0.212130800298266	348	0.790664330829492
"rs2144107"	0.212151111913202	348	1.38946546127474
"rs922509"	0.212205707312289	348	0.664119456134525
"rs1716442"	0.212211220002281	348	1.26658385930903
"rs663214"	0.212226884305901	348	0.715050935855338
"rs1174506"	0.212236918063185	348	0.82212802735019
"rs1174588"	0.212236918063185	348	0.82212802735019
"rs1174634"	0.212236918063185	348	0.82212802735019
"rs1174826"	0.212236918063185	348	0.82212802735019
"rs1174976"	0.212236918063185	348	0.82212802735019
"rs1175149"	0.212236918063185	348	0.82212802735019
"rs1175195"	0.212236918063185	348	0.82212802735019
"rs1175330"	0.212236918063185	348	0.82212802735019
"rs1175396"	0.212236918063185	348	0.82212802735019
"rs1175495"	0.212236918063185	348	0.82212802735019
"rs1176020"	0.212236918063185	348	0.82212802735019
"rs1176044"	0.212236918063185	348	0.82212802735019
"rs1176292"	0.212236918063185	348	0.82212802735019
"rs1176350"	0.212236918063185	348	0.82212802735019
"rs1176440"	0.212236918063185	348	0.82212802735019
"rs1176452"	0.212236918063185	348	0.82212802735019
"rs1176636"	0.212236918063185	348	0.82212802735019
"rs1176700"	0.212236918063185	348	0.82212802735019
"rs1176815"	0.212236918063185	348	0.82212802735019
"rs1176835"	0.212236918063185	348	0.82212802735019
"rs1176953"	0.212236918063185	348	0.82212802735019
"rs1177219"	0.212236918063185	348	0.82212802735019
"rs1177385"	0.212236918063185	348	0.82212802735019
"rs1177481"	0.212236918063185	348	0.82212802735019
"rs1177559"	0.212236918063185	348	0.82212802735019
"rs1177739"	0.212236918063185	348	0.82212802735019
"rs1177808"	0.212236918063185	348	0.82212802735019
"rs1178059"	0.212236918063185	348	0.82212802735019
"rs1178218"	0.212236918063185	348	0.82212802735019
"rs1178379"	0.212236918063185	348	0.82212802735019
"rs1178411"	0.212236918063185	348	0.82212802735019
"rs1178465"	0.212236918063185	348	0.82212802735019
"rs1178505"	0.212236918063185	348	0.82212802735019
"rs1178518"	0.212236918063185	348	0.82212802735019
"rs1179103"	0.212236918063185	348	0.82212802735019
"rs1179162"	0.212236918063185	348	0.82212802735019
"rs1179235"	0.212236918063185	348	0.82212802735019
"rs1179275"	0.212236918063185	348	0.82212802735019
"rs1179599"	0.212236918063185	348	0.82212802735019
"rs1179852"	0.212236918063185	348	0.82212802735019
"rs1179853"	0.212236918063185	348	0.82212802735019
"rs1180316"	0.212236918063185	348	0.82212802735019
"rs1180335"	0.212236918063185	348	0.82212802735019
"rs1180419"	0.212236918063185	348	0.82212802735019
"rs1180707"	0.212236918063185	348	0.82212802735019
"rs1180898"	0.212236918063185	348	0.82212802735019
"rs1180905"	0.212236918063185	348	0.82212802735019
"rs1180951"	0.212236918063185	348	0.82212802735019
"rs1181017"	0.212236918063185	348	0.82212802735019
"rs1181134"	0.212236918063185	348	0.82212802735019
"rs1181694"	0.212236918063185	348	0.82212802735019
"rs1181989"	0.212236918063185	348	0.82212802735019
"rs1182033"	0.212236918063185	348	0.82212802735019
"rs1182106"	0.212236918063185	348	0.82212802735019
"rs1182260"	0.212236918063185	348	0.82212802735019
"rs1182584"	0.212236918063185	348	0.82212802735019
"rs1182588"	0.212236918063185	348	0.82212802735019
"rs1183012"	0.212236918063185	348	0.82212802735019
"rs1183056"	0.212236918063185	348	0.82212802735019
"rs1183128"	0.212236918063185	348	0.82212802735019
"rs1183153"	0.212236918063185	348	0.82212802735019
"rs1183177"	0.212236918063185	348	0.82212802735019
"rs1183451"	0.212236918063185	348	0.82212802735019
"rs1183494"	0.212236918063185	348	0.82212802735019
"rs1183504"	0.212236918063185	348	0.82212802735019
"rs1183683"	0.212236918063185	348	0.82212802735019
"rs1183696"	0.212236918063185	348	0.82212802735019
"rs1183865"	0.212236918063185	348	0.82212802735019
"rs1184248"	0.212236918063185	348	0.82212802735019
"rs1184485"	0.212236918063185	348	0.82212802735019
"rs1185336"	0.212236918063185	348	0.82212802735019
"rs1185431"	0.212236918063185	348	0.82212802735019
"rs1185817"	0.212236918063185	348	0.82212802735019
"rs1185855"	0.212236918063185	348	0.82212802735019
"rs1185880"	0.212236918063185	348	0.82212802735019
"rs1186105"	0.212236918063185	348	0.82212802735019
"rs1186318"	0.212236918063185	348	0.82212802735019
"rs1186333"	0.212236918063185	348	0.82212802735019
"rs1186611"	0.212236918063185	348	0.82212802735019
"rs1186714"	0.212236918063185	348	0.82212802735019
"rs1187025"	0.212236918063185	348	0.82212802735019
"rs1187028"	0.212236918063185	348	0.82212802735019
"rs1187056"	0.212236918063185	348	0.82212802735019
"rs1187064"	0.212236918063185	348	0.82212802735019
"rs1187225"	0.212236918063185	348	0.82212802735019
"rs1187242"	0.212236918063185	348	0.82212802735019
"rs1187291"	0.212236918063185	348	0.82212802735019
"rs1187311"	0.212236918063185	348	0.82212802735019
"rs1187312"	0.212236918063185	348	0.82212802735019
"rs1187429"	0.212236918063185	348	0.82212802735019
"rs1187552"	0.212236918063185	348	0.82212802735019
"rs1187570"	0.212236918063185	348	0.82212802735019
"rs1187571"	0.212236918063185	348	0.82212802735019
"rs1187611"	0.212236918063185	348	0.82212802735019
"rs1187683"	0.212236918063185	348	0.82212802735019
"rs1187910"	0.212236918063185	348	0.82212802735019
"rs1187955"	0.212236918063185	348	0.82212802735019
"rs1188060"	0.212236918063185	348	0.82212802735019
"rs1188288"	0.212236918063185	348	0.82212802735019
"rs1188777"	0.212236918063185	348	0.82212802735019
"rs1189176"	0.212236918063185	348	0.82212802735019
"rs1754893"	0.212249508008153	348	1.25124363553732
"rs1755185"	0.212249508008153	348	1.25124363553732
"rs1755678"	0.212249508008153	348	1.25124363553732
"rs972245"	0.212256300481858	348	1.06882274326461
"rs2111808"	0.212293198897529	348	0.836626037363186
"rs510745"	0.21238912947829	348	1.27410682901382
"rs2093013"	0.212494323495599	348	1.14167758334682
"rs1860499"	0.212523626894256	348	0.775833646233439
"rs1017765"	0.212570028357858	348	1.26386417099645
"rs1473513"	0.2125979809633	348	0.796715640963076
"rs253862"	0.212644575281584	348	1.25136637944538
"rs1104895"	0.212680421155817	348	0.714811315958342
"rs341411"	0.212707646699291	348	0.878305340194928
"rs799030"	0.212708708374389	348	0.784178623510328
"rs1332977"	0.21275117095474	348	0.164467790400536
"rs46594"	0.212787139515962	348	0.783657600083968
"rs46785"	0.212787139515962	348	0.783657600083968
"rs212902"	0.212795449209479	348	1.39051336588987
"rs1467464"	0.212917163806854	348	1.28470947139063
"rs1103820"	0.212935082612798	348	0.815965025831334
"rs468126"	0.212954705656633	348	0.772541299547677
"rs22650"	0.212969826380676	348	1.15318986573448
"rs1738531"	0.213075605592121	348	0.755376808885776
"rs2176890"	0.213086290809161	348	1282.68407543588
"rs2014352"	0.213086290809176	348	1.97508081682099
"rs697485"	0.213093795983518	348	1.30324839049462
"rs1593559"	0.213147593683915	348	0.77600960990028
"rs488919"	0.213176776150774	348	0.45411555919146
"rs632289"	0.213201338724406	348	1.36106591366729
"rs1488332"	0.213203174832753	348	1.10500431727377
"rs2186806"	0.213232294997188	348	0.679047445835157
"rs1805"	0.21325145170479	348	1.56114116845661
"rs5000"	0.21325145170479	348	1.56114116845661
"rs6846"	0.21325145170479	348	1.56114116845661
"rs1548192"	0.21325421603426	348	0.744658917019674
"rs807880"	0.213254541729384	348	0.784022430759361
"rs930088"	0.213333807366061	348	0.782439076303849
"rs951116"	0.213353735148198	348	0.781678549514077
"rs261533"	0.213364409524785	348	1.2425131896847
"rs261538"	0.213364409524785	348	1.2425131896847
"rs1704126"	0.213409844335209	348	1.25958926452731
"rs1704443"	0.213409844335209	348	1.25958926452731
"rs1705668"	0.213409844335209	348	1.25958926452731
"rs1706293"	0.213409844335209	348	1.25958926452731
"rs1706773"	0.213409844335209	348	1.25958926452731
"rs1706806"	0.213409844335209	348	1.25958926452731
"rs1706830"	0.213409844335209	348	1.25958926452731
"rs1706865"	0.213409844335209	348	1.25958926452731
"rs1706870"	0.213409844335209	348	1.25958926452731
"rs1706875"	0.213409844335209	348	1.25958926452731
"rs1707318"	0.213409844335209	348	1.25958926452731
"rs1719659"	0.213409844335209	348	1.25958926452731
"rs528227"	0.213425952881292	348	0.72264579291207
"rs466789"	0.213454980414903	348	0.782639414253149
"rs1643405"	0.213469016010834	348	0.63716098710849
"rs1703978"	0.213521142934929	348	1.25950396394539
"rs863747"	0.21352884969915	348	1.09878190635049
"rs471579"	0.213545672386878	348	1.24191630867442
"rs1720493"	0.213553252610709	348	1.28174324135511
"rs1720494"	0.213553252610709	348	1.28174324135511
"rs501045"	0.213569146968697	348	0.79495834115626
"rs869074"	0.21359132563042	348	0.804545352884929
"rs1145976"	0.213607853632225	348	1.4318786454269
"rs1004707"	0.21362914849533	348	1.32444252182397
"rs1004718"	0.21362914849533	348	1.32444252182397
"rs1004761"	0.21362914849533	348	1.32444252182397
"rs1004764"	0.21362914849533	348	1.32444252182397
"rs1004782"	0.21362914849533	348	1.32444252182397
"rs1004785"	0.21362914849533	348	1.32444252182397
"rs1004791"	0.21362914849533	348	1.32444252182397
"rs1004797"	0.21362914849533	348	1.32444252182397
"rs1004800"	0.21362914849533	348	1.32444252182397
"rs1004806"	0.21362914849533	348	1.32444252182397
"rs1004813"	0.21362914849533	348	1.32444252182397
"rs1122711"	0.213651209452132	348	5598.34306861344
"rs226326"	0.213707039077408	348	0.784176758359201
"rs226328"	0.213707039077408	348	0.784176758359201
"rs134096"	0.213882255324315	348	0.852744307433055
"rs134114"	0.213882255324315	348	0.852744307433055
"rs134117"	0.213882255324315	348	0.852744307433055
"rs989921"	0.213882357417384	348	1.22103056277252
"rs951106"	0.213884059514126	348	0.784198886243011
"rs1103099"	0.213888565752198	348	1.24255324037249
"rs1068593"	0.213902684740308	348	0.826673610984855
"rs85462"	0.213948383963454	348	0.586285627514837
"rs2093323"	0.213950839487735	348	1.60179206391917
"rs1104406"	0.213973978137013	348	0.667863836881315
"rs1308186"	0.213978843918884	348	1.21471094480968
"rs1942068"	0.213990918172883	348	0.741979120543627
"rs1963558"	0.214003786599389	348	0.81285021836958
"rs611681"	0.214006898059337	348	0.705056614805831
"rs611738"	0.214006898059337	348	0.705056614805831
"rs604382"	0.214025144007019	348	1.33647711275616
"rs1124970"	0.214051256386403	348	0.89408727208721
"rs148350"	0.214110788526911	348	1.98323326163172
"rs1381062"	0.214157131354607	348	1.24834226864691
"rs535348"	0.214173464631293	348	0.810433572265192
"rs399236"	0.214194074667213	348	0.713214808115676
"rs898611"	0.214195017781729	348	1.22976213777773
"rs1905251"	0.214314186384079	348	1.22125097972838
"rs1905300"	0.214314186384079	348	1.22125097972838
"rs937139"	0.214423455425553	348	0.76577999703417
"rs1086035"	0.214423575532092	348	0.713782245058998
"rs466224"	0.21443461504257	348	0.82826266255662
"rs1669394"	0.21446139524477	348	1.38166294800769
"rs319433"	0.214476675800951	348	1.40925826505005
"rs1647575"	0.214497517165237	348	1.21319289965764
"rs2021522"	0.214514970034766	348	1.25604942693164
"rs1780101"	0.214519668702037	348	1.3617917546574
"rs1347841"	0.214560305707533	348	1.43170710486283
"rs2115403"	0.214648458835763	348	1.17808549258691
"rs1369091"	0.214733982835502	348	1.1076694419115
"rs1369158"	0.214733982835502	348	1.1076694419115
"rs1369160"	0.214733982835502	348	1.1076694419115
"rs1369163"	0.214733982835502	348	1.1076694419115
"rs93572"	0.21476492407446	348	1.18281513208654
"rs782844"	0.214772249273894	348	0.688441043344589
"rs597981"	0.214776358452214	348	0.653856524363184
"rs944395"	0.214789339309541	348	0.733247498411813
"rs944398"	0.214789339309541	348	0.733247498411813
"rs944417"	0.214789339309541	348	0.733247498411813
"rs944429"	0.214789339309541	348	0.733247498411813
"rs944435"	0.214789339309541	348	0.733247498411813
"rs944447"	0.214789339309541	348	0.733247498411813
"rs944450"	0.214789339309541	348	0.733247498411813
"rs944471"	0.214789339309541	348	0.733247498411813
"rs944477"	0.214789339309541	348	0.733247498411813
"rs944480"	0.214789339309541	348	0.733247498411813
"rs944498"	0.214789339309541	348	0.733247498411813
"rs944501"	0.214789339309541	348	0.733247498411813
"rs944504"	0.214789339309541	348	0.733247498411813
"rs944509"	0.214789339309541	348	0.733247498411813
"rs944513"	0.214789339309541	348	0.733247498411813
"rs396100"	0.214851610789865	348	1.24547800198323
"rs226400"	0.214854709625553	348	1.12569852940482
"rs537508"	0.214877793648523	348	1.4306338574571
"rs1373061"	0.214910855473035	348	0.687575289985525
"rs322447"	0.214932146707467	348	0.809228453870719
"rs84847"	0.214964403088591	348	1.23073412601339
"rs1373079"	0.215001012652926	348	0.687689033005572
"rs1373095"	0.215001012652926	348	0.687689033005572
"rs937191"	0.215035322509679	348	0.772007270490151
"rs1718448"	0.215087216537926	348	0.759994236415394
"rs1718461"	0.215087216537926	348	0.759994236415394
"rs1718470"	0.215087216537926	348	0.759994236415394
"rs1718482"	0.215087216537926	348	0.759994236415394
"rs1718491"	0.215087216537926	348	0.759994236415394
"rs1718500"	0.215087216537926	348	0.759994236415394
"rs1718502"	0.215087216537926	348	0.759994236415394
"rs1718511"	0.215087216537926	348	0.759994236415394
"rs1719316"	0.215087216537926	348	0.759994236415394
"rs1802715"	0.215172175087989	348	1.43705230051675
"rs1802643"	0.215172175087989	348	1.43705230051675
"rs895850"	0.215179638438252	348	0.768634471098417
"rs895884"	0.215179638438252	348	0.768634471098417
"rs895946"	0.215179638438252	348	0.768634471098417
"rs917113"	0.215218884415508	348	0.551301695363492
"rs917014"	0.215218884415508	348	0.551301695363492
"rs917023"	0.215218884415508	348	0.551301695363492
"rs917179"	0.215218884415508	348	0.551301695363492
"rs1416012"	0.215218884415508	348	0.551301695363492
"rs1391989"	0.215218884415514	348	0.551301695363495
"rs1391998"	0.215218884415514	348	0.551301695363495
"rs1392028"	0.215218884415514	348	0.551301695363495
"rs1392034"	0.215218884415514	348	0.551301695363495
"rs1392040"	0.215218884415514	348	0.551301695363495
"rs1392046"	0.215218884415514	348	0.551301695363495
"rs1392064"	0.215218884415514	348	0.551301695363495
"rs1392070"	0.215218884415514	348	0.551301695363495
"rs72572"	0.215222949650066	348	0.665183326950607
"rs1752708"	0.215276463674317	348	0.834939594209906
"rs117225"	0.215320161448179	348	0.824690028889772
"rs1774923"	0.215371773842439	348	1.40510929311044
"rs1774927"	0.215371773842439	348	1.40510929311044
"rs972248"	0.215510994666582	348	1.06504085637894
"rs510317"	0.215540069951011	348	1.27643184069689
"rs510321"	0.215540069951011	348	1.27643184069689
"rs841736"	0.215557451245388	348	0.815216818616891
"rs1626791"	0.21556971576042	348	0.725543204502637
"rs493867"	0.215593610020245	348	1.36043664609525
"rs565269"	0.215610975956408	348	0.852372288512098
"rs1703265"	0.215636640247204	348	1.2211635402759
"rs342181"	0.215681158361948	348	0.692864310409772
"rs1440702"	0.215712328239382	348	1.39265407983568
"rs1055676"	0.215727719028628	348	0.853708624965067
"rs507058"	0.215805569409533	348	0.610137533962495
"rs507066"	0.215805569409533	348	0.610137533962495
"rs1369086"	0.215822479041159	348	1.10542500918219
"rs443339"	0.215951895360351	348	1.28406070057132
"rs831411"	0.215999964291889	348	0.765333426156147
"rs1939498"	0.216001457755995	348	1.34260994697094
"rs212218"	0.216004669878127	348	1.27851480662992
"rs181503"	0.216170549910317	348	1.27472464768243
"rs663309"	0.216192043745628	348	0.877133957570192
"rs1693341"	0.216210957479088	348	0.724947864235929
"rs399630"	0.216252444926854	348	1.75668564268982
"rs1006565"	0.216257355900683	348	1.27652237990251
"rs2121526"	0.216264527183647	348	1.16819478706907
"rs212279"	0.216271171747393	348	1.32171380398396
"rs684765"	0.216299792894789	348	0.586098182253385
"rs684576"	0.216299792894791	348	0.586098182253386
"rs684582"	0.216299792894791	348	0.586098182253386
"rs848307"	0.216397730193283	348	1.36451675735021
"rs1649116"	0.21639931220021	348	1.28498006951692
"rs1653346"	0.216417819043047	348	1.25796873321677
"rs1113977"	0.216436653438957	348	1.24986674158773
"rs70022"	0.216441144137836	348	0.641843067364551
"rs163756"	0.216465893978559	348	0.820660516146639
"rs1561949"	0.216477586250386	348	1.23185839532787
"rs1561952"	0.216477586250386	348	1.23185839532787
"rs1561893"	0.216477586250388	348	1.23185839532788
"rs1561895"	0.216477586250388	348	1.23185839532788
"rs1561931"	0.216477586250391	348	1.23185839532787
"rs1561937"	0.216477586250391	348	1.23185839532787
"rs236810"	0.216529934392047	348	1.24964266205375
"rs1982290"	0.216553618131944	348	1.2035529542669
"rs566258"	0.216658434726562	348	1.08573420596831
"rs346961"	0.216707696251926	348	1.44135247865532
"rs236294"	0.216712335173631	348	0.778302945235367
"rs236312"	0.216712335173631	348	0.778302945235367
"rs1288572"	0.216721497052287	348	0.71401518033304
"rs566263"	0.216784265772707	348	1.0852389631638
"rs1318380"	0.216799353960022	348	1.21791779257862
"rs468728"	0.216839097925505	348	1.19350155117915
"rs215935"	0.216854423396004	348	0.810690439132645
"rs215938"	0.21685442339601	348	0.810690439132648
"rs1609214"	0.216897260690631	348	0.794441572588305
"rs1701580"	0.216915372388394	348	1.28602298617124
"rs922805"	0.21693172558665	348	1.54512190455868
"rs2111576"	0.216936768655508	348	0.926937904064673
"rs2170750"	0.216959415710162	348	0.865641017505669
"rs32357"	0.216969930099809	348	0.73858955185807
"rs1104091"	0.216976992633524	348	0.821390438345561
"rs1293480"	0.217042553764837	348	0.743717495275682
"rs1293482"	0.217042553764837	348	0.743717495275682
"rs1293483"	0.217042553764837	348	0.743717495275682
"rs1293489"	0.217042553764837	348	0.743717495275682
"rs1293492"	0.217042553764837	348	0.743717495275682
"rs1293501"	0.217042553764837	348	0.743717495275682
"rs1293507"	0.217042553764837	348	0.743717495275682
"rs1293519"	0.217042553764837	348	0.743717495275682
"rs1293525"	0.217042553764837	348	0.743717495275682
"rs1293527"	0.217042553764837	348	0.743717495275682
"rs1293534"	0.217042553764837	348	0.743717495275682
"rs1293536"	0.217042553764837	348	0.743717495275682
"rs1293537"	0.217042553764837	348	0.743717495275682
"rs1649111"	0.217046448103084	348	1.28402690702496
"rs341389"	0.217047170266048	348	0.822667655814281
"rs1822088"	0.217062177685434	348	1.47033449546272
"rs1423965"	0.217166977159717	348	1.62249271853077
"rs1719700"	0.21717406015429	348	1.26464901951135
"rs1720151"	0.21717406015429	348	1.26464901951135
"rs2018498"	0.217175820887785	348	0.745226185667788
"rs453801"	0.217203981510194	348	0.748505892168531
"rs1145238"	0.21722863993617	348	0.818803942982434
"rs1470716"	0.21723626248244	348	1.21216138713694
"rs1470720"	0.21723626248244	348	1.21216138713694
"rs1470722"	0.21723626248244	348	1.21216138713694
"rs2046897"	0.217237218912801	348	0.811682964682286
"rs473147"	0.217238759219821	348	0.906241378565862
"rs473149"	0.217238759219821	348	0.906241378565862
"rs1692955"	0.217251830950687	348	1.29987969469992
"rs1717975"	0.217318641766736	348	0.760991484372764
"rs1717982"	0.217318641766736	348	0.760991484372764
"rs1717993"	0.217318641766736	348	0.760991484372764
"rs1718011"	0.217318641766736	348	0.760991484372764
"rs1718030"	0.217318641766736	348	0.760991484372764
"rs1718044"	0.217318641766736	348	0.760991484372764
"rs1718048"	0.217318641766736	348	0.760991484372764
"rs1718050"	0.217318641766736	348	0.760991484372764
"rs1718053"	0.217318641766736	348	0.760991484372764
"rs1718062"	0.217318641766736	348	0.760991484372764
"rs1718073"	0.217318641766736	348	0.760991484372764
"rs1718116"	0.217318641766736	348	0.760991484372764
"rs1718137"	0.217318641766736	348	0.760991484372764
"rs1718140"	0.217318641766736	348	0.760991484372764
"rs1718143"	0.217318641766736	348	0.760991484372764
"rs1718195"	0.217318641766736	348	0.760991484372764
"rs1718200"	0.217318641766736	348	0.760991484372764
"rs1718203"	0.217318641766736	348	0.760991484372764
"rs1718277"	0.217318641766736	348	0.760991484372764
"rs1718278"	0.217318641766736	348	0.760991484372764
"rs1718281"	0.217318641766736	348	0.760991484372764
"rs1718296"	0.217318641766736	348	0.760991484372764
"rs1718299"	0.217318641766736	348	0.760991484372764
"rs1718302"	0.217318641766736	348	0.760991484372764
"rs1718360"	0.217318641766736	348	0.760991484372764
"rs1718362"	0.217318641766736	348	0.760991484372764
"rs1718377"	0.217318641766736	348	0.760991484372764
"rs1718383"	0.217318641766736	348	0.760991484372764
"rs1718385"	0.217318641766736	348	0.760991484372764
"rs1718395"	0.217318641766736	348	0.760991484372764
"rs1718414"	0.217318641766736	348	0.760991484372764
"rs1718419"	0.217318641766736	348	0.760991484372764
"rs1718426"	0.217318641766736	348	0.760991484372764
"rs1718436"	0.217318641766736	348	0.760991484372764
"rs1718437"	0.217318641766736	348	0.760991484372764
"rs97253"	0.217326969146032	348	0.741148577232605
"rs97256"	0.217326969146032	348	0.741148577232605
"rs1353699"	0.217328831101861	348	1.42723381800008
"rs388383"	0.217341918093552	348	0.734411563453732
"rs1774986"	0.217343044309166	348	0.843133763631785
"rs53776"	0.217360786519635	348	1.33576333023247
"rs1565347"	0.217381830223934	348	1.27927772340586
"rs1565349"	0.217381830223934	348	1.27927772340586
"rs617230"	0.21738292000128	348	0.765217410361602
"rs617233"	0.21738292000128	348	0.765217410361602
"rs617241"	0.21738292000128	348	0.765217410361602
"rs1720454"	0.217386647140252	348	1.28041198593245
"rs148660"	0.217387846858477	348	0.804823926725197
"rs1635559"	0.217403834322135	348	0.747490981361392
"rs482118"	0.217406449887073	348	1.6026204580599
"rs1717853"	0.217412883612321	348	0.761034986794985
"rs1717864"	0.217412883612321	348	0.761034986794985
"rs1717881"	0.217412883612321	348	0.761034986794985
"rs1717885"	0.217412883612321	348	0.761034986794985
"rs1717935"	0.217412883612321	348	0.761034986794985
"rs1717966"	0.217412883612321	348	0.761034986794985
"rs1718725"	0.217412883612321	348	0.761034986794985
"rs1718731"	0.217412883612321	348	0.761034986794985
"rs1718740"	0.217412883612321	348	0.761034986794985
"rs1718743"	0.217412883612321	348	0.761034986794985
"rs1718763"	0.217412883612321	348	0.761034986794985
"rs1718776"	0.217412883612321	348	0.761034986794985
"rs1718787"	0.217412883612321	348	0.761034986794985
"rs1718809"	0.217412883612321	348	0.761034986794985
"rs2091201"	0.21742845586805	348	1.2273043292838
"rs732474"	0.217465627470564	348	0.66742883889851
"rs1418489"	0.217485240005768	348	1.27079111105066
"rs1782274"	0.217551950011345	348	0.837016477278979
"rs545654"	0.217555682173261	348	1.19220666248752
"rs189037"	0.217560630941862	348	1.24319603755426
"rs692774"	0.217564179205961	348	0.724515371591495
"rs1374197"	0.217567705104328	348	1.3770763850646
"rs2137162"	0.217575392683505	348	1.24389763389254
"rs2131701"	0.217580431224013	348	0.879387696411568
"rs1594999"	0.217600082967603	348	1.21009031674634
"rs1347766"	0.217677083638578	348	1.42957732918815
"rs552985"	0.217713400101939	348	1.40169413613019
"rs1614778"	0.217726766247354	348	1.06459318307266
"rs1036450"	0.217738494897011	348	0.779941883306866
"rs1036453"	0.217738494897011	348	0.779941883306866
"rs1581713"	0.217753691355111	348	1.3254511666331
"rs1712853"	0.217768534369531	348	1.26027840286271
"rs1944891"	0.217804167405461	348	1.42574344513119
"rs1286870"	0.21780572538885	348	0.859214433652268
"rs936853"	0.217823169735811	348	0.544829177865652
"rs1576619"	0.217832532777954	348	1.29981195497463
"rs1946149"	0.217863795007948	348	0.854112998268186
"rs815504"	0.21789086917212	348	1.3259221832508
"rs1291408"	0.218004522962343	348	0.838439369813598
"rs1326101"	0.218112015689991	348	1.28207162042472
"rs1326104"	0.218112015689991	348	1.28207162042472
"rs442470"	0.218124189165101	348	0.820210570126141
"rs442491"	0.218124189165101	348	0.820210570126141
"rs566487"	0.218129932138194	348	0.841083481246014
"rs566498"	0.218129932138194	348	0.841083481246014
"rs566502"	0.218129932138194	348	0.841083481246014
"rs566524"	0.218129932138194	348	0.841083481246014
"rs566596"	0.218129932138194	348	0.841083481246014
"rs566604"	0.218129932138194	348	0.841083481246014
"rs566606"	0.218129932138194	348	0.841083481246014
"rs566642"	0.218129932138194	348	0.841083481246014
"rs1923849"	0.218144451534114	348	1.27441095210395
"rs271817"	0.218194451039148	348	0.683202513613818
"rs271936"	0.218194451039148	348	0.683202513613818
"rs271937"	0.218194451039148	348	0.683202513613818
"rs271975"	0.218194451039148	348	0.683202513613818
"rs271978"	0.218194451039148	348	0.683202513613818
"rs272216"	0.218194451039148	348	0.683202513613818
"rs272284"	0.218194451039148	348	0.683202513613818
"rs272299"	0.218194451039148	348	0.683202513613818
"rs272370"	0.218194451039148	348	0.683202513613818
"rs272416"	0.218194451039148	348	0.683202513613818
"rs272515"	0.218194451039148	348	0.683202513613818
"rs272543"	0.218194451039148	348	0.683202513613818
"rs272692"	0.218194451039148	348	0.683202513613818
"rs469324"	0.218202416099098	348	0.753180715523571
"rs526227"	0.218212216754307	348	1.23682739330244
"rs1633003"	0.218213145363751	348	0.762665863363278
"rs64214"	0.21822043742418	348	0.817680825098515
"rs64257"	0.21822043742418	348	0.817680825098515
"rs1347751"	0.218242588119692	348	30.5439016270844
"rs1347802"	0.218242588119692	348	30.5439016270844
"rs1617307"	0.21825094451564	348	1.1967244586713
"rs1037875"	0.218252307443667	348	0.713754234850067
"rs1349622"	0.218392652466891	348	0.774323112789195
"rs2143008"	0.218394669915432	348	1.22728628733212
"rs931211"	0.218465958121924	348	0.775490323671745
"rs2007894"	0.218473128219964	348	0.457938336804401
"rs253265"	0.218484386587251	348	1.27836907303078
"rs253266"	0.218484386587251	348	1.27836907303078
"rs2176928"	0.21848801125804	348	1.183776368548
"rs1590956"	0.218500758870466	348	1.23919115657477
"rs1656097"	0.218532919786535	348	1.26695469444267
"rs499665"	0.218544672829789	348	0.817952482330058
"rs1649097"	0.218643767143864	348	1.28287734001415
"rs1286718"	0.218644255452147	348	0.840135317643574
"rs1286721"	0.218644255452147	348	0.840135317643574
"rs2170755"	0.218661594921205	348	0.895949138433319
"rs2111598"	0.218681683959851	348	0.941151332258838
"rs841810"	0.218692068691811	348	0.833428016543577
"rs841816"	0.218692068691811	348	0.833428016543577
"rs841837"	0.218692068691811	348	0.833428016543577
"rs1649193"	0.218714250300929	348	1.2829780399096
"rs2110775"	0.218715002511879	348	1.29710161218232
"rs47952"	0.218719201238006	348	0.89188272226846
"rs663127"	0.218778552110643	348	0.71188189423513
"rs831228"	0.218785305145049	348	0.757490119250937
"rs831237"	0.218785305145049	348	0.757490119250937
"rs607612"	0.218835505387033	348	0.721137412674378
"rs2131630"	0.218836962095901	348	0.786407612848979
"rs1286889"	0.218878741418439	348	0.848219954738666
"rs133968"	0.218904372238045	348	0.832962061330777
"rs1166896"	0.218915227964457	348	0.791176029189801
"rs492425"	0.218928779473518	348	1.29268985145467
"rs450731"	0.219004223521501	348	1.47775371520939
"rs1449171"	0.219076002893258	348	1.30728178218063
"rs1360304"	0.219121156254438	348	1.26921423089913
"rs2084150"	0.219121880142164	348	1.06058346475381
"rs284477"	0.219138375864388	348	1.2477340270367
"rs1092670"	0.219175731534377	348	0.783045704562917
"rs1092676"	0.219175731534377	348	0.783045704562917
"rs909371"	0.21917966134138	348	1.33370874489981
"rs1402803"	0.21921552760849	348	1.31210474493765
"rs1599824"	0.219254270362155	348	1.35123824867873
"rs1599830"	0.219254270362155	348	1.35123824867873
"rs1599838"	0.219254270362155	348	1.35123824867873
"rs1599839"	0.219254270362155	348	1.35123824867873
"rs1599841"	0.219254270362155	348	1.35123824867873
"rs1599848"	0.219254270362155	348	1.35123824867873
"rs1599856"	0.219254270362155	348	1.35123824867873
"rs1599857"	0.219254270362155	348	1.35123824867873
"rs1599860"	0.219254270362155	348	1.35123824867873
"rs1599905"	0.219254270362155	348	1.35123824867873
"rs1599914"	0.219254270362155	348	1.35123824867873
"rs1600538"	0.219254270362155	348	1.35123824867873
"rs1600550"	0.219254270362155	348	1.35123824867873
"rs1600601"	0.219254270362155	348	1.35123824867873
"rs1600670"	0.219254270362155	348	1.35123824867873
"rs1600739"	0.219254270362155	348	1.35123824867873
"rs1600814"	0.219254270362155	348	1.35123824867873
"rs1599767"	0.219254270362157	348	1.35123824867872
"rs1599770"	0.219254270362157	348	1.35123824867872
"rs1599812"	0.219254270362157	348	1.35123824867872
"rs1599842"	0.219254270362167	348	1.35123824867872
"rs503466"	0.219312082648067	348	1.25957866834659
"rs1789226"	0.21935575280729	348	0.826079622318176
"rs1716520"	0.219417628015778	348	1.31332166319268
"rs1696338"	0.21942400505017	348	0.746801832222694
"rs1368955"	0.219497274648861	348	1.10454362539716
"rs1568926"	0.219512279855393	348	1.96585248536454
"rs460325"	0.219560407511024	348	1.17515888039962
"rs1832350"	0.219580711003605	348	0.789616898053351
"rs489116"	0.219590588740184	348	0.893657992578523
"rs576866"	0.219645785779727	348	1.27943224131586
"rs2039446"	0.21965195496936	348	0.642260306940246
"rs2041355"	0.21965195496936	348	0.642260306940246
"rs2042379"	0.21965195496936	348	0.642260306940246
"rs2042422"	0.21965195496936	348	0.642260306940246
"rs2042616"	0.21965195496936	348	0.642260306940246
"rs2048123"	0.219676983920751	348	1.0885834216741
"rs91979"	0.219729507439028	348	1.23003654026216
"rs1907635"	0.219755416490754	348	1.17581532955112
"rs1784446"	0.219801607340106	348	0.777268381748838
"rs1809693"	0.219882109195739	348	1.76755589580524
"rs1369271"	0.219932822894013	348	1.10429734526245
"rs177882"	0.219952526675272	348	0.798991227698029
"rs823684"	0.219965370641307	348	0.805828397971468
"rs393859"	0.220042489683737	348	1.31192692706179
"rs1839435"	0.220065081249299	348	0.767581810396223
"rs366405"	0.220089126027027	348	1.49814805657545
"rs811916"	0.220134613136936	348	0.862097919822663
"rs811921"	0.220134613136936	348	0.862097919822663
"rs811927"	0.220134613136936	348	0.862097919822663
"rs811933"	0.220134613136936	348	0.862097919822663
"rs811942"	0.220134613136936	348	0.862097919822663
"rs811954"	0.220134613136936	348	0.862097919822663
"rs35810"	0.220141775532863	348	1.2850343548091
"rs770213"	0.220143772838788	348	1.15672416247242
"rs1650469"	0.220156986814409	348	0.776906213069028
"rs226175"	0.220192891457468	348	0.783952456877044
"rs226184"	0.220192891457468	348	0.783952456877044
"rs1756567"	0.220227967478158	348	1.2474913712764
"rs613392"	0.220240251147065	348	0.769831097389135
"rs1376011"	0.220280951823148	348	1.40117018148573
"rs1619240"	0.220288058470933	348	1.2127724115904
"rs2112069"	0.220306426801058	348	1.33214985410989
"rs1324560"	0.220389421240475	348	0.795708143884486
"rs203042"	0.220443844959571	348	1.96421261166979
"rs1602925"	0.220443844959571	348	1.96421261166979
"rs2075285"	0.220462717599855	348	1.28535600529417
"rs292059"	0.220467426287905	348	1.40596545992166
"rs292255"	0.220467426287905	348	1.40596545992166
"rs1194331"	0.220481586999958	348	0.7943467113425
"rs732444"	0.22051465056485	348	0.936622596875463
"rs2106363"	0.220539494305886	348	1.26879979291351
"rs1323203"	0.220541291214601	348	1.25277226185175
"rs113406"	0.220544609897213	348	0.897516097504266
"rs147004"	0.220606005544778	348	0.87175757003473
"rs147013"	0.220606005544778	348	0.87175757003473
"rs899467"	0.22066675255522	348	0.750490158321296
"rs364740"	0.220692022731539	348	1.21775858472462
"rs579826"	0.220702604818253	348	0.671803235542583
"rs942964"	0.220707835168466	348	1.24688128712324
"rs512385"	0.220736243595267	348	0.652858888969433
"rs512398"	0.220736243595267	348	0.652858888969433
"rs264680"	0.220758425856804	348	1.11400286475093
"rs668759"	0.220760663359363	348	0.799806046264226
"rs2098421"	0.220822407729393	348	1.45696520493977
"rs1790331"	0.220863237228695	348	1.30532292441238
"rs1790334"	0.220863237228695	348	1.30532292441238
"rs1790340"	0.220863237228695	348	1.30532292441238
"rs1790343"	0.220863237228695	348	1.30532292441238
"rs1790349"	0.220863237228695	348	1.30532292441238
"rs1790352"	0.220863237228695	348	1.30532292441238
"rs1790355"	0.220863237228695	348	1.30532292441238
"rs1790360"	0.220863237228695	348	1.30532292441238
"rs49123"	0.220898922332243	348	1.28885776339687
"rs820041"	0.220901342897422	348	0.789069233258132
"rs1445360"	0.22094017514727	348	1.2123307000607
"rs930739"	0.22096472585826	348	1.23703567036638
"rs510007"	0.221005374952183	348	0.818804651910472
"rs1046021"	0.221008144325822	348	1.24404713164331
"rs645680"	0.221027318800932	348	0.774937920403868
"rs2021335"	0.221072577512146	348	0.720831116685528
"rs796575"	0.221078879725258	348	1.95628054780177
"rs417655"	0.221092445082224	348	1.34548006141942
"rs1714016"	0.221096707080336	348	0.868613145989526
"rs299849"	0.22116248655775	348	1.26982500571642
"rs300050"	0.22116248655775	348	1.26982500571642
"rs875984"	0.22117200567514	348	1.95532658608172
"rs341301"	0.221172228603659	348	1.20858918006551
"rs23468"	0.221179338654711	348	1.22301527475234
"rs2116306"	0.221182740070498	348	1.20888882882784
"rs1616423"	0.221250668757508	348	0.871050778951395
"rs2131708"	0.221256326596687	348	0.887593908687783
"rs896289"	0.221266225731764	348	0.797912467796414
"rs1164775"	0.221272061372309	348	1.2478799553635
"rs1632948"	0.221294854114455	348	1.05368876155859
"rs473166"	0.221308753980386	348	0.763402034783743
"rs413667"	0.221328928827833	348	0.769274217555297
"rs1649112"	0.221346953822901	348	1.28088420937468
"rs2042180"	0.221355328386244	348	0.75446327913153
"rs42353"	0.221384389250464	348	1.17759335087255
"rs1863260"	0.221387325649939	348	0.776861682231096
"rs2123834"	0.221440005704296	348	0.836169588356379
"rs1365397"	0.221463141328171	348	1.22866621255971
"rs1755480"	0.221478406680571	348	1.2481792819957
"rs1347752"	0.221493020781647	348	1.42818620370647
"rs1347921"	0.221493020781647	348	1.42818620370647
"rs48156"	0.221562834395486	348	0.776847715154863
"rs1071076"	0.221570065867007	348	1.25195715488729
"rs488252"	0.221582797945495	348	1.42747402355559
"rs488954"	0.221603092102609	348	0.459187217079077
"rs1632476"	0.221608865168369	348	1.75174940784235
"rs1741434"	0.221608865168369	348	1.75174940784235
"rs1023246"	0.221726390483246	348	0.504444289570065
"rs1666944"	0.221841992488144	348	1.5469932717425
"rs182642"	0.221842073792562	348	0.786412842449928
"rs182648"	0.221842073792562	348	0.786412842449928
"rs1368958"	0.221860733955397	348	1.10430263324588
"rs68420"	0.22186652320132	348	0.794782991745619
"rs1649119"	0.22191165394017	348	25.1869138432794
"rs1839420"	0.221927822944525	348	0.773271551924659
"rs562219"	0.22196347523914	348	0.877449698360785
"rs341419"	0.221996726060323	348	0.821103524231615
"rs63296"	0.222002587287357	348	0.61593900826361
"rs364750"	0.222008739570247	348	0.838234511169855
"rs364756"	0.222008739570247	348	0.838234511169855
"rs44973"	0.222046256226565	348	0.760688821990097
"rs97262"	0.222054432331697	348	1.22879366133249
"rs2011022"	0.222077126988603	348	1.39667990203561
"rs1663426"	0.222084195069282	348	1.25705064644686
"rs568927"	0.222086028861146	348	1.19377161743553
"rs1900800"	0.222136164650127	348	1.96263950080808
"rs513056"	0.222145213820054	348	0.548099816871519
"rs2073903"	0.222145213820054	348	0.548099816871519
"rs301620"	0.222145213820055	348	1.8244851926933
"rs301129"	0.222145213820062	348	1.82448519269331
"rs1650347"	0.222160761177544	348	0.775017288415158
"rs544799"	0.222177842548484	348	1.2005495797989
"rs1601102"	0.22218240379405	348	1.37601487815785
"rs225322"	0.222201552079656	348	1.12461875656162
"rs842715"	0.222269837003217	348	1.26235458355667
"rs1186203"	0.222297750864688	348	0.835780091779102
"rs638631"	0.222371888691233	348	0.705309888490708
"rs1779369"	0.222376031243948	348	0.818431167130392
"rs1700046"	0.222408513203845	348	0.827818603983404
"rs1700050"	0.222408513203845	348	0.827818603983404
"rs2144697"	0.222414619272627	348	1.25522916733356
"rs203141"	0.222432616152219	348	1.32398149034884
"rs1779984"	0.222473158150261	348	1.53126264250906
"rs129236"	0.222499842431981	348	1.22674671456336
"rs129239"	0.222499842431981	348	1.22674671456336
"rs414013"	0.222502174020507	348	0.7697078696034
"rs1372738"	0.222505351062396	348	0.900233930207699
"rs1636973"	0.22252215976557	348	1.14395755854171
"rs71327"	0.222526522798333	348	1.20986472725186
"rs304828"	0.22254893718397	348	1.24359727014031
"rs941982"	0.222617134261217	348	1.4212630404479
"rs942054"	0.222617134261217	348	1.4212630404479
"rs1637394"	0.222634293825475	348	0.921357648614248
"rs297635"	0.222649199367966	348	1.86008416731304
"rs70308"	0.22270110180764	348	0.800750916998654
"rs396046"	0.222728609139122	348	0.799059547693315
"rs396049"	0.222728609139122	348	0.799059547693315
"rs936963"	0.222751828318545	348	0.748192683619487
"rs489117"	0.222757868677613	348	0.895727602279468
"rs1754982"	0.222758503748022	348	1.24637946235576
"rs349810"	0.22277933671682	348	1.23303916834735
"rs1663821"	0.222783082983504	348	0.922495386212183
"rs1286068"	0.22287006949343	348	0.869735030078638
"rs976605"	0.222879544920638	348	0.670717640171974
"rs854740"	0.222894501465655	348	0.811255339061988
"rs135590"	0.222902719433253	348	0.797858926277
"rs135594"	0.222902719433253	348	0.797858926277
"rs135595"	0.222902719433253	348	0.797858926277
"rs135598"	0.222902719433253	348	0.797858926277
"rs1046915"	0.222951709712842	348	1.24919957219285
"rs507838"	0.222964493852208	348	1.22995533045174
"rs351409"	0.222983230295801	348	0.756465381007899
"rs1808961"	0.223002564559356	348	1.24950006569008
"rs351116"	0.223035876825141	348	0.82341519387848
"rs908550"	0.223047725366899	348	0.789688295769827
"rs507992"	0.223054757932458	348	0.77481804480972
"rs507993"	0.223054757932458	348	0.77481804480972
"rs507999"	0.223054757932458	348	0.77481804480972
"rs350609"	0.223083589072615	348	0.836043972645467
"rs118109"	0.223112826314437	348	1.10997892871349
"rs1832540"	0.223142434474764	348	1.26146517968583
"rs374191"	0.223162905012906	348	1.62999397419536
"rs1070740"	0.22316290501291	348	1.62999397419538
"rs499505"	0.223164753610844	348	1.22269619897825
"rs574210"	0.223171018683301	348	0.623117604840406
"rs354516"	0.223172005045988	348	1.07431192727082
"rs1857499"	0.223219644715886	348	0.814900899418207
"rs2170705"	0.223230700219114	348	0.872294564692181
"rs2170711"	0.223230700219114	348	0.872294564692181
"rs1300088"	0.223245684552903	348	0.82517017463149
"rs1599782"	0.223250951924499	348	1.31595707450149
"rs2159142"	0.223309772589704	348	1.18683783253745
"rs360483"	0.223340044876317	348	0.734382450259388
"rs597743"	0.223348199381025	348	0.659127576828589
"rs867503"	0.22340207265045	348	1.16474824079742
"rs1843857"	0.223410420421082	348	0.815044009624582
"rs1120210"	0.223421684844332	348	0.805399039110846
"rs321489"	0.223427615552211	348	1.35160783996211
"rs413600"	0.223453829961283	348	0.770137688126973
"rs413611"	0.223453829961283	348	0.770137688126973
"rs413618"	0.223453829961283	348	0.770137688126973
"rs413645"	0.223453829961283	348	0.770137688126973
"rs413646"	0.223453829961283	348	0.770137688126973
"rs413647"	0.223453829961283	348	0.770137688126973
"rs413654"	0.223453829961283	348	0.770137688126973
"rs413678"	0.223453829961283	348	0.770137688126973
"rs1104272"	0.223529010888505	348	0.797240704704893
"rs50678"	0.223548663926686	348	0.5541243761288
"rs51739"	0.223548663926686	348	0.5541243761288
"rs439074"	0.223548663926686	348	0.5541243761288
"rs1590561"	0.223548663926686	348	0.5541243761288
"rs2049343"	0.223548663926686	348	0.5541243761288
"rs1662089"	0.223548663926689	348	0.554124376128798
"rs1401081"	0.223552082904057	348	0.736489972644969
"rs1124014"	0.223587517776234	348	0.681397540140931
"rs48059"	0.223595990249972	348	0.776333772649197
"rs937119"	0.223620505159247	348	0.690174557471501
"rs532697"	0.223629758594032	348	1.5332047593325
"rs533411"	0.223629758594032	348	1.5332047593325
"rs734008"	0.223642660995544	348	1.33250476241894
"rs507780"	0.223658191533152	348	1.22940726264154
"rs507822"	0.223658191533152	348	1.22940726264154
"rs223946"	0.223683531853922	348	1.35301850580093
"rs1907706"	0.22369415193004	348	0.873921100855998
"rs350753"	0.223694422740877	348	0.716362560052326
"rs1565422"	0.223697014363568	348	1.32648210945431
"rs1565424"	0.223697014363568	348	1.32648210945431
"rs1565427"	0.223697014363568	348	1.32648210945431
"rs1565430"	0.223697014363568	348	1.32648210945431
"rs1565433"	0.223697014363568	348	1.32648210945431
"rs1565434"	0.223697014363568	348	1.32648210945431
"rs1565435"	0.223697014363568	348	1.32648210945431
"rs1565436"	0.223697014363568	348	1.32648210945431
"rs1565439"	0.223697014363568	348	1.32648210945431
"rs1565441"	0.223697014363568	348	1.32648210945431
"rs372385"	0.223721912472496	348	1.53018361971488
"rs372386"	0.223721912472496	348	1.53018361971488
"rs2135258"	0.223749417231873	348	1.26895076235238
"rs931150"	0.223787215310885	348	0.777367613847086
"rs931183"	0.223787215310885	348	0.777367613847086
"rs509983"	0.223801522576432	348	1.33080315176238
"rs342022"	0.223852017022914	348	1.36263887919511
"rs806676"	0.223922949454932	348	0.839624905487652
"rs1092675"	0.223965271429575	348	0.788301596502515
"rs628543"	0.22398552894701	348	0.763843966683367
"rs1286084"	0.22401229330507	348	0.725215223749822
"rs1756890"	0.224025172380403	348	1.24961921905326
"rs224747"	0.224031738608959	348	0.683982242252667
"rs226413"	0.224045381290934	348	1.12092229655368
"rs919560"	0.224101399364262	348	1.34050810393225
"rs388426"	0.224174993029061	348	1.34160365855678
"rs742873"	0.224230144851106	348	1.24425563845893
"rs1423458"	0.224311425027079	348	1.47540361694082
"rs409842"	0.224315797786312	348	0.776583180992904
"rs409848"	0.224315797786312	348	0.776583180992904
"rs1846158"	0.224321041635141	348	0.775131832001126
"rs1708539"	0.224341082576177	348	1.23347545204515
"rs2089388"	0.224352526029289	348	0.824830375565866
"rs2089393"	0.224352526029289	348	0.824830375565866
"rs2089394"	0.224352526029289	348	0.824830375565866
"rs2089400"	0.224352526029289	348	0.824830375565866
"rs2089403"	0.224352526029289	348	0.824830375565866
"rs322645"	0.224360026475035	348	1.10558597734021
"rs698936"	0.224392046777439	348	1.39895256156787
"rs140683"	0.224429475241739	348	0.7544694932939
"rs1111992"	0.224430248273929	348	1.30735645165095
"rs937966"	0.224432741683928	348	0.710669130850358
"rs931158"	0.224445081730279	348	0.777660994003294
"rs1294749"	0.224467040268347	348	0.796813546160065
"rs1100931"	0.224495332315323	348	1.4116882387569
"rs1316089"	0.224535513796717	348	1.35418845771774
"rs1316111"	0.224535513796717	348	1.35418845771774
"rs1921971"	0.224573598603358	348	0.753612881455625
"rs1771831"	0.224579933390509	348	1.51325599580963
"rs1772274"	0.224579933390509	348	1.51325599580963
"rs765022"	0.224601367045865	348	1.14931915547596
"rs491441"	0.22462806858656	348	1.10920502658626
"rs133153"	0.224653499927708	348	0.844550474196261
"rs410064"	0.224664988026209	348	1.34049131992147
"rs410069"	0.224664988026209	348	1.34049131992147
"rs410071"	0.224664988026209	348	1.34049131992147
"rs410079"	0.224664988026209	348	1.34049131992147
"rs117910"	0.224683616077727	348	0.870568396025234
"rs226476"	0.224737689369228	348	1.10518490671698
"rs1649122"	0.224760649921104	348	1.27865524933101
"rs1649124"	0.224760649921104	348	1.27865524933101
"rs1649125"	0.224760649921104	348	1.27865524933101
"rs1649157"	0.224760649921104	348	1.27865524933101
"rs116407"	0.224808705239406	348	0.867409421971606
"rs116408"	0.224808705239406	348	0.867409421971606
"rs1339274"	0.224809294742399	348	0.841606998918292
"rs2060978"	0.224825957519097	348	1.26627656427319
"rs1178257"	0.224826032556574	348	0.825695876094019
"rs1178293"	0.224826032556574	348	0.825695876094019
"rs1178354"	0.224826032556574	348	0.825695876094019
"rs1178477"	0.224826032556574	348	0.825695876094019
"rs1178775"	0.224826032556574	348	0.825695876094019
"rs1178795"	0.224826032556574	348	0.825695876094019
"rs1178916"	0.224826032556574	348	0.825695876094019
"rs1179099"	0.224826032556574	348	0.825695876094019
"rs1179181"	0.224826032556574	348	0.825695876094019
"rs1179188"	0.224826032556574	348	0.825695876094019
"rs1179190"	0.224826032556574	348	0.825695876094019
"rs1179217"	0.224826032556574	348	0.825695876094019
"rs1179543"	0.224826032556574	348	0.825695876094019
"rs1179560"	0.224826032556574	348	0.825695876094019
"rs1179621"	0.224826032556574	348	0.825695876094019
"rs1179630"	0.224826032556574	348	0.825695876094019
"rs1179719"	0.224826032556574	348	0.825695876094019
"rs1179825"	0.224826032556574	348	0.825695876094019
"rs1179869"	0.224826032556574	348	0.825695876094019
"rs1179875"	0.224826032556574	348	0.825695876094019
"rs1180012"	0.224826032556574	348	0.825695876094019
"rs1180020"	0.224826032556574	348	0.825695876094019
"rs1180062"	0.224826032556574	348	0.825695876094019
"rs1180095"	0.224826032556574	348	0.825695876094019
"rs1180179"	0.224826032556574	348	0.825695876094019
"rs1180350"	0.224826032556574	348	0.825695876094019
"rs1180720"	0.224826032556574	348	0.825695876094019
"rs1180880"	0.224826032556574	348	0.825695876094019
"rs1180977"	0.224826032556574	348	0.825695876094019
"rs1181263"	0.224826032556574	348	0.825695876094019
"rs1181693"	0.224826032556574	348	0.825695876094019
"rs1181763"	0.224826032556574	348	0.825695876094019
"rs1181838"	0.224826032556574	348	0.825695876094019
"rs1181845"	0.224826032556574	348	0.825695876094019
"rs1181850"	0.224826032556574	348	0.825695876094019
"rs1181927"	0.224826032556574	348	0.825695876094019
"rs1181950"	0.224826032556574	348	0.825695876094019
"rs1182005"	0.224826032556574	348	0.825695876094019
"rs1182014"	0.224826032556574	348	0.825695876094019
"rs1182044"	0.224826032556574	348	0.825695876094019
"rs1182099"	0.224826032556574	348	0.825695876094019
"rs1182156"	0.224826032556574	348	0.825695876094019
"rs1182177"	0.224826032556574	348	0.825695876094019
"rs1182195"	0.224826032556574	348	0.825695876094019
"rs1182283"	0.224826032556574	348	0.825695876094019
"rs1182300"	0.224826032556574	348	0.825695876094019
"rs1182360"	0.224826032556574	348	0.825695876094019
"rs1182483"	0.224826032556574	348	0.825695876094019
"rs1182504"	0.224826032556574	348	0.825695876094019
"rs1182580"	0.224826032556574	348	0.825695876094019
"rs1182842"	0.224826032556574	348	0.825695876094019
"rs1182937"	0.224826032556574	348	0.825695876094019
"rs1183003"	0.224826032556574	348	0.825695876094019
"rs1183004"	0.224826032556574	348	0.825695876094019
"rs1183007"	0.224826032556574	348	0.825695876094019
"rs1183110"	0.224826032556574	348	0.825695876094019
"rs1183114"	0.224826032556574	348	0.825695876094019
"rs1183141"	0.224826032556574	348	0.825695876094019
"rs1183180"	0.224826032556574	348	0.825695876094019
"rs1183219"	0.224826032556574	348	0.825695876094019
"rs1183252"	0.224826032556574	348	0.825695876094019
"rs1183297"	0.224826032556574	348	0.825695876094019
"rs1183424"	0.224826032556574	348	0.825695876094019
"rs1183452"	0.224826032556574	348	0.825695876094019
"rs1183510"	0.224826032556574	348	0.825695876094019
"rs1183571"	0.224826032556574	348	0.825695876094019
"rs1183612"	0.224826032556574	348	0.825695876094019
"rs1183657"	0.224826032556574	348	0.825695876094019
"rs1183663"	0.224826032556574	348	0.825695876094019
"rs1183723"	0.224826032556574	348	0.825695876094019
"rs1183742"	0.224826032556574	348	0.825695876094019
"rs1184009"	0.224826032556574	348	0.825695876094019
"rs1184161"	0.224826032556574	348	0.825695876094019
"rs1184233"	0.224826032556574	348	0.825695876094019
"rs1184566"	0.224826032556574	348	0.825695876094019
"rs1184668"	0.224826032556574	348	0.825695876094019
"rs1185340"	0.224826032556574	348	0.825695876094019
"rs1185472"	0.224826032556574	348	0.825695876094019
"rs1185544"	0.224826032556574	348	0.825695876094019
"rs1185589"	0.224826032556574	348	0.825695876094019
"rs1185664"	0.224826032556574	348	0.825695876094019
"rs1185670"	0.224826032556574	348	0.825695876094019
"rs1185781"	0.224826032556574	348	0.825695876094019
"rs1185819"	0.224826032556574	348	0.825695876094019
"rs1186013"	0.224826032556574	348	0.825695876094019
"rs1186069"	0.224826032556574	348	0.825695876094019
"rs1186129"	0.224826032556574	348	0.825695876094019
"rs1186198"	0.224826032556574	348	0.825695876094019
"rs1186615"	0.224826032556574	348	0.825695876094019
"rs1186654"	0.224826032556574	348	0.825695876094019
"rs1186761"	0.224826032556574	348	0.825695876094019
"rs1186795"	0.224826032556574	348	0.825695876094019
"rs1186801"	0.224826032556574	348	0.825695876094019
"rs1186855"	0.224826032556574	348	0.825695876094019
"rs1186897"	0.224826032556574	348	0.825695876094019
"rs1186957"	0.224826032556574	348	0.825695876094019
"rs1187093"	0.224826032556574	348	0.825695876094019
"rs1187099"	0.224826032556574	348	0.825695876094019
"rs1187151"	0.224826032556574	348	0.825695876094019
"rs1187674"	0.224826032556574	348	0.825695876094019
"rs1187697"	0.224826032556574	348	0.825695876094019
"rs1187792"	0.224826032556574	348	0.825695876094019
"rs1188176"	0.224826032556574	348	0.825695876094019
"rs1188373"	0.224826032556574	348	0.825695876094019
"rs1188450"	0.224826032556574	348	0.825695876094019
"rs1188687"	0.224826032556574	348	0.825695876094019
"rs1188799"	0.224826032556574	348	0.825695876094019
"rs1189084"	0.224826032556574	348	0.825695876094019
"rs1189404"	0.224826032556574	348	0.825695876094019
"rs1189452"	0.224826032556574	348	0.825695876094019
"rs1189536"	0.224826032556574	348	0.825695876094019
"rs1189824"	0.224826032556574	348	0.825695876094019
"rs1189827"	0.224826032556574	348	0.825695876094019
"rs1189844"	0.224826032556574	348	0.825695876094019
"rs1189878"	0.224826032556574	348	0.825695876094019
"rs1189887"	0.224826032556574	348	0.825695876094019
"rs1189902"	0.224826032556574	348	0.825695876094019
"rs1189920"	0.224826032556574	348	0.825695876094019
"rs1189965"	0.224826032556574	348	0.825695876094019
"rs1189994"	0.224826032556574	348	0.825695876094019
"rs1190139"	0.224826032556574	348	0.825695876094019
"rs1190157"	0.224826032556574	348	0.825695876094019
"rs347297"	0.224829763740316	348	0.823512708496688
"rs326464"	0.224868079453439	348	0.712322911279811
"rs1982498"	0.224942347070946	348	0.639736557145707
"rs1816020"	0.224950826614292	348	0.745375153890188
"rs1302188"	0.224954155778075	348	1.22909011523118
"rs104148"	0.225021208698258	348	0.823334535489649
"rs174729"	0.22505213068834	348	1.73958117621302
"rs492866"	0.225053416021739	348	0.487789749074236
"rs1647533"	0.225068327769993	348	0.797550173449474
"rs322281"	0.225120870071748	348	10.524481264258
"rs322282"	0.225120870071749	348	1.3000545166582
"rs1931926"	0.22513189491587	348	1.36074748825028
"rs1773960"	0.225141411650026	348	1.30989385893437
"rs1020268"	0.225151847392612	348	1.29817297594489
"rs515500"	0.225153601758591	348	1.22122905259472
"rs911701"	0.22515992560435	348	1.5114852472627
"rs1292524"	0.225161557526798	348	0.810677297375463
"rs80803"	0.225166558852596	348	0.651512454980786
"rs1141473"	0.22519403897861	348	0.756575347980483
"rs891151"	0.225273755056232	348	1.34800541329096
"rs891215"	0.225273755056232	348	1.34800541329096
"rs1206710"	0.225288112072169	348	1.14959728214352
"rs221006"	0.225297903431738	348	0.803491778229762
"rs1531513"	0.225325014842613	348	1.21859081707282
"rs272152"	0.225363213469172	348	0.761235360082723
"rs1755800"	0.225389525575371	348	1.24157589565545
"rs1687801"	0.225409970127231	348	1.58716045492527
"rs797611"	0.225410247596047	348	1.17612912507865
"rs1756286"	0.22541507060749	348	1.24495060350855
"rs1757742"	0.22541507060749	348	1.24495060350855
"rs1758607"	0.22541507060749	348	1.24495060350855
"rs1669654"	0.225422600831514	348	1.37208287377056
"rs413505"	0.225443779253806	348	0.77099945886535
"rs2145897"	0.225477309854022	348	1.41362525651033
"rs2145900"	0.225477309854022	348	1.41362525651033
"rs2145909"	0.225477309854022	348	1.41362525651033
"rs1344654"	0.22547798531955	348	0.760474127486318
"rs1561811"	0.22548520562408	348	1.21355775093955
"rs936659"	0.225512142077796	348	0.76972604526227
"rs937368"	0.225512142077796	348	0.76972604526227
"rs937982"	0.225575244639136	348	0.709369874818248
"rs938001"	0.225575244639136	348	0.709369874818248
"rs480219"	0.225583425287099	348	1.27335902219463
"rs2136667"	0.225613555097236	348	1.24711241781759
"rs1063151"	0.225643994856164	348	1.23110953137229
"rs1171879"	0.225694713995746	348	1.21632430603003
"rs2003022"	0.225759546726612	348	0.827906759723452
"rs552957"	0.225768472029989	348	1.41006172335661
"rs930265"	0.225811010210421	348	0.778194840530789
"rs931230"	0.225811010210421	348	0.778194840530789
"rs473896"	0.225819210056652	348	1.23841702223642
"rs74207"	0.225833178357138	348	0.773832843509264
"rs1677739"	0.22585109916921	348	0.770909242029221
"rs1286403"	0.225878545504515	348	0.849759990961468
"rs2211254"	0.225895054040932	348	0.709656517584382
"rs854617"	0.225924544899872	348	0.806860926200376
"rs854656"	0.225924544899872	348	0.806860926200376
"rs854663"	0.225924544899872	348	0.806860926200376
"rs854665"	0.225924544899872	348	0.806860926200376
"rs1375834"	0.225938317394915	348	0.711188461386322
"rs1014103"	0.225950501912162	348	0.888277852289766
"rs1415453"	0.225959510012452	348	0.639144865082177
"rs2168997"	0.225981310276004	348	0.856951704292296
"rs340600"	0.225990664167772	348	0.881195733480671
"rs1764224"	0.226129146033638	348	0.943723208682914
"rs858849"	0.226174380636298	348	1.09071111606519
"rs1093675"	0.226230961023402	348	0.783524348248325
"rs1159491"	0.22624776766327	348	0.828557359140658
"rs464975"	0.226255768625066	348	1.22040450416118
"rs464977"	0.226255768625066	348	1.22040450416118
"rs1651943"	0.226268784785795	348	1.25711401226288
"rs1937786"	0.226277933897894	348	0.774250867939105
"rs2119934"	0.226285294803815	348	1.28604725268372
"rs2119937"	0.226285294803815	348	1.28604725268372
"rs2119940"	0.226285294803815	348	1.28604725268372
"rs2119941"	0.226285294803815	348	1.28604725268372
"rs1650893"	0.226285371661361	348	0.772590374190082
"rs1650919"	0.226285371661361	348	0.772590374190082
"rs634410"	0.226310597719564	348	0.635647246828431
"rs1900671"	0.22631076623258	348	1.95402710543134
"rs878268"	0.226420382412976	348	0.791931313908236
"rs1737961"	0.226437587590501	348	1.18485054511542
"rs1065005"	0.226460939079088	348	0.79004142839069
"rs1085830"	0.226463316654697	348	1.28019100289413
"rs1070512"	0.226502159593852	348	0.81581952574672
"rs1070515"	0.226502159593852	348	0.81581952574672
"rs963879"	0.226512270464162	348	0.77576313547025
"rs964471"	0.226512270464162	348	0.77576313547025
"rs964688"	0.226512270464162	348	0.77576313547025
"rs547222"	0.226587619299894	348	0.777883690476248
"rs598263"	0.226589957789303	348	0.660981452664767
"rs587559"	0.226599193293968	348	0.791108078177958
"rs414107"	0.226613386488589	348	1.42152361092354
"rs414119"	0.226613386488589	348	1.42152361092354
"rs1125198"	0.226615640148948	348	1.06910120697716
"rs1875939"	0.2266259829079	348	2.29528774897286
"rs1755955"	0.226629104937201	348	1.24845731622065
"rs1757823"	0.226629104937201	348	1.24845731622065
"rs1758486"	0.226629104937201	348	1.24845731622065
"rs2053741"	0.226698819130194	348	1.25428344463862
"rs97997"	0.226718201970216	348	1.31709316792329
"rs633212"	0.226756843368267	348	1.57051469640168
"rs633227"	0.226756843368267	348	1.57051469640168
"rs634789"	0.226756843368267	348	1.57051469640168
"rs1959698"	0.226788742181765	348	0.952463343116896
"rs1104318"	0.226796643828039	348	1.92791838336316
"rs1104332"	0.226796643828039	348	1.92791838336316
"rs1104356"	0.226796643828039	348	1.92791838336316
"rs1104428"	0.226796643828039	348	1.92791838336316
"rs1104491"	0.226796643828039	348	1.92791838336316
"rs1104648"	0.226796643828039	348	1.92791838336316
"rs1104688"	0.226796643828039	348	1.92791838336316
"rs1104689"	0.226796643828039	348	1.92791838336316
"rs2017870"	0.226800437371515	348	1.44311513866326
"rs855814"	0.226802362873721	348	0.690486004555904
"rs426382"	0.226822462488119	348	1.3948776162112
"rs426391"	0.226822462488119	348	1.3948776162112
"rs225627"	0.226834184289203	348	0.562097433578419
"rs225675"	0.226834184289203	348	0.562097433578419
"rs225690"	0.226834184289203	348	0.562097433578419
"rs1978886"	0.226895856200755	348	1.1414175600894
"rs1046817"	0.226899127439483	348	0.721853481174189
"rs392899"	0.226942028103421	348	1.33248366191372
"rs392896"	0.226942028103427	348	1.33248366191372
"rs1714502"	0.227035246287997	348	1.29766946055982
"rs1552722"	0.227046374306903	348	0.904939103438537
"rs1779513"	0.227143616878456	348	1.27746634744494
"rs1180389"	0.22715951451873	348	0.835288104429121
"rs1184700"	0.22715951451873	348	0.835288104429121
"rs1987813"	0.227202879681412	348	1.17782667903124
"rs1374072"	0.227213010494697	348	1.26574010628968
"rs899030"	0.227279704937421	348	0.794533148164301
"rs565962"	0.2272848693868	348	1.24210762361633
"rs463840"	0.227311751599788	348	2.2747927267018
"rs845759"	0.227312807237436	348	0.817046730749566
"rs566265"	0.227319626624925	348	1.08592659660427
"rs1315945"	0.227323272783735	348	0.752888344847255
"rs1598590"	0.227334264751918	348	1.18078279588808
"rs1347876"	0.227374242608001	348	1.41815781360219
"rs1296128"	0.227433506527648	348	0.909740087398872
"rs1615124"	0.227553552454433	348	1.20984922023806
"rs938192"	0.22756114300908	348	0.71293686215268
"rs1562188"	0.227563903686185	348	0.72754627073708
"rs699800"	0.22763603455689	348	1.06127065004536
"rs2106651"	0.22765530667277	348	1.15391632867072
"rs1372670"	0.227668855734695	348	0.753822050314416
"rs302833"	0.227672868023455	348	0.833591895167434
"rs1564320"	0.22768296269606	348	1.26919136770387
"rs2123807"	0.227694056998606	348	0.823126672920757
"rs1991196"	0.22772079915579	348	1.16350502107754
"rs1564159"	0.227765990011093	348	1.31777790469306
"rs943784"	0.227775481271409	348	1.16533461249882
"rs930460"	0.227787701803217	348	0.779071268196824
"rs2159087"	0.227794985527803	348	1.19848952295093
"rs2181246"	0.227806607915888	348	0.765006775658293
"rs585931"	0.227810453877447	348	2.59023151424598e-05
"rs483882"	0.227810453878853	348	0.000812767128763173
"rs490653"	0.227810453878869	348	0.462080597020317
"rs490883"	0.227810453878869	348	0.462080597020317
"rs491033"	0.227810453878869	348	0.462080597020317
"rs491060"	0.227810453878869	348	0.462080597020317
"rs608701"	0.227810453878869	348	0.462080597020317
"rs608704"	0.227810453878869	348	0.462080597020317
"rs1003703"	0.227810453878874	348	2.16412462771299
"rs327160"	0.227810453878879	348	2.16412462771298
"rs294782"	0.227810453878881	348	2.16412462771303
"rs295536"	0.227810453878881	348	2.16412462771303
"rs296320"	0.227810453878881	348	2.16412462771303
"rs299059"	0.227810453878881	348	2.16412462771303
"rs300231"	0.227810453878881	348	2.16412462771303
"rs300379"	0.227810453878881	348	2.16412462771303
"rs303941"	0.227810453878881	348	2.16412462771303
"rs325172"	0.227810453878881	348	2.16412462771303
"rs325223"	0.227810453878881	348	2.16412462771303
"rs325246"	0.227810453878881	348	2.16412462771303
"rs327214"	0.227810453878881	348	2.16412462771303
"rs328411"	0.227810453878881	348	2.16412462771303
"rs464508"	0.227810453878881	348	2.16412462771303
"rs464882"	0.227810453878881	348	2.16412462771303
"rs465321"	0.227810453878881	348	2.16412462771303
"rs467492"	0.227810453878881	348	2.16412462771303
"rs467754"	0.227810453878881	348	2.16412462771303
"rs467948"	0.227810453878881	348	2.16412462771303
"rs468516"	0.227810453878881	348	2.16412462771303
"rs475315"	0.227810453878881	348	2.16412462771303
"rs477675"	0.227810453878881	348	2.16412462771303
"rs633767"	0.227810453878881	348	2.16412462771303
"rs1001646"	0.227810453878881	348	2.16412462771303
"rs1001650"	0.227810453878881	348	2.16412462771303
"rs1002593"	0.227810453878881	348	2.16412462771303
"rs1002651"	0.227810453878881	348	2.16412462771303
"rs1006241"	0.227810453878881	348	2.16412462771303
"rs1007523"	0.227810453878881	348	2.16412462771303
"rs1132555"	0.227810453878881	348	2.16412462771303
"rs1134795"	0.227810453878881	348	2.16412462771303
"rs2055562"	0.227810453878881	348	2.16412462771303
"rs2155953"	0.227810453878881	348	2.16412462771303
"rs2156659"	0.227810453878881	348	2.16412462771303
"rs2007738"	0.227810453878881	348	0.462080597020318
"rs2008076"	0.227810453878881	348	0.462080597020318
"rs2008153"	0.227810453878881	348	0.462080597020318
"rs475876"	0.227810453878881	348	2.16412462771302
"rs116477"	0.227833095446289	348	0.894539229077271
"rs2070401"	0.227849861565476	348	1.22672112823024
"rs2040105"	0.227888526820156	348	0.93238858047751
"rs1064194"	0.227890963784933	348	0.79535453908475
"rs308405"	0.227898349904734	348	0.875098890062681
"rs1162419"	0.227915853028414	348	1.23405989907056
"rs1162422"	0.227915853028414	348	1.23405989907056
"rs1373857"	0.227926487353821	348	0.805551037803818
"rs545612"	0.227947945098298	348	1.266375961655
"rs577154"	0.227970911823011	348	0.77092691089353
"rs1086891"	0.227997452621318	348	1.22592875911665
"rs155085"	0.228153699891527	348	0.852406052001563
"rs1778796"	0.228168774884856	348	1.33433108781488
"rs1542785"	0.228189341788731	348	1.38758936673296
"rs282337"	0.228298490222894	348	0.855317231499068
"rs1331195"	0.228323528563471	348	0.707438675672848
"rs466407"	0.22837144566261	348	1.26333528450032
"rs867954"	0.228377272665757	348	0.82364228301939
"rs175074"	0.228388747930686	348	1.24748079758384
"rs1118568"	0.228399624388436	348	0.770448974290678
"rs1118595"	0.228399624388436	348	0.770448974290678
"rs1118616"	0.228399624388436	348	0.770448974290678
"rs1118622"	0.228399624388436	348	0.770448974290678
"rs1706653"	0.228401835643318	348	1.52383635056087
"rs1961977"	0.228511370150771	348	0.810333615735583
"rs858339"	0.228521455207401	348	0.655547161673178
"rs464981"	0.228526602391921	348	1.22765896048871
"rs1839442"	0.228529181731305	348	0.772092740328688
"rs1286085"	0.228573720828639	348	0.862190744984186
"rs1352485"	0.22858273265988	348	0.804405135396996
"rs1352506"	0.22858273265988	348	0.804405135396996
"rs1352516"	0.22858273265988	348	0.804405135396996
"rs488952"	0.22860876593224	348	0.461084696332722
"rs488969"	0.22860876593224	348	0.461084696332722
"rs741239"	0.228666462742683	348	1.34503992703779
"rs1716808"	0.228702250103392	348	1.25978895702961
"rs904601"	0.228703677938886	348	1.25065503589891
"rs2211169"	0.228792524408678	348	0.627199971610017
"rs2211379"	0.228792524408678	348	0.627199971610017
"rs1481423"	0.228797249398667	348	0.815835327722034
"rs1998120"	0.228798898119236	348	0.706658575638883
"rs278841"	0.22881449552067	348	0.847003672125811
"rs1821021"	0.228825075510869	348	0.822630435710959
"rs1602872"	0.228859850798525	348	1.9355241261541
"rs1748613"	0.228864812756398	348	0.76226771215762
"rs809996"	0.228876658961113	348	0.780780768629763
"rs99684"	0.22890178880607	348	0.681810413960459
"rs99694"	0.22890178880607	348	0.681810413960459
"rs236663"	0.228999136594321	348	1.27351259012369
"rs239875"	0.229023632043787	348	0.711488834530908
"rs1893876"	0.229045573294009	348	0.781942622539069
"rs43233"	0.229149387534286	348	1.2952295733951
"rs43302"	0.229149387534286	348	1.2952295733951
"rs2055923"	0.22917456744688	348	1.23645229709784
"rs190252"	0.229203476757989	348	1.27705924958505
"rs190259"	0.229203476757989	348	1.27705924958505
"rs190262"	0.229203476757989	348	1.27705924958505
"rs1371399"	0.229238181164647	348	0.725422383918118
"rs1894435"	0.229261720298507	348	0.681404753455745
"rs1662634"	0.229264728593873	348	1.93675561501112
"rs1055677"	0.22926956823799	348	0.85794612456369
"rs566031"	0.229288386444882	348	0.836174885109671
"rs1174352"	0.229392688164105	348	0.847725781300909
"rs2210782"	0.229398369741706	348	1.30388739363881
"rs815770"	0.229411390860669	348	1.18449085481333
"rs815773"	0.229411390860669	348	1.18449085481333
"rs815777"	0.229411390860669	348	1.18449085481333
"rs815785"	0.229411390860669	348	1.18449085481333
"rs2143587"	0.229474621921897	348	1.26180726802692
"rs1369053"	0.229487972737338	348	1.10166346915898
"rs633071"	0.22949777576277	348	1.32901786927104
"rs1884329"	0.229629559638848	348	0.829171842515586
"rs1884330"	0.229629559638848	348	0.829171842515586
"rs341236"	0.229642881951036	348	1.22161715045122
"rs148143"	0.229658930139221	348	1.94224425439613
"rs360973"	0.229659834500469	348	1.26620481723668
"rs937404"	0.229725948439034	348	0.777067752486832
"rs796496"	0.229726825731157	348	1.94209866214947
"rs1653325"	0.229732363884995	348	0.792735083667445
"rs1653331"	0.229732363884995	348	1.26145546047197
"rs1653334"	0.229732363884995	348	1.26145546047197
"rs1822554"	0.229807189054936	348	1.12653871874856
"rs181344"	0.229857033759469	348	1.47393504147533
"rs579405"	0.229861136936777	348	1.25850484547911
"rs2015874"	0.229865933599306	348	1.09009071454492
"rs598305"	0.229925066626566	348	0.662971490752395
"rs435362"	0.229940158871951	348	0.844415266987446
"rs806625"	0.229993827918342	348	1.08287942206507
"rs92998"	0.229997692081346	348	0.59282625117316
"rs93000"	0.229997692081346	348	0.59282625117316
"rs1831216"	0.229997692081351	348	0.592826251173163
"rs2135705"	0.230045608264338	348	0.826145803759357
"rs1688483"	0.230081529809547	348	0.642640358801485
"rs1839540"	0.230142484755814	348	0.775191912411531
"rs1141350"	0.230149940314657	348	1.30759427868414
"rs290299"	0.230172709728354	348	0.917746274766092
"rs413557"	0.230180833750091	348	0.772923784402214
"rs413918"	0.230180833750091	348	0.772923784402214
"rs668303"	0.230215937802131	348	0.847936653886138
"rs151774"	0.230239551922567	348	1.23644204873048
"rs545423"	0.230259149245257	348	0.840977846687598
"rs151955"	0.23028448163141	348	0.858415057302948
"rs628306"	0.230295034767752	348	0.670278804619537
"rs279065"	0.230317897121834	348	0.601956032849861
"rs480617"	0.23032263534582	348	0.837771233622095
"rs1314938"	0.230339787960608	348	0.725226632002355
"rs1062402"	0.230345737740304	348	1.352278536024
"rs1062403"	0.230345737740304	348	1.352278536024
"rs1062404"	0.230345737740304	348	1.352278536024
"rs845906"	0.230349133515567	348	0.815025418317033
"rs1715115"	0.230396490817871	348	1.23102955525076
"rs85444"	0.230419953354006	348	0.764837888044483
"rs1102574"	0.230483525083499	348	0.716661718876216
"rs919563"	0.230525932383617	348	0.75608902305171
"rs919565"	0.230525932383617	348	0.75608902305171
"rs338694"	0.230554536294	348	0.718129717930187
"rs97996"	0.230561553551129	348	1.31435956300234
"rs1013936"	0.230621192827769	348	1.07440081687266
"rs1604041"	0.230624558976445	348	0.556250351060325
"rs679060"	0.230669729259839	348	0.696156318779016
"rs392108"	0.23068508677322	348	1.29446196073499
"rs392111"	0.23068508677322	348	1.29446196073499
"rs392114"	0.23068508677322	348	1.29446196073499
"rs242724"	0.230866444619733	348	0.819911038484121
"rs1018862"	0.230884589229754	348	1.48040763168406
"rs1619568"	0.230885558633107	348	0.723973036185842
"rs1657180"	0.230947491120053	348	1.45185043120386
"rs1657515"	0.230947491120053	348	1.45185043120386
"rs575414"	0.23104003397001	348	1.26743430957402
"rs132503"	0.231073068832619	348	1.41961497355886
"rs132507"	0.231073068832619	348	1.41961497355886
"rs132522"	0.231073068832619	348	1.41961497355886
"rs1331225"	0.231086464565202	348	0.801553954006974
"rs1327586"	0.231100954185475	348	1.2746683153989
"rs439592"	0.231108392343162	348	1.25430836370715
"rs915529"	0.231112609126926	348	1.25791387122553
"rs468837"	0.231123983580159	348	1.19919680784038
"rs97241"	0.231165219313292	348	0.788434302607642
"rs2019856"	0.231201372410073	348	0.816894535015967
"rs906456"	0.231208889086273	348	0.792032728208826
"rs2194737"	0.23122613742558	348	0.755754997563067
"rs1352977"	0.231252785921663	348	0.477388537312031
"rs598419"	0.231279365198385	348	0.679816480017683
"rs598446"	0.231279365198385	348	0.679816480017683
"rs1304937"	0.23128099066397	348	0.704051174375708
"rs1846362"	0.23128842568807	348	1.3330481787716
"rs744581"	0.231340935944424	348	1.1867897322812
"rs1031082"	0.231371760038365	348	0.923055500429012
"rs147309"	0.231382907374071	348	0.732859980345651
"rs1654751"	0.231399786179774	348	1.23637264522847
"rs1609020"	0.231457093489051	348	0.712084704132197
"rs704576"	0.231483464929104	348	0.794189105190027
"rs1716631"	0.23149736163048	348	1.26219500881344
"rs1541320"	0.231510747661878	348	1.31063417645441
"rs1118529"	0.2315120328317	348	0.822534179542491
"rs1074082"	0.231516573288915	348	0.930103588327418
"rs2120552"	0.231564071550091	348	1.27191959002065
"rs2143941"	0.231577270620322	348	1.22159602078126
"rs2154588"	0.23164393327645	348	0.813993267651883
"rs2154592"	0.23164393327645	348	0.813993267651883
"rs1473446"	0.23164967693794	348	0.775886329868835
"rs1135617"	0.231692857067875	348	1.32063406368583
"rs1309134"	0.231732786807386	348	1.28012549971938
"rs1972354"	0.231738049866812	348	1.09416586151162
"rs1089780"	0.231752778213307	348	0.718409790106518
"rs598494"	0.231764703322798	348	0.663830285519934
"rs598496"	0.231764703322798	348	0.663830285519934
"rs598497"	0.231764703322798	348	0.663830285519934
"rs598506"	0.231764703322798	348	0.663830285519934
"rs598554"	0.231764703322798	348	0.663830285519934
"rs121488"	0.231796632333506	348	0.690985624533136
"rs189806"	0.231806098455599	348	1.47234445941676
"rs189905"	0.231806098455599	348	1.47234445941676
"rs588986"	0.23183328504483	348	1.30221713574841
"rs294754"	0.231868331531893	348	1.21763715372456
"rs1839506"	0.231895511206052	348	0.770686052365164
"rs1535977"	0.231941818293851	348	1.23100609867856
"rs1669678"	0.231944417531417	348	1.27071873675355
"rs787301"	0.231955607900546	348	0.614351257549657
"rs787340"	0.231955607900546	348	0.614351257549657
"rs787367"	0.231955607900547	348	0.614351257549658
"rs787370"	0.231955607900547	348	0.614351257549658
"rs787390"	0.231955607900547	348	0.614351257549658
"rs787394"	0.231955607900547	348	0.614351257549658
"rs787400"	0.231955607900547	348	0.614351257549658
"rs787424"	0.231955607900547	348	0.614351257549658
"rs787427"	0.231955607900547	348	0.614351257549658
"rs854331"	0.23195903634118	348	0.772168935365279
"rs854400"	0.23195903634118	348	0.772168935365279
"rs854401"	0.23195903634118	348	0.772168935365279
"rs854403"	0.23195903634118	348	0.772168935365279
"rs854406"	0.23195903634118	348	0.772168935365279
"rs1286673"	0.231977046787628	348	0.856965347957322
"rs912299"	0.232023570027147	348	1.25746050910736
"rs452225"	0.232035324883618	348	1.93087385376394
"rs149327"	0.232037417371118	348	0.829248434902286
"rs465517"	0.232043529224098	348	0.735111591639741
"rs370726"	0.232101789038693	348	1.47534455107493
"rs1171912"	0.232127303764452	348	1.20544504309752
"rs1171915"	0.232127303764452	348	1.20544504309752
"rs1874331"	0.232127649601263	348	0.905227758952493
"rs467950"	0.232128667153911	348	0.755396570656293
"rs1587149"	0.232164892380311	348	1.93424951300485
"rs1533058"	0.232187571140619	348	1.31617230718573
"rs2000440"	0.23222128995147	348	0.727117134045238
"rs986114"	0.232240849045816	348	0.882012747956479
"rs1982790"	0.232282274957929	348	0.794649179502629
"rs1078545"	0.232292143709407	348	0.827805978780696
"rs466551"	0.232349363754797	348	0.725288935255521
"rs476918"	0.232424145665975	348	1.42120799090381
"rs282349"	0.232440280948682	348	1.93394761468924
"rs1662401"	0.232440280948682	348	1.93394761468924
"rs1748113"	0.232441105984594	348	0.896359890648661
"rs305419"	0.232463681883553	348	1.33369616557262
"rs663308"	0.232466096506409	348	0.875726954463559
"rs1689585"	0.23249756438766	348	1.23267546149251
"rs560320"	0.232509646743365	348	0.651926791601585
"rs2048110"	0.232576234675313	348	1.07811726044265
"rs1470704"	0.232615615681501	348	1.20022241543936
"rs473631"	0.232732566538537	348	0.642133073148399
"rs473634"	0.232732566538537	348	0.642133073148399
"rs473637"	0.232732566538537	348	0.642133073148399
"rs473639"	0.232732566538537	348	0.642133073148399
"rs819431"	0.232778219843961	348	1.20757738857864
"rs527795"	0.232783286909129	348	1.30917523205664
"rs1118571"	0.23279141262171	348	0.741600272988766
"rs1118573"	0.23279141262171	348	0.741600272988766
"rs98301"	0.232813251967395	348	1.27107087428921
"rs889795"	0.232828699055473	348	1.65950073175123
"rs1489320"	0.232832011776319	348	0.903039568276831
"rs97175"	0.232833465872757	348	1.29259119290987
"rs1085824"	0.232862944046984	348	1.24616213372445
"rs1085939"	0.232862944046984	348	1.24616213372445
"rs117855"	0.232895858723114	348	0.858103982699342
"rs1131129"	0.232908209971993	348	1.22658451403485
"rs1791042"	0.232914336172938	348	1.16974484078599
"rs1649713"	0.232932287990825	348	0.776099908327938
"rs1720424"	0.233002145131132	348	1.22271673576636
"rs1963192"	0.233012487107396	348	1.26583561068428
"rs1320663"	0.233038003958227	348	0.812525583475156
"rs260219"	0.233041832486812	348	1.25937574353696
"rs1063663"	0.233089829019324	348	0.947307180438608
"rs806874"	0.233098756843197	348	0.830510814740922
"rs1602683"	0.233115477721151	348	1.92682276863063
"rs855757"	0.233123139768745	348	1.18263101788165
"rs855784"	0.233123139768745	348	1.18263101788165
"rs354428"	0.233139762079206	348	1.49620274015272
"rs2093067"	0.233165789117873	348	1.12069815776971
"rs2115364"	0.233170922818486	348	1.28363886728333
"rs419108"	0.233264392229395	348	0.812946172822398
"rs942723"	0.233313024059962	348	1.44850977123799
"rs2210368"	0.233333575152191	348	1.42820156521647
"rs951350"	0.233335350943949	348	0.697673799567352
"rs497461"	0.233347358996425	348	1.1806942897592
"rs1064081"	0.233348543195771	348	0.787558827987014
"rs1064102"	0.233348543195771	348	0.787558827987014
"rs1064111"	0.233348543195771	348	0.787558827987014
"rs1947637"	0.233380647989074	348	1.46314427461372
"rs778055"	0.233443058929812	348	0.710661495435005
"rs778082"	0.233443058929812	348	0.710661495435005
"rs1024348"	0.23344745922674	348	1.3730476117033
"rs1024350"	0.23344745922674	348	1.3730476117033
"rs1024367"	0.23344745922674	348	1.3730476117033
"rs1024369"	0.23344745922674	348	1.3730476117033
"rs1024371"	0.23344745922674	348	1.3730476117033
"rs1024372"	0.23344745922674	348	1.3730476117033
"rs1024377"	0.23344745922674	348	1.3730476117033
"rs1024378"	0.23344745922674	348	1.3730476117033
"rs565656"	0.233448513917897	348	1.34678327497101
"rs831505"	0.233479539343352	348	0.827964135931542
"rs1444506"	0.233508026017495	348	1.1881749604558
"rs1112047"	0.233529046404165	348	1.30101646594517
"rs2137147"	0.233551680297728	348	1.22121356177734
"rs575981"	0.233636943005706	348	0.816990046553282
"rs1822565"	0.233637806492285	348	1.13681035365771
"rs2136540"	0.233666145845421	348	1.21817531628258
"rs562023"	0.233674815217025	348	0.797896828013171
"rs354417"	0.233729630907689	348	1.31149801378414
"rs464876"	0.233754214276852	348	0.824312529404175
"rs791991"	0.233777488183869	348	0.885413635197602
"rs22613"	0.23377835402342	348	0.894643818696452
"rs1286316"	0.233809773233585	348	0.862904944965842
"rs1286448"	0.233809773233585	348	0.862904944965842
"rs1286797"	0.233809773233585	348	0.862904944965842
"rs1286891"	0.233809773233585	348	0.862904944965842
"rs1287036"	0.233809773233585	348	0.862904944965842
"rs1944320"	0.233878812689021	348	1.22807858974423
"rs122216"	0.233886052726358	348	1.19270696127596
"rs796187"	0.233892405963712	348	0.424010910890221
"rs155050"	0.233910511752203	348	0.852576368676039
"rs544964"	0.234011047939839	348	0.81461850052557
"rs2147016"	0.234109594434513	348	0.843844992274564
"rs940489"	0.234117555148279	348	1.41992987873994
"rs1104308"	0.234153850964804	348	1.22222949705254
"rs1085743"	0.234156817704022	348	0.751012788860798
"rs1602798"	0.234164985426443	348	1.92840355642146
"rs23311"	0.234175098566753	348	0.815025113839809
"rs1961463"	0.234232844800301	348	0.810845490034463
"rs1206461"	0.234259275778744	348	0.877934126430107
"rs1181049"	0.234262761864359	348	0.837321025998496
"rs1085923"	0.234274098009822	348	1.2453711252592
"rs1085926"	0.234274098009822	348	1.2453711252592
"rs1085929"	0.234274098009822	348	1.2453711252592
"rs1085944"	0.234274098009822	348	1.2453711252592
"rs1085953"	0.234274098009822	348	1.2453711252592
"rs1085956"	0.234274098009822	348	1.2453711252592
"rs1085965"	0.234274098009822	348	1.2453711252592
"rs1951075"	0.234313027265099	348	0.679179327281504
"rs1951588"	0.234313027265099	348	0.679179327281504
"rs1951376"	0.234313027265103	348	0.679179327281501
"rs1951080"	0.234313027265104	348	0.679179327281503
"rs122515"	0.234318673336193	348	0.854584790878489
"rs122516"	0.234318673336193	348	0.854584790878489
"rs1106454"	0.234323829867318	348	0.799020000821401
"rs776274"	0.234329216378437	348	0.868820035132073
"rs854633"	0.234337646722376	348	0.826211849469624
"rs578928"	0.234378791987231	348	1.50295609538075
"rs799801"	0.234381092752172	348	1.34379235652843
"rs607627"	0.234480131406926	348	0.750177939940929
"rs711699"	0.234502694767082	348	1.65265257588726
"rs2058091"	0.234536403074393	348	0.834129562811378
"rs788018"	0.234567617189959	348	0.763849136194741
"rs2091033"	0.234580458813822	348	1.20359182226328
"rs2011991"	0.234662392771162	348	0.801309576899363
"rs851357"	0.234729916812474	348	0.667393930116962
"rs392075"	0.234730391517692	348	1.29545772691919
"rs392084"	0.234730391517692	348	1.29545772691919
"rs392087"	0.234730391517692	348	1.29545772691919
"rs887536"	0.234731429895541	348	1.35270185947702
"rs1532302"	0.234747754031697	348	1.21219165819684
"rs1561406"	0.234803658014017	348	1.10318910486844
"rs1415819"	0.23485142520738	348	1.27078471147151
"rs1188291"	0.234868684741059	348	0.838652479717217
"rs304612"	0.234887686362289	348	1.18435555423313
"rs1839436"	0.234916876689172	348	0.777053485014912
"rs1286712"	0.234979979892527	348	0.842411140130027
"rs1139537"	0.235051655529813	348	0.778722339882149
"rs1748267"	0.235074544342222	348	0.794840929803636
"rs699797"	0.235085632684064	348	1.0720941006988
"rs920006"	0.23509120398263	348	0.658366219747052
"rs133763"	0.235103717661551	348	1.21088189878449
"rs1612098"	0.235114851442704	348	0.832371632336218
"rs545072"	0.235126378046818	348	0.80043762158101
"rs1716784"	0.235144456868375	348	1.26726169038897
"rs1947991"	0.235217087177986	348	0.713310747918987
"rs1720198"	0.235218506489481	348	1.23682270596507
"rs1852121"	0.235232830753264	348	0.823830271062829
"rs2137912"	0.235237200796475	348	1.22100256762481
"rs915493"	0.235284195941568	348	1.28842262300575
"rs936770"	0.235286926976373	348	0.777433402837226
"rs1758402"	0.235311434866164	348	1.23832622676618
"rs1839150"	0.235345928146219	348	1.51217907940182
"rs592285"	0.235363725221313	348	1.24386214904892
"rs2011443"	0.235371305548393	348	0.671687941225962
"rs468725"	0.235375605264254	348	1.1829253426955
"rs1609630"	0.23540132033799	348	1.25816002339297
"rs1609631"	0.23540132033799	348	1.25816002339297
"rs1609633"	0.23540132033799	348	1.25816002339297
"rs45958"	0.23541727967189	348	0.823957449368859
"rs2008887"	0.235491790010717	348	1.19823388113862
"rs2008890"	0.235491790010726	348	1.19823388113862
"rs1286607"	0.235590949006578	348	0.849671989307582
"rs1093024"	0.235598138651991	348	0.804658970347822
"rs1349771"	0.235609624557596	348	1.23204913891329
"rs1780457"	0.235613468594707	348	1.25601145383926
"rs1688721"	0.235645124792333	348	0.832023551786223
"rs716364"	0.235738427943112	348	0.566183791076655
"rs225784"	0.235738427943117	348	0.566183791076661
"rs225927"	0.235738427943117	348	0.566183791076661
"rs226028"	0.235738427943117	348	0.566183791076661
"rs226033"	0.235738427943117	348	0.566183791076661
"rs1952325"	0.235773563276198	348	0.752617315948717
"rs2164442"	0.235774113762005	348	0.818631590168268
"rs242340"	0.235822701684628	348	0.904524392342907
"rs455389"	0.235826360426645	348	1.25787991426806
"rs1415004"	0.235830482426376	348	0.79145471695544
"rs1002368"	0.235844616477751	348	0.684741003914382
"rs842728"	0.235895333171089	348	1.28788146843204
"rs842739"	0.235895333171089	348	1.28788146843204
"rs842748"	0.235895333171089	348	1.28788146843204
"rs487947"	0.235944967396588	348	0.476777639898234
"rs1878041"	0.236029976154222	348	0.757014610388883
"rs852693"	0.236145989166366	348	1.23417325715898
"rs852789"	0.236145989166366	348	1.23417325715898
"rs2143920"	0.23615492178891	348	1.22510522387797
"rs842781"	0.236165475734488	348	1.28698320565716
"rs842787"	0.236165475734488	348	1.28698320565716
"rs1755104"	0.236231892420526	348	1.24146709121632
"rs1755551"	0.236231892420526	348	1.24146709121632
"rs1756353"	0.236231892420526	348	1.24146709121632
"rs1757963"	0.236231892420526	348	1.24146709121632
"rs1758372"	0.236231892420526	348	1.24146709121632
"rs486970"	0.236238833915647	348	1.28543718993872
"rs486972"	0.236238833915647	348	1.28543718993872
"rs486976"	0.236238833915647	348	1.28543718993872
"rs93800"	0.236246411906295	348	1.09910136241439
"rs951712"	0.236288885288036	348	1.49601386323044
"rs951810"	0.236288885288036	348	1.49601386323044
"rs951844"	0.236288885288036	348	1.49601386323044
"rs1154676"	0.236294838898491	348	1.23607650105312
"rs618496"	0.236322216679208	348	1.28209023622228
"rs236252"	0.236336714368899	348	0.809952202538134
"rs236255"	0.236336714368899	348	0.809952202538134
"rs1739980"	0.236393748007892	348	1.22494367185203
"rs1564134"	0.236401449968071	348	1.31660591181249
"rs1013896"	0.236410738152124	348	0.880690381716491
"rs2091299"	0.236435863772529	348	0.835846926410554
"rs1467203"	0.236436829982473	348	0.892682014066846
"rs633473"	0.236474748662896	348	0.809063284203481
"rs35962"	0.236481285895989	348	1.12037345691762
"rs139649"	0.236482222388681	348	1.92551380527617
"rs1587196"	0.236482222388681	348	1.92551380527615
"rs1694986"	0.236482222388682	348	1.92551380527617
"rs677946"	0.236482222388683	348	1.92551380527615
"rs1594764"	0.236482222388683	348	1.92551380527617
"rs1676388"	0.236482222388683	348	1.92551380527617
"rs2035528"	0.236482222388683	348	1.92551380527615
"rs1559514"	0.236482222388686	348	1.92551380527617
"rs1560302"	0.236482222388686	348	1.92551380527617
"rs1641413"	0.236482222388686	348	1.92551380527617
"rs898891"	0.236482222388687	348	1.92551380527615
"rs203063"	0.236482222388688	348	1.92551380527615
"rs4279"	0.236482222388688	348	1.92551380527616
"rs10309"	0.236482222388688	348	1.92551380527616
"rs33293"	0.236482222388688	348	1.92551380527616
"rs34618"	0.236482222388688	348	1.92551380527616
"rs39482"	0.236482222388688	348	1.92551380527616
"rs56153"	0.236482222388688	348	1.92551380527616
"rs62973"	0.236482222388688	348	1.92551380527616
"rs90570"	0.236482222388688	348	1.92551380527616
"rs99566"	0.236482222388688	348	1.92551380527616
"rs103668"	0.236482222388688	348	1.92551380527616
"rs148433"	0.236482222388688	348	1.92551380527616
"rs151150"	0.236482222388688	348	1.92551380527616
"rs154082"	0.236482222388688	348	1.92551380527616
"rs156154"	0.236482222388688	348	1.92551380527616
"rs157969"	0.236482222388688	348	1.92551380527616
"rs159125"	0.236482222388688	348	1.92551380527616
"rs159975"	0.236482222388688	348	1.92551380527616
"rs160094"	0.236482222388688	348	1.92551380527616
"rs161059"	0.236482222388688	348	1.92551380527616
"rs170475"	0.236482222388688	348	1.92551380527616
"rs171539"	0.236482222388688	348	1.92551380527616
"rs172175"	0.236482222388688	348	1.92551380527616
"rs173207"	0.236482222388688	348	1.92551380527616
"rs173722"	0.236482222388688	348	1.92551380527616
"rs174919"	0.236482222388688	348	1.92551380527616
"rs175255"	0.236482222388688	348	1.92551380527616
"rs175516"	0.236482222388688	348	1.92551380527616
"rs175681"	0.236482222388688	348	1.92551380527616
"rs175773"	0.236482222388688	348	1.92551380527616
"rs175824"	0.236482222388688	348	1.92551380527616
"rs175858"	0.236482222388688	348	1.92551380527616
"rs175989"	0.236482222388688	348	1.92551380527616
"rs176010"	0.236482222388688	348	1.92551380527616
"rs176025"	0.236482222388688	348	1.92551380527616
"rs176028"	0.236482222388688	348	1.92551380527616
"rs176067"	0.236482222388688	348	1.92551380527616
"rs176070"	0.236482222388688	348	1.92551380527616
"rs176071"	0.236482222388688	348	1.92551380527616
"rs176088"	0.236482222388688	348	1.92551380527616
"rs176097"	0.236482222388688	348	1.92551380527616
"rs176115"	0.236482222388688	348	1.92551380527616
"rs176118"	0.236482222388688	348	1.92551380527616
"rs176985"	0.236482222388688	348	1.92551380527616
"rs177769"	0.236482222388688	348	1.92551380527616
"rs180476"	0.236482222388688	348	1.92551380527616
"rs181558"	0.236482222388688	348	1.92551380527616
"rs181909"	0.236482222388688	348	1.92551380527616
"rs183384"	0.236482222388688	348	1.92551380527616
"rs184997"	0.236482222388688	348	1.92551380527616
"rs185490"	0.236482222388688	348	1.92551380527616
"rs185531"	0.236482222388688	348	1.92551380527616
"rs185984"	0.236482222388688	348	1.92551380527616
"rs188078"	0.236482222388688	348	1.92551380527616
"rs217485"	0.236482222388688	348	1.92551380527616
"rs224636"	0.236482222388688	348	1.92551380527616
"rs224671"	0.236482222388688	348	1.92551380527616
"rs296172"	0.236482222388688	348	1.92551380527616
"rs325955"	0.236482222388688	348	1.92551380527616
"rs328004"	0.236482222388688	348	1.92551380527616
"rs346015"	0.236482222388688	348	1.92551380527616
"rs348998"	0.236482222388688	348	1.92551380527616
"rs368310"	0.236482222388688	348	1.92551380527616
"rs368742"	0.236482222388688	348	1.92551380527616
"rs374613"	0.236482222388688	348	1.92551380527616
"rs387439"	0.236482222388688	348	1.92551380527616
"rs431405"	0.236482222388688	348	1.92551380527616
"rs433295"	0.236482222388688	348	1.92551380527616
"rs435463"	0.236482222388688	348	1.92551380527616
"rs440563"	0.236482222388688	348	1.92551380527616
"rs485822"	0.236482222388688	348	1.92551380527616
"rs513526"	0.236482222388688	348	1.92551380527616
"rs524949"	0.236482222388688	348	1.92551380527616
"rs555725"	0.236482222388688	348	1.92551380527616
"rs571912"	0.236482222388688	348	1.92551380527616
"rs572121"	0.236482222388688	348	1.92551380527616
"rs574173"	0.236482222388688	348	1.92551380527616
"rs576097"	0.236482222388688	348	1.92551380527616
"rs637835"	0.236482222388688	348	1.92551380527616
"rs638187"	0.236482222388688	348	1.92551380527616
"rs670047"	0.236482222388688	348	1.92551380527616
"rs725473"	0.236482222388688	348	1.92551380527616
"rs729644"	0.236482222388688	348	1.92551380527616
"rs731971"	0.236482222388688	348	1.92551380527616
"rs738017"	0.236482222388688	348	1.92551380527616
"rs738136"	0.236482222388688	348	1.92551380527616
"rs758551"	0.236482222388688	348	1.92551380527616
"rs802417"	0.236482222388688	348	1.92551380527616
"rs805821"	0.236482222388688	348	1.92551380527616
"rs806172"	0.236482222388688	348	1.92551380527616
"rs806295"	0.236482222388688	348	1.92551380527616
"rs809084"	0.236482222388688	348	1.92551380527616
"rs810088"	0.236482222388688	348	1.92551380527616
"rs826888"	0.236482222388688	348	1.92551380527616
"rs827366"	0.236482222388688	348	1.92551380527616
"rs829340"	0.236482222388688	348	1.92551380527616
"rs833612"	0.236482222388688	348	1.92551380527616
"rs893936"	0.236482222388688	348	1.92551380527616
"rs919676"	0.236482222388688	348	1.92551380527616
"rs991313"	0.236482222388688	348	1.92551380527616
"rs1007638"	0.236482222388688	348	1.92551380527616
"rs1036580"	0.236482222388688	348	1.92551380527616
"rs1076222"	0.236482222388688	348	1.92551380527616
"rs1115132"	0.236482222388688	348	1.92551380527616
"rs1313017"	0.236482222388688	348	1.92551380527616
"rs1313991"	0.236482222388688	348	1.92551380527616
"rs1314855"	0.236482222388688	348	1.92551380527616
"rs1317019"	0.236482222388688	348	1.92551380527616
"rs1323337"	0.236482222388688	348	1.92551380527616
"rs1323828"	0.236482222388688	348	1.92551380527616
"rs1324481"	0.236482222388688	348	1.92551380527616
"rs1329126"	0.236482222388688	348	1.92551380527616
"rs1330794"	0.236482222388688	348	1.92551380527616
"rs1332044"	0.236482222388688	348	1.92551380527616
"rs1334505"	0.236482222388688	348	1.92551380527616
"rs1340688"	0.236482222388688	348	1.92551380527616
"rs1341947"	0.236482222388688	348	1.92551380527616
"rs1342381"	0.236482222388688	348	1.92551380527616
"rs1356288"	0.236482222388688	348	1.92551380527616
"rs1381070"	0.236482222388688	348	1.92551380527616
"rs1393973"	0.236482222388688	348	1.92551380527616
"rs1424769"	0.236482222388688	348	1.92551380527616
"rs1427529"	0.236482222388688	348	1.92551380527616
"rs1445204"	0.236482222388688	348	1.92551380527616
"rs1446039"	0.236482222388688	348	1.92551380527616
"rs1452551"	0.236482222388688	348	1.92551380527616
"rs1476366"	0.236482222388688	348	1.92551380527616
"rs1557879"	0.236482222388688	348	1.92551380527616
"rs1560827"	0.236482222388688	348	1.92551380527616
"rs1567286"	0.236482222388688	348	1.92551380527616
"rs1568509"	0.236482222388688	348	1.92551380527616
"rs1568651"	0.236482222388688	348	1.92551380527616
"rs1569451"	0.236482222388688	348	1.92551380527616
"rs1571307"	0.236482222388688	348	1.92551380527616
"rs1571570"	0.236482222388688	348	1.92551380527616
"rs1575871"	0.236482222388688	348	1.92551380527616
"rs1588891"	0.236482222388688	348	1.92551380527616
"rs1593718"	0.236482222388688	348	1.92551380527616
"rs1606988"	0.236482222388688	348	1.92551380527616
"rs1610377"	0.236482222388688	348	1.92551380527616
"rs1610385"	0.236482222388688	348	1.92551380527616
"rs1610388"	0.236482222388688	348	1.92551380527616
"rs1614927"	0.236482222388688	348	1.92551380527616
"rs1632274"	0.236482222388688	348	1.92551380527616
"rs1640931"	0.236482222388688	348	1.92551380527616
"rs1641382"	0.236482222388688	348	1.92551380527616
"rs1641486"	0.236482222388688	348	1.92551380527616
"rs1644552"	0.236482222388688	348	1.92551380527616
"rs1659764"	0.236482222388688	348	1.92551380527616
"rs1660173"	0.236482222388688	348	1.92551380527616
"rs1664069"	0.236482222388688	348	1.92551380527616
"rs1664286"	0.236482222388688	348	1.92551380527616
"rs1667570"	0.236482222388688	348	1.92551380527616
"rs1669005"	0.236482222388688	348	1.92551380527616
"rs1669749"	0.236482222388688	348	1.92551380527616
"rs1670137"	0.236482222388688	348	1.92551380527616
"rs1670343"	0.236482222388688	348	1.92551380527616
"rs1671053"	0.236482222388688	348	1.92551380527616
"rs1681063"	0.236482222388688	348	1.92551380527616
"rs1696384"	0.236482222388688	348	1.92551380527616
"rs1742221"	0.236482222388688	348	1.92551380527616
"rs1742227"	0.236482222388688	348	1.92551380527616
"rs1742236"	0.236482222388688	348	1.92551380527616
"rs1742242"	0.236482222388688	348	1.92551380527616
"rs1813998"	0.236482222388688	348	1.92551380527616
"rs1814731"	0.236482222388688	348	1.92551380527616
"rs1830009"	0.236482222388688	348	1.92551380527616
"rs1851604"	0.236482222388688	348	1.92551380527616
"rs1875163"	0.236482222388688	348	1.92551380527616
"rs1902267"	0.236482222388688	348	1.92551380527616
"rs1921025"	0.236482222388688	348	1.92551380527616
"rs1922115"	0.236482222388688	348	1.92551380527616
"rs1952679"	0.236482222388688	348	1.92551380527616
"rs1956340"	0.236482222388688	348	1.92551380527616
"rs1960303"	0.236482222388688	348	1.92551380527616
"rs1960410"	0.236482222388688	348	1.92551380527616
"rs1985796"	0.236482222388688	348	1.92551380527616
"rs2008954"	0.236482222388688	348	1.92551380527616
"rs2017729"	0.236482222388688	348	1.92551380527616
"rs2063695"	0.236482222388688	348	1.92551380527616
"rs2065620"	0.236482222388688	348	1.92551380527616
"rs2148778"	0.236482222388688	348	1.92551380527616
"rs2149628"	0.236482222388688	348	1.92551380527616
"rs2186015"	0.236482222388688	348	1.92551380527616
"rs2186159"	0.236482222388688	348	1.92551380527616
"rs148332"	0.236482222388689	348	1.92551380527615
"rs1563360"	0.23648222238869	348	1.92551380527615
"rs171066"	0.236485075613073	348	0.826126210980066
"rs2148183"	0.236499932082278	348	0.816282616111489
"rs329431"	0.236544695794178	348	1.3128945597271
"rs329425"	0.236544695794216	348	1.31289455972706
"rs876698"	0.236569894599551	348	0.745696770105378
"rs1356700"	0.236578778256949	348	0.77336131126056
"rs2008298"	0.236589256323586	348	0.472385518291006
"rs1163136"	0.236616842257118	348	1.19167481246907
"rs2119550"	0.236649107388072	348	1.40092210971596
"rs1293918"	0.236671365317283	348	0.807751638916216
"rs1154167"	0.236702520145581	348	0.819705131087171
"rs1154171"	0.236702520145581	348	0.819705131087171
"rs1154200"	0.236702520145581	348	0.819705131087171
"rs47934"	0.236719937088348	348	0.812386228297285
"rs972122"	0.236753655145839	348	0.888201346985261
"rs419968"	0.236756648340928	348	0.811095054551431
"rs1171728"	0.236766319092264	348	0.74354545864438
"rs1373896"	0.236787087562227	348	1.27551247284647
"rs632270"	0.23680058905899	348	0.7717456666221
"rs632276"	0.23680058905899	348	0.7717456666221
"rs632279"	0.23680058905899	348	0.7717456666221
"rs226145"	0.236820035045412	348	0.56777030431222
"rs189968"	0.236827224691692	348	0.760272726832743
"rs952888"	0.236829379670838	348	1.41709923165264
"rs741662"	0.236840919981524	348	0.776564539158396
"rs424474"	0.236841999078263	348	1.10422179640129
"rs1117383"	0.236943577160394	348	0.8090040363319
"rs1117385"	0.236943577160394	348	0.8090040363319
"rs2145104"	0.236976659691057	348	1.21805248479256
"rs2021646"	0.236997428867586	348	0.714600868809355
"rs122519"	0.237000921766278	348	0.857107555541409
"rs365884"	0.23707084650581	348	0.796382630461093
"rs1478985"	0.23709375317691	348	1.31752342867713
"rs1755245"	0.237095586656134	348	1.24092103597681
"rs1756199"	0.237095586656134	348	1.24092103597681
"rs1757133"	0.237095586656134	348	1.24092103597681
"rs236531"	0.237095914350835	348	1.23719718119075
"rs1318728"	0.237098706511661	348	1.24079608747557
"rs470648"	0.237113971448758	348	1.32235660095395
"rs1438917"	0.237162104374902	348	0.763359356682909
"rs510121"	0.237168212404788	348	1.43262739090661
"rs1374151"	0.237170513802106	348	1.35934219681059
"rs265224"	0.237184706634367	348	0.838698267579836
"rs76087"	0.237275716982536	348	1.46460032577984
"rs491444"	0.237308832178738	348	1.10758877913958
"rs2021651"	0.237324652958621	348	0.71553488996654
"rs2160672"	0.23734089305545	348	1.1575728510834
"rs2160674"	0.23734089305545	348	1.1575728510834
"rs1703268"	0.237342710616562	348	1.24080612399039
"rs1084169"	0.237367233707608	348	1.22288532996455
"rs1649235"	0.23736978077928	348	1.27070782942484
"rs245122"	0.237391840187636	348	1.22658959931818
"rs1840026"	0.237416830261947	348	1.21457041476379
"rs480696"	0.237492558123072	348	0.80572538610397
"rs480699"	0.237492558123072	348	0.80572538610397
"rs792177"	0.237534905649793	348	1.20038936263914
"rs87740"	0.237607379362209	348	0.735262493063033
"rs724180"	0.23762922212874	348	1.57686768267543
"rs353263"	0.237663996479459	348	1.25510853049463
"rs466575"	0.237668111821578	348	0.811445522457822
"rs1323432"	0.237672909369034	348	0.813305164573277
"rs859272"	0.237690361315439	348	1.17570323645935
"rs1821586"	0.237694302546086	348	0.669674058393544
"rs942940"	0.237696564202314	348	1.12167371585934
"rs475268"	0.23769715776163	348	0.768363102379691
"rs1832377"	0.237803014564321	348	2.24765509165312
"rs1559503"	0.237865788369436	348	0.818378540200665
"rs1595299"	0.237911855195875	348	1.21364320580652
"rs580385"	0.237951776377889	348	0.782540450301022
"rs580388"	0.237951776377889	348	0.782540450301022
"rs1287026"	0.237960437989564	348	0.854970248495731
"rs1374095"	0.238000102589161	348	1.35987745622185
"rs1317751"	0.238011030731904	348	0.708283143848124
"rs853902"	0.238014694556176	348	0.852802081387581
"rs1326856"	0.238037131053753	348	1.26072971996759
"rs561506"	0.238149982337219	348	1.19893338792975
"rs1488521"	0.238197285162191	348	1.07997561087635
"rs163750"	0.238231444179889	348	1.38153321657415
"rs831333"	0.238237889681272	348	0.771786896444884
"rs831335"	0.238237889681272	348	0.771786896444884
"rs831345"	0.238237889681272	348	0.771786896444884
"rs831346"	0.238237889681272	348	0.771786896444884
"rs831347"	0.238237889681272	348	0.771786896444884
"rs831350"	0.238237889681272	348	0.771786896444884
"rs831351"	0.238237889681272	348	0.771786896444884
"rs831352"	0.238237889681272	348	0.771786896444884
"rs831362"	0.238237889681272	348	0.771786896444884
"rs1774306"	0.23828510188667	348	1.57860524175172
"rs1197162"	0.238290606013899	348	0.839151301898439
"rs1197284"	0.238290606013899	348	0.839151301898439
"rs323687"	0.238326583666622	348	7.69044841807335
"rs1856142"	0.238343387301323	348	1.4646930578458
"rs1774460"	0.23834338730134	348	1.46469305784579
"rs416223"	0.238360451228316	348	1.2672325704754
"rs416226"	0.238360451228316	348	1.2672325704754
"rs1756988"	0.238393997678907	348	1.23283603039386
"rs1894586"	0.238456489633435	348	0.688473547476559
"rs665689"	0.238471982038965	348	1.23866048959644
"rs388865"	0.238508160049412	348	1.62423553354744
"rs388867"	0.238508160049412	348	1.62423553354744
"rs846386"	0.238532155124295	348	0.757596015103252
"rs1628010"	0.238545381814485	348	1.19333753228585
"rs1938350"	0.238579992781594	348	1.21763411650561
"rs1963967"	0.238618437204901	348	0.732661547926139
"rs1963978"	0.238618437204901	348	0.732661547926139
"rs1615872"	0.238621934799973	348	1.07300753001004
"rs253028"	0.23864070512648	348	1.26283711162733
"rs1950536"	0.238695734220313	348	0.793853776716711
"rs1950542"	0.238695734220313	348	0.793853776716711
"rs2089539"	0.238710435352221	348	1.27179686844729
"rs83097"	0.238749868905942	348	1.25915209797402
"rs1666810"	0.238755911575225	348	0.832840181570276
"rs2218146"	0.238765187290409	348	0.612233997108404
"rs240658"	0.238787426529877	348	0.560618057314532
"rs241257"	0.238787426529877	348	0.560618057314532
"rs1124247"	0.23882030911367	348	1.83163948543074
"rs42762"	0.23882587106836	348	0.824974309725109
"rs42765"	0.23882587106836	348	0.824974309725109
"rs42768"	0.23882587106836	348	0.824974309725109
"rs42771"	0.23882587106836	348	0.824974309725109
"rs42777"	0.23882587106836	348	0.824974309725109
"rs523366"	0.238828030653631	348	1.19253461219033
"rs101671"	0.238841457038274	348	1.30316343544579
"rs414502"	0.238843345073897	348	1.34067796547253
"rs71191"	0.238879220968339	348	0.715211165559314
"rs413746"	0.23888769095965	348	0.777182757020443
"rs1844775"	0.238896059800512	348	1.25618042745021
"rs620093"	0.238927469953732	348	1.30592725856193
"rs620095"	0.238927469953732	348	1.30592725856193
"rs1599632"	0.238944014285272	348	1.35246005905268
"rs1599650"	0.238944014285272	348	1.35246005905268
"rs1599709"	0.238944014285272	348	1.35246005905268
"rs1600361"	0.238944014285275	348	1.35246005905268
"rs1600418"	0.238944014285275	348	1.35246005905268
"rs1600443"	0.238944014285275	348	1.35246005905268
"rs1600444"	0.238944014285275	348	1.35246005905268
"rs1338291"	0.239100595552408	348	0.777644049342303
"rs1888072"	0.239116310359765	348	0.817975248682102
"rs1602652"	0.239151396504403	348	1.9053805613187
"rs79949"	0.239206741679341	348	0.760481719632595
"rs831501"	0.239220984708119	348	1.65924242871668
"rs1356905"	0.239221215909297	348	0.714721602530898
"rs2071153"	0.239252354276162	348	66.6952160212163
"rs1688250"	0.239280144514689	348	1.27346802389274
"rs1102194"	0.239281029522498	348	0.436543495554956
"rs2010661"	0.239286153243837	348	1.24705949564894
"rs2010036"	0.239312098597118	348	0.890796804032887
"rs1927291"	0.239359668433471	348	0.580488493626318
"rs1316635"	0.239422628284027	348	1.21638931921487
"rs1316642"	0.239422628284027	348	1.21638931921487
"rs1316643"	0.239422628284027	348	1.21638931921487
"rs1316645"	0.239422628284027	348	1.21638931921487
"rs1316650"	0.239422628284027	348	1.21638931921487
"rs1623619"	0.239457430596307	348	1.38368191846899
"rs1720159"	0.239498312825225	348	1.24284902864313
"rs1737880"	0.2395390433205	348	0.940297163868858
"rs1739000"	0.239565167099195	348	0.813892017686507
"rs1323389"	0.239568116945847	348	1.20212206351228
"rs1431001"	0.239576982006161	348	1.3200174063638
"rs438449"	0.239583742734344	348	1.25843469536669
"rs21779"	0.239649238927006	348	0.765758255574498
"rs21784"	0.239649238927006	348	0.765758255574498
"rs1951592"	0.23972637927579	348	0.672766917105364
"rs464936"	0.239755553522042	348	1.20533031239811
"rs1395739"	0.239783734003853	348	1.06378344463705
"rs326448"	0.239816687988454	348	0.70348269610557
"rs326452"	0.239816687988454	348	0.70348269610557
"rs326458"	0.239816687988454	348	0.70348269610557
"rs2185318"	0.239857168804679	348	1.39051041422055
"rs1108177"	0.239867834736345	348	1.20950493882544
"rs411422"	0.239901327888487	348	1.22258932961832
"rs265231"	0.239920864810561	348	0.840782994281488
"rs2142652"	0.239925206069173	348	1.2215099918381
"rs122571"	0.239963279348492	348	0.860247992509073
"rs1759889"	0.23997405744202	348	0.75422733012842
"rs663380"	0.239994954091958	348	1.20054436420746
"rs1138870"	0.240007227359142	348	1.7561733092903
"rs858342"	0.240007227359143	348	0.569419882827
"rs1386351"	0.240007227359143	348	0.569419882827
"rs1900704"	0.240035315426441	348	0.72413028391163
"rs820746"	0.240035352499214	348	0.84693802844724
"rs445710"	0.240095769201628	348	1.06503940775196
"rs53190"	0.240132777132453	348	0.625203706315292
"rs54658"	0.240132777132453	348	0.625203706315292
"rs58231"	0.240132777132453	348	0.625203706315292
"rs64213"	0.240132777132453	348	0.625203706315292
"rs909527"	0.240147972294593	348	1.25663989381053
"rs1399036"	0.240164679015282	348	0.843829504634816
"rs2143624"	0.240175811195831	348	1.23239158738262
"rs2007412"	0.240247442908979	348	0.74650738469046
"rs880291"	0.240279487036335	348	0.660897564157187
"rs1831678"	0.240339754685072	348	0.728256996063341
"rs555477"	0.240397574024282	348	1.21222486707287
"rs465489"	0.240455137676287	348	0.823490853731176
"rs1106469"	0.240481106406987	348	0.801345877989809
"rs1738011"	0.240496331837824	348	2.43530723818597
"rs936599"	0.240549898612476	348	0.777121520718511
"rs860675"	0.240589788015583	348	0.734395872051744
"rs120985"	0.240606267727141	348	0.839255646893929
"rs783370"	0.240616192317705	348	1.1219928103789
"rs1555526"	0.240645388041985	348	0.776879638826316
"rs734975"	0.24064818097304	348	1.20281179710169
"rs854752"	0.240653720634589	348	0.822347959051075
"rs1287138"	0.240671243193005	348	0.866239843620966
"rs1287147"	0.240671243193005	348	0.866239843620966
"rs1287264"	0.240671243193005	348	0.866239843620966
"rs354621"	0.240680879434805	348	1.07479780877885
"rs1106427"	0.240688631171845	348	0.801425355987096
"rs1106457"	0.240688631171845	348	0.801425355987096
"rs31644"	0.240708348168851	348	0.904203994239452
"rs873082"	0.24071578568497	348	0.699779976079176
"rs1127615"	0.240715952071648	348	1.19931382595495
"rs1650344"	0.240720359455704	348	0.786188758894643
"rs2215308"	0.240721343020324	348	1.90665262022018
"rs505742"	0.240726348141969	348	0.762096456787418
"rs539182"	0.240756332887563	348	1.53555040115411
"rs2145884"	0.24080337286527	348	1.39722536524208
"rs1800851"	0.240844850913339	348	1.25053781092211
"rs598360"	0.240852413867013	348	0.668401000720374
"rs598364"	0.240852413867013	348	0.668401000720374
"rs1558053"	0.240860133570262	348	0.73981459568511
"rs146128"	0.240905537476069	348	0.870990053841553
"rs147783"	0.240905900718759	348	1.1695536165643
"rs1171804"	0.240985073573232	348	1.25222191473508
"rs581040"	0.241069565491891	348	0.785451369672796
"rs1297409"	0.241079979073621	348	1.22843865180564
"rs1286129"	0.241084034463271	348	0.864604635573076
"rs1286141"	0.241084034463271	348	0.864604635573076
"rs1286158"	0.241084034463271	348	0.864604635573076
"rs1286463"	0.241084034463271	348	0.864604635573076
"rs1286562"	0.241084034463271	348	0.864604635573076
"rs1286709"	0.241084034463271	348	0.864604635573076
"rs1286807"	0.241084034463271	348	0.864604635573076
"rs1286928"	0.241084034463271	348	0.864604635573076
"rs1287353"	0.241084034463271	348	0.864604635573076
"rs132546"	0.241097080500917	348	1.41329811953137
"rs132549"	0.241097080500917	348	1.41329811953137
"rs1711654"	0.241109409169457	348	1.24619841077024
"rs413707"	0.241231480456829	348	0.77763410963718
"rs2069980"	0.24125734073586	348	0.933698080455156
"rs2080512"	0.241310476937677	348	0.79236635732512
"rs2080523"	0.241310476937677	348	0.79236635732512
"rs664198"	0.24132367502465	348	0.687264018160929
"rs325069"	0.241355698241678	348	1.42142928174926
"rs325072"	0.241355698241678	348	1.42142928174926
"rs325073"	0.241355698241678	348	1.42142928174926
"rs325074"	0.241355698241678	348	1.42142928174926
"rs223861"	0.24144431737104	348	1.48800009929359
"rs1719826"	0.241510621268082	348	1.2613897767713
"rs225516"	0.241517589414724	348	1.31099172637125
"rs432478"	0.241557676025231	348	0.730570898349146
"rs269205"	0.241569644941045	348	0.743981793388303
"rs2053080"	0.241583252829566	348	0.695486858498087
"rs1064657"	0.241609306795374	348	1.30036680533725
"rs28877"	0.241629351238261	348	1.42422112671156
"rs28895"	0.241629351238261	348	1.42422112671156
"rs29367"	0.241629351238261	348	1.42422112671156
"rs29503"	0.241629351238261	348	1.42422112671156
"rs29563"	0.241629351238261	348	1.42422112671156
"rs29569"	0.241629351238261	348	1.42422112671156
"rs29616"	0.241629351238261	348	1.42422112671156
"rs1784905"	0.241631320912838	348	1.31979210259625
"rs187508"	0.241723858816421	348	0.79677997505535
"rs186204"	0.241737284576401	348	1.37957615499407
"rs667355"	0.241857847007965	348	1.2106455683766
"rs83102"	0.241866133507075	348	1.25482151288477
"rs1772514"	0.241867605700257	348	1.48035073671975
"rs914084"	0.241890386443565	348	1.5123472251473
"rs552571"	0.241899149892662	348	0.803206098551212
"rs87597"	0.24190128297375	348	1.19377556807296
"rs1399459"	0.241936562849115	348	0.716113888594422
"rs1817419"	0.241937161515236	348	1.21749633376321
"rs2007998"	0.241944625831461	348	0.47356809782793
"rs825526"	0.241959075992726	348	0.833644840387576
"rs1879580"	0.242003547841089	348	0.779312959084629
"rs402711"	0.242068452667898	348	0.764083189077078
"rs2116582"	0.242078161446937	348	1.2105643523189
"rs1958381"	0.24210503188792	348	0.781703528803548
"rs324307"	0.242106780397784	348	59.5161043893778
"rs809749"	0.242132532450772	348	1.1571135095278
"rs522850"	0.24213637117318	348	1.41501834888986
"rs1749671"	0.242160833111548	348	1.16121322550914
"rs823912"	0.242170774699668	348	0.768334426899279
"rs501017"	0.242181782580732	348	0.787310393442709
"rs702954"	0.242197220288816	348	0.783283111187103
"rs702999"	0.242197220288816	348	0.783283111187103
"rs1197290"	0.242218523001142	348	0.852635180666187
"rs1754845"	0.242231427426285	348	1.23231485519663
"rs1755083"	0.242231427426285	348	1.23231485519663
"rs1755808"	0.242231427426285	348	1.23231485519663
"rs1103369"	0.242236437115451	348	0.608265102640694
"rs1104217"	0.242261854480617	348	0.816174715588248
"rs1647402"	0.242273366834909	348	0.793490221128124
"rs1951246"	0.242273701592661	348	0.800370148849044
"rs1359940"	0.242291244444964	348	1.15460495125767
"rs642431"	0.242314287497381	348	1.37305834152442
"rs763369"	0.242328606376359	348	0.911452985715781
"rs1815033"	0.242346736005209	348	0.814605769973589
"rs1894531"	0.24234798278917	348	0.689817957880266
"rs1758915"	0.242352049347185	348	1.23356923180619
"rs175776"	0.242355029832528	348	1.90952542399805
"rs1877873"	0.242363549124631	348	1.18344781818823
"rs813168"	0.242426923635124	348	0.875366102495455
"rs813169"	0.242426923635124	348	0.875366102495455
"rs486214"	0.242449206355918	348	1.37251641963266
"rs353294"	0.242452706658061	348	1.24810435509323
"rs83971"	0.242461143672957	348	1.1992386066836
"rs1023162"	0.242462161702092	348	0.79381195021144
"rs677919"	0.242468704200823	348	1.88124578170107
"rs354397"	0.242491854857456	348	1.21215158531597
"rs1366935"	0.242507675719081	348	1.31468904704974
"rs1937888"	0.24251968512964	348	0.832943058929284
"rs1893307"	0.242589894752643	348	1.08670556740771
"rs539588"	0.242602544111108	348	0.777973077087684
"rs641124"	0.242622324400166	348	0.760676029216375
"rs545285"	0.242635072487339	348	0.835704102446897
"rs545288"	0.242635072487339	348	0.835704102446897
"rs782573"	0.242681729507684	348	1.06842976440193
"rs880732"	0.242700571469661	348	0.00338317333441063
"rs1667429"	0.24270057146967	348	0.582152276443
"rs1103473"	0.242706833623828	348	0.556882569991666
"rs678203"	0.242821580181254	348	1.09869674688071
"rs1574179"	0.242856733705458	348	1.22282983251522
"rs150247"	0.242869557587279	348	0.844127752159329
"rs803455"	0.24288807301454	348	0.644768186948617
"rs451981"	0.242926496539432	348	0.783498347714747
"rs253682"	0.242959990818351	348	0.840972421428851
"rs209881"	0.243012877429038	348	0.609799702958933
"rs1738091"	0.243054213254168	348	1.16577193867756
"rs494829"	0.243063557361161	348	0.874578895485524
"rs1591385"	0.243070938929	348	0.80313012753576
"rs118607"	0.243077991626962	348	0.907809232271778
"rs1771785"	0.243080411593945	348	1.22643832288668
"rs652308"	0.243085663837554	348	1.3250782191822
"rs552874"	0.2430862587424	348	1.37119182493398
"rs552877"	0.2430862587424	348	1.37119182493398
"rs552907"	0.2430862587424	348	1.37119182493398
"rs552925"	0.2430862587424	348	1.37119182493398
"rs1555107"	0.243139605317958	348	1.23549970953643
"rs1101027"	0.243184721396809	348	0.821063666259174
"rs2008192"	0.243220120192233	348	0.475579846159474
"rs322313"	0.243240266559317	348	2.08573801466301
"rs1739907"	0.243243090365409	348	1.23420551705506
"rs1740069"	0.243243090365409	348	1.23420551705506
"rs1699815"	0.24326150049938	348	1.23920193058355
"rs1739909"	0.243333863184167	348	1.21815005001949
"rs938312"	0.24334767387064	348	1.11212458543417
"rs1394161"	0.243359192366722	348	1.32651432222097
"rs951157"	0.243388838285937	348	1.32451821522717
"rs1470876"	0.243402765575552	348	1.19432621700803
"rs606888"	0.243410092496463	348	0.582919688909246
"rs1353498"	0.243415823622828	348	0.738952005570567
"rs197375"	0.243424557585263	348	0.745581873811193
"rs22651"	0.243431210097415	348	1.14288701682205
"rs2092411"	0.243445664945264	348	0.805112511998085
"rs305464"	0.243473317146918	348	0.813958519564889
"rs1321511"	0.243522168099345	348	0.790762772769735
"rs1608514"	0.243559236141224	348	1.33966521897362
"rs2164547"	0.243644971104359	348	1.33375271379315
"rs1122644"	0.243656734390062	348	0.793877312464651
"rs1013574"	0.2437047442495	348	1.19246817692142
"rs1564123"	0.243754003485235	348	0.631393695246533
"rs366609"	0.243765723070839	348	0.794716264254825
"rs646457"	0.243773243033421	348	0.733103034554131
"rs1636896"	0.243791818446372	348	1.13976116168944
"rs2191292"	0.243795143798197	348	1.21503688025057
"rs1964045"	0.24381578319162	348	1.39967633824189
"rs1964048"	0.24381578319162	348	1.39967633824189
"rs1964114"	0.24381578319162	348	1.39967633824189
"rs2099316"	0.243821568971093	348	0.803886312629367
"rs2099348"	0.243821568971093	348	0.803886312629367
"rs1712583"	0.243830193160264	348	1.24265816946151
"rs942750"	0.243913845770011	348	1.19638825821541
"rs575630"	0.243914985943175	348	1.24944967479394
"rs408885"	0.243933380345418	348	0.719019708399405
"rs1180272"	0.243937971022095	348	0.832248384719646
"rs862518"	0.24394482655921	348	1.24979203206091
"rs862563"	0.24394482655921	348	1.24979203206091
"rs976848"	0.243984832913299	348	0.808697676198366
"rs2169368"	0.243989814298209	348	0.647194938892139
"rs74845"	0.244019464072165	348	0.797879053714808
"rs854608"	0.24402207394594	348	0.812365975250354
"rs1953093"	0.244030086340954	348	0.814715887480715
"rs898393"	0.24403325690669	348	1.44902360364352
"rs1118292"	0.244039136831151	348	0.727651482972798
"rs1118295"	0.244039136831151	348	0.727651482972798
"rs1118355"	0.244039136831151	348	0.727651482972798
"rs1118358"	0.244039136831151	348	0.727651482972798
"rs1118458"	0.244039136831151	348	0.727651482972798
"rs1823396"	0.244043853898218	348	0.791857392822596
"rs1823405"	0.244043853898218	348	0.791857392822596
"rs1823408"	0.244043853898218	348	0.791857392822596
"rs1823413"	0.244043853898218	348	0.791857392822596
"rs129524"	0.244053426666645	348	0.740362943371514
"rs640811"	0.244055116329701	348	0.827034053528187
"rs1749234"	0.244083589087104	348	1.33007154032608
"rs304630"	0.244134452057569	348	1.2090692956918
"rs304633"	0.244134452057578	348	1.20906929569179
"rs1814709"	0.244163181141784	348	1.82999521240042
"rs1814712"	0.244163181141784	348	1.82999521240042
"rs1814740"	0.244163181141784	348	1.82999521240042
"rs774247"	0.244163181141791	348	1.82999521240044
"rs125960"	0.244186096292666	348	1.17215672564077
"rs490868"	0.244242634762175	348	0.739429735027504
"rs881045"	0.244277637046334	348	0.756309787217107
"rs484520"	0.24434068643978	348	1.42920695597222
"rs565842"	0.244405489731409	348	0.862053833678851
"rs565845"	0.244405489731409	348	0.862053833678851
"rs565855"	0.244405489731409	348	0.862053833678851
"rs1286937"	0.244408182199699	348	0.85865326653745
"rs1421295"	0.244435777174555	348	1.2821872135164
"rs1421299"	0.244435777174555	348	1.2821872135164
"rs1053666"	0.244444025911113	348	1.28186735915594
"rs720698"	0.244503729186557	348	1.3101614301583
"rs274651"	0.244510434280492	348	0.758398862526405
"rs1889524"	0.244523061173913	348	0.81591082422064
"rs125746"	0.244542836317346	348	1.19901856430339
"rs1653387"	0.244566952792429	348	1.25278579435911
"rs75288"	0.244613055399614	348	0.795526567203527
"rs736948"	0.244642445110783	348	1.28404044059286
"rs1368943"	0.244644053376506	348	1.10135483441951
"rs1951572"	0.244655514744378	348	0.805760763901821
"rs1157883"	0.244695201627218	348	0.840880003084617
"rs1452120"	0.244739126858194	348	1.19553410655357
"rs447159"	0.244753314502422	348	0.915890625417832
"rs851543"	0.244767294597839	348	1.22966115399468
"rs852418"	0.244767294597839	348	1.22966115399468
"rs853253"	0.244767294597839	348	1.22966115399468
"rs1349958"	0.244779131634477	348	0.761502843670885
"rs1286105"	0.244836841605687	348	0.855422515109753
"rs1286111"	0.244836841605687	348	0.855422515109753
"rs2218145"	0.244872521742358	348	0.672641838756465
"rs279448"	0.244918987384314	348	0.808025557671423
"rs99845"	0.244964267290832	348	0.751783228431996
"rs498518"	0.24497480106623	348	0.58516695996505
"rs1565429"	0.245026681742812	348	1.32257444232318
"rs2080520"	0.245045457401366	348	1.24868911708468
"rs2006486"	0.245101563794722	348	0.797424498047674
"rs2006489"	0.245101563794722	348	0.797424498047674
"rs2006492"	0.245101563794722	348	0.797424498047674
"rs1590909"	0.245212746785232	348	1.89943821650701
"rs958462"	0.245230022146358	348	1.31392199588877
"rs354457"	0.245268986079922	348	0.901169976750781
"rs2123286"	0.245287435673773	348	0.748353884417033
"rs2123294"	0.245287435673773	348	0.748353884417033
"rs2123335"	0.245287435673773	348	0.748353884417033
"rs2013419"	0.245304988812884	348	0.81455751852394
"rs2091575"	0.245316560946113	348	0.779566160532799
"rs575435"	0.245343915376963	348	0.802146772780378
"rs224716"	0.24540958715363	348	1.20810739273507
"rs321620"	0.245446504265928	348	1.37162155280816
"rs855400"	0.245448260709686	348	0.751393625747465
"rs891790"	0.245484228582395	348	1.33812240389178
"rs2165133"	0.24549742454661	348	1.15083076087478
"rs1748280"	0.245504200153509	348	0.773949810138891
"rs1748286"	0.245504200153509	348	0.773949810138891
"rs1131881"	0.245526531943383	348	0.82711844884066
"rs1705938"	0.245544515009978	348	1.24054115415376
"rs1488734"	0.245563878181153	348	1.08172317312403
"rs410922"	0.245663518565968	348	0.954195774456211
"rs1598897"	0.24567269578541	348	0.84858428933899
"rs587919"	0.24568059503548	348	0.915248981834055
"rs1677793"	0.245764666149676	348	0.784060834287407
"rs1177785"	0.24580213622037	348	0.73393792624873
"rs1178771"	0.24580213622037	348	0.73393792624873
"rs2033681"	0.245836194051248	348	0.716631176016564
"rs1703693"	0.245889688820258	348	1.24031148428233
"rs1488128"	0.245936339341518	348	0.882119661171047
"rs1304072"	0.245958916307161	348	0.718522072183029
"rs362339"	0.246014106560736	348	1.25622205721772
"rs1039210"	0.246031349661866	348	0.781417737848348
"rs84602"	0.246053354001067	348	0.628940379730224
"rs53662"	0.246113879379929	348	0.835398953950239
"rs225559"	0.246120475883034	348	0.633132128496657
"rs1739716"	0.24612166556686	348	0.914130722754373
"rs1697891"	0.246137684694275	348	0.94807884597838
"rs505965"	0.246143257722304	348	0.792110605941496
"rs1536945"	0.246154749056112	348	0.796137836050791
"rs1754330"	0.246166330355654	348	1.20514737010116
"rs304269"	0.246172304009802	348	13.4429279192855
"rs255888"	0.246220346418685	348	1.25865643164693
"rs1951742"	0.246244281378056	348	1.45725557030326
"rs443774"	0.246246541872445	348	1.26176787709645
"rs338142"	0.246264310551595	348	0.738719729158581
"rs337789"	0.246264310551597	348	0.738719729158582
"rs2173814"	0.246267904399549	348	0.778511221936251
"rs1414592"	0.246301304912911	348	1.28388680752913
"rs123187"	0.246312151060707	348	1.25988753252321
"rs1715793"	0.246313843532061	348	1.20102799490645
"rs559811"	0.24636043485979	348	0.783310431777658
"rs1822067"	0.246385213497191	348	1.47556554043239
"rs148769"	0.246386214270874	348	0.936786180981473
"rs931227"	0.24640898605862	348	0.77743092050416
"rs1477715"	0.246431888491625	348	1.21008454669994
"rs1438896"	0.246458365045145	348	1.26554971050485
"rs552412"	0.24647136893525	348	0.824738719875119
"rs2092496"	0.246526809989415	348	1.26837046105013
"rs349836"	0.24653654013675	348	1.20723585954075
"rs2040573"	0.246550420989171	348	1.3123011108069
"rs1459416"	0.246577694477406	348	1.40123117268414
"rs1459567"	0.246577694477406	348	1.40123117268414
"rs557541"	0.246602497267134	348	1.21350834039087
"rs1304476"	0.246629128172737	348	1.21686859145994
"rs1698075"	0.246720190307177	348	1.13270911928534
"rs484593"	0.246732701596136	348	1.27470335673924
"rs145470"	0.246739802420903	348	1.27829716813112
"rs958466"	0.246763231286999	348	1.31334396308969
"rs958468"	0.246763231286999	348	1.31334396308969
"rs1403004"	0.246765253269059	348	1.30668263038586
"rs1108165"	0.246796851999461	348	1.2074413537233
"rs937565"	0.246801722517307	348	0.722383151771339
"rs937590"	0.246801722517307	348	0.722383151771339
"rs937779"	0.246801722517662	348	0.0917640205585321
"rs455237"	0.246839604895693	348	0.838302787209302
"rs663604"	0.246841608614712	348	1.30846175988875
"rs190194"	0.246870860254606	348	1.4543861858054
"rs262321"	0.246916926905622	348	0.851566194216756
"rs245710"	0.247026390542384	348	0.833704290897751
"rs1141620"	0.24703279616948	348	1.30407943080621
"rs838634"	0.247072271719592	348	1.18609890317576
"rs838637"	0.247072271719592	348	1.18609890317576
"rs838646"	0.247072271719592	348	1.18609890317576
"rs838647"	0.247072271719592	348	1.18609890317576
"rs1836918"	0.247100173561217	348	1.36926858910378
"rs468680"	0.24710743091764	348	1.203721713814
"rs2112286"	0.247125062617433	348	0.931828064655413
"rs938295"	0.247133280426846	348	0.799500103656998
"rs1355850"	0.24714341784596	348	0.735778413118862
"rs1946689"	0.247172473312544	348	1.22108900344903
"rs414073"	0.247193165214022	348	1.27509917660417
"rs414074"	0.247193165214022	348	1.27509917660417
"rs414083"	0.247193165214022	348	1.27509917660417
"rs1470000"	0.247202689172141	348	1.39681409895561
"rs635494"	0.247234744330928	348	1.57673113724141
"rs793122"	0.24724365481837	348	0.88980978818824
"rs1961639"	0.247276923054775	348	0.90832089458382
"rs1601198"	0.247313720638741	348	1.31001492663191
"rs1601202"	0.247313720638741	348	1.31001492663191
"rs1601204"	0.247313720638741	348	1.31001492663191
"rs42951"	0.24732113870055	348	1.19095828704432
"rs670109"	0.247374564843872	348	0.756068961483291
"rs1372593"	0.247473590879812	348	1.18416360131125
"rs1365247"	0.247499123483413	348	0.814341550072528
"rs884979"	0.247504691145752	348	0.730578946246707
"rs212419"	0.247505742142183	348	0.831213208434595
"rs1294827"	0.247510749487845	348	1.23274672984039
"rs569908"	0.247523527477993	348	1.27816697212708
"rs255438"	0.247526451668377	348	1.10534366722911
"rs1155435"	0.247532444558854	348	0.788582948742495
"rs1612553"	0.24756601822106	348	0.552907633774215
"rs182870"	0.247579560298295	348	1.41521229575571
"rs1167419"	0.247597614169641	348	1.22266305734123
"rs633662"	0.247704904292371	348	1.1321162573327
"rs940182"	0.24770765959427	348	1.34262807193764
"rs2138079"	0.247724341761148	348	1.23390135378331
"rs1756773"	0.24773661322955	348	1.22901904306959
"rs510302"	0.247790181567805	348	1.24134203836323
"rs1419008"	0.247808316890792	348	0.828302509632834
"rs1014029"	0.24784178828738	348	0.882551841192663
"rs97981"	0.247852946671046	348	1.30143661713338
"rs1599890"	0.247870726147958	348	1.34797621406745
"rs1599893"	0.247870726147958	348	1.34797621406745
"rs1599899"	0.247870726147958	348	1.34797621406745
"rs1600664"	0.247870726147958	348	1.34797621406745
"rs1600693"	0.247870726147958	348	1.34797621406745
"rs303900"	0.247937934452742	348	0.790132756410178
"rs1616578"	0.248026713698705	348	1.18560942567801
"rs1483273"	0.248052530972533	348	1.89485243325621
"rs1093169"	0.248058193506069	348	0.79167206732959
"rs1093172"	0.248058193506069	348	0.79167206732959
"rs1093181"	0.248058193506069	348	0.79167206732959
"rs1399884"	0.248090300860809	348	0.689067557376957
"rs649186"	0.248098143178038	348	1.09391522858866
"rs1040627"	0.248107487109668	348	1.31048322949012
"rs508227"	0.248115390142207	348	1.21628410253958
"rs994020"	0.248122560970545	348	1.2351817689317
"rs154359"	0.248174091184955	348	0.774515843584266
"rs154370"	0.248174091184955	348	0.774515843584266
"rs303495"	0.248200409722057	348	0.260892037397328
"rs1055273"	0.248233440272616	348	1.13693979156886
"rs2099870"	0.248240006651086	348	1.1775121523804
"rs460932"	0.248259669402562	348	0.831675342627859
"rs2193324"	0.24826636101026	348	1.16156011285782
"rs480642"	0.248283371965686	348	0.757187182514041
"rs1156000"	0.248283718863709	348	0.846523326377347
"rs1696676"	0.248302105087034	348	0.813492885401359
"rs678004"	0.248332478052281	348	1.35058806981402
"rs1907480"	0.248361202173817	348	1.40818819267672
"rs2006198"	0.24840594162371	348	0.721535659333441
"rs113294"	0.248464685484345	348	0.882883808132039
"rs2021697"	0.248468339484659	348	0.0434574170641718
"rs303498"	0.248482312618544	348	0.880979271240766
"rs148047"	0.248534121762572	348	0.846977730992081
"rs545644"	0.248535947547761	348	1.18790377832689
"rs488957"	0.248550886932543	348	0.478085156467432
"rs2008169"	0.248550886932543	348	0.478085156467432
"rs1637122"	0.248552129023254	348	1.08101034349542
"rs1532373"	0.248561949192743	348	0.804585293984192
"rs839597"	0.248581849999103	348	1.25089719673518
"rs839631"	0.248581849999103	348	1.25089719673518
"rs1084514"	0.248603159340497	348	1.23069225899288
"rs2006294"	0.248639631730584	348	1.37053036603585
"rs2006297"	0.248639631730584	348	1.37053036603585
"rs2006306"	0.248639631730584	348	1.37053036603585
"rs2006309"	0.248639631730584	348	1.37053036603585
"rs1482321"	0.248660088925056	348	0.827731101638935
"rs2172573"	0.248699154566892	348	0.844580835324576
"rs451158"	0.248709682066121	348	1.23966371803794
"rs1205716"	0.248716104975726	348	0.859725285348487
"rs1085836"	0.24876795280093	348	0.788256475552768
"rs1085839"	0.24876795280093	348	0.788256475552768
"rs1692961"	0.248826352574651	348	1.43705844916883
"rs704461"	0.248840262608087	348	1.17759065549996
"rs1404436"	0.248852496689205	348	0.578459959039263
"rs1404446"	0.248852496689205	348	0.578459959039263
"rs1470035"	0.248879276537683	348	1.37450202590254
"rs116519"	0.248886756942408	348	0.893218221376193
"rs501099"	0.248935730949407	348	0.814200433593548
"rs501121"	0.248935730949407	348	0.814200433593548
"rs906009"	0.248949527895084	348	266.000023956107
"rs1093160"	0.248954227666863	348	0.812759280794908
"rs1884667"	0.248970835274741	348	0.769403217897826
"rs1093552"	0.248992028222159	348	0.794192741123821
"rs832745"	0.249044161070673	348	0.79212769007613
"rs1950799"	0.249049619389756	348	1.23075864035612
"rs447619"	0.24905132919144	348	0.907544188316371
"rs424067"	0.24905358642526	348	0.701632394095741
"rs424331"	0.24905358642526	348	0.701632394095741
"rs1454430"	0.249089817621615	348	0.698031489622167
"rs253688"	0.249180609005368	348	0.849599747736095
"rs1750467"	0.249187210821735	348	1.17417486246101
"rs1412809"	0.249198407023222	348	0.719948214749365
"rs2173667"	0.249238370153508	348	0.643656167804633
"rs148237"	0.249250170900434	348	1.89170695147787
"rs1900813"	0.249250170900434	348	1.89170695147787
"rs1198481"	0.249260080763633	348	0.860039676538903
"rs10907"	0.24938502652115	348	0.663738647640992
"rs244078"	0.249386020106636	348	1.05470488843026
"rs705305"	0.249388375900853	348	0.73997457996037
"rs1734109"	0.24943351512366	348	1.16834672227526
"rs1664823"	0.249480379509335	348	1.30056205575247
"rs705484"	0.24948828980755	348	1.22203886909729
"rs413552"	0.249509074572628	348	0.780967595543204
"rs413876"	0.249509074572628	348	0.780967595543204
"rs414014"	0.249509074572628	348	0.780967595543204
"rs618552"	0.249518260695731	348	1.22725743827172
"rs618553"	0.249518260695731	348	1.22725743827172
"rs346241"	0.249533750925926	348	0.828782258151859
"rs346244"	0.249533750925926	348	0.828782258151859
"rs346256"	0.249533750925926	348	0.828782258151859
"rs1472716"	0.249536264426867	348	1.48774597089311
"rs1381034"	0.249563551223453	348	1.23452647104609
"rs192826"	0.249629018337497	348	0.753242556528137
"rs226286"	0.249635090101821	348	1.14867638406448
"rs55048"	0.249651072087948	348	0.815691372704394
"rs2145274"	0.249677128243133	348	1.21091940206782
"rs1907557"	0.249721648044382	348	1.40615787297363
"rs1907625"	0.249721648044382	348	1.40615787297363
"rs1755437"	0.249751641124954	348	1.23282492900158
"rs1755456"	0.249751641124954	348	1.23282492900158
"rs1755533"	0.249751641124954	348	1.23282492900158
"rs1755539"	0.249751641124954	348	1.23282492900158
"rs1755545"	0.249751641124954	348	1.23282492900158
"rs1755575"	0.249751641124954	348	1.23282492900158
"rs1755581"	0.249751641124954	348	1.23282492900158
"rs1755598"	0.249751641124954	348	1.23282492900158
"rs1755599"	0.249751641124954	348	1.23282492900158
"rs1755626"	0.249751641124954	348	1.23282492900158
"rs1755629"	0.249751641124954	348	1.23282492900158
"rs1755638"	0.249751641124954	348	1.23282492900158
"rs1755796"	0.249751641124954	348	1.23282492900158
"rs1755875"	0.249751641124954	348	1.23282492900158
"rs1755893"	0.249751641124954	348	1.23282492900158
"rs1755894"	0.249751641124954	348	1.23282492900158
"rs1755957"	0.249751641124954	348	1.23282492900158
"rs1755962"	0.249751641124954	348	1.23282492900158
"rs1756085"	0.249751641124954	348	1.23282492900158
"rs1756102"	0.249751641124954	348	1.23282492900158
"rs1756151"	0.249751641124954	348	1.23282492900158
"rs1756226"	0.249751641124954	348	1.23282492900158
"rs1756229"	0.249751641124954	348	1.23282492900158
"rs1756231"	0.249751641124954	348	1.23282492900158
"rs1756406"	0.249751641124954	348	1.23282492900158
"rs1756593"	0.249751641124954	348	1.23282492900158
"rs1756611"	0.249751641124954	348	1.23282492900158
"rs1756653"	0.249751641124954	348	1.23282492900158
"rs1756800"	0.249751641124954	348	1.23282492900158
"rs1756803"	0.249751641124954	348	1.23282492900158
"rs1756809"	0.249751641124954	348	1.23282492900158
"rs1756812"	0.249751641124954	348	1.23282492900158
"rs1756857"	0.249751641124954	348	1.23282492900158
"rs1756878"	0.249751641124954	348	1.23282492900158
"rs1756884"	0.249751641124954	348	1.23282492900158
"rs1756905"	0.249751641124954	348	1.23282492900158
"rs1756911"	0.249751641124954	348	1.23282492900158
"rs1756917"	0.249751641124954	348	1.23282492900158
"rs1756926"	0.249751641124954	348	1.23282492900158
"rs1756929"	0.249751641124954	348	1.23282492900158
"rs1756941"	0.249751641124954	348	1.23282492900158
"rs1756965"	0.249751641124954	348	1.23282492900158
"rs1757061"	0.249751641124954	348	1.23282492900158
"rs1757067"	0.249751641124954	348	1.23282492900158
"rs1757145"	0.249751641124954	348	1.23282492900158
"rs1757235"	0.249751641124954	348	1.23282492900158
"rs1757238"	0.249751641124954	348	1.23282492900158
"rs1757241"	0.249751641124954	348	1.23282492900158
"rs1757250"	0.249751641124954	348	1.23282492900158
"rs1757301"	0.249751641124954	348	1.23282492900158
"rs1757521"	0.249751641124954	348	1.23282492900158
"rs1757539"	0.249751641124954	348	1.23282492900158
"rs1757668"	0.249751641124954	348	1.23282492900158
"rs1757677"	0.249751641124954	348	1.23282492900158
"rs1757686"	0.249751641124954	348	1.23282492900158
"rs1757707"	0.249751641124954	348	1.23282492900158
"rs1757764"	0.249751641124954	348	1.23282492900158
"rs1757779"	0.249751641124954	348	1.23282492900158
"rs1757806"	0.249751641124954	348	1.23282492900158
"rs1757818"	0.249751641124954	348	1.23282492900158
"rs1757827"	0.249751641124954	348	1.23282492900158
"rs1757842"	0.249751641124954	348	1.23282492900158
"rs1757857"	0.249751641124954	348	1.23282492900158
"rs1757860"	0.249751641124954	348	1.23282492900158
"rs1757917"	0.249751641124954	348	1.23282492900158
"rs1757974"	0.249751641124954	348	1.23282492900158
"rs1758007"	0.249751641124954	348	1.23282492900158
"rs1758010"	0.249751641124954	348	1.23282492900158
"rs1758357"	0.249751641124954	348	1.23282492900158
"rs1758358"	0.249751641124954	348	1.23282492900158
"rs1758361"	0.249751641124954	348	1.23282492900158
"rs1758362"	0.249751641124954	348	1.23282492900158
"rs1758417"	0.249751641124954	348	1.23282492900158
"rs1758439"	0.249751641124954	348	1.23282492900158
"rs1758490"	0.249751641124954	348	1.23282492900158
"rs1758499"	0.249751641124954	348	1.23282492900158
"rs1758505"	0.249751641124954	348	1.23282492900158
"rs1758520"	0.249751641124954	348	1.23282492900158
"rs1758634"	0.249751641124954	348	1.23282492900158
"rs1758643"	0.249751641124954	348	1.23282492900158
"rs1758730"	0.249751641124954	348	1.23282492900158
"rs1758735"	0.249751641124954	348	1.23282492900158
"rs1758808"	0.249751641124954	348	1.23282492900158
"rs1758970"	0.249751641124954	348	1.23282492900158
"rs1759063"	0.249751641124954	348	1.23282492900158
"rs1759069"	0.249751641124954	348	1.23282492900158
"rs1759276"	0.249751641124954	348	1.23282492900158
"rs1759291"	0.249751641124954	348	1.23282492900158
"rs1759324"	0.249751641124954	348	1.23282492900158
"rs1758746"	0.249751641124957	348	1.23282492900158
"rs2043749"	0.249761292208416	348	0.76152835199276
"rs634048"	0.249822191843533	348	0.749815386552389
"rs170592"	0.249842835589958	348	0.822959614364276
"rs1488438"	0.249914842561014	348	1.08743883570234
"rs35814"	0.249918180291738	348	0.693767497847972
"rs1144323"	0.249938458949387	348	1.7360141518488
"rs567001"	0.249969813139901	348	0.832705077683468
"rs285682"	0.250000597742001	348	0.842612385291001
"rs285683"	0.250000597742001	348	0.842612385291001
"rs1777796"	0.250025674915861	348	0.820849587242033
"rs1779270"	0.25004294545155	348	0.820838890215389
"rs931219"	0.250046830499663	348	0.788568137118538
"rs752600"	0.25006802706261	348	1.45602580291748
"rs752631"	0.25006802706261	348	1.45602580291748
"rs855902"	0.250134463327347	348	1.15985235287474
"rs539414"	0.250135435947245	348	1.23178038142718
"rs352076"	0.250135801227193	348	0.749472403371391
"rs864030"	0.25016837852721	348	1.22690144618746
"rs909668"	0.250178645145507	348	1.32146322204878
"rs909779"	0.250178645145507	348	1.32146322204878
"rs1749294"	0.250182929805654	348	1.179105912188
"rs1743329"	0.250208922860515	348	1.20530805325481
"rs166025"	0.25023571620093	348	1.24543545026497
"rs2214736"	0.250284247915286	348	1.26325237450368
"rs307087"	0.250292077436173	348	0.762132913695742
"rs1118446"	0.250439335277147	348	0.77043550646386
"rs1118481"	0.250439335277147	348	0.77043550646386
"rs1118489"	0.250439335277147	348	0.77043550646386
"rs1118538"	0.250439335277147	348	0.77043550646386
"rs1014021"	0.250488713239778	348	0.883951683235685
"rs1944487"	0.250519290778665	348	0.820307793551847
"rs1944500"	0.250519290778665	348	0.820307793551847
"rs1596195"	0.250540957349154	348	0.760262256243332
"rs1064545"	0.250568123473949	348	1.06624514572791
"rs1120837"	0.250588625330986	348	0.793926958901603
"rs2089909"	0.250593943241588	348	1.10274313836422
"rs1327199"	0.250660358864906	348	1.25126454498303
"rs1564464"	0.250683027416775	348	0.806607316475835
"rs350191"	0.250691002351538	348	1.17663231597187
"rs170406"	0.250715543916649	348	1.1982314802129
"rs145297"	0.250798884541324	348	0.868839030554465
"rs1371188"	0.250824580017567	348	1.29633114165708
"rs274610"	0.250824608992173	348	0.796218432914837
"rs282348"	0.250839481771279	348	1.15903208677707
"rs190736"	0.250848454075786	348	0.612705439456452
"rs148636"	0.250915518748496	348	0.816854550570679
"rs148655"	0.250915518748496	348	0.816854550570679
"rs1758404"	0.250920185787107	348	1.22477898295738
"rs1701668"	0.250926846522609	348	1.27133234347133
"rs1614898"	0.250959634574813	348	0.659108176781149
"rs807913"	0.250990512832069	348	0.791268069053468
"rs1937951"	0.251100407216936	348	0.831443978550679
"rs810145"	0.251133401904749	348	0.79198104220377
"rs395799"	0.25114902471332	348	1.26648844698879
"rs651167"	0.25114945998324	348	1.28919886939143
"rs2111024"	0.251171095231548	348	1.12846920604234
"rs853616"	0.251182410573828	348	1.1943930884714
"rs1008704"	0.251185014116477	348	1.30627238624187
"rs298025"	0.251206762479545	348	0.863329462381705
"rs533536"	0.251240240347625	348	1.31997248618897
"rs307160"	0.251276128824117	348	0.733076324090889
"rs1655638"	0.251305180350706	348	1.67860736379083
"rs1655662"	0.251305180350706	348	1.67860736379083
"rs1655665"	0.251305180350706	348	1.67860736379083
"rs1655692"	0.251305180350706	348	1.67860736379083
"rs1655722"	0.251305180350706	348	1.67860736379083
"rs1655779"	0.251305180350706	348	1.67860736379083
"rs1655806"	0.251305180350706	348	1.67860736379083
"rs1655851"	0.251305180350706	348	1.67860736379083
"rs1655891"	0.251305180350706	348	1.67860736379083
"rs2137461"	0.251322390162644	348	1.21037202251428
"rs1712275"	0.251354306569796	348	1.25282699540156
"rs1963585"	0.251393146401327	348	0.789229731593629
"rs1837773"	0.251418913189498	348	1.50169768125756
"rs1649005"	0.251431098608615	348	1.20983467757574
"rs1946337"	0.251444200830713	348	0.819431957759381
"rs448417"	0.251445942961918	348	0.911804055140528
"rs42897"	0.251456179569857	348	1.15772969255392
"rs42899"	0.251456179569857	348	1.15772969255392
"rs42900"	0.251456179569857	348	1.15772969255392
"rs367435"	0.25146676328888	348	1.2951837647003
"rs367443"	0.25146676328888	348	1.2951837647003
"rs898907"	0.251473740234093	348	1.88253812672003
"rs1761567"	0.251517850191291	348	0.852827160886282
"rs1467334"	0.251522503271723	348	0.714692890587827
"rs620140"	0.2515327665287	348	0.722644567121343
"rs1964207"	0.251577213226787	348	1.25316713169942
"rs136994"	0.251639805575085	348	1.36700720755594
"rs1104266"	0.2516585015039	348	0.826546709991355
"rs921552"	0.251705407811171	348	1.24510934697007
"rs880751"	0.251723681124683	348	1.31229744223503
"rs1368258"	0.251800123718759	348	1.3082414543934
"rs1196865"	0.251804547063333	348	1.18733141765666
"rs1321746"	0.251842835067107	348	0.789138497084177
"rs909305"	0.251938704053871	348	0.759159883795292
"rs1137260"	0.252034954438347	348	1.27598491620995
"rs739783"	0.25206871321431	348	0.740927135188814
"rs1759096"	0.252073942040912	348	1.24494758516556
"rs1759237"	0.252073942040912	348	1.24494758516556
"rs63318"	0.25207442832391	348	0.833874934676973
"rs878768"	0.252075128571644	348	1.26150630843311
"rs878770"	0.252075128571644	348	1.26150630843311
"rs878778"	0.252075128571644	348	1.26150630843311
"rs878700"	0.252075128571647	348	1.26150630843311
"rs878718"	0.252075128571647	348	1.26150630843311
"rs878736"	0.252075128571647	348	1.26150630843311
"rs878751"	0.252075128571647	348	1.26150630843311
"rs878794"	0.252075128571647	348	1.26150630843311
"rs878869"	0.252075128571647	348	1.26150630843311
"rs878872"	0.252075128571647	348	1.26150630843311
"rs878877"	0.252075128571647	348	1.26150630843311
"rs2124334"	0.252104518372043	348	1.25449551212732
"rs955400"	0.252105439433252	348	1.28826244677095
"rs2111571"	0.252107514473563	348	1.07459020034686
"rs172311"	0.252131996259007	348	0.78595818275666
"rs1988103"	0.252150506434707	348	0.688680416215574
"rs145639"	0.252159215054458	348	1.11821446937248
"rs912338"	0.252196042947906	348	0.785836212561078
"rs1771182"	0.252213794890238	348	1.22219427594029
"rs803158"	0.252270340780857	348	0.694423835001521
"rs2139183"	0.252270565200834	348	1.2199223125065
"rs2139259"	0.252270565200834	348	1.2199223125065
"rs2141531"	0.252270565200834	348	1.2199223125065
"rs1882886"	0.252306824915761	348	0.934711289857728
"rs1818404"	0.252315658202335	348	1.25499223217319
"rs236129"	0.252320377193455	348	1.23625203059627
"rs208002"	0.25238509234824	348	0.766155381014781
"rs1321221"	0.252421308904593	348	0.825070572639794
"rs48794"	0.252527340085162	348	0.826304050430228
"rs99521"	0.25255681521564	348	1.27245625522329
"rs274639"	0.252560150755489	348	1.23770319719036
"rs61126"	0.252572982016769	348	0.777271742983126
"rs61132"	0.252572982016769	348	0.777271742983126
"rs134347"	0.25261773426073	348	0.827104054284305
"rs466410"	0.252686219756005	348	0.819170149089339
"rs265662"	0.252780544064654	348	0.712690533485566
"rs1978280"	0.252792223066628	348	0.695597775435026
"rs2146273"	0.252800826549551	348	1.15472205950671
"rs1106319"	0.252856427893823	348	1.41804816326433
"rs1600520"	0.252862861853257	348	1.36228800148225
"rs1600775"	0.252862861853257	348	1.36228800148225
"rs466263"	0.252877797065576	348	1.21651680958429
"rs839378"	0.252902601652149	348	0.834173695656254
"rs920475"	0.252929696517096	348	1.5027247919792
"rs1079749"	0.252939957941774	348	1.28108591372424
"rs346965"	0.252955341815254	348	1.1991066357309
"rs880569"	0.252959520753108	348	1.07495233697643
"rs345118"	0.252969402067072	348	0.73513530804417
"rs1124514"	0.252980796885359	348	0.553856685187801
"rs1114751"	0.252984616911778	348	0.866773418774593
"rs1114763"	0.252984616911778	348	0.866773418774593
"rs122046"	0.252998342587461	348	0.79685603423806
"rs492422"	0.253013238417431	348	1.27497849096433
"rs492427"	0.253013238417431	348	1.27497849096433
"rs2162342"	0.253064883829321	348	1.20313548563923
"rs2162345"	0.253064883829321	348	1.20313548563923
"rs2162348"	0.253064883829321	348	1.20313548563923
"rs182347"	0.25306911443864	348	0.833723480725476
"rs182352"	0.25306911443864	348	0.833723480725476
"rs2144760"	0.253081286299856	348	1.21726142888183
"rs2144808"	0.253081286299856	348	1.21726142888183
"rs1807627"	0.253090086012953	348	2.1466675850759
"rs1807716"	0.253090086012953	348	2.1466675850759
"rs2017213"	0.253121239023364	348	1.31010560981158
"rs2055887"	0.253143078002618	348	0.763243165755301
"rs258616"	0.253178127538408	348	1.39358349014149
"rs2160667"	0.253180285978941	348	1.1513996203623
"rs476128"	0.253187236785979	348	1.21446282046482
"rs237596"	0.253217492192055	348	1.2203283499038
"rs237608"	0.253217492192055	348	1.2203283499038
"rs1929687"	0.25323980114088	348	1.39357133415026
"rs1929688"	0.25323980114088	348	1.39357133415026
"rs1929690"	0.25323980114088	348	1.39357133415026
"rs1835262"	0.253274761931573	348	1.20760623295408
"rs2111023"	0.253308464330556	348	0.897725184246709
"rs1738557"	0.253333264596568	348	1.88094386078561
"rs2145211"	0.253347475540828	348	1.2171252828717
"rs2162378"	0.253371949478414	348	1.20363045890617
"rs2162402"	0.253371949478414	348	1.20363045890617
"rs2162405"	0.253371949478414	348	1.20363045890617
"rs1662854"	0.253383791029282	348	1.23485009662608
"rs860727"	0.253392148968774	348	0.719170772978296
"rs951141"	0.253450472126354	348	1.32355447945645
"rs49804"	0.253475314117136	348	1.27573395063994
"rs1403847"	0.253477713406439	348	1.26188925241534
"rs1655632"	0.253516026756844	348	1.68210509720911
"rs1993396"	0.253537075613041	348	0.796246691386392
"rs499888"	0.253559799435115	348	0.689901439347771
"rs2366"	0.253559799435122	348	0.689901439347771
"rs111372"	0.253606740423692	348	1.30099781048097
"rs111375"	0.253606740423692	348	1.30099781048097
"rs111393"	0.253606740423692	348	1.30099781048097
"rs2021643"	0.253613657602485	348	0.723442484150697
"rs48030"	0.25361865166144	348	0.77560197254228
"rs1672337"	0.253625286094397	348	1.23608652605412
"rs2003190"	0.253646675814033	348	0.774631976119246
"rs1952501"	0.253680060083272	348	1.26261280412194
"rs1952502"	0.253680060083272	348	1.26261280412194
"rs1952507"	0.253680060083272	348	1.26261280412194
"rs854767"	0.253697123473599	348	0.790442058401499
"rs1627607"	0.253738323726975	348	0.684351401320359
"rs1628161"	0.253738323726975	348	0.684351401320359
"rs938279"	0.253749232947992	348	0.722934310527077
"rs1531330"	0.253753650394361	348	0.822544035542319
"rs598386"	0.253770471011102	348	0.67532861089898
"rs598393"	0.253770471011102	348	0.67532861089898
"rs598394"	0.253770471011102	348	0.67532861089898
"rs1317536"	0.253780234674913	348	0.805286658416528
"rs1317543"	0.253780234674913	348	0.805286658416528
"rs630202"	0.253786695556731	348	0.802024541999537
"rs630204"	0.253786695556731	348	0.802024541999537
"rs857097"	0.253821024723548	348	1.11973115426452
"rs1308280"	0.25382384529851	348	1.20996384383221
"rs426675"	0.253857980297386	348	1.44419879684706
"rs1884636"	0.253862746116944	348	0.771140923471472
"rs791647"	0.253890739069751	348	0.88955323592789
"rs1532816"	0.253924890801545	348	1.28340098798541
"rs1532820"	0.253924890801545	348	1.28340098798541
"rs1532825"	0.253924890801545	348	1.28340098798541
"rs1532854"	0.253924890801545	348	1.28340098798541
"rs1532856"	0.253924890801545	348	1.28340098798541
"rs1532884"	0.253924890801545	348	1.28340098798541
"rs1532890"	0.253924890801545	348	1.28340098798541
"rs1532902"	0.253924890801545	348	1.28340098798541
"rs1532911"	0.253924890801545	348	1.28340098798541
"rs1532917"	0.253924890801545	348	1.28340098798541
"rs1532920"	0.253924890801545	348	1.28340098798541
"rs1532923"	0.253924890801545	348	1.28340098798541
"rs1532940"	0.253924890801545	348	1.28340098798541
"rs1532941"	0.253924890801545	348	1.28340098798541
"rs1532944"	0.253924890801545	348	1.28340098798541
"rs1532956"	0.253924890801545	348	1.28340098798541
"rs1532961"	0.253924890801545	348	1.28340098798541
"rs1532992"	0.253924890801545	348	1.28340098798541
"rs1532998"	0.253924890801545	348	1.28340098798541
"rs1533019"	0.253924890801545	348	1.28340098798541
"rs1533025"	0.253924890801545	348	1.28340098798541
"rs1533029"	0.253924890801545	348	1.28340098798541
"rs1533031"	0.253924890801545	348	1.28340098798541
"rs1533034"	0.253924890801545	348	1.28340098798541
"rs1533038"	0.253924890801545	348	1.28340098798541
"rs225736"	0.25395654196354	348	1.1461145996785
"rs1652449"	0.254047379586751	348	0.559182495512302
"rs1978583"	0.254093886975116	348	0.807669897770677
"rs547348"	0.254111582756122	348	1.39275741202774
"rs549304"	0.254111582756122	348	1.39275741202774
"rs150802"	0.254159110614397	348	0.847228915707088
"rs581024"	0.254160900186888	348	1.23361364337601
"rs835780"	0.254187381217575	348	1.27652221264219
"rs835781"	0.254187381217575	348	1.27652221264219
"rs835783"	0.254187381217575	348	1.27652221264219
"rs1734105"	0.254277673797397	348	1.12558739179408
"rs1972346"	0.25428387447176	348	1.06463535880181
"rs346157"	0.254287331350383	348	0.800843416897246
"rs1545662"	0.254323877799639	348	1.21079767073793
"rs2097238"	0.254323999321699	348	1.10657749596375
"rs1640609"	0.254339209924783	348	1.23762603927202
"rs448151"	0.254354092195528	348	0.911405153684838
"rs223535"	0.254361568465009	348	1.5742495537936
"rs223768"	0.254361568465009	348	1.5742495537936
"rs223793"	0.254361568465009	348	1.5742495537936
"rs223955"	0.254361568465009	348	1.5742495537936
"rs1465183"	0.254460116951573	348	0.892693724986692
"rs1465187"	0.254460116951573	348	0.892693724986692
"rs1783828"	0.254474607442675	348	0.786947925925811
"rs1093147"	0.254535816437166	348	0.812215905105232
"rs96480"	0.25455861980536	348	1.23368592741699
"rs1934304"	0.25459498816782	348	0.606754362963413
"rs1934325"	0.25459498816782	348	0.606754362963413
"rs1937174"	0.25459498816782	348	0.606754362963413
"rs1622100"	0.25464616236223	348	0.770190325712844
"rs741751"	0.254669822033322	348	0.774377373175257
"rs1488576"	0.254683694957261	348	0.917727415120791
"rs1372589"	0.254714858525873	348	1.19223786049863
"rs1755087"	0.254730144041512	348	1.22539895061628
"rs54823"	0.254735917440713	348	0.691793636761614
"rs55460"	0.254735917440713	348	0.691793636761614
"rs924767"	0.254790633364705	348	1.24513427776697
"rs768962"	0.254837976066481	348	0.647442953863067
"rs114915"	0.25485379030072	348	1.10332512691506
"rs228362"	0.254854749577977	348	1.30072193942216
"rs228385"	0.254854749577977	348	1.30072193942216
"rs228391"	0.254854749577977	348	1.30072193942216
"rs574627"	0.254876006996289	348	1.08541906011097
"rs27439"	0.254893280459315	348	1.4511467291399
"rs27448"	0.254893280459315	348	1.4511467291399
"rs27466"	0.254893280459315	348	1.4511467291399
"rs1182317"	0.254929863481307	348	0.839339046402794
"rs1182330"	0.254929863481307	348	0.839339046402794
"rs1569520"	0.254940820443501	348	0.565340202626186
"rs1809279"	0.254940820443502	348	0.565340202626187
"rs685898"	0.254940820443503	348	0.565340202626184
"rs2181998"	0.255073337490465	348	0.762349863676753
"rs1533720"	0.255082286774222	348	1.18196990394561
"rs160149"	0.255092135262609	348	1.43482273062176
"rs351348"	0.255115248704962	348	1.30763347526021
"rs552940"	0.25515558432896	348	1.35983246895881
"rs553115"	0.25515558432896	348	1.35983246895881
"rs553053"	0.255155584328961	348	1.35983246895881
"rs552658"	0.255155584328962	348	1.35983246895881
"rs552688"	0.255155584328962	348	1.35983246895881
"rs552748"	0.255155584328962	348	1.35983246895881
"rs914117"	0.25515769822329	348	1.49291541131576
"rs913784"	0.255157698223291	348	1.49291541131576
"rs913874"	0.255157698223291	348	1.49291541131576
"rs914120"	0.255157698223291	348	1.49291541131576
"rs914144"	0.255157698223291	348	1.49291541131576
"rs1596651"	0.255169148699886	348	1.21050677956776
"rs1596656"	0.255169148699886	348	1.21050677956776
"rs203135"	0.255242365286449	348	0.76186101208103
"rs579156"	0.255271097064732	348	1.23488553706615
"rs278761"	0.25528658042335	348	0.880057406977814
"rs1894733"	0.255295837834068	348	1.37376184569059
"rs775077"	0.255295863278161	348	0.666923532787395
"rs1386114"	0.255319134397242	348	0.759780908810661
"rs1946840"	0.255391880262911	348	0.803123247485175
"rs1065768"	0.255393144452896	348	1.18488718267871
"rs1965331"	0.25540982560741	348	0.397617338573282
"rs433600"	0.255432438117689	348	1.13160956585787
"rs857190"	0.255460176875801	348	0.831641523345942
"rs2009750"	0.255478570658217	348	0.849094067703283
"rs807428"	0.255564761605093	348	0.776482038127648
"rs1905577"	0.255569673776436	348	0.742832165358721
"rs1884265"	0.255571085750631	348	6138.60136140523
"rs116615"	0.255598792810726	348	0.895682642848768
"rs1961461"	0.255598897897572	348	0.79366832870186
"rs1961464"	0.255598897897572	348	0.79366832870186
"rs1961470"	0.255598897897572	348	0.79366832870186
"rs1961479"	0.255598897897572	348	0.79366832870186
"rs1602777"	0.255663742206275	348	1.8586516731722
"rs498725"	0.255707899032138	348	0.752787027253715
"rs1541232"	0.255748353157884	348	1.27437344651505
"rs832271"	0.255794500219735	348	0.79932900702366
"rs832274"	0.255794500219735	348	0.79932900702366
"rs535019"	0.255820589091643	348	1.35541903399307
"rs2025809"	0.25584910382693	348	1.46858342169051
"rs763350"	0.255854078313318	348	1.09966592771036
"rs1406744"	0.255900375592842	348	1.11266506837074
"rs1302404"	0.255905842097357	348	0.694611646498583
"rs1302207"	0.255905842097363	348	0.694611646498584
"rs1302212"	0.255905842097363	348	0.694611646498584
"rs1302561"	0.255905842097363	348	0.694611646498584
"rs1302300"	0.255905842097367	348	0.694611646498587
"rs2193398"	0.255911441519124	348	1.19037961180633
"rs1663394"	0.255914750544529	348	1.26648519758611
"rs238965"	0.255923948277483	348	1.36298332437364
"rs238967"	0.255923948277483	348	1.36298332437364
"rs1415952"	0.255960263389658	348	1.24303247129247
"rs1415953"	0.255960263389658	348	1.24303247129247
"rs719333"	0.255975348201861	348	0.7504818304064
"rs790805"	0.255979647188946	348	1.25140073210355
"rs986163"	0.255988562145253	348	0.836962148098317
"rs1935210"	0.255992647674733	348	0.691320469240868
"rs651012"	0.255996622506713	348	1.33702905640126
"rs651014"	0.255996622506713	348	1.33702905640126
"rs1879700"	0.256011599300537	348	0.733543616985509
"rs2172677"	0.256093381681665	348	1.13280694272227
"rs344147"	0.256102778490495	348	1.21122570663211
"rs1779027"	0.256106710948909	348	1.21465030269013
"rs923263"	0.256126213902149	348	0.559178927547748
"rs488040"	0.256129478076912	348	1.18748172391042
"rs943181"	0.256174032286102	348	0.905380098407454
"rs1995444"	0.256203846107825	348	1.32946689759833
"rs1104226"	0.256222936725586	348	1.45295858659282
"rs623024"	0.256268028760305	348	0.727300936587001
"rs623118"	0.256268028760305	348	0.727300936587001
"rs1756995"	0.256285156641727	348	1.22368005042133
"rs1756998"	0.256285156641727	348	1.22368005042133
"rs1757001"	0.256285156641727	348	1.22368005042133
"rs1757007"	0.256285156641727	348	1.22368005042133
"rs1757013"	0.256285156641727	348	1.22368005042133
"rs1757016"	0.256285156641727	348	1.22368005042133
"rs367424"	0.256286761420969	348	1.30891150432719
"rs367427"	0.256286761420969	348	1.30891150432719
"rs367431"	0.256286761420969	348	1.30891150432719
"rs367444"	0.256286761420969	348	1.30891150432719
"rs1470719"	0.256308859154806	348	1.20591417579795
"rs1338327"	0.25633241976871	348	1.26116793275834
"rs817652"	0.256347939169948	348	1.20543538594059
"rs325973"	0.256349291690785	348	0.916185888406076
"rs969938"	0.256362586735615	348	0.777485670205785
"rs2010148"	0.256432279930829	348	0.895640420815923
"rs2147190"	0.256499714364491	348	0.738157822711823
"rs2147193"	0.256499714364491	348	0.738157822711823
"rs1323728"	0.256516688515701	348	0.700419582809111
"rs47562"	0.256621327795389	348	1.42962945096264
"rs597399"	0.256638619366061	348	1.31048718409801
"rs816599"	0.256674390982301	348	0.863428781706683
"rs511402"	0.256726762420539	348	1.15532044258346
"rs236348"	0.256742561889703	348	0.805486206946987
"rs1700155"	0.256782553415168	348	1.42718193293039
"rs951267"	0.256825916571049	348	0.711199963760667
"rs951274"	0.256825916571049	348	0.711199963760667
"rs905619"	0.256845437625038	348	0.785590774240862
"rs23447"	0.25686820189891	348	1.1017470119343
"rs212167"	0.256930192355259	348	1.27887639209589
"rs505598"	0.256959741376133	348	1.32045237775682
"rs564432"	0.257011685660921	348	0.804369124118916
"rs545611"	0.257035017465544	348	1.2487505840933
"rs1658036"	0.257053755514753	348	1.28937755329812
"rs942177"	0.257094187722947	348	1.3487999904057
"rs942180"	0.257094187722947	348	1.3487999904057
"rs458574"	0.257127862723965	348	0.806429153108941
"rs458587"	0.257127862723965	348	0.806429153108941
"rs167213"	0.257148064863247	348	1.57901039145987
"rs816782"	0.257161942488018	348	0.811314023453894
"rs1809294"	0.257188759744027	348	0.653266702601968
"rs1636925"	0.257236662998043	348	1.13564788082453
"rs1757329"	0.257269147594176	348	1.22072220591737
"rs1748060"	0.2572695358938	348	0.800558227534703
"rs1748075"	0.2572695358938	348	0.800558227534703
"rs133844"	0.257284660047713	348	1.19697981137195
"rs1757039"	0.257364703813625	348	1.23277130619152
"rs1758647"	0.257364703813625	348	1.23277130619152
"rs598404"	0.257373875037044	348	0.676991509843203
"rs598442"	0.257373875037044	348	0.676991509843203
"rs58219"	0.257401843071132	348	0.560257293899832
"rs304757"	0.257412346298978	348	1.19028798486423
"rs912179"	0.2574331917841	348	1.25560419611617
"rs912182"	0.2574331917841	348	1.25560419611617
"rs1350995"	0.257433680642328	348	0.765568406629959
"rs503725"	0.257450582655115	348	1.24355823626679
"rs1757786"	0.257455484473054	348	1.2327467648543
"rs1749306"	0.257483632068853	348	1.185164087728
"rs857819"	0.257500433504118	348	0.785813749159565
"rs1587078"	0.257526171501277	348	0.770958202248042
"rs1288639"	0.25755076083941	348	0.694335335369143
"rs1288649"	0.25755076083941	348	0.694335335369143
"rs1288650"	0.25755076083941	348	0.694335335369143
"rs1288655"	0.25755076083941	348	0.694335335369143
"rs1288659"	0.25755076083941	348	0.694335335369143
"rs592117"	0.257643376646535	348	1.24414155046797
"rs592146"	0.257643376646535	348	1.24414155046797
"rs592170"	0.257643376646535	348	1.24414155046797
"rs1636965"	0.257643782286643	348	1.13549116845293
"rs1340114"	0.257651507102629	348	0.788135410172111
"rs2101354"	0.257678847243962	348	1.18658668131902
"rs1844413"	0.257718921074603	348	1.24941390576506
"rs1844626"	0.257718921074603	348	1.24941390576506
"rs1844630"	0.257718921074603	348	1.24941390576506
"rs1844709"	0.257718921074603	348	1.24941390576506
"rs1844734"	0.257718921074603	348	1.24941390576506
"rs1844762"	0.257718921074603	348	1.24941390576506
"rs1844765"	0.257718921074603	348	1.24941390576506
"rs1844823"	0.257718921074603	348	1.24941390576506
"rs1088098"	0.257782935511465	348	0.765165791883076
"rs1564398"	0.257816477116394	348	0.803609551164109
"rs465233"	0.257825395144775	348	0.827781655106955
"rs1206675"	0.257856795444166	348	0.864526181290438
"rs483901"	0.257881914891954	348	0.763881080332442
"rs512482"	0.257954898530264	348	0.786316749213286
"rs1720495"	0.257991646634404	348	1.22082611417678
"rs1720503"	0.257991646634404	348	1.22082611417678
"rs1720506"	0.257991646634404	348	1.22082611417678
"rs1720509"	0.257991646634404	348	1.22082611417678
"rs2966"	0.258005518460514	348	0.725943643682278
"rs1334726"	0.258025056726467	348	1.25557851285546
"rs816224"	0.258033033725231	348	0.855002999375832
"rs1564994"	0.258035046735886	348	1.34250491856111
"rs1564995"	0.258035046735886	348	1.34250491856111
"rs1564998"	0.258035046735886	348	1.34250491856111
"rs1441104"	0.258053911826945	348	1.12370891573448
"rs841744"	0.258082599414403	348	0.831915237487307
"rs494935"	0.258102230664437	348	0.835508178904533
"rs137774"	0.258121749525331	348	0.743049857797636
"rs2011553"	0.258160768702412	348	1.27612266889246
"rs888713"	0.258231384311223	348	0.749282368989836
"rs1880221"	0.258231907776037	348	0.791719792744244
"rs1880224"	0.258231907776037	348	0.791719792744244
"rs1600865"	0.258261377236614	348	1.19423036633276
"rs938072"	0.258261988501436	348	0.724628257964986
"rs938137"	0.258261988501436	348	0.724628257964986
"rs1964487"	0.258269920058816	348	0.843989069946537
"rs1287040"	0.258280950846283	348	0.869504538851201
"rs1308159"	0.258366434581255	348	1.36249745703621
"rs1308162"	0.258366434581255	348	1.36249745703621
"rs1109119"	0.258404083590056	348	0.74048206306819
"rs162280"	0.258411982423112	348	0.850143169432745
"rs4861"	0.258416571524221	348	1.26785959127972
"rs1367993"	0.258445480275327	348	1.3036063553363
"rs213085"	0.258491900840499	348	1.20051052604725
"rs1361730"	0.258548364981363	348	0.812486826933771
"rs1659357"	0.258583188421209	348	1.85956387701561
"rs1764301"	0.258630580339857	348	0.826878328019016
"rs1764345"	0.258630580339857	348	0.826878328019016
"rs2048267"	0.258663799879048	348	0.713348101851383
"rs553105"	0.258692655437815	348	1.3600077308388
"rs966806"	0.258725765650617	348	0.808863078946219
"rs2024711"	0.25876316634489	348	1.27384904919164
"rs273067"	0.258768272847223	348	1.36142271877112
"rs273073"	0.258768272847223	348	1.36142271877112
"rs2038504"	0.258772044261469	348	1.24885897750248
"rs1286222"	0.258793391887278	348	0.871049213593682
"rs1286534"	0.258793391887278	348	0.871049213593682
"rs1286714"	0.258793391887278	348	0.871049213593682
"rs1287246"	0.258793391887278	348	0.871049213593682
"rs1287333"	0.258793391887278	348	0.871049213593682
"rs1963198"	0.25883334471536	348	1.25122620386096
"rs1830338"	0.25884474151761	348	0.621209398786262
"rs2172741"	0.258850655411186	348	1.23321109004379
"rs1471449"	0.258939010796858	348	1.52624180997138
"rs931270"	0.258940200952118	348	0.741276509964521
"rs2021685"	0.258980422123342	348	0.726247438365251
"rs1402333"	0.258983132698823	348	0.679155446502968
"rs1961458"	0.259110305342726	348	0.794359973056342
"rs1961472"	0.259110305342726	348	0.794359973056342
"rs1961473"	0.259110305342726	348	0.794359973056342
"rs1598900"	0.259119118216856	348	0.851917373053834
"rs307190"	0.259131565259418	348	0.740381643267464
"rs966784"	0.259135999155839	348	0.80901850000799
"rs1706692"	0.259151833135642	348	1.2290374264605
"rs1171640"	0.25917148488053	348	0.850489144192041
"rs1109233"	0.259246222518254	348	0.663153029069422
"rs386833"	0.259246348805867	348	1.45364344485871
"rs387361"	0.259246348805867	348	1.45364344485871
"rs1124838"	0.259258741566666	348	0.561702398820651
"rs1978251"	0.259304872694658	348	0.56416804279523
"rs858859"	0.259316344875174	348	1.08541777476006
"rs460817"	0.259323154056021	348	0.897291927370005
"rs552871"	0.259334291000059	348	1.35683023932582
"rs1774924"	0.259367439540653	348	0.804041695852225
"rs1735559"	0.25937059882239	348	1.2429014986585
"rs725531"	0.259385828968006	348	0.738081651774584
"rs846482"	0.259394419952725	348	0.773596100356363
"rs1801563"	0.259399606742939	348	0.713354192857352
"rs793132"	0.259413915674665	348	0.891068225876371
"rs2010027"	0.259477376043104	348	0.896289698768939
"rs2010049"	0.259477376043104	348	0.896289698768939
"rs2010074"	0.259477376043104	348	0.896289698768939
"rs2010087"	0.259477376043104	348	0.896289698768939
"rs2010090"	0.259477376043104	348	0.896289698768939
"rs2010092"	0.259477376043104	348	0.896289698768939
"rs2010093"	0.259477376043104	348	0.896289698768939
"rs2010095"	0.259477376043104	348	0.896289698768939
"rs2010114"	0.259477376043104	348	0.896289698768939
"rs2010116"	0.259477376043104	348	0.896289698768939
"rs2010135"	0.259477376043104	348	0.896289698768939
"rs2010147"	0.259477376043104	348	0.896289698768939
"rs2010168"	0.259477376043104	348	0.896289698768939
"rs2010178"	0.259477376043104	348	0.896289698768939
"rs2163206"	0.259491391854191	348	1.14234504077417
"rs127961"	0.259506074718894	348	0.727805612000764
"rs1286802"	0.259547359880639	348	0.868177250853783
"rs1286871"	0.259547359880639	348	0.868177250853783
"rs2008188"	0.259571868651581	348	0.759902224771816
"rs478428"	0.259577990026882	348	1.3228652857678
"rs478538"	0.259577990026882	348	1.3228652857678
"rs870958"	0.259601613804838	348	1.32123010081188
"rs533595"	0.259616621763773	348	0.686493498190482
"rs308069"	0.259671222797076	348	1.32944393119671
"rs308206"	0.259671222797076	348	1.32944393119671
"rs308222"	0.259671222797076	348	1.32944393119671
"rs855404"	0.259697845982784	348	0.75739692178521
"rs855407"	0.259697845982784	348	0.75739692178521
"rs1162614"	0.259764023743924	348	0.814181281623333
"rs902440"	0.259766751020986	348	1.20237960794682
"rs1757037"	0.259863356701894	348	1.22296673967759
"rs722582"	0.259875546424874	348	1.22887515493061
"rs1157901"	0.259939809773335	348	0.850546431501048
"rs1157916"	0.259939809773335	348	0.850546431501048
"rs659175"	0.259985982122976	348	1.59740415067901
"rs1372736"	0.259991981018871	348	0.900665605198207
"rs1917837"	0.260030464258359	348	3.44807085917554
"rs1365145"	0.260054007615905	348	0.826034773014422
"rs1712898"	0.260065737052364	348	1.24888292373038
"rs126101"	0.260067439691273	348	0.793582756398543
"rs270322"	0.260106620453732	348	0.847275138882651
"rs1857562"	0.260137221466319	348	0.896856557332946
"rs1515694"	0.260169370037751	348	1.09025781737307
"rs222333"	0.260203523600383	348	1.82800113604395
"rs323649"	0.260224034753827	348	1.26323581621967
"rs1934494"	0.26026498229693	348	1.32050187949805
"rs1991175"	0.260269108173997	348	0.800380415895862
"rs1991195"	0.260269108173997	348	0.800380415895862
"rs124753"	0.260277561474743	348	0.901036534312727
"rs254766"	0.260336363462128	348	0.91055446443087
"rs226424"	0.260372341406101	348	1.10877749382169
"rs499873"	0.260389666629692	348	0.772980342729345
"rs113213"	0.260398096795351	348	0.886086245425405
"rs699805"	0.260398470671471	348	0.945713259679936
"rs1438203"	0.260416244588508	348	1.21466887743237
"rs351191"	0.260431200878055	348	0.820557524188876
"rs466272"	0.26044119586718	348	1.24963862924412
"rs793946"	0.260454158454546	348	0.821677983429375
"rs72153"	0.260464182688055	348	1.25114777038066
"rs1169633"	0.260472339058437	348	0.838870773789878
"rs1169637"	0.260472339058437	348	0.838870773789878
"rs1169639"	0.260472339058437	348	0.838870773789878
"rs1169641"	0.260472339058437	348	0.838870773789878
"rs1169649"	0.260472339058437	348	0.838870773789878
"rs1451604"	0.260572328128538	348	1.24564949960685
"rs1965169"	0.260596809430734	348	0.564155479079541
"rs1636891"	0.260621097935037	348	1.1346224043753
"rs1488773"	0.260674575750401	348	1.07834183395574
"rs1488776"	0.260674575750401	348	1.07834183395574
"rs1651853"	0.260727410259145	348	1.37202929166931
"rs1651854"	0.260727410259145	348	1.37202929166931
"rs1651860"	0.260727410259145	348	1.37202929166931
"rs1651866"	0.260727410259145	348	1.37202929166931
"rs1651869"	0.260727410259145	348	1.37202929166931
"rs1651870"	0.260727410259145	348	1.37202929166931
"rs1651875"	0.260727410259145	348	1.37202929166931
"rs1398112"	0.260735625247723	348	0.815708740176179
"rs2170450"	0.260739088736377	348	1.12419426706104
"rs2092744"	0.260761877135953	348	1.07878122648937
"rs1161954"	0.2607882753309	348	1.24576218106709
"rs340611"	0.260819161434529	348	0.800689729247297
"rs1065750"	0.260831466359589	348	1.16833128133616
"rs633124"	0.260836511929507	348	0.777488774773863
"rs677985"	0.260858386433268	348	1.95935114629135
"rs134377"	0.26086002379664	348	0.816363900537151
"rs1592290"	0.260863609364724	348	0.765384903714251
"rs1758259"	0.260912745155475	348	1.22598636395331
"rs174933"	0.260967735088149	348	1.20132830352524
"rs1141807"	0.260998932811123	348	0.790107019461556
"rs1141809"	0.260998932811123	348	0.790107019461556
"rs1117290"	0.261006799461519	348	0.83661845437381
"rs1117293"	0.261006799461519	348	0.83661845437381
"rs1117500"	0.261022318040324	348	0.8335097689064
"rs815500"	0.261056302375839	348	1.29412034047371
"rs815470"	0.261056302375849	348	1.29412034047371
"rs203127"	0.261117554038459	348	1.95450765711989
"rs1875913"	0.261139401971185	348	2.12406845249726
"rs330571"	0.261147690160506	348	1.15179710142038
"rs330572"	0.261147690160506	348	1.15179710142038
"rs330574"	0.261147690160506	348	1.15179710142038
"rs330575"	0.261147690160506	348	1.15179710142038
"rs282265"	0.261148900210324	348	1.21379842866443
"rs2058151"	0.261170245926649	348	0.92562005447136
"rs1064459"	0.261178921707284	348	0.719572938775739
"rs489009"	0.261208257878479	348	0.791219689374887
"rs1321872"	0.261212707224333	348	0.833242326126485
"rs1321875"	0.261212707224333	348	0.833242326126485
"rs1764303"	0.26122036473423	348	0.827952051860627
"rs707293"	0.261222425267383	348	1.38157944860774
"rs61198"	0.261226496330594	348	0.566411259051072
"rs1841212"	0.261237741242069	348	1.26482185589217
"rs109400"	0.261246429193662	348	0.871126630718274
"rs1715792"	0.261320902168032	348	1.13385176009725
"rs444563"	0.261371894144389	348	0.812852956369228
"rs330577"	0.261378276819951	348	1.15171526969426
"rs1342756"	0.261394721031457	348	0.820019485580777
"rs740183"	0.261427335706059	348	0.765715346254972
"rs1296151"	0.261443886894488	348	0.882458808548188
"rs1296152"	0.261443886894488	348	0.882458808548188
"rs937706"	0.261527109848816	348	0.72355295796205
"rs327123"	0.261560985771898	348	0.823962996802353
"rs1600355"	0.261587470535146	348	1.35480186880806
"rs1858897"	0.261589742800749	348	0.714174594578743
"rs1171985"	0.261634854892465	348	1.12814482831489
"rs1127126"	0.261642257376744	348	1.57484478070989
"rs85922"	0.26166841515682	348	0.774034331959721
"rs1951086"	0.261777384329151	348	0.699481272652992
"rs474626"	0.261793660908163	348	1.3440272643722
"rs978603"	0.261819955008172	348	0.793101246603992
"rs1064615"	0.261830934359675	348	1.327617349554
"rs151294"	0.261851552495916	348	0.767754477221418
"rs152421"	0.261851552495916	348	0.767754477221418
"rs488048"	0.26186647702818	348	1.19977219205415
"rs488049"	0.26186647702818	348	1.19977219205415
"rs488050"	0.26186647702818	348	1.19977219205415
"rs488051"	0.26186647702818	348	1.19977219205415
"rs738370"	0.261886045327834	348	0.706159204607754
"rs556362"	0.261901249803611	348	0.825851884968039
"rs1737869"	0.261915055039024	348	0.614985621532245
"rs636869"	0.261925710203594	348	0.789516418675767
"rs1403944"	0.26194648344359	348	0.797941876201071
"rs1692556"	0.261955802096308	348	1.06641366648129
"rs268635"	0.261961840027156	348	0.792027016265322
"rs882562"	0.261967049068173	348	1.29499478013267
"rs797452"	0.261993130170324	348	0.939699692893834
"rs1093076"	0.26203986643616	348	0.807033939545423
"rs942241"	0.262071024955325	348	1.36307214014794
"rs942250"	0.262071024955325	348	1.36307214014794
"rs818627"	0.262073241762685	348	1.21133429309099
"rs818628"	0.262073241762685	348	1.21133429309099
"rs818670"	0.262073241762685	348	1.21133429309099
"rs343599"	0.262100304225836	348	1.20851902149699
"rs750004"	0.262104482227184	348	1.10046747669965
"rs1602723"	0.262119854449926	348	1.85551505776019
"rs1085837"	0.262186206293512	348	1.22538365300513
"rs1085845"	0.262186206293512	348	1.22538365300513
"rs808537"	0.262187785225836	348	0.78024374158864
"rs1470701"	0.262195043261732	348	1.19364300432422
"rs818443"	0.262205973879102	348	0.848463156232273
"rs943068"	0.26227944287152	348	0.805888844569822
"rs1387943"	0.262385229035957	348	0.763759476497248
"rs1708710"	0.262389064785086	348	1.22333245056591
"rs1708711"	0.262389064785086	348	1.22333245056591
"rs1961647"	0.262406143120914	348	0.911603765051118
"rs2118184"	0.262457726287603	348	0.839293063349227
"rs1636942"	0.262526655724938	348	1.13403245799953
"rs788004"	0.262531169135283	348	0.775394621937867
"rs212848"	0.262532859853776	348	0.831587528677126
"rs438677"	0.262560645346506	348	0.734631220317851
"rs853493"	0.26266470762059	348	1.48620004681146
"rs853502"	0.26266470762059	348	1.48620004681146
"rs853503"	0.26266470762059	348	1.48620004681146
"rs853507"	0.26266470762059	348	1.48620004681146
"rs812948"	0.262671396042947	348	0.903073875429775
"rs782849"	0.262712710950595	348	0.713475358264248
"rs181227"	0.262746933007962	348	1.24686519982643
"rs1104157"	0.262809011227482	348	0.83598313073961
"rs1755872"	0.262834384389239	348	1.44054462406761
"rs857127"	0.262955960261013	348	0.759592640164334
"rs1286604"	0.262986091142027	348	0.856462878359672
"rs1104145"	0.26303794601889	348	1.20260595066497
"rs308763"	0.263100611590541	348	1.50161544617696
"rs510352"	0.263119646273525	348	1.40890424838662
"rs1445732"	0.263120364322304	348	1.4944193056133
"rs617120"	0.263143164467329	348	0.643068382995681
"rs617129"	0.263143164467329	348	0.643068382995681
"rs999982"	0.263159413227024	348	1.3045666687403
"rs1636946"	0.263191097444415	348	1.13381591832229
"rs2006949"	0.263207545620103	348	0.7044974261733
"rs2161894"	0.263222258548384	348	1.18121198044198
"rs1604837"	0.263230198913352	348	1.61001603002264
"rs1866455"	0.263230198913352	348	1.61001603002264
"rs2188965"	0.263230198913352	348	1.61001603002264
"rs2119942"	0.263293553118236	348	0.774968219792085
"rs1880697"	0.26333321422761	348	0.800464274970321
"rs1880643"	0.263333214227619	348	0.800464274970327
"rs1880649"	0.263333214227619	348	0.800464274970327
"rs1880655"	0.263333214227619	348	0.800464274970327
"rs1880673"	0.263333214227619	348	0.800464274970327
"rs1554847"	0.263392107463539	348	1.23701837898274
"rs1197839"	0.26339379495118	348	0.859292072061221
"rs553036"	0.263414153485391	348	1.35439628106662
"rs553073"	0.263414153485391	348	1.35439628106662
"rs1311949"	0.263418769281787	348	1.31188282010647
"rs1311982"	0.263418769281787	348	1.31188282010647
"rs1994089"	0.263440646710249	348	0.786065213153325
"rs82353"	0.263441886302609	348	0.897623666390127
"rs1014779"	0.263464436566098	348	2.15438031773133
"rs698794"	0.2634784490417	348	1.26207752785539
"rs326656"	0.263521765899334	348	0.711307994967631
"rs684820"	0.263536018118147	348	1.28302506042039
"rs439567"	0.263547467155495	348	1.19138342303694
"rs1609332"	0.263592335602149	348	1.26580259355585
"rs1609334"	0.263592335602149	348	1.26580259355585
"rs858868"	0.263610377893992	348	1.09422487600627
"rs930278"	0.263640727007585	348	0.793404602114773
"rs931172"	0.263640727007585	348	0.793404602114773
"rs931176"	0.263640727007585	348	0.793404602114773
"rs1439796"	0.26367927833523	348	1.20733323856875
"rs123080"	0.26368621713244	348	0.844874846886526
"rs1784904"	0.263705074133033	348	0.850972676667972
"rs742322"	0.263731524268254	348	0.816923967098603
"rs215315"	0.263736355707921	348	0.758353661680384
"rs264316"	0.26376520809101	348	1.23879725942806
"rs264319"	0.26376520809101	348	1.23879725942806
"rs264322"	0.26376520809101	348	1.23879725942806
"rs1530799"	0.26379712566794	348	0.75583270230665
"rs1606770"	0.26382979716183	348	1.28579528180575
"rs1286664"	0.263832963387183	348	0.856703286218738
"rs491045"	0.263842900152329	348	0.487943029389065
"rs857123"	0.263882175331718	348	0.760294939244527
"rs620177"	0.263920353751164	348	0.827308347957659
"rs620179"	0.263920353751164	348	0.827308347957659
"rs1845816"	0.263922840895746	348	1.37507705552863
"rs1845821"	0.263922840895746	348	1.37507705552863
"rs1678327"	0.263941156453967	348	0.832026129139698
"rs2013716"	0.263945752188294	348	1.33158329438844
"rs253172"	0.263986447344262	348	1.26656246644512
"rs253178"	0.263986447344262	348	1.26656246644512
"rs2021665"	0.264020029644323	348	0.723552983461415
"rs1893699"	0.264040009216579	348	1.30258642338924
"rs896496"	0.264043445866216	348	0.88229374346358
"rs1542553"	0.264046381363776	348	0.707510409731593
"rs1396844"	0.264090411728236	348	0.781426496712016
"rs1117723"	0.26411045032955	348	0.831150497759558
"rs951395"	0.264113852366891	348	0.709414093834991
"rs99926"	0.264115885973664	348	0.760036643236768
"rs887876"	0.2641205810594	348	1.29402488539567
"rs967939"	0.26416242867968	348	0.837366606134275
"rs1128159"	0.264164632907534	348	0.00015203743698539
"rs1701433"	0.264202821175654	348	1.28507425038906
"rs552407"	0.264235894297398	348	1.23225033050614
"rs127029"	0.264274248248528	348	0.795349536707424
"rs127035"	0.264274248248528	348	0.795349536707424
"rs127059"	0.264274248248528	348	0.795349536707424
"rs592243"	0.264322270549626	348	1.2654469190242
"rs592245"	0.264322270549626	348	1.2654469190242
"rs592253"	0.264322270549626	348	1.2654469190242
"rs592269"	0.264322270549626	348	1.2654469190242
"rs592277"	0.264322270549626	348	1.2654469190242
"rs592278"	0.264322270549626	348	1.2654469190242
"rs592281"	0.264322270549626	348	1.2654469190242
"rs592287"	0.264322270549626	348	1.2654469190242
"rs348166"	0.264323474406035	348	1.42969220216054
"rs2121972"	0.264357035246042	348	0.864228733009472
"rs822130"	0.264375643731279	348	0.730364670986441
"rs190231"	0.264437838044457	348	0.786148574525736
"rs103975"	0.264438563828868	348	0.813750727038344
"rs1709034"	0.264471499593748	348	1.23075555314226
"rs1709049"	0.264471499593748	348	1.23075555314226
"rs1709053"	0.264471499593748	348	1.23075555314226
"rs1720394"	0.264471499593748	348	1.23075555314226
"rs854927"	0.264475603522183	348	0.762881767136296
"rs854929"	0.264475603522183	348	0.762881767136296
"rs1822985"	0.264477919474614	348	0.729878041579376
"rs2019273"	0.264559739159244	348	1.38612032110753
"rs1833770"	0.264637126566401	348	0.75352937562568
"rs1833779"	0.264637126566401	348	0.75352937562568
"rs250265"	0.264648659046675	348	1.42259292063217
"rs2089303"	0.264691888167713	348	0.841272601802172
"rs226158"	0.264714899432699	348	0.588560406939664
"rs1366786"	0.264742787769256	348	1.30008594864096
"rs409503"	0.264803154362618	348	1.20600276192997
"rs1530599"	0.264820439514226	348	1.24891312523181
"rs1296168"	0.264824973741524	348	1.07630223414554
"rs349588"	0.264834878455878	348	0.800709089410347
"rs349627"	0.264834878455878	348	0.800709089410347
"rs1775283"	0.264850904553276	348	1.20690964187329
"rs448463"	0.264910151012309	348	0.948592806829994
"rs1703515"	0.264911824775089	348	1.23048818432868
"rs2155402"	0.264913965660741	348	0.865016255010678
"rs1587203"	0.265021015969786	348	0.794035617024643
"rs553258"	0.265082764936101	348	0.802606211004649
"rs2090322"	0.26513225048477	348	0.804165486312187
"rs1153743"	0.265176820708254	348	0.772573012077034
"rs1886356"	0.265190492252371	348	0.64765317843493
"rs2046579"	0.265222314318819	348	0.806730196207507
"rs1551253"	0.265239057013146	348	0.870621606951691
"rs522479"	0.265239924450463	348	1.12915656326591
"rs2131324"	0.265245255359324	348	1.17560022022418
"rs367261"	0.265249530087453	348	1.25942440610863
"rs2165043"	0.265320201928068	348	0.837398987110424
"rs1480860"	0.265340170133569	348	0.801346302964495
"rs381814"	0.2653697918416	348	1.21125341674208
"rs615599"	0.265378763533989	348	1.25168900358802
"rs1049164"	0.265443050855956	348	1.43492444685974
"rs488031"	0.265484867267058	348	1.17773380726489
"rs488032"	0.265484867267058	348	1.17773380726489
"rs876082"	0.265512427012053	348	1.85110340230561
"rs512446"	0.265522985699429	348	0.814441283270163
"rs1286155"	0.265524735277673	348	0.871798283333441
"rs1286237"	0.265524735277673	348	0.871798283333441
"rs1287242"	0.265524735277673	348	0.871798283333441
"rs1757657"	0.265600611248432	348	1.22287826783226
"rs1757788"	0.265600611248432	348	1.22287826783226
"rs1759137"	0.265600611248432	348	1.22287826783226
"rs2176415"	0.265604662710295	348	0.778789424385855
"rs1461027"	0.26560825407767	348	0.807082905101681
"rs156320"	0.265646922901972	348	0.870056956680173
"rs908413"	0.265661011349441	348	1.06865515149175
"rs145829"	0.265673070664447	348	1.1270908067111
"rs145867"	0.265673070664447	348	1.1270908067111
"rs942451"	0.265681405410421	348	1.38740838609405
"rs942487"	0.265681405410421	348	1.38740838609405
"rs942508"	0.265681405410421	348	1.38740838609405
"rs942515"	0.265681405410421	348	1.38740838609405
"rs942517"	0.265681405410421	348	1.38740838609405
"rs942523"	0.265681405410421	348	1.38740838609405
"rs942532"	0.265681405410421	348	1.38740838609405
"rs942535"	0.265681405410421	348	1.38740838609405
"rs942538"	0.265681405410421	348	1.38740838609405
"rs838997"	0.265683768079795	348	0.803531762339108
"rs839006"	0.265683768079795	348	0.803531762339108
"rs839025"	0.265683768079795	348	0.803531762339108
"rs106078"	0.265722796863175	348	0.844537987461404
"rs1159238"	0.265724043056229	348	0.588598260135274
"rs863960"	0.265724043056235	348	0.588598260135277
"rs1920241"	0.265724043056239	348	0.00398599898399278
"rs1920278"	0.265724043056239	348	0.00398599898399278
"rs1294569"	0.265742894003014	348	1.25523576093635
"rs823666"	0.265768065697377	348	1.20024684418445
"rs127971"	0.265774495473273	348	0.764081493119761
"rs21732"	0.265831063401232	348	0.770329308225737
"rs21781"	0.265831063401232	348	0.770329308225737
"rs2019939"	0.265873731682514	348	1.2541765203137
"rs1340644"	0.26591022322495	348	0.832710842481141
"rs2006770"	0.265912315470807	348	0.836921641116847
"rs1897154"	0.265934156554656	348	1.21850044141795
"rs1978151"	0.265936843250422	348	0.734652561574898
"rs2105093"	0.265978752988642	348	1.27803782104036
"rs1324572"	0.265994015195653	348	0.732019186230707
"rs1777839"	0.265995545326847	348	1.24674652172678
"rs605841"	0.266018346781692	348	1.42210193909561
"rs552890"	0.266030283135791	348	1.36424707090848
"rs552919"	0.266030283135791	348	1.36424707090848
"rs1917576"	0.26609859129459	348	1.21320574313763
"rs355831"	0.266105183680907	348	0.857758720131305
"rs552891"	0.266138579174164	348	1.35133668204956
"rs553057"	0.266138579174164	348	1.35133668204956
"rs553058"	0.266138579174164	348	1.35133668204956
"rs553108"	0.266138579174164	348	1.35133668204956
"rs117748"	0.266200067063359	348	0.859766269768152
"rs1286351"	0.266245563332712	348	0.85061554236448
"rs559018"	0.266264260949184	348	0.850191401086267
"rs1426502"	0.266276478123312	348	0.663652103846651
"rs42894"	0.266294150122193	348	0.876854950453578
"rs237885"	0.266336070666778	348	1.21463943039372
"rs731904"	0.266434973518373	348	0.738079747760134
"rs2170627"	0.266446457537279	348	0.892153044443965
"rs1672935"	0.266480384176326	348	0.893625601422507
"rs1845375"	0.266489196199593	348	1.37522474641019
"rs1348954"	0.266514392265305	348	0.636160970497977
"rs974149"	0.266556481635761	348	0.729321892350976
"rs974395"	0.266556481635761	348	0.729321892350976
"rs968542"	0.266556481635765	348	0.729321892350975
"rs968677"	0.266556481635765	348	0.729321892350975
"rs973660"	0.266556481635765	348	0.729321892350975
"rs976632"	0.266556481635765	348	0.729321892350975
"rs984317"	0.266556481635765	348	0.729321892350975
"rs986654"	0.266556481635765	348	0.729321892350975
"rs987520"	0.266556481635765	348	0.729321892350975
"rs1734666"	0.266578700001307	348	0.749538709942953
"rs877348"	0.266595827645558	348	1.25914531503634
"rs1904191"	0.266605219558554	348	1.18965189671868
"rs147116"	0.266623374715756	348	1.20970452603752
"rs147119"	0.266623374715756	348	1.20970452603752
"rs147133"	0.266623374715756	348	1.20970452603752
"rs147136"	0.266623374715756	348	1.20970452603752
"rs2171154"	0.266645517623015	348	0.89049503266888
"rs1315942"	0.266665684989996	348	0.762583891662432
"rs296652"	0.266682901448112	348	0.711423516443355
"rs2053056"	0.266694608675614	348	1.4243502949056
"rs1985059"	0.266700804834502	348	0.842531525202942
"rs1085348"	0.266700981132583	348	1.20775537725678
"rs1085354"	0.266700981132583	348	1.20775537725678
"rs1085360"	0.266700981132583	348	1.20775537725678
"rs807755"	0.266710832555579	348	0.8219950657374
"rs807765"	0.266710832555579	348	0.8219950657374
"rs807738"	0.266710832555592	348	0.821995065737402
"rs942247"	0.266747788687485	348	1.35542114622117
"rs942259"	0.266747788687485	348	1.35542114622117
"rs2024528"	0.266812942342689	348	1.28277072919507
"rs2024522"	0.26681294234269	348	1.28277072919507
"rs2024525"	0.26681294234269	348	1.28277072919507
"rs2024531"	0.26681294234269	348	1.28277072919507
"rs2024534"	0.26681294234269	348	1.28277072919507
"rs2024535"	0.26681294234269	348	1.28277072919507
"rs2024540"	0.26681294234269	348	1.28277072919507
"rs2024543"	0.26681294234269	348	1.28277072919507
"rs2024548"	0.26681294234269	348	1.28277072919507
"rs2024549"	0.26681294234269	348	1.28277072919507
"rs1197611"	0.266852065702178	348	0.864418500145721
"rs26465"	0.266875034848193	348	1.24179402422148
"rs797757"	0.266892255688076	348	0.770971539529365
"rs987591"	0.266893045043599	348	0.840236579884853
"rs847402"	0.266943465377075	348	1.19913157794195
"rs158621"	0.266952598249735	348	0.81324335900571
"rs42780"	0.267019929910277	348	0.884023961167298
"rs1773663"	0.267107108745479	348	1.20249954827317
"rs1640359"	0.267122230512881	348	0.815314151674983
"rs1360215"	0.267123378227387	348	1.1149106378321
"rs857110"	0.267151254956603	348	0.761423630973971
"rs28868"	0.26715302930429	348	1.43767546303224
"rs28871"	0.26715302930429	348	1.43767546303224
"rs28882"	0.26715302930429	348	1.43767546303224
"rs28910"	0.26715302930429	348	1.43767546303224
"rs28948"	0.26715302930429	348	1.43767546303224
"rs28949"	0.26715302930429	348	1.43767546303224
"rs28970"	0.26715302930429	348	1.43767546303224
"rs29001"	0.26715302930429	348	1.43767546303224
"rs29033"	0.26715302930429	348	1.43767546303224
"rs29093"	0.26715302930429	348	1.43767546303224
"rs29477"	0.26715302930429	348	1.43767546303224
"rs29525"	0.26715302930429	348	1.43767546303224
"rs29539"	0.26715302930429	348	1.43767546303224
"rs29548"	0.26715302930429	348	1.43767546303224
"rs29625"	0.26715302930429	348	1.43767546303224
"rs484431"	0.267156568653115	348	1.44491348277713
"rs2023741"	0.267164519534653	348	0.800919642314564
"rs1063109"	0.267173181332617	348	1.22261190999954
"rs113031"	0.267191413747895	348	1.11426604443513
"rs189893"	0.267216498702915	348	1.26309534457368
"rs189897"	0.267216498702915	348	1.26309534457368
"rs942394"	0.267268758790183	348	1.38497473028476
"rs1117605"	0.267350416910384	348	0.837883545471346
"rs1543056"	0.267358882795918	348	1.18455811456435
"rs1919270"	0.267434654784332	348	0.713726420324713
"rs1988072"	0.26743743826056	348	0.660114773608047
"rs1988100"	0.26743743826056	348	0.660114773608047
"rs1354913"	0.267444495950229	348	0.784895215706586
"rs1366269"	0.267465587327632	348	1.29706138099226
"rs2010199"	0.267507178182593	348	0.544472920375196
"rs628780"	0.267519994663747	348	0.711682917665204
"rs2214598"	0.267530384143578	348	1.32611573604289
"rs158677"	0.267566154847896	348	0.799202018345279
"rs1564173"	0.267592081237342	348	0.751201945688548
"rs1169555"	0.267599625510994	348	1.18522071246147
"rs1169558"	0.267599625510994	348	1.18522071246147
"rs1378699"	0.267601656106509	348	1.41046923888122
"rs819936"	0.267615108521539	348	0.803286524256139
"rs255468"	0.267618075447118	348	1.10304657204853
"rs1166287"	0.267686901909772	348	0.846001566815529
"rs2010874"	0.267691245803423	348	1.31866476000551
"rs905075"	0.267777587131356	348	1.27585774424134
"rs1849113"	0.267805877644168	348	1.21091140692526
"rs1784293"	0.267840834631759	348	0.927996843365781
"rs1957612"	0.267842471913614	348	0.787865452156066
"rs2161886"	0.267843992554549	348	1.17890718560459
"rs1963937"	0.267845304366637	348	0.734872715724735
"rs1963991"	0.267845304366637	348	0.734872715724735
"rs1964022"	0.267845304366637	348	0.734872715724735
"rs936692"	0.267893414529418	348	0.798374045346708
"rs2018579"	0.26789802701813	348	0.752350418009539
"rs134450"	0.267901888473146	348	0.751389522159239
"rs2120975"	0.26796010012317	348	0.788582153178883
"rs507817"	0.267966042240454	348	1.19374497741802
"rs1294197"	0.268042457572052	348	0.84073939773578
"rs1718170"	0.268043142699238	348	0.789274429444783
"rs1718184"	0.268043142699238	348	0.789274429444783
"rs1718185"	0.268043142699238	348	0.789274429444783
"rs1294062"	0.268064327572829	348	1.17151348021932
"rs260599"	0.268092094086558	348	1.33406686524691
"rs1062383"	0.268092569213568	348	1.36204400158873
"rs305982"	0.268123956251995	348	0.786765254381851
"rs907467"	0.268137773359827	348	1.27065620322742
"rs866028"	0.268175864704092	348	1.41795589376143
"rs1181139"	0.268193262874999	348	0.848588918091564
"rs1182387"	0.268193262874999	348	0.848588918091564
"rs1678469"	0.26820107335739	348	1.25291797612068
"rs1064078"	0.268266262546473	348	0.790691542258271
"rs628616"	0.268350181516374	348	0.807239364538264
"rs392222"	0.2683675830178	348	0.8338255448777
"rs305462"	0.268371399838868	348	0.810227985758954
"rs1345669"	0.268428054871649	348	0.742129345065973
"rs2009940"	0.268451168690035	348	1.18162373324813
"rs1615901"	0.26850515710179	348	1.08378931441109
"rs42885"	0.268512304286601	348	1.18190629217764
"rs301269"	0.268585096314204	348	1.19700123325047
"rs301278"	0.268585096314204	348	1.19700123325047
"rs301281"	0.268585096314204	348	1.19700123325047
"rs301284"	0.268585096314204	348	1.19700123325047
"rs301285"	0.268585096314204	348	1.19700123325047
"rs290300"	0.268600499442862	348	0.924644493244075
"rs1106271"	0.268602607684933	348	1.39975075599895
"rs1106274"	0.268602607684951	348	1.39975075599894
"rs1106276"	0.268602607684964	348	1.39975075599893
"rs1106277"	0.268602607684964	348	1.39975075599893
"rs1106331"	0.268602607684964	348	1.39975075599893
"rs2171152"	0.268631294849818	348	0.883619343271359
"rs855293"	0.26863831339	348	2.27583074037392
"rs1748063"	0.26867214400613	348	0.811484671016865
"rs1748066"	0.26867214400613	348	0.811484671016865
"rs1748069"	0.26867214400613	348	0.811484671016865
"rs1748074"	0.26867214400613	348	0.811484671016865
"rs333372"	0.268674701285434	348	0.650160684174363
"rs1004843"	0.268676744823262	348	1.25186637895446
"rs1004845"	0.268676744823262	348	1.25186637895446
"rs1004848"	0.268676744823262	348	1.25186637895446
"rs1004866"	0.268676744823262	348	1.25186637895446
"rs1004869"	0.268676744823262	348	1.25186637895446
"rs1004875"	0.268676744823262	348	1.25186637895446
"rs2147693"	0.268681810164311	348	0.807699018776703
"rs857988"	0.268730446682124	348	1.17363715276089
"rs1323297"	0.268768557744856	348	0.788350937717283
"rs565371"	0.268787233830617	348	0.829446803563873
"rs565413"	0.268787233830617	348	0.829446803563873
"rs565422"	0.268787233830617	348	0.829446803563873
"rs319444"	0.268803259836848	348	1.35036309415829
"rs1647523"	0.268819689703254	348	1.20025087175798
"rs280678"	0.268882012069865	348	0.774586271511834
"rs552406"	0.268930722629098	348	1.24170925360847
"rs552418"	0.268930722629098	348	1.24170925360847
"rs1063353"	0.26893388239958	348	1.23815762354809
"rs503415"	0.268968638559398	348	1.23133441349407
"rs1044716"	0.268989126888398	348	1.31258211344983
"rs1169399"	0.268989305469894	348	0.759808592391132
"rs1376422"	0.269030077354668	348	1.29976507775528
"rs1842923"	0.269060992248387	348	0.837537852614528
"rs1944581"	0.269072858254978	348	0.777161456368959
"rs1944682"	0.26907285825498	348	0.777161456368959
"rs1637124"	0.269085794748811	348	1.0791925957713
"rs936384"	0.26910592406835	348	0.793635123303634
"rs936394"	0.26910592406835	348	0.793635123303634
"rs936398"	0.26910592406835	348	0.793635123303634
"rs936404"	0.26910592406835	348	0.793635123303634
"rs936415"	0.26910592406835	348	0.793635123303634
"rs936430"	0.26910592406835	348	0.793635123303634
"rs936431"	0.26910592406835	348	0.793635123303634
"rs936451"	0.26910592406835	348	0.793635123303634
"rs936484"	0.26910592406835	348	0.793635123303634
"rs936487"	0.26910592406835	348	0.793635123303634
"rs936514"	0.26910592406835	348	0.793635123303634
"rs936539"	0.26910592406835	348	0.793635123303634
"rs936576"	0.26910592406835	348	0.793635123303634
"rs936577"	0.26910592406835	348	0.793635123303634
"rs936578"	0.26910592406835	348	0.793635123303634
"rs936580"	0.26910592406835	348	0.793635123303634
"rs936610"	0.26910592406835	348	0.793635123303634
"rs936613"	0.26910592406835	348	0.793635123303634
"rs936634"	0.26910592406835	348	0.793635123303634
"rs936653"	0.26910592406835	348	0.793635123303634
"rs936670"	0.26910592406835	348	0.793635123303634
"rs936685"	0.26910592406835	348	0.793635123303634
"rs936710"	0.26910592406835	348	0.793635123303634
"rs936730"	0.26910592406835	348	0.793635123303634
"rs936733"	0.26910592406835	348	0.793635123303634
"rs936745"	0.26910592406835	348	0.793635123303634
"rs936752"	0.26910592406835	348	0.793635123303634
"rs936757"	0.26910592406835	348	0.793635123303634
"rs936766"	0.26910592406835	348	0.793635123303634
"rs936781"	0.26910592406835	348	0.793635123303634
"rs423637"	0.269141619200587	348	1.2098417712197
"rs350110"	0.269193358144977	348	0.831263479313309
"rs545798"	0.26919537493672	348	1.13437249701504
"rs498214"	0.269237997471616	348	1.17562392957766
"rs46028"	0.269276096983408	348	0.721337931674685
"rs1596695"	0.269282306454526	348	0.832056577987337
"rs1737895"	0.269375330696587	348	1.13407688581017
"rs523558"	0.269384268179054	348	1.11440058156635
"rs1918864"	0.26938744650648	348	1.19080852420987
"rs1290206"	0.269402364646185	348	1.16221176489153
"rs1698556"	0.269458220826153	348	1.15166557679612
"rs259522"	0.269474479272235	348	1.2394201970096
"rs1944313"	0.26948343464365	348	1.21070382449933
"rs1807327"	0.269544511988495	348	0.800031428401742
"rs770013"	0.269551396748552	348	0.872082553286378
"rs1985106"	0.269552258286043	348	1.43852018257058
"rs613323"	0.269600572894791	348	0.854775622705895
"rs2036291"	0.269609141171986	348	0.722967438193156
"rs1162443"	0.269615760341417	348	0.822634587651127
"rs1046975"	0.26961830998005	348	0.757576603869132
"rs109437"	0.269622092330904	348	1.07594773450929
"rs2137426"	0.269643942908815	348	1.20707951066521
"rs2138702"	0.269643942908815	348	1.20707951066521
"rs2141785"	0.269643942908815	348	1.20707951066521
"rs2142280"	0.269643942908815	348	1.20707951066521
"rs2145025"	0.269643942908815	348	1.20707951066521
"rs2144985"	0.269673603751615	348	1.2075763275724
"rs2145034"	0.269673603751615	348	1.2075763275724
"rs1086573"	0.269675480058473	348	0.833366734039255
"rs881444"	0.269794544701264	348	0.806717373299274
"rs242738"	0.269795954818535	348	0.823573822825642
"rs242761"	0.269795954818535	348	0.823573822825642
"rs187627"	0.269800077439192	348	0.761771673488795
"rs187633"	0.269800077439192	348	0.761771673488795
"rs187645"	0.269800077439192	348	0.761771673488795
"rs187648"	0.269800077439192	348	0.761771673488795
"rs187672"	0.269800077439192	348	0.761771673488795
"rs187693"	0.269800077439192	348	0.761771673488795
"rs187708"	0.269800077439192	348	0.761771673488795
"rs187723"	0.269800077439192	348	0.761771673488795
"rs187726"	0.269800077439192	348	0.761771673488795
"rs187729"	0.269800077439192	348	0.761771673488795
"rs187735"	0.269800077439192	348	0.761771673488795
"rs187750"	0.269800077439192	348	0.761771673488795
"rs187759"	0.269800077439192	348	0.761771673488795
"rs187762"	0.269800077439192	348	0.761771673488795
"rs187780"	0.269800077439192	348	0.761771673488795
"rs187795"	0.269800077439192	348	0.761771673488795
"rs187801"	0.269800077439192	348	0.761771673488795
"rs474336"	0.26986075397053	348	1.33811845418513
"rs474683"	0.26986075397053	348	1.33811845418513
"rs474697"	0.26986075397053	348	1.33811845418513
"rs474705"	0.26986075397053	348	1.33811845418513
"rs474710"	0.26986075397053	348	1.33811845418513
"rs474713"	0.26986075397053	348	1.33811845418513
"rs474717"	0.26986075397053	348	1.33811845418513
"rs410923"	0.269896868119404	348	0.955898181454302
"rs1068683"	0.26990475660363	348	0.770866443533971
"rs1068692"	0.26990475660363	348	0.770866443533971
"rs2118330"	0.269918623697882	348	1.15955887227055
"rs1884679"	0.269940748807913	348	0.777777462782451
"rs1296291"	0.269953431357313	348	0.821936082569632
"rs1635190"	0.269960961003451	348	0.89516221207708
"rs944909"	0.270019770468211	348	0.747186450845424
"rs1637336"	0.270021016918347	348	1.07258910195059
"rs301565"	0.270036270616926	348	0.83552826365967
"rs209441"	0.270127869752108	348	0.568848349179239
"rs1374563"	0.270127869752108	348	0.568848349179239
"rs1842596"	0.270127869752108	348	0.568848349179239
"rs323912"	0.270145443225315	348	13.8974896407094
"rs127991"	0.270179972976002	348	0.706504640262645
"rs212861"	0.27021723487946	348	1.3503308298904
"rs234977"	0.270315779274129	348	1.43920044470233
"rs1024880"	0.270320295241055	348	0.692790612291183
"rs130015"	0.270356931680215	348	1.2064936593885
"rs30702"	0.270377704286741	348	1.22208510788617
"rs1479142"	0.270383415996537	348	0.828623246320646
"rs1479145"	0.270383415996537	348	0.828623246320646
"rs1286385"	0.270386459310704	348	0.864763482963215
"rs117772"	0.270392029682896	348	0.865462326623607
"rs823672"	0.270404981549682	348	0.812880551876478
"rs823675"	0.270404981549682	348	0.812880551876478
"rs1833198"	0.270413956963813	348	0.81331964040129
"rs93987"	0.270453773958551	348	1.26806390333128
"rs566105"	0.27048136723409	348	1.07417093294954
"rs1619064"	0.27053674449271	348	0.839240742979315
"rs2099523"	0.270545624781486	348	1.17408678412787
"rs843666"	0.270561189476635	348	0.763641069130928
"rs1716214"	0.270568638100282	348	1.24065345379683
"rs1716232"	0.270568638100282	348	1.24065345379683
"rs1716235"	0.270568638100282	348	1.24065345379683
"rs1719835"	0.270568638100282	348	1.24065345379683
"rs1719885"	0.270568638100282	348	1.24065345379683
"rs535298"	0.270667773701116	348	1.19084687814847
"rs516144"	0.270732923884379	348	1.29774630983938
"rs2117152"	0.270765284041416	348	1.26707068699016
"rs1950582"	0.270767891958309	348	0.794069570553236
"rs1628437"	0.270823168415418	348	1.24205007218601
"rs1738060"	0.270829594762326	348	1.18838043149109
"rs909683"	0.270964051471267	348	1.27849838427497
"rs354078"	0.270983075513335	348	0.793364336372115
"rs354086"	0.270983075513335	348	0.793364336372115
"rs12233"	0.271012359131585	348	0.624613332014074
"rs944431"	0.271109986889206	348	0.738660253019708
"rs1720249"	0.271132191850543	348	1.22793691399255
"rs1678043"	0.271152456677443	348	0.701099358326392
"rs591085"	0.271196788329916	348	0.755187535507241
"rs459953"	0.271223396577277	348	0.840652285141419
"rs2173153"	0.27122630400828	348	1.24996981236875
"rs1363724"	0.271342914929252	348	1.30500240630649
"rs1363728"	0.271342914929252	348	1.30500240630649
"rs1363754"	0.271342914929252	348	1.30500240630649
"rs1363755"	0.271342914929252	348	1.30500240630649
"rs1363756"	0.271342914929252	348	1.30500240630649
"rs1363783"	0.271342914929252	348	1.30500240630649
"rs1363799"	0.271342914929252	348	1.30500240630649
"rs1363800"	0.271342914929252	348	1.30500240630649
"rs1363808"	0.271342914929252	348	1.30500240630649
"rs1363821"	0.271342914929252	348	1.30500240630649
"rs1363836"	0.271342914929252	348	1.30500240630649
"rs1363862"	0.271342914929252	348	1.30500240630649
"rs1366342"	0.271342914929252	348	1.30500240630649
"rs1366346"	0.271342914929252	348	1.30500240630649
"rs1366348"	0.271342914929252	348	1.30500240630649
"rs1366357"	0.271342914929252	348	1.30500240630649
"rs1366363"	0.271342914929252	348	1.30500240630649
"rs1366366"	0.271342914929252	348	1.30500240630649
"rs1367018"	0.271342914929252	348	1.30500240630649
"rs1367123"	0.271342914929252	348	1.30500240630649
"rs1367190"	0.271342914929252	348	1.30500240630649
"rs1367297"	0.271342914929252	348	1.30500240630649
"rs1368651"	0.271342914929252	348	1.30500240630649
"rs1368653"	0.271342914929252	348	1.30500240630649
"rs1368669"	0.271342914929252	348	1.30500240630649
"rs1371423"	0.271342914929252	348	1.30500240630649
"rs1963883"	0.271380524905831	348	0.758222761390822
"rs1599674"	0.271394170440928	348	1.34779451384505
"rs1600352"	0.271394170440936	348	1.34779451384505
"rs1600364"	0.271394170440936	348	1.34779451384505
"rs1600370"	0.271394170440936	348	1.34779451384505
"rs1600398"	0.271394170440936	348	1.34779451384505
"rs1600399"	0.271394170440936	348	1.34779451384505
"rs1600412"	0.271394170440936	348	1.34779451384505
"rs1600499"	0.271394170440936	348	1.34779451384505
"rs1600529"	0.271394170440936	348	1.34779451384505
"rs1600787"	0.271394170440936	348	1.34779451384505
"rs1600811"	0.271394170440936	348	1.34779451384505
"rs1600813"	0.271394170440936	348	1.34779451384505
"rs881298"	0.271401425925907	348	1.29370795208603
"rs2007693"	0.271447187517155	348	0.496585576875737
"rs1743092"	0.271483697118932	348	0.847128526768412
"rs552409"	0.271504289006863	348	1.24039164763986
"rs1118556"	0.271541211525412	348	0.777785338118051
"rs1584810"	0.271570533557866	348	0.703575279033709
"rs74985"	0.271638447692296	348	0.630907272512338
"rs2208946"	0.271638447692296	348	0.630907272512338
"rs863801"	0.271700511601252	348	1.09241917272833
"rs438293"	0.271704978082838	348	1.19784791952824
"rs118049"	0.271771252179612	348	1.09732731926877
"rs491999"	0.271779093887111	348	1.1001678112939
"rs1943134"	0.271804161164525	348	1.20960238444401
"rs1784337"	0.271827384752616	348	1.07606607884728
"rs368838"	0.27182951574295	348	0.827131935711573
"rs719231"	0.271838556494451	348	0.791919979125527
"rs719330"	0.271838556494451	348	0.791919979125527
"rs719334"	0.271838556494451	348	0.791919979125527
"rs1488523"	0.271839034884533	348	1.0746303156886
"rs2170372"	0.2718737157457	348	1.18441468811671
"rs597418"	0.272036128707654	348	1.44247724521627
"rs730477"	0.272089381956305	348	0.68936973806256
"rs730516"	0.272089381956305	348	0.68936973806256
"rs730594"	0.272089381956305	348	0.68936973806256
"rs730675"	0.272089381956305	348	0.68936973806256
"rs33822"	0.27213543406515	348	1.34505186458692
"rs1884701"	0.272137919171472	348	0.77867070105405
"rs354092"	0.272178587436924	348	0.793620371757156
"rs764714"	0.272182216108695	348	0.911238215477481
"rs1479823"	0.272187908961423	348	0.82701633403975
"rs455903"	0.272206126941919	348	0.765148840527798
"rs1064651"	0.272213360115604	348	1.29669357275468
"rs1064681"	0.272213360115604	348	1.29669357275468
"rs1628068"	0.272227216103981	348	1.83800058930811
"rs1447693"	0.272243036919935	348	1.18944852402305
"rs552859"	0.272319869514315	348	1.345282567241
"rs553063"	0.272319869514315	348	1.345282567241
"rs553090"	0.272319869514315	348	1.345282567241
"rs1846916"	0.272320526122567	348	0.65761951556749
"rs911375"	0.272339476687939	348	1.34799245819818
"rs74098"	0.272351649109469	348	0.645133631164457
"rs1601195"	0.27235543026648	348	1.30591811485324
"rs575624"	0.272367561014529	348	1.23967848669548
"rs1391785"	0.272377610595423	348	0.602504222376902
"rs2113869"	0.272390719335246	348	0.837095824994751
"rs935702"	0.272443035071256	348	0.869821885572161
"rs307097"	0.272453037985866	348	0.799810699188501
"rs35773"	0.272460348986553	348	0.711595120216471
"rs980455"	0.272477306190377	348	0.665843394918786
"rs1780445"	0.272489972592157	348	1.23427528533892
"rs1780471"	0.272489972592157	348	1.23427528533892
"rs1780460"	0.272489972592171	348	1.23427528533892
"rs1780469"	0.272489972592171	348	1.23427528533892
"rs1366433"	0.272507259116853	348	1.29333367765281
"rs797566"	0.272509406405917	348	1.17227808445365
"rs797569"	0.272509406405917	348	1.17227808445365
"rs28803"	0.272510819711353	348	1.43277384437531
"rs28811"	0.272510819711353	348	1.43277384437531
"rs28820"	0.272510819711353	348	1.43277384437531
"rs29658"	0.272510819711353	348	1.43277384437531
"rs975250"	0.272524617728634	348	0.732370925871786
"rs1441518"	0.27258356529771	348	0.587271042917268
"rs1441669"	0.27258356529771	348	0.587271042917268
"rs1618638"	0.272648014860481	348	0.780974520148142
"rs1618646"	0.272648014860481	348	0.780974520148142
"rs362338"	0.272660950398645	348	1.20630037089068
"rs725330"	0.272671755805322	348	0.695920662419284
"rs275602"	0.272679997407542	348	0.851855242035993
"rs556725"	0.272721311829706	348	1.12201333499157
"rs1592858"	0.272723286592426	348	0.776407892363045
"rs842757"	0.272725492492629	348	0.794128832587105
"rs2211939"	0.272739112534308	348	1.36797635006419
"rs182635"	0.272755511158837	348	0.758187570911348
"rs1907688"	0.272757277285696	348	0.862205992474566
"rs1124986"	0.272757378936909	348	1.16190418959015
"rs1114003"	0.272833278179014	348	0.892006447576161
"rs419955"	0.272862196522228	348	0.832200497402386
"rs1014052"	0.272867972548837	348	0.889130078985161
"rs255829"	0.272881058733622	348	1.2788222463618
"rs308474"	0.272885427637122	348	1.1892820711834
"rs308475"	0.272885427637122	348	1.1892820711834
"rs577667"	0.272925528799706	348	0.804722576134202
"rs613256"	0.272931368385526	348	0.858129942612345
"rs2010111"	0.272969710080441	348	0.897301428399723
"rs2010113"	0.272969710080441	348	0.897301428399723
"rs937333"	0.272978843093694	348	0.797044618953199
"rs2017325"	0.27297884731796	348	0.828735864774827
"rs1136402"	0.273002707456276	348	1.25489123507256
"rs698674"	0.27303807136987	348	0.738039274014092
"rs911390"	0.273149653749431	348	1.41754286113895
"rs911354"	0.273149653749467	348	1.41754286113892
"rs136995"	0.273170551315447	348	0.812757793789471
"rs845"	0.27318137335742	348	0.771187069749023
"rs1750780"	0.273188411142031	348	1.15573188724368
"rs1662235"	0.273218191073582	348	0.722714157614049
"rs186006"	0.273297299716986	348	1.45787086032066
"rs186010"	0.273297299716986	348	1.45787086032066
"rs186090"	0.273297299716986	348	1.45787086032066
"rs186140"	0.273297299716986	348	1.45787086032066
"rs1716478"	0.273433541130194	348	1.23040492602916
"rs1345667"	0.273442820967333	348	0.674872807557053
"rs409902"	0.27347172786391	348	0.822532557637246
"rs944405"	0.273475083167387	348	0.739047738367066
"rs944411"	0.273475083167387	348	0.739047738367066
"rs944420"	0.273475083167387	348	0.739047738367066
"rs944426"	0.273475083167387	348	0.739047738367066
"rs944432"	0.273475083167387	348	0.739047738367066
"rs944440"	0.273475083167387	348	0.739047738367066
"rs944448"	0.273475083167387	348	0.739047738367066
"rs944456"	0.273475083167387	348	0.739047738367066
"rs944465"	0.273475083167387	348	0.739047738367066
"rs944483"	0.273475083167387	348	0.739047738367066
"rs329036"	0.273500261657278	348	0.81175879337462
"rs182348"	0.273506245350071	348	0.839855382769345
"rs533273"	0.273534093737433	348	1.30707517257457
"rs1716079"	0.273578142404201	348	1.21183462223547
"rs858297"	0.273655228861334	348	0.724431119323176
"rs858306"	0.273655228861334	348	0.724431119323176
"rs858396"	0.273655228861334	348	0.724431119323176
"rs2021655"	0.27368349067362	348	0.726919763247579
"rs2066397"	0.273687525919768	348	1.2158508467437
"rs221815"	0.273712003276765	348	0.662676279949752
"rs221846"	0.273712003276765	348	0.662676279949752
"rs474449"	0.273741656600286	348	1.33483889645494
"rs813011"	0.273749997945734	348	1.14912592559637
"rs1951106"	0.273752598889241	348	0.702054023160595
"rs364891"	0.273773313765048	348	0.853215956093528
"rs364902"	0.273773313765048	348	0.853215956093528
"rs990775"	0.27377873902885	348	1.24180406497699
"rs134105"	0.273782441301858	348	0.869675949440293
"rs1056852"	0.273782722749834	348	1.45315571636498
"rs2182399"	0.273837168026125	348	1.21011638011531
"rs1646159"	0.273842106215898	348	0.792263477998784
"rs2139598"	0.273861225376237	348	0.819831983913258
"rs1539792"	0.273883041310616	348	0.806147070368566
"rs807308"	0.273887163342734	348	0.788699536185988
"rs2175330"	0.27390048755389	348	0.855209230918905
"rs687365"	0.273963635203342	348	0.814836888153887
"rs148221"	0.273967354108045	348	1.8224940263957
"rs433622"	0.273970084269426	348	1.26260280754037
"rs1637854"	0.273997002327321	348	1.20055813758215
"rs796584"	0.274012743455033	348	1.8315350281912
"rs1413739"	0.274012743455033	348	1.8315350281912
"rs351346"	0.274038939320787	348	1.25291943238111
"rs492058"	0.274055054173629	348	1.12904068754363
"rs1942284"	0.27409209105694	348	0.780301109262224
"rs1942286"	0.27409209105694	348	0.780301109262224
"rs942961"	0.274110844981875	348	1.25045219061913
"rs2097593"	0.274120423666783	348	0.731286938964759
"rs458935"	0.274125660813456	348	1.19990720325331
"rs579818"	0.274246068178177	348	0.678772117979477
"rs117849"	0.274274337657721	348	0.869147230483687
"rs831407"	0.274277969671281	348	0.752782066411466
"rs226378"	0.274290228794596	348	0.869066147424526
"rs1123200"	0.27430228701708	348	1.56925015799748
"rs1373318"	0.274318684043571	348	0.737694156192462
"rs1125188"	0.274323296354222	348	1.10420424981945
"rs1665110"	0.274386503540057	348	1.32500565575784
"rs1665130"	0.274386503540057	348	1.32500565575784
"rs446990"	0.274399803362299	348	1.05252983973531
"rs447025"	0.274399803362299	348	1.05252983973531
"rs1121739"	0.274409930927104	348	1.13153013434553
"rs575798"	0.274422142767167	348	1.2507502089723
"rs1461117"	0.274427899205646	348	0.716721027548177
"rs1461200"	0.274427899205666	348	0.716721027548183
"rs447191"	0.274464047652225	348	0.915913014361176
"rs2139634"	0.274466789542858	348	1.20850652393798
"rs1159542"	0.274498333160435	348	0.839568758028728
"rs962691"	0.274499997968502	348	1.21457949242342
"rs1774396"	0.274518084311767	348	1.20671075771646
"rs1615742"	0.27457710048175	348	0.789507978234489
"rs1615748"	0.27457710048175	348	0.789507978234489
"rs1616186"	0.27457710048175	348	0.789507978234489
"rs353956"	0.274602635148493	348	0.7941481963445
"rs1696396"	0.274603393274186	348	1.40899559947498
"rs2094470"	0.274649425228948	348	1.10264310227972
"rs1609932"	0.274671199459392	348	0.811186484353145
"rs466115"	0.274723199408788	348	1.17092629858401
"rs344852"	0.27475078202451	348	1.09548864957611
"rs1734084"	0.274757138164777	348	1.17278035942543
"rs601514"	0.274759081060001	348	0.772447390088624
"rs2143650"	0.274801560650733	348	1.20594657137775
"rs2164499"	0.27482145287775	348	0.87245627294994
"rs340921"	0.274860396080487	348	1.22699629682765
"rs845632"	0.274867218847309	348	1.2060274890829
"rs845633"	0.274867218847309	348	1.2060274890829
"rs845636"	0.274867218847309	348	1.2060274890829
"rs845637"	0.274867218847309	348	1.2060274890829
"rs845638"	0.274867218847309	348	1.2060274890829
"rs552408"	0.27488165129501	348	1.22623964774558
"rs552478"	0.27488165129501	348	1.22623964774558
"rs648848"	0.274970783256264	348	1.19839912714912
"rs1366865"	0.274994811927417	348	1.30189875785284
"rs396088"	0.275018111124346	348	0.805951526598796
"rs2087182"	0.2750442466849	348	0.950426404034593
"rs1758286"	0.275047161439009	348	1.18639636106518
"rs553005"	0.275074876523586	348	1.34343220853963
"rs60887"	0.275101960498736	348	0.460947129368035
"rs60889"	0.275101960498736	348	0.460947129368035
"rs60892"	0.275101960498736	348	0.460947129368035
"rs60914"	0.275101960498736	348	0.460947129368035
"rs60916"	0.275101960498736	348	0.460947129368035
"rs60934"	0.275101960498736	348	0.460947129368035
"rs60952"	0.275101960498736	348	0.460947129368035
"rs60955"	0.275101960498736	348	0.460947129368035
"rs60961"	0.275101960498736	348	0.460947129368035
"rs60967"	0.275101960498736	348	0.460947129368035
"rs60973"	0.275101960498736	348	0.460947129368035
"rs60886"	0.275101960498739	348	0.460947129368036
"rs857758"	0.275114538567203	348	0.842032327350362
"rs857759"	0.275114538567203	348	0.842032327350362
"rs857768"	0.275114538567203	348	0.842032327350362
"rs24241"	0.275130249723415	348	1.31451767747038
"rs553060"	0.27513117277746	348	1.34746834202497
"rs1952436"	0.275168556861969	348	1.20597825965531
"rs254481"	0.275180404240787	348	0.956997345131323
"rs325315"	0.275187647565684	348	0.784730356564753
"rs2007064"	0.275189196376326	348	0.795684713283072
"rs847381"	0.275274339683742	348	1.2950087947616
"rs1748247"	0.27535681258815	348	0.810492702681725
"rs1748249"	0.27535681258815	348	0.810492702681725
"rs1416578"	0.275368923454133	348	0.849572296285069
"rs1820455"	0.275383753915776	348	0.748627765690668
"rs2076161"	0.275424641678234	348	0.828569835491567
"rs880682"	0.275432082939976	348	1.33066799703364
"rs1608492"	0.275501823777972	348	1.29698745183109
"rs236375"	0.275548287021353	348	1.20179698198761
"rs465574"	0.275554238713671	348	0.822528558550376
"rs1129647"	0.275569703288263	348	1.24177418341826
"rs938256"	0.275600007563384	348	0.73543063020861
"rs1103821"	0.275685699473675	348	0.851687800619594
"rs1621638"	0.275754650102549	348	1.19644254676547
"rs938211"	0.275756581949082	348	0.736969396442301
"rs510323"	0.275764527465857	348	1.24806919703842
"rs145517"	0.275818255813465	348	1.16433403812679
"rs145522"	0.275818255813465	348	1.16433403812679
"rs145523"	0.275818255813465	348	1.16433403812679
"rs145627"	0.275818255813465	348	1.16433403812679
"rs963948"	0.275824480527401	348	1.21984979302545
"rs1395902"	0.27586016327268	348	0.792933213632392
"rs1564752"	0.275927510000013	348	1.33951459245501
"rs1564755"	0.275927510000013	348	1.33951459245501
"rs1564716"	0.275927510000014	348	1.33951459245502
"rs1564743"	0.275927510000014	348	1.33951459245502
"rs1564758"	0.275927510000014	348	1.33951459245502
"rs1564803"	0.275927510000014	348	1.33951459245502
"rs1564842"	0.275927510000014	348	1.33951459245502
"rs1564928"	0.275927510000014	348	1.33951459245502
"rs1564938"	0.275927510000014	348	1.33951459245502
"rs1564869"	0.275927510000017	348	1.33951459245502
"rs1564874"	0.275927510000017	348	1.33951459245502
"rs1564887"	0.275927510000017	348	1.33951459245502
"rs1564890"	0.275927510000017	348	1.33951459245502
"rs1564896"	0.275927510000017	348	1.33951459245502
"rs1564905"	0.275927510000017	348	1.33951459245502
"rs718116"	0.275934215943462	348	0.588720524537331
"rs566599"	0.27596714047869	348	1.17983026956509
"rs1040551"	0.275969867207391	348	1.26425624393223
"rs1952974"	0.275997370462432	348	0.827816115296898
"rs1038966"	0.276162554691706	348	0.846736330489723
"rs1366255"	0.276173696409841	348	1.29109608932668
"rs1962241"	0.276215001922756	348	1.22408658635688
"rs1822898"	0.276279983891089	348	1.15888538349824
"rs2130521"	0.276295524289438	348	1.20744700811433
"rs1288865"	0.27630134130109	348	0.847229954385135
"rs45961"	0.276318632026145	348	0.837241690988795
"rs1561410"	0.276373808333248	348	1.1012776984224
"rs558242"	0.276482194663608	348	0.816863431133998
"rs580576"	0.276554092937899	348	1.25848936240798
"rs807359"	0.276576723403976	348	0.842158307565107
"rs807435"	0.276576723403976	348	0.842158307565107
"rs325926"	0.276584050422691	348	1.26006799557737
"rs83020"	0.276588852954712	348	0.843442123998208
"rs2149246"	0.276601948333229	348	1.18687208169363
"rs2149248"	0.276601948333229	348	1.18687208169363
"rs2149249"	0.276601948333229	348	1.18687208169363
"rs2149252"	0.276601948333229	348	1.18687208169363
"rs2149258"	0.276601948333229	348	1.18687208169363
"rs1317524"	0.276642976385027	348	1.23970727593161
"rs1672225"	0.276656068629542	348	1.24711974976405
"rs1134052"	0.276687561263007	348	0.853062195191458
"rs972172"	0.276699565306759	348	0.925642756123918
"rs1124982"	0.276718202799877	348	1.14848728409555
"rs769759"	0.276719387283137	348	0.872117723877068
"rs1952819"	0.276787272301923	348	0.685440762716188
"rs1116213"	0.276805478124732	348	0.839244742779607
"rs798088"	0.276808719695497	348	1.22257237588918
"rs1123287"	0.27687943662053	348	1.56548832689547
"rs177579"	0.276881995592834	348	1.31072262907676
"rs1318352"	0.2768832092158	348	0.678122524576554
"rs1318361"	0.2768832092158	348	0.678122524576554
"rs1318368"	0.2768832092158	348	0.678122524576554
"rs1318383"	0.2768832092158	348	0.678122524576554
"rs1318388"	0.2768832092158	348	0.678122524576554
"rs1441769"	0.276884183927213	348	1.19556923586418
"rs147055"	0.276943462933646	348	0.752658617969544
"rs1465190"	0.276948240137617	348	0.896548083269203
"rs674847"	0.276965949163514	348	0.785756968661891
"rs576609"	0.277008648700024	348	0.771050028728698
"rs145702"	0.277027044544185	348	1.19156619762631
"rs1619508"	0.277037146747043	348	0.693743921312419
"rs2034327"	0.277077573297518	348	0.762435783086747
"rs1545617"	0.277117903935582	348	1.19833235195166
"rs699753"	0.277118017872951	348	0.873103530323883
"rs677938"	0.277122641736848	348	1.82142199468097
"rs1668606"	0.277147483353382	348	1.23505396385592
"rs1759900"	0.277207297302715	348	0.854168413132268
"rs1898731"	0.277209752222664	348	0.841101291332722
"rs583539"	0.277291594063111	348	1.20203811731172
"rs1366645"	0.277356191309759	348	1.29023293887862
"rs1367549"	0.277356191309759	348	1.29023293887862
"rs1114893"	0.277356518663422	348	0.792675059648995
"rs1748256"	0.277400115508271	348	0.811121535936033
"rs1748257"	0.277400115508271	348	0.811121535936033
"rs1748263"	0.277400115508271	348	0.811121535936033
"rs220712"	0.277438131627663	348	0.758979235733084
"rs556255"	0.277454285023681	348	0.771276128508576
"rs1413721"	0.277487201219275	348	1.82251792727687
"rs2047680"	0.277488123951371	348	0.944003006160657
"rs438113"	0.277525380097892	348	1.05732938080699
"rs305258"	0.277539401949922	348	0.936919655477323
"rs1366285"	0.277572589178927	348	1.29001288282421
"rs618679"	0.277631215360128	348	1.27241518454143
"rs1287113"	0.277631963815966	348	0.874480703295629
"rs1962217"	0.27764222990447	348	1.22037700090085
"rs480738"	0.277692891291387	348	0.775194491259032
"rs480759"	0.277692891291387	348	0.775194491259032
"rs426142"	0.277693760262834	348	1.32689289339953
"rs426175"	0.277693760262834	348	1.32689289339953
"rs426184"	0.277693760262834	348	1.32689289339953
"rs759477"	0.277713454059166	348	1.17998710152277
"rs2176689"	0.277773117036596	348	0.86252106268655
"rs2176692"	0.277773117036596	348	0.86252106268655
"rs2131702"	0.27779949742685	348	0.897051154088797
"rs995914"	0.277809892392626	348	0.789881475434008
"rs1798529"	0.277821766939444	348	1.25858823649965
"rs1384374"	0.277835160508615	348	0.796271563217855
"rs1694207"	0.277843046627735	348	0.712973094470623
"rs433614"	0.27791330391801	348	1.24732321623307
"rs558596"	0.277951582342211	348	1.15245501639235
"rs910335"	0.277984105904594	348	0.659462994424785
"rs910350"	0.277984105904594	348	0.659462994424785
"rs1206671"	0.278004403100169	348	0.87628956375106
"rs2009929"	0.278019032127772	348	0.837938269169297
"rs748141"	0.278022839068573	348	0.800616473513341
"rs145717"	0.278043476539841	348	1.19208413892905
"rs145723"	0.278043476539841	348	1.19208413892905
"rs145727"	0.278043476539841	348	1.19208413892905
"rs145730"	0.278043476539841	348	1.19208413892905
"rs1365921"	0.278056096396176	348	1.28912029640282
"rs954383"	0.278059016152238	348	0.628429674625357
"rs2007703"	0.278087551188011	348	0.73929188384818
"rs1621737"	0.278148640785547	348	1.23256451894756
"rs1184794"	0.278169186909214	348	0.855192589764326
"rs1963453"	0.278173954076216	348	0.872327492046388
"rs558255"	0.278175445632656	348	0.827275442668895
"rs2184048"	0.278176949439271	348	1.47210173736629
"rs1014853"	0.278203103329345	348	0.672279502219156
"rs807935"	0.278205668659689	348	0.822296762741286
"rs941833"	0.278240598268175	348	1.43584879471237
"rs941846"	0.278240598268175	348	1.43584879471237
"rs143421"	0.278253562694126	348	0.820861311249485
"rs143455"	0.278253562694126	348	0.820861311249485
"rs143710"	0.278253562694126	348	0.820861311249485
"rs694242"	0.27826370058894	348	0.808880916947889
"rs503244"	0.27829864365996	348	1.24722054106759
"rs42845"	0.278357033333707	348	1.24224689589389
"rs42849"	0.278357033333707	348	1.24224689589389
"rs936800"	0.27840393403563	348	0.800397147716067
"rs2080597"	0.278407368157654	348	0.84477367220927
"rs420476"	0.278428080537786	348	1.34032608915099
"rs420486"	0.278428080537786	348	1.34032608915099
"rs1701889"	0.27843238794092	348	1.23705958026422
"rs1703038"	0.27843238794092	348	1.23705958026422
"rs90071"	0.278444229639643	348	1.39681528855176
"rs548897"	0.278560493704733	348	1.31166643229428
"rs548789"	0.278560493704735	348	1.31166643229428
"rs499395"	0.278571884577224	348	1.18824866575083
"rs499400"	0.278571884577224	348	1.18824866575083
"rs2189433"	0.27862779565015	348	1.24453636531889
"rs1944457"	0.278637284924136	348	0.799790896268335
"rs1840589"	0.278647044731523	348	1.15361392594608
"rs1640410"	0.278701152977529	348	1.20988042519353
"rs1609619"	0.278734039959135	348	1.18143197157213
"rs730562"	0.278790920331498	348	0.691080091464832
"rs729586"	0.278790920331502	348	0.691080091464836
"rs729599"	0.278790920331502	348	0.691080091464836
"rs729601"	0.278790920331502	348	0.691080091464836
"rs729610"	0.278790920331502	348	0.691080091464836
"rs729616"	0.278790920331502	348	0.691080091464836
"rs729619"	0.278790920331502	348	0.691080091464836
"rs729622"	0.278790920331502	348	0.691080091464836
"rs729625"	0.278790920331502	348	0.691080091464836
"rs729626"	0.278790920331502	348	0.691080091464836
"rs729643"	0.278790920331502	348	0.691080091464836
"rs729646"	0.278790920331502	348	0.691080091464836
"rs729664"	0.278790920331502	348	0.691080091464836
"rs729718"	0.278790920331502	348	0.691080091464836
"rs730102"	0.278790920331502	348	0.691080091464836
"rs730423"	0.278790920331502	348	0.691080091464836
"rs730459"	0.278790920331502	348	0.691080091464836
"rs730474"	0.278790920331502	348	0.691080091464836
"rs730483"	0.278790920331502	348	0.691080091464836
"rs730486"	0.278790920331502	348	0.691080091464836
"rs730501"	0.278790920331502	348	0.691080091464836
"rs730540"	0.278790920331502	348	0.691080091464836
"rs730576"	0.278790920331502	348	0.691080091464836
"rs730597"	0.278790920331502	348	0.691080091464836
"rs730717"	0.278790920331502	348	0.691080091464836
"rs730738"	0.278790920331502	348	0.691080091464836
"rs730798"	0.278790920331502	348	0.691080091464836
"rs730804"	0.278790920331502	348	0.691080091464836
"rs730814"	0.278790920331502	348	0.691080091464836
"rs1582460"	0.278790920331509	348	1.44701028484321
"rs731973"	0.278790920331514	348	0.691080091464839
"rs732009"	0.278790920331514	348	0.691080091464839
"rs732021"	0.278790920331514	348	0.691080091464839
"rs732045"	0.278790920331514	348	0.691080091464839
"rs732064"	0.278790920331514	348	0.691080091464839
"rs732121"	0.278790920331514	348	0.691080091464839
"rs732123"	0.278790920331514	348	0.691080091464839
"rs732138"	0.278790920331514	348	0.691080091464839
"rs732166"	0.278790920331514	348	0.691080091464839
"rs732195"	0.278790920331514	348	0.691080091464839
"rs732201"	0.278790920331514	348	0.691080091464839
"rs732207"	0.278790920331514	348	0.691080091464839
"rs732227"	0.278790920331514	348	0.691080091464839
"rs732228"	0.278790920331514	348	0.691080091464839
"rs732239"	0.278790920331514	348	0.691080091464839
"rs732250"	0.278790920331514	348	0.691080091464839
"rs732288"	0.278790920331514	348	0.691080091464839
"rs732292"	0.278790920331514	348	0.691080091464839
"rs732294"	0.278790920331514	348	0.691080091464839
"rs732309"	0.278790920331514	348	0.691080091464839
"rs732314"	0.278790920331514	348	0.691080091464839
"rs732321"	0.278790920331514	348	0.691080091464839
"rs732322"	0.278790920331514	348	0.691080091464839
"rs732363"	0.278790920331514	348	0.691080091464839
"rs733095"	0.278790920331514	348	0.691080091464839
"rs733115"	0.278790920331514	348	0.691080091464839
"rs733125"	0.278790920331514	348	0.691080091464839
"rs733131"	0.278790920331514	348	0.691080091464839
"rs733134"	0.278790920331514	348	0.691080091464839
"rs733185"	0.278790920331514	348	0.691080091464839
"rs733188"	0.278790920331514	348	0.691080091464839
"rs733191"	0.278790920331514	348	0.691080091464839
"rs26007"	0.278804044011388	348	0.757021217174981
"rs1544492"	0.278828046525545	348	1.270328955549
"rs1591814"	0.278862436237403	348	0.808490769222948
"rs1450463"	0.278862899329075	348	0.501319342166195
"rs494833"	0.278880556015741	348	0.042027221043363
"rs494845"	0.278880556015741	348	0.042027221043363
"rs135041"	0.278916522796631	348	1.173507979113
"rs135047"	0.278916522796631	348	1.173507979113
"rs1378439"	0.278943288508208	348	1.27218687858946
"rs1615652"	0.278955101972005	348	0.790245590498672
"rs1712762"	0.278958341769584	348	1.22233152903329
"rs341554"	0.278979354419093	348	0.739015572443188
"rs1666960"	0.278982495611972	348	1.47516341655461
"rs613347"	0.279013826348065	348	0.859772556059363
"rs1154224"	0.279018402566163	348	0.832193390902471
"rs1366693"	0.279084446034039	348	1.28907360710455
"rs47308"	0.279109841157649	348	1.47458192770183
"rs1356597"	0.279156072547094	348	0.792483405657106
"rs1356598"	0.279156072547094	348	0.792483405657106
"rs323635"	0.279160617903619	348	1.29787311075195
"rs121246"	0.279180817137951	348	0.577904317535726
"rs2073014"	0.279186839271047	348	1.3708255315727
"rs488890"	0.279209780167448	348	0.515920454638371
"rs488938"	0.279209780167448	348	0.515920454638371
"rs488966"	0.279209780167448	348	0.515920454638371
"rs1546723"	0.279210280828822	348	0.760555041681688
"rs616336"	0.279255703130724	348	1.2426305456845
"rs407618"	0.279258831932443	348	1.24212092713707
"rs1324397"	0.279354774365516	348	1.32506406602313
"rs1953358"	0.279388732992486	348	1.31904922792075
"rs1953360"	0.279388732992486	348	1.31904922792075
"rs1822904"	0.279391800989019	348	1.17480733765829
"rs1822909"	0.279391800989019	348	1.17480733765829
"rs1822910"	0.279391800989019	348	1.17480733765829
"rs863750"	0.279431333425797	348	1.08565061577348
"rs863759"	0.279431333425797	348	1.08565061577348
"rs1371542"	0.279436486116648	348	0.899927372273409
"rs289897"	0.279442533364025	348	0.857236109127319
"rs148198"	0.279483316037296	348	1.82164636361043
"rs1570618"	0.279483316037296	348	1.82164636361043
"rs1539666"	0.279500782397873	348	0.808038492264827
"rs326971"	0.279533979302638	348	1.20773252771611
"rs625206"	0.279552086325144	348	0.499773141039708
"rs683480"	0.279553237554011	348	1.20874323615039
"rs1546990"	0.279564491778825	348	1.2053738529884
"rs466114"	0.279590002546346	348	1.14933718372267
"rs1598921"	0.279591454363673	348	1.30529902201536
"rs1992460"	0.279659108531042	348	1.26013493224204
"rs532511"	0.279663651452576	348	1.4632680663168
"rs532569"	0.279663651452576	348	1.4632680663168
"rs341514"	0.279695915856355	348	0.859493848906853
"rs468923"	0.279770853549677	348	1.19661392233337
"rs72257"	0.279810399569563	348	1.41556893044078
"rs1291410"	0.279841313108424	348	0.865047877497114
"rs1755976"	0.27984278594701	348	1.21652776068885
"rs1756977"	0.27984278594701	348	1.21652776068885
"rs2098996"	0.279853946490143	348	0.841871736757933
"rs2098997"	0.279853946490143	348	0.841871736757933
"rs2098998"	0.279853946490143	348	0.841871736757933
"rs2098999"	0.279853946490143	348	0.841871736757933
"rs2099000"	0.279853946490143	348	0.841871736757933
"rs2099002"	0.279853946490143	348	0.841871736757933
"rs113186"	0.279854017229746	348	0.889989592412433
"rs113202"	0.279854017229746	348	0.889989592412433
"rs113204"	0.279854017229746	348	0.889989592412433
"rs113207"	0.279854017229746	348	0.889989592412433
"rs113215"	0.279854017229746	348	0.889989592412433
"rs113216"	0.279854017229746	348	0.889989592412433
"rs193254"	0.279866301274307	348	1.30129126841056
"rs1117518"	0.279906835371061	348	0.823651900955248
"rs488925"	0.279947324774802	348	0.517684679419029
"rs792489"	0.280006816335194	348	0.896704476158114
"rs187630"	0.280008283719965	348	0.765793363917945
"rs1876528"	0.280017385239243	348	0.919307260978635
"rs1366977"	0.280029150291219	348	1.28850948559947
"rs1371149"	0.280029150291219	348	1.28850948559947
"rs1102901"	0.280040196875067	348	1.35306757943499
"rs2076209"	0.280041825128278	348	1.4355551763697
"rs553223"	0.280101023514018	348	0.923873444124294
"rs1135674"	0.28010695739882	348	1.39270005208246
"rs813311"	0.280130927276764	348	0.917817256060142
"rs1154778"	0.280138654456203	348	0.941046752241766
"rs1813653"	0.280153808953119	348	1.30540368617407
"rs1042423"	0.280162767128327	348	0.734360323067195
"rs531780"	0.280188699986641	348	1.29677403541898
"rs145289"	0.280234497628393	348	0.907998067552361
"rs1784387"	0.280267099619412	348	0.847268406485213
"rs353894"	0.280293560619615	348	1.25495586547508
"rs1482002"	0.280306870540095	348	0.830341774265404
"rs1482003"	0.280306870540095	348	0.830341774265404
"rs134159"	0.280319342444505	348	1.09981958311229
"rs1702154"	0.280352527303407	348	1.2664146589119
"rs1163391"	0.280355690743138	348	1.18113226616437
"rs158060"	0.28037062464128	348	1.21169114477007
"rs936379"	0.280371519912007	348	0.793956227840871
"rs1439604"	0.280404544122601	348	1.24986513135324
"rs342067"	0.28042184986401	348	0.811693317675064
"rs87779"	0.280462139398305	348	0.753412726816707
"rs72648"	0.280479663062633	348	1.35125433591536
"rs2170720"	0.28050691663106	348	1.13523120251492
"rs36472"	0.280515277060678	348	1.20598108884359
"rs544985"	0.280523405299936	348	0.824682074754326
"rs48065"	0.280576846298873	348	0.797238866518244
"rs48076"	0.280576846298873	348	0.797238866518244
"rs48088"	0.280576846298873	348	0.797238866518244
"rs48090"	0.280576846298873	348	0.797238866518244
"rs1367987"	0.280628091762567	348	1.28789021217545
"rs1965229"	0.280685889572183	348	1.2524794607429
"rs344506"	0.280694108722898	348	0.740773520490894
"rs170676"	0.280761234751122	348	1.24936883252673
"rs1470689"	0.280772689165061	348	1.18725204270342
"rs1470700"	0.280772689165061	348	1.18725204270342
"rs233088"	0.280774638852223	348	1.25450600491983
"rs265257"	0.280805159059367	348	1.19835654027556
"rs857211"	0.28081906537479	348	1.17527168422982
"rs1206691"	0.280820122586191	348	0.867815408613767
"rs1053122"	0.28082025013168	348	1.12088107016719
"rs162960"	0.280832086819932	348	1.28270471304716
"rs2024663"	0.280886631382575	348	0.812944882755786
"rs483"	0.280889582748941	348	1.27173449692477
"rs931069"	0.280911775863087	348	0.800164601984321
"rs705245"	0.280938505153683	348	1.2325278480416
"rs264749"	0.280971665527309	348	0.763285972721196
"rs1018842"	0.281024088116169	348	0.644123281487952
"rs1374749"	0.281024088116171	348	0.644123281487953
"rs942172"	0.281053312294704	348	1.26285353797872
"rs1992419"	0.281062640909451	348	0.724466677710898
"rs1992194"	0.281083790856629	348	1.25928151350335
"rs1735035"	0.281107484561342	348	1.25628634060337
"rs1637553"	0.28111366604257	348	1.19142350856738
"rs854776"	0.281231416334675	348	0.790875938523673
"rs533435"	0.281234037839157	348	1.45898934112461
"rs863618"	0.281240267975974	348	0.848376992328784
"rs645405"	0.281243657737971	348	0.772189731279359
"rs337637"	0.281293939831712	348	0.823854163984985
"rs319522"	0.281347159719275	348	1.29985326646404
"rs840177"	0.281349071631983	348	0.820490342113653
"rs1365961"	0.281377951151222	348	1.28741323519592
"rs1368361"	0.281377951151222	348	1.28741323519592
"rs1368380"	0.281377951151222	348	1.28741323519592
"rs1368500"	0.281377951151222	348	1.28741323519592
"rs1368558"	0.281377951151222	348	1.28741323519592
"rs1670635"	0.281409408245667	348	1.23249609518949
"rs63154"	0.281423034596858	348	0.821773466191141
"rs1405571"	0.281448822144113	348	1.05745884223269
"rs1117437"	0.281528673936639	348	0.843532604948
"rs1117441"	0.281528673936639	348	0.843532604948
"rs547958"	0.281552286294544	348	1.22135217300813
"rs547973"	0.281552286294544	348	1.22135217300813
"rs547976"	0.281552286294544	348	1.22135217300813
"rs547979"	0.281552286294544	348	1.22135217300813
"rs547982"	0.281552286294544	348	1.22135217300813
"rs547988"	0.281552286294544	348	1.22135217300813
"rs548000"	0.281552286294544	348	1.22135217300813
"rs548003"	0.281552286294544	348	1.22135217300813
"rs1466167"	0.281579062543275	348	1.37311204185511
"rs305923"	0.281594790063441	348	0.79216651526737
"rs1756776"	0.281606952344736	348	1.21114303166246
"rs1756779"	0.281606952344736	348	1.21114303166246
"rs1756785"	0.281606952344736	348	1.21114303166246
"rs1756788"	0.281606952344736	348	1.21114303166246
"rs499954"	0.281611033263689	348	0.816317267078444
"rs154064"	0.28163711871251	348	1.18702648981064
"rs1758628"	0.281673050975129	348	1.21640353241619
"rs1116012"	0.281677137244884	348	0.8291837124017
"rs414182"	0.281716427047764	348	1.264564618069
"rs305717"	0.281720117451992	348	0.791854431936918
"rs153431"	0.281781172418067	348	0.889070592576561
"rs1739703"	0.281799406715943	348	1.14815897902994
"rs54491"	0.28183500586321	348	1.27026126100028
"rs627011"	0.281897512116966	348	1.67374602455728
"rs1819057"	0.281901308091	348	0.706719561429459
"rs148201"	0.28193286239789	348	1.81624302816453
"rs1186500"	0.281934403326647	348	0.858685409366901
"rs1889155"	0.281951017649537	348	0.791552998628515
"rs1633131"	0.281968562638129	348	1.25093604127486
"rs1698000"	0.281971305993386	348	1.20431954584905
"rs2193501"	0.282046524381776	348	0.735916834804931
"rs145480"	0.282067948733857	348	0.900145705783424
"rs309339"	0.282075874299494	348	1.69441347830788
"rs309341"	0.282075874299494	348	1.69441347830788
"rs309344"	0.282075874299494	348	1.69441347830788
"rs309349"	0.282075874299494	348	1.69441347830788
"rs309350"	0.282075874299494	348	1.69441347830788
"rs309356"	0.282075874299494	348	1.69441347830788
"rs1359406"	0.282101324611033	348	1.51545418340489
"rs1123335"	0.282101428212299	348	1.55639035417959
"rs938209"	0.282101589518906	348	0.742000845540538
"rs1736533"	0.282108280310214	348	1.58686347449409
"rs1737132"	0.282108280310215	348	1.58686347449409
"rs1737255"	0.282108280310215	348	1.58686347449409
"rs597161"	0.282134470370465	348	1.43153633869727
"rs501026"	0.282163284538076	348	0.773979932330835
"rs1103761"	0.28217193105262	348	1.2518845048443
"rs1103764"	0.28217193105262	348	1.2518845048443
"rs454324"	0.282172081104899	348	0.776196364273314
"rs305762"	0.282178882675906	348	0.791301231626761
"rs1907643"	0.282179899493058	348	0.256342595003764
"rs1552724"	0.282207843368613	348	0.932373765000391
"rs544869"	0.28221408853399	348	1.22668345648435
"rs643044"	0.28224694589468	348	1.25860835296366
"rs454407"	0.282312711529985	348	1.23564336624566
"rs1085672"	0.282320248460787	348	1.2306816594923
"rs1085673"	0.282320248460787	348	1.2306816594923
"rs1085675"	0.282320248460787	348	1.2306816594923
"rs1123211"	0.282334281778274	348	1.55680106566354
"rs941925"	0.282412793972619	348	1.40196795315695
"rs941929"	0.282412793972619	348	1.40196795315695
"rs853947"	0.282424126022788	348	0.857118174790464
"rs1879906"	0.282465875066135	348	1.29373860792961
"rs341237"	0.282483912292817	348	0.860102542299977
"rs186728"	0.282563162174593	348	0.630158542051999
"rs1085255"	0.282572442956533	348	1.19735239260522
"rs1368490"	0.282660147183042	348	1.28668301502707
"rs1204655"	0.282662380697628	348	0.867748239458677
"rs463560"	0.282672814087854	348	0.817413079191472
"rs1696086"	0.28271419302639	348	1.3615976764009
"rs1359771"	0.282767493899658	348	0.823434703501539
"rs1359774"	0.282767493899658	348	0.823434703501539
"rs276240"	0.282830327780307	348	1.42951165035819
"rs812014"	0.282906459159609	348	0.878531750711516
"rs197965"	0.282925647591967	348	0.686461546708675
"rs458238"	0.28292882170591	348	1.44788626674359
"rs1784292"	0.282935798099544	348	0.915391304875434
"rs2135585"	0.282956251639068	348	1.45747839872706
"rs1778765"	0.282990368320842	348	0.80998624773242
"rs1019924"	0.28305183750218	348	0.825664661345731
"rs93756"	0.283087994661265	348	1.25940357110558
"rs807231"	0.28308927803018	348	1.18235744393601
"rs1435966"	0.283099637022643	348	0.778595358012519
"rs2064490"	0.283111868644877	348	0.659214801137911
"rs416907"	0.283138965180649	348	1.25429707904357
"rs1933892"	0.283160673348922	348	0.650886330135279
"rs1757541"	0.283174866478682	348	1.21415830926418
"rs475244"	0.283228012121525	348	0.796538763063494
"rs1488719"	0.283286909502009	348	1.06701427205492
"rs1338743"	0.283297819360293	348	1.2055358595135
"rs307114"	0.283305862548394	348	0.802956597896043
"rs895068"	0.283311430344838	348	1.15771804268849
"rs912272"	0.283333174102142	348	0.806104878108648
"rs769295"	0.283352371410365	348	1.29858511563575
"rs1736365"	0.28337438379832	348	1.20185869815054
"rs492437"	0.283383966722641	348	1.13901443748333
"rs1359927"	0.283390398508207	348	1.2260986676108
"rs1086179"	0.283396734344406	348	0.756826908436244
"rs1086180"	0.283396734344406	348	0.756826908436244
"rs1888742"	0.283405760868048	348	1.32561644022301
"rs11439"	0.283480961894777	348	1.22183391395595
"rs1997045"	0.283492580686517	348	9.00711950619989
"rs834914"	0.283527213493228	348	0.603089317149074
"rs834916"	0.283527213493228	348	0.603089317149074
"rs834919"	0.283527213493228	348	0.603089317149074
"rs834923"	0.283527213493228	348	0.603089317149074
"rs834925"	0.283527213493228	348	0.603089317149074
"rs834928"	0.283527213493228	348	0.603089317149074
"rs834929"	0.283527213493228	348	0.603089317149074
"rs1136102"	0.283527213493228	348	0.603089317149074
"rs1594149"	0.283527213493228	348	0.603089317149074
"rs1594630"	0.283527213493228	348	0.603089317149074
"rs1953815"	0.283527213493234	348	0.603089317149075
"rs1879460"	0.283529095889392	348	1.23239345787457
"rs1879466"	0.283529095889392	348	1.23239345787457
"rs1702539"	0.283617191097577	348	1.23283421852835
"rs1636923"	0.283645471629527	348	1.12791271852644
"rs1979618"	0.283673775686529	348	0.907642070926529
"rs154770"	0.283685312962377	348	0.810737086064228
"rs831538"	0.283705413225044	348	0.803925012908876
"rs951088"	0.283848045035202	348	0.761250517951065
"rs1139762"	0.283865661834505	348	1.35258448738363
"rs1354606"	0.283876686209878	348	1.41024069353774
"rs631039"	0.283884134895213	348	0.765895842707979
"rs1051992"	0.283907611732821	348	1.25779712220361
"rs2143048"	0.283944739227228	348	1.20127495230086
"rs856859"	0.283944922377105	348	0.808760564064594
"rs663731"	0.283956892857843	348	1.40318410846212
"rs911471"	0.283960149120013	348	1.30823444380064
"rs842436"	0.283982139484542	348	0.703863425468538
"rs2214030"	0.283997368488265	348	1.71734744542212
"rs1716220"	0.2840485369226	348	1.24007471725586
"rs1340047"	0.28406406092646	348	0.717995656418787
"rs1341425"	0.28406406092646	348	0.717995656418787
"rs532705"	0.284082921039976	348	1.45856137552344
"rs1334331"	0.284183215907361	348	1.18431744224624
"rs989152"	0.284196687223663	348	1.23592620873896
"rs1830990"	0.284201341323369	348	1.21127907174445
"rs722084"	0.284201640640668	348	1.31286533419111
"rs1341537"	0.284228961594201	348	1.18624130968298
"rs254465"	0.284236453437397	348	1.10633032511599
"rs1152971"	0.284246790474184	348	1.21696079547607
"rs1152972"	0.284246790474184	348	1.21696079547607
"rs1152988"	0.284246790474184	348	1.21696079547607
"rs1152992"	0.284246790474184	348	1.21696079547607
"rs1152993"	0.284246790474184	348	1.21696079547607
"rs1363490"	0.284249244526436	348	1.34196287070919
"rs840156"	0.284260887204755	348	1.30365946892598
"rs1640383"	0.284299526356119	348	1.22521139761272
"rs1286610"	0.284346436890387	348	0.860183503248425
"rs565937"	0.28438133328884	348	0.851320447413516
"rs565950"	0.28438133328884	348	0.851320447413516
"rs1018874"	0.284396618513055	348	1.42093528179914
"rs265910"	0.284431216771898	348	1.21954997957912
"rs265945"	0.284431216771912	348	1.21954997957912
"rs2182309"	0.284434589523778	348	0.884151395158547
"rs235913"	0.284481315735783	348	1.21944555803443
"rs235919"	0.284481315735783	348	1.21944555803443
"rs235922"	0.284481315735783	348	1.21944555803443
"rs235931"	0.284481315735783	348	1.21944555803443
"rs235934"	0.284481315735783	348	1.21944555803443
"rs1367162"	0.284530197830856	348	1.28553662033132
"rs1363788"	0.284530197830857	348	1.28553662033131
"rs1366917"	0.284530197830857	348	1.28553662033131
"rs1367222"	0.284530197830865	348	1.28553662033131
"rs1594155"	0.284573335379654	348	1.79504675025701
"rs732051"	0.284632579121917	348	0.694337809852114
"rs2210267"	0.284679520262894	348	0.723690362618265
"rs304981"	0.284681113077504	348	0.795135744672804
"rs1845338"	0.28473708743125	348	1.38084100151602
"rs821741"	0.28473880207321	348	0.909126617013429
"rs1589921"	0.28477486386316	348	0.761410973376454
"rs718070"	0.284800617445663	348	0.798687842111013
"rs1442329"	0.284851181664814	348	0.816716580095302
"rs1988736"	0.284878294861067	348	1.29177679825309
"rs1988899"	0.284878294861067	348	1.29177679825309
"rs1988911"	0.284878294861067	348	1.29177679825309
"rs1720185"	0.28490501927589	348	1.22353396084584
"rs455509"	0.284930375558327	348	0.843972614788177
"rs117814"	0.28493226651409	348	0.862841679518631
"rs578800"	0.284937975462974	348	1.21528755569319
"rs552976"	0.284972656738367	348	1.3485581209584
"rs598087"	0.285004301408694	348	0.906077735129497
"rs852670"	0.285005356378195	348	1.20893626532301
"rs1536419"	0.28506408249303	348	0.802840589461822
"rs1536779"	0.28506408249303	348	0.802840589461822
"rs40937"	0.285135755362375	348	1.24110908249181
"rs76796"	0.28514801069606	348	1.328920225439
"rs1546780"	0.285149281484746	348	1.20087195397226
"rs1546786"	0.285149281484746	348	1.20087195397226
"rs1546837"	0.285149281484746	348	1.20087195397226
"rs1546849"	0.285149281484746	348	1.20087195397226
"rs1546855"	0.285149281484746	348	1.20087195397226
"rs1546748"	0.285149281484752	348	1.20087195397226
"rs1366232"	0.285149954788217	348	1.28519054406849
"rs1367897"	0.285149954788217	348	1.28519054406849
"rs1368213"	0.285149954788217	348	1.28519054406849
"rs548507"	0.285167729666076	348	0.808116079427633
"rs2024427"	0.285177746538161	348	1.26956349140675
"rs616506"	0.285178275051132	348	0.638339650175235
"rs616509"	0.285178275051132	348	0.638339650175235
"rs616548"	0.285178275051132	348	0.638339650175235
"rs693777"	0.285178556410754	348	0.804190676133151
"rs693812"	0.285178556410754	348	0.804190676133151
"rs693909"	0.285178556410754	348	0.804190676133151
"rs553027"	0.285234954394049	348	0.813450531925694
"rs411355"	0.285279966456424	348	1.08753879574832
"rs2025082"	0.285285768018045	348	0.806142111930331
"rs846488"	0.285286780483323	348	0.783627752586958
"rs846413"	0.285286780483327	348	0.783627752586958
"rs347520"	0.28529357962523	348	1.15952415109239
"rs2154262"	0.285297278908793	348	0.79516327039391
"rs1104142"	0.285306871531327	348	0.845300952776831
"rs1184093"	0.285358554020446	348	0.860325644020644
"rs203118"	0.285370435180746	348	1.80505111372206
"rs880731"	0.285370435180746	348	1.80505111372206
"rs1956713"	0.285418089215502	348	0.785417421533497
"rs1024779"	0.285435641838049	348	1.49299293812065
"rs497670"	0.285442700179053	348	1.09207513697257
"rs819113"	0.285443448996102	348	1.23844935383336
"rs1883437"	0.285452563002067	348	0.892007597001852
"rs2182573"	0.285488522818938	348	1.17341324831671
"rs2021737"	0.285501608912123	348	0.827285960733056
"rs663586"	0.285539978532208	348	0.739346861334948
"rs1159494"	0.285547839604403	348	0.849483401304883
"rs1159497"	0.285547839604403	348	0.849483401304883
"rs2013861"	0.285555990468275	348	0.820104856476501
"rs322590"	0.285607981594731	348	0.776002667045681
"rs345899"	0.285703485790633	348	0.760117369322657
"rs1286421"	0.285716623018363	348	0.865207546707542
"rs1286430"	0.285716623018363	348	0.865207546707542
"rs2161940"	0.285734681369641	348	1.17248964917347
"rs2049490"	0.285757449714502	348	1.39609724800437
"rs850370"	0.285765343036401	348	1.15833986857892
"rs850403"	0.285765343036401	348	1.15833986857892
"rs1948609"	0.285817780276478	348	1.32062923973546
"rs880384"	0.28583084528979	348	1.07546731544248
"rs1488527"	0.285843103193357	348	1.06940593884528
"rs1318401"	0.285844310614868	348	0.831537772007098
"rs810489"	0.285860576399357	348	0.789974902923382
"rs264781"	0.285878572083236	348	0.93662499031542
"rs1549772"	0.285916325804379	348	1.18428436074217
"rs237422"	0.285969061657961	348	1.33292203589036
"rs237425"	0.285969061657961	348	1.33292203589036
"rs1102898"	0.285982081746387	348	0.675784803718698
"rs1102913"	0.285982081746387	348	0.675784803718698
"rs1102915"	0.285982081746387	348	0.675784803718698
"rs1102923"	0.285982081746387	348	0.675784803718698
"rs1653839"	0.285990952959016	348	1.37302986935176
"rs1884063"	0.285996537139169	348	0.85605810387531
"rs1884066"	0.285996537139169	348	0.85605810387531
"rs1884069"	0.285996537139169	348	0.85605810387531
"rs1884075"	0.285996537139169	348	0.85605810387531
"rs1884078"	0.285996537139169	348	0.85605810387531
"rs1884081"	0.285996537139169	348	0.85605810387531
"rs1884084"	0.285996537139169	348	0.85605810387531
"rs1884102"	0.285996537139169	348	0.85605810387531
"rs2154607"	0.286016043041089	348	1.24772597863957
"rs638180"	0.286029560086367	348	0.846022714837349
"rs265191"	0.286031090610442	348	0.796414118700708
"rs958610"	0.286063812225444	348	0.82268779194055
"rs1422266"	0.286066570112017	348	1.30018088164824
"rs1808659"	0.286092590546396	348	1.21279825355302
"rs575739"	0.286104759962523	348	1.23221884649656
"rs158698"	0.286144061822974	348	0.74856007117414
"rs158701"	0.286144061822974	348	0.74856007117414
"rs158713"	0.286144061822974	348	0.74856007117414
"rs732125"	0.2861635228461	348	1.22158538647979
"rs806621"	0.286172474372436	348	1.0919282429546
"rs1599662"	0.286277267833201	348	1.21752828542983
"rs993524"	0.286322488653829	348	0.830478163824884
"rs653679"	0.286335896085691	348	1.32434438337002
"rs1286487"	0.286372303100458	348	0.871378360935168
"rs1286550"	0.286372303100458	348	0.871378360935168
"rs520481"	0.286392273176275	348	1.29173924447884
"rs132241"	0.286413844605597	348	0.767896238103572
"rs663549"	0.286415746241602	348	0.754078658338823
"rs663555"	0.286415746241602	348	0.754078658338823
"rs488960"	0.286439253336711	348	0.522178133499147
"rs1367776"	0.286461727511959	348	1.28540749537218
"rs1784309"	0.28648162178729	348	0.914022202830595
"rs1116087"	0.28648786447346	348	0.84209732324533
"rs937485"	0.286522597495236	348	0.674734703794784
"rs1012371"	0.286531846709124	348	0.675408829369904
"rs152077"	0.28653544682152	348	0.811450415980212
"rs153248"	0.28653544682152	348	0.811450415980212
"rs155917"	0.28653544682152	348	0.811450415980212
"rs158362"	0.28653544682152	348	0.811450415980212
"rs159982"	0.28653544682152	348	0.811450415980212
"rs160180"	0.28653544682152	348	0.811450415980212
"rs160863"	0.28653544682152	348	0.811450415980212
"rs572259"	0.28653544682152	348	0.811450415980212
"rs666489"	0.28653544682152	348	0.811450415980212
"rs667619"	0.28653544682152	348	0.811450415980212
"rs836564"	0.286576916592111	348	1.61912908125096
"rs101345"	0.286632710127309	348	1.21604394163589
"rs1018116"	0.286643263523055	348	1.30053008300075
"rs1018122"	0.286643263523055	348	1.30053008300075
"rs1018137"	0.286643263523055	348	1.30053008300075
"rs1018140"	0.286643263523055	348	1.30053008300075
"rs2071814"	0.286648806179653	348	1.24619241741103
"rs468363"	0.286649083574564	348	1.27797387400767
"rs807052"	0.286697573964576	348	1.33051750700592
"rs508257"	0.286740323835287	348	0.823142633566422
"rs545637"	0.286751798766896	348	1.17242476950398
"rs545651"	0.286751798766896	348	1.17242476950398
"rs994192"	0.286783364894262	348	1.24706330060811
"rs206704"	0.28678388233515	348	0.747977659217293
"rs1844689"	0.286872937015335	348	1.23135177085525
"rs1844715"	0.286872937015335	348	1.23135177085525
"rs1844840"	0.286872937015335	348	1.23135177085525
"rs61183"	0.286949578522427	348	1.16924810585157
"rs1048668"	0.286992996747971	348	0.690966883022897
"rs951118"	0.287006753755126	348	0.79390775453269
"rs2062179"	0.287013537566938	348	1.24746442465964
"rs1366147"	0.287013939439954	348	1.28964617531863
"rs1648895"	0.287016554563892	348	0.848976894543855
"rs1367898"	0.287022482196792	348	1.2848915885468
"rs1014948"	0.287076628009217	348	1.07984194974221
"rs1680728"	0.287099121700064	348	0.819661673626171
"rs1953736"	0.287122228543601	348	0.762989036998278
"rs1600619"	0.28712410571012	348	1.30001091425421
"rs624415"	0.287127117739608	348	0.810153181204472
"rs1417862"	0.287129455993607	348	1.79213068623876
"rs1741065"	0.287132958016319	348	1.25323458328011
"rs819038"	0.287179200526765	348	1.21243076098863
"rs819040"	0.287179200526765	348	1.21243076098863
"rs819049"	0.287179200526765	348	1.21243076098863
"rs819054"	0.287179200526765	348	1.21243076098863
"rs1627272"	0.287184209421113	348	1.79859915859056
"rs113394"	0.287206376265344	348	0.907491931436625
"rs1755018"	0.287221806335869	348	1.41499023522444
"rs1897182"	0.287238209751977	348	0.691495850773767
"rs1403081"	0.287239841032196	348	0.727243599796876
"rs1825090"	0.287247553582842	348	0.745552727716703
"rs589562"	0.287279270949944	348	1.23551262751325
"rs1786223"	0.287290614466944	348	0.873739428845797
"rs936749"	0.287298833030185	348	0.801576866426392
"rs597654"	0.287396267304838	348	0.780775993811041
"rs61054"	0.287429182273008	348	0.785018922806372
"rs61057"	0.287429182273008	348	0.785018922806372
"rs61063"	0.287429182273008	348	0.785018922806372
"rs61081"	0.287429182273008	348	0.785018922806372
"rs61082"	0.287429182273008	348	0.785018922806372
"rs1782843"	0.28743201644911	348	1.15182774195047
"rs1103899"	0.287454696594941	348	1.21271476270491
"rs1366222"	0.287460624748886	348	1.28352053747689
"rs208320"	0.287466728894205	348	0.820993711872483
"rs319651"	0.28749741708707	348	1.38224246655595
"rs319834"	0.28749741708707	348	1.38224246655595
"rs319957"	0.28749741708707	348	1.38224246655595
"rs319973"	0.28749741708707	348	1.38224246655595
"rs320465"	0.28749741708707	348	1.38224246655595
"rs1329635"	0.287528661684735	348	0.767868632691603
"rs619419"	0.287545562675025	348	0.652505041442354
"rs262686"	0.287572244614312	348	0.861147881046653
"rs262692"	0.287572244614312	348	0.861147881046653
"rs1104172"	0.287591348668252	348	1.56532884199746
"rs598299"	0.287684380613057	348	0.766747898602809
"rs42830"	0.287688258007699	348	1.14308287251834
"rs1286349"	0.287726166760791	348	0.872613505459257
"rs1126656"	0.287734256869188	348	1.58518030761421
"rs553056"	0.287747677421925	348	1.33297402596222
"rs2016699"	0.287773574732332	348	0.753638440935568
"rs561981"	0.287778868344971	348	0.812577469125461
"rs224978"	0.287855007041681	348	0.821952219653789
"rs224984"	0.287855007041681	348	0.821952219653789
"rs224990"	0.287855007041681	348	0.821952219653789
"rs919021"	0.287949164030748	348	1.26607142792002
"rs1020218"	0.287972108130698	348	1.26305672886922
"rs357627"	0.288002966472981	348	1.24772847919273
"rs1305208"	0.288035568823713	348	1.28600495576247
"rs98883"	0.288058159694208	348	1.23448872378035
"rs98895"	0.288058159694208	348	1.23448872378035
"rs98910"	0.288058159694208	348	1.23448872378035
"rs122314"	0.288082606941271	348	1.28557303772268
"rs1987669"	0.288084022585882	348	0.847717811494248
"rs942814"	0.288102607110373	348	0.847976656396729
"rs1644638"	0.288106409073019	348	1.31497074549449
"rs1161987"	0.288139726455485	348	1.20309683104971
"rs1839754"	0.288140077514596	348	0.717958701236878
"rs1963207"	0.288144788603378	348	1.23592687494337
"rs870414"	0.288187487546677	348	0.581374065136119
"rs272086"	0.288277675046406	348	0.732694268062935
"rs1660477"	0.288297343146588	348	0.642925701900932
"rs496602"	0.288310351983816	348	0.761560227738988
"rs2121483"	0.288350462622957	348	1.14369981481701
"rs1806359"	0.288359455776427	348	1.27704725473616
"rs1876552"	0.288366569536574	348	0.916952245929647
"rs1668304"	0.288399517000966	348	0.705208543062157
"rs623000"	0.288404132714552	348	1.27520996402969
"rs1758819"	0.28840968905254	348	1.21225280927045
"rs1586043"	0.288435241782293	348	0.862953321151904
"rs1317863"	0.288479959644952	348	0.713162416402062
"rs1317872"	0.288479959644952	348	0.713162416402062
"rs1317878"	0.288479959644952	348	0.713162416402062
"rs832321"	0.288483672544996	348	0.828379571845662
"rs832327"	0.288483672544996	348	0.828379571845662
"rs575754"	0.288510412927784	348	1.25038170315811
"rs1003979"	0.288513815307912	348	0.808036951836463
"rs1317233"	0.288518972385525	348	0.809820384737039
"rs129242"	0.288519371889922	348	1.31262984641475
"rs1860932"	0.288585293742056	348	0.843122206281512
"rs932691"	0.288624836507186	348	0.75700488475182
"rs1373060"	0.288682529245344	348	0.687785359508526
"rs36303"	0.288698062755348	348	1.22744635927588
"rs875949"	0.288704785530765	348	1.78701072985767
"rs1368616"	0.288749333199372	348	1.28270549120183
"rs1288522"	0.288804208485717	348	0.856933908266082
"rs395900"	0.28881351344447	348	0.664314598165272
"rs2169251"	0.288840593742843	348	1.17803511272431
"rs937563"	0.288865886274312	348	0.748990189877222
"rs938096"	0.288865886274312	348	0.748990189877222
"rs2066250"	0.288920717753269	348	0.738607006529507
"rs107119"	0.288935100170023	348	1.25832729739769
"rs929458"	0.28895579048508	348	0.784077885287807
"rs671391"	0.288987503288722	348	1.27088620131059
"rs2020665"	0.28900009281413	348	0.748096906661932
"rs1061776"	0.289018583966924	348	1.41000085967139
"rs1375707"	0.289018671159129	348	0.821863456702671
"rs1748214"	0.289033459562235	348	0.815510681771699
"rs1748217"	0.289033459562235	348	0.815510681771699
"rs1748220"	0.289033459562235	348	0.815510681771699
"rs1748225"	0.289033459562235	348	0.815510681771699
"rs2191255"	0.289046066847594	348	0.838306625281824
"rs304755"	0.289057531667246	348	1.16539524379619
"rs2020843"	0.289062592849682	348	0.762277024190423
"rs1743251"	0.289081483190282	348	0.802725453463886
"rs1286832"	0.289121408577544	348	0.746287218136017
"rs2136067"	0.289143307921679	348	0.828129273471497
"rs1900382"	0.289156005784891	348	1.31119821045802
"rs171866"	0.28915693359157	348	1.2654774817221
"rs1761579"	0.289171136281948	348	0.76517911369165
"rs437735"	0.28918371430456	348	0.818102042521289
"rs162377"	0.289195893972424	348	0.8580866812681
"rs162402"	0.289195893972424	348	0.8580866812681
"rs1735032"	0.289222789338032	348	1.20934679753217
"rs895367"	0.289230703822163	348	1.25973718785571
"rs1699682"	0.289236713507552	348	1.20878619690525
"rs1461708"	0.289237737963812	348	1.21274483563927
"rs1704711"	0.289248318523952	348	1.21936646332272
"rs1705596"	0.289248318523952	348	1.21936646332272
"rs1706417"	0.289248318523952	348	1.21936646332272
"rs1720047"	0.289248318523952	348	1.21936646332272
"rs1720052"	0.289248318523952	348	1.21936646332272
"rs1720191"	0.289248318523952	348	1.21936646332272
"rs328693"	0.289304245851894	348	0.824681290668705
"rs328700"	0.289304245851894	348	0.824681290668705
"rs328702"	0.289304245851894	348	0.824681290668705
"rs1683982"	0.289311978708002	348	1.45168586819859
"rs145510"	0.289366107848626	348	0.894058495818927
"rs1478794"	0.28937571490299	348	1.20768911734477
"rs1478797"	0.28937571490299	348	1.20768911734477
"rs1478799"	0.28937571490299	348	1.20768911734477
"rs1478827"	0.28937571490299	348	1.20768911734477
"rs2027239"	0.289389812941254	348	1.34850975673628
"rs2013644"	0.289427868439816	348	0.777774368994511
"rs695763"	0.289434906732977	348	1.21738105453182
"rs1765340"	0.289519764644877	348	0.815919854676812
"rs533809"	0.289552237451837	348	1.36546026924618
"rs1488143"	0.289578890141586	348	0.89205827716422
"rs1124528"	0.289579947212872	348	0.581490202745799
"rs2009879"	0.289591400106004	348	1.19921750693934
"rs182169"	0.289615973039794	348	0.688929857768556
"rs497395"	0.289624684649391	348	0.755143856806014
"rs792506"	0.289637548130787	348	0.898205615320364
"rs793145"	0.289637548130787	348	0.898205615320364
"rs1134717"	0.289647540934959	348	1.25377096176731
"rs552966"	0.289656993283873	348	1.33439916375685
"rs552982"	0.289656993283873	348	1.33439916375685
"rs282823"	0.289734271496237	348	0.691816340278021
"rs1762748"	0.289756411524164	348	0.834826814304534
"rs1330515"	0.289762349779417	348	0.767833397754759
"rs1330234"	0.289762349779418	348	0.767833397754759
"rs1595374"	0.289804669081179	348	0.826867490227754
"rs1595385"	0.289804669081179	348	0.826867490227754
"rs677304"	0.289825424237345	348	0.83112929126818
"rs135512"	0.289827884275188	348	0.836769290335282
"rs1366300"	0.289830753872991	348	1.28192911214528
"rs1366490"	0.289846695161192	348	1.28191770314476
"rs2143369"	0.289851849415415	348	1.21889045894283
"rs1314230"	0.289854458920878	348	1.21409854801254
"rs225738"	0.289875814818026	348	1.13558172493772
"rs1117539"	0.289886548683898	348	0.838725254815826
"rs272134"	0.289922661159017	348	0.736545073787905
"rs492889"	0.289961723963798	348	0.752290629373895
"rs1837412"	0.289979649659855	348	1.34413955009964
"rs819945"	0.289992790488173	348	0.806204759480453
"rs2024933"	0.290067367423374	348	1.20174572655564
"rs1936465"	0.290072535763148	348	0.828517941693251
"rs2170765"	0.29014029914832	348	0.906312904209271
"rs1609713"	0.290142085295435	348	0.81999295929134
"rs1286417"	0.290145889655782	348	0.869972664154694
"rs1286693"	0.290145889655782	348	0.869972664154694
"rs2185207"	0.290164508080486	348	0.772528358764164
"rs207414"	0.290261577425122	348	1.19067658423363
"rs121966"	0.29030677337471	348	1.19043381100855
"rs1051195"	0.290307678368933	348	1.40291331922109
"rs1123213"	0.290316672105231	348	1.54592155239017
"rs552775"	0.290356391016994	348	0.77882666860864
"rs2010862"	0.290358148805361	348	1.36964899839416
"rs761421"	0.290369739914066	348	1.63786305059552
"rs1900975"	0.290371437588248	348	0.746718160648796
"rs858883"	0.290385710736824	348	0.939246899142207
"rs422283"	0.29044053539488	348	0.778107898723206
"rs728296"	0.290475802056038	348	1.32985596816673
"rs728340"	0.290475802056038	348	1.32985596816673
"rs210184"	0.290501440013908	348	1.18998623882535
"rs2172858"	0.290511247421451	348	0.717678653116839
"rs1757045"	0.290513824150021	348	1.21318399269731
"rs1452325"	0.290535424833763	348	1.18537721764702
"rs503271"	0.290540181069768	348	1.20956922399221
"rs666758"	0.290567627809349	348	0.725821212172131
"rs1637156"	0.290598072648428	348	0.934451479140352
"rs951090"	0.29060004909332	348	0.752165015131567
"rs846857"	0.290601802720289	348	0.72630354555786
"rs1881300"	0.290618831640987	348	0.790369417259685
"rs1881303"	0.290618831640987	348	0.790369417259685
"rs1881309"	0.290618831640987	348	0.790369417259685
"rs1710194"	0.290636607409774	348	1.19927231318284
"rs1366070"	0.290682790807096	348	1.28057697837344
"rs367271"	0.290716383020572	348	1.21138789564541
"rs1815792"	0.290720434809903	348	1.35557332904561
"rs545420"	0.290769137328141	348	0.860531797012885
"rs1841174"	0.29077585722718	348	1.30243472022264
"rs791435"	0.290787624394499	348	1.05732084245115
"rs287143"	0.290810610665434	348	0.803151560781415
"rs1569692"	0.290816572668671	348	1.58889362157859
"rs1649299"	0.290826892451047	348	0.847825067844509
"rs533268"	0.290835208922929	348	1.45531852214103
"rs1062557"	0.290853098890479	348	1.37703447811864
"rs1062558"	0.290853098890479	348	1.37703447811864
"rs1062561"	0.290853098890479	348	1.37703447811864
"rs1146069"	0.290854352735088	348	0.731633142537323
"rs377120"	0.290879381418315	348	1.28416784066967
"rs144186"	0.290880528419893	348	0.812991020280151
"rs817131"	0.290883172509149	348	0.818322880733643
"rs817153"	0.290883172509149	348	0.818322880733643
"rs817167"	0.290883172509149	348	0.818322880733643
"rs1609392"	0.290901586262386	348	1.19773374655807
"rs2007678"	0.2909051549277	348	0.508926428296627
"rs1822829"	0.290975328048735	348	1.22157034200942
"rs1011234"	0.290976979547541	348	1.22386932751224
"rs506030"	0.290994298372355	348	1.39189862262226
"rs506046"	0.290994298372355	348	1.39189862262226
"rs424152"	0.291020279542595	348	1.19675024467093
"rs1635394"	0.291034310439054	348	0.679854504518184
"rs1765416"	0.29107264082854	348	0.845688390092302
"rs1891070"	0.291073643647155	348	0.838498373210013
"rs2180814"	0.291081891396096	348	0.870325949502067
"rs2072851"	0.291084298884905	348	0.757900562319598
"rs2118760"	0.291088614545237	348	0.844746504427783
"rs562492"	0.291096115974868	348	0.808474184485147
"rs562518"	0.291096115974868	348	0.808474184485147
"rs562519"	0.291096115974868	348	0.808474184485147
"rs562524"	0.291096115974868	348	0.808474184485147
"rs2146761"	0.291133453679083	348	1.16043210167448
"rs1755116"	0.29113785369719	348	1.21590046826719
"rs1616968"	0.291138390735534	348	1.2429035787622
"rs492365"	0.291225847872942	348	1.13501388036325
"rs1286793"	0.291230135055496	348	0.866295505987165
"rs1286811"	0.291230135055496	348	0.866295505987165
"rs1319147"	0.29123607305724	348	1.24330384641776
"rs1319203"	0.29123607305724	348	1.24330384641776
"rs2145090"	0.291254404512409	348	1.254590474107
"rs2145093"	0.291254404512409	348	1.254590474107
"rs2145100"	0.291254404512409	348	1.254590474107
"rs2145101"	0.291254404512409	348	1.254590474107
"rs1427321"	0.291292341099913	348	0.803559093564785
"rs1533759"	0.291300112428828	348	0.843044317257059
"rs898443"	0.291314186518312	348	1.24153093709053
"rs812272"	0.291334409536725	348	0.804013335429712
"rs552934"	0.291336233082448	348	1.33708471613878
"rs552958"	0.291336233082448	348	1.33708471613878
"rs553117"	0.291336233082448	348	1.33708471613878
"rs553120"	0.291336233082448	348	1.33708471613878
"rs474599"	0.291344921060474	348	1.3219973087105
"rs732984"	0.291349764380554	348	0.730250265035013
"rs836870"	0.29138526561584	348	0.842443767510884
"rs785211"	0.291423476898256	348	1.08306624166139
"rs44061"	0.291462215565678	348	0.758690437877555
"rs44064"	0.291462215565678	348	0.758690437877555
"rs44106"	0.291462215565678	348	0.758690437877555
"rs44107"	0.291462215565678	348	0.758690437877555
"rs474659"	0.291491432205312	348	1.32188736335748
"rs474662"	0.291491432205312	348	1.32188736335748
"rs1115467"	0.291514723579691	348	1.1502333708803
"rs1688412"	0.291524990076744	348	0.816750581178927
"rs1666986"	0.291525223038477	348	1.28777693728195
"rs1618570"	0.291540275039298	348	1.14804707548145
"rs1662280"	0.291569562634197	348	0.74618953671643
"rs1317422"	0.291691861578025	348	1.18927101245378
"rs640618"	0.291717146156664	348	1.25282133865998
"rs620111"	0.291734981981484	348	0.725266725717567
"rs620128"	0.291734981981484	348	0.725266725717567
"rs620152"	0.291734981981484	348	0.725266725717567
"rs620155"	0.291734981981484	348	0.725266725717567
"rs486913"	0.29177910497705	348	0.839218649153845
"rs486928"	0.29177910497705	348	0.839218649153845
"rs1353297"	0.291785436176854	348	0.708667314210489
"rs305265"	0.291828799069652	348	0.941999950903473
"rs1467229"	0.291839429612438	348	0.737277697477251
"rs1889953"	0.291845853516624	348	1.58450897721742
"rs381348"	0.291845853516639	348	1.5845089772174
"rs1890247"	0.29184585351664	348	1.58450897721741
"rs1890248"	0.29184585351664	348	1.58450897721741
"rs1890404"	0.29184585351664	348	1.58450897721741
"rs1879886"	0.29188700005302	348	1.25535005583697
"rs1964633"	0.291909810365831	348	0.755036133043858
"rs533096"	0.291946526944347	348	1.45069130514498
"rs305916"	0.291952535622351	348	1.13905110274756
"rs665773"	0.291963579845962	348	1.20415882885711
"rs2033600"	0.291997568924948	348	0.953523734681564
"rs2024717"	0.292035329099101	348	1.227077270884
"rs237230"	0.29205398141732	348	1.32722162072748
"rs237260"	0.29205398141732	348	1.32722162072748
"rs237272"	0.29205398141732	348	1.32722162072748
"rs237296"	0.29205398141732	348	1.32722162072748
"rs237311"	0.29205398141732	348	1.32722162072748
"rs237314"	0.29205398141732	348	1.32722162072748
"rs237335"	0.29205398141732	348	1.32722162072748
"rs237341"	0.29205398141732	348	1.32722162072748
"rs237374"	0.29205398141732	348	1.32722162072748
"rs237380"	0.29205398141732	348	1.32722162072748
"rs237383"	0.29205398141732	348	1.32722162072748
"rs813032"	0.292061914797865	348	1.14314384827889
"rs1826156"	0.292073947030334	348	0.791785998310901
"rs464195"	0.292142248401165	348	1.36450320338887
"rs2161913"	0.292155987080523	348	1.17085626316086
"rs692916"	0.292181767758391	348	1.27176027819247
"rs692918"	0.292181767758391	348	1.27176027819247
"rs1119752"	0.292219680582715	348	1.33579129817502
"rs2085691"	0.292247525182989	348	1.41639539201312
"rs298641"	0.292247802969099	348	0.586589715574888
"rs843618"	0.292258961777568	348	0.771834133140952
"rs1987560"	0.292351731627894	348	0.859884852926511
"rs1896706"	0.292418844456644	348	0.785852692165191
"rs1545915"	0.292441401397683	348	1.19052132571192
"rs1769609"	0.292453437743346	348	0.841048719113482
"rs1769614"	0.292453437743346	348	0.841048719113482
"rs1070213"	0.29247408815334	348	1.25233749072916
"rs1070500"	0.29247408815334	348	1.25233749072916
"rs1399789"	0.292508731551974	348	1.30680673060659
"rs1080217"	0.292563276680609	348	1.23850485194855
"rs69635"	0.292609544846036	348	0.823870146510931
"rs673470"	0.292610005064549	348	1.11025834370687
"rs1155087"	0.292715456020623	348	1.29610120040524
"rs856846"	0.292734855130628	348	0.812333905022513
"rs2117084"	0.292776280123242	348	0.80573327031627
"rs492446"	0.292778410120187	348	0.840670518188554
"rs304356"	0.292800571499988	348	0.00353113211243175
"rs304329"	0.292800571500003	348	0.00168802877032586
"rs304354"	0.292800571500026	348	0.00165716782007455
"rs304065"	0.292800571500063	348	0.469302129546075
"rs304308"	0.292800571500065	348	0.00035097284773563
"rs304384"	0.292800571500065	348	0.00035097284773563
"rs318223"	0.292800571500082	348	2.24278484011911
"rs955221"	0.292800571500112	348	0.46930212954612
"rs304323"	0.292800571500146	348	0.00403921496943607
"rs304321"	0.292800571500151	348	0.00165716782007892
"rs304334"	0.292800571500151	348	0.00165716782007892
"rs304341"	0.292800571500151	348	0.00165716782007892
"rs304342"	0.292800571500151	348	0.00165716782007892
"rs304344"	0.292800571500151	348	0.00165716782007892
"rs304347"	0.292800571500151	348	0.00165716782007892
"rs304359"	0.292800571500151	348	0.00165716782007892
"rs304363"	0.292800571500151	348	0.00165716782007892
"rs304371"	0.292800571500151	348	0.00165716782007892
"rs304374"	0.292800571500151	348	0.00165716782007892
"rs304380"	0.292800571500151	348	0.00165716782007892
"rs304302"	0.292800571508961	348	4.12244482588655e-05
"rs99832"	0.292801840634552	348	0.772093361572463
"rs99837"	0.292801840634552	348	0.772093361572463
"rs99838"	0.292801840634552	348	0.772093361572463
"rs99843"	0.292801840634552	348	0.772093361572463
"rs99848"	0.292801840634552	348	0.772093361572463
"rs99851"	0.292801840634552	348	0.772093361572463
"rs99899"	0.292801840634552	348	0.772093361572463
"rs99904"	0.292801840634552	348	0.772093361572463
"rs1308195"	0.292802157447039	348	1.16757750703096
"rs1068920"	0.292805001780181	348	0.80927190899538
"rs1795704"	0.292806811116197	348	0.843683775650155
"rs2089942"	0.292887989059333	348	1.08048307860972
"rs719012"	0.292941994633639	348	1.25828237191565
"rs474714"	0.292963783447913	348	1.32172822682188
"rs758669"	0.292991818052194	348	1.21115752296412
"rs35830"	0.293027828576225	348	0.71535322526747
"rs2943"	0.293083687125269	348	1.24037105184398
"rs473446"	0.293086229972154	348	0.909714266673472
"rs133877"	0.293109651367196	348	1.17249050787551
"rs2003457"	0.293120055038206	348	1.15142013732745
"rs942157"	0.293159956092099	348	1.25804321218387
"rs1609803"	0.293161094960498	348	0.850284973090938
"rs1666795"	0.293258278393386	348	0.786663444699275
"rs134348"	0.293264584504826	348	0.828248089088132
"rs420000"	0.293280675842988	348	1.05257005350588
"rs1803534"	0.293308886544852	348	1.29078363550746
"rs190408"	0.293313640236942	348	1.51200532968163
"rs1787724"	0.293313640236942	348	1.51200532968163
"rs1653205"	0.293331915930555	348	0.795357385479592
"rs1653067"	0.293331915930558	348	0.795357385479591
"rs307138"	0.29334778645154	348	0.793153685037671
"rs307137"	0.293347786451541	348	0.793153685037671
"rs1553357"	0.293348437804842	348	0.610389183561366
"rs175584"	0.29336627434758	348	0.831598992916781
"rs146230"	0.293396448176867	348	0.803964533937708
"rs972112"	0.293459615777976	348	0.877872172219616
"rs1367777"	0.293501455461946	348	1.28412763575988
"rs852099"	0.293551352032822	348	1.2464971189114
"rs598296"	0.293557452336849	348	0.698931284195618
"rs411403"	0.293560460591947	348	0.750078683922885
"rs101224"	0.29357048442942	348	0.759495055429694
"rs129063"	0.293597655973655	348	0.8334636062254
"rs295318"	0.293736153617783	348	0.770721675347653
"rs1316430"	0.293751234196607	348	0.847715162194092
"rs305666"	0.29375577308078	348	0.793185341684659
"rs305722"	0.29375577308078	348	0.793185341684659
"rs305858"	0.29375577308078	348	0.793185341684659
"rs305879"	0.29375577308078	348	0.793185341684659
"rs305896"	0.29375577308078	348	0.793185341684659
"rs306058"	0.293755773080789	348	0.793185341684666
"rs306082"	0.293755773080789	348	0.793185341684666
"rs306129"	0.293755773080789	348	0.793185341684666
"rs306144"	0.293755773080789	348	0.793185341684666
"rs305866"	0.293755773080793	348	0.793185341684666
"rs305765"	0.293755773080794	348	0.793185341684663
"rs305897"	0.293755773080794	348	0.793185341684663
"rs306013"	0.293755773080794	348	0.793185341684667
"rs305938"	0.293755773080796	348	0.793185341684668
"rs306001"	0.293755773080797	348	0.793185341684666
"rs306032"	0.293755773080797	348	0.793185341684666
"rs306167"	0.293755773080797	348	0.793185341684666
"rs305659"	0.293755773080797	348	0.793185341684668
"rs305786"	0.293755773080797	348	0.793185341684668
"rs305799"	0.293755773080797	348	0.793185341684668
"rs305806"	0.293755773080797	348	0.793185341684668
"rs305964"	0.293755773080797	348	0.793185341684668
"rs306034"	0.293755773080797	348	0.793185341684668
"rs306051"	0.293755773080797	348	0.793185341684668
"rs306109"	0.293755773080797	348	0.793185341684668
"rs306184"	0.293755773080797	348	0.793185341684668
"rs306185"	0.293755773080797	348	0.793185341684668
"rs306191"	0.293755773080797	348	0.793185341684668
"rs306060"	0.293755773080798	348	0.793185341684666
"rs306075"	0.293755773080798	348	0.793185341684666
"rs306097"	0.293755773080799	348	0.793185341684666
"rs305712"	0.293755773080805	348	0.79318534168467
"rs305795"	0.293755773080866	348	0.142806281086905
"rs305760"	0.293755773087818	348	0.152541082429506
"rs1859898"	0.293798842906728	348	0.792116140914064
"rs1131876"	0.293809678608671	348	1.28674580236037
"rs1749408"	0.293823032451881	348	1.15142241046155
"rs1749411"	0.293823032451881	348	1.15142241046155
"rs1749429"	0.293823032451881	348	1.15142241046155
"rs1749432"	0.293823032451881	348	1.15142241046155
"rs1749438"	0.293823032451881	348	1.15142241046155
"rs1749444"	0.293823032451881	348	1.15142241046155
"rs1749447"	0.293823032451881	348	1.15142241046155
"rs1749459"	0.293823032451881	348	1.15142241046155
"rs1749460"	0.293823032451881	348	1.15142241046155
"rs470656"	0.293828525723004	348	1.29577709598498
"rs1317893"	0.293870051303799	348	0.737361352883153
"rs1637585"	0.293875322208273	348	0.756118432219261
"rs1786132"	0.293882976490768	348	1.21291132118998
"rs1734158"	0.293897001037843	348	1.14307694182116
"rs1737966"	0.293960450821337	348	1.12884663920728
"rs562369"	0.293976289329836	348	0.602593957723762
"rs868966"	0.294000857615385	348	0.767020826336442
"rs1738804"	0.2940113396963	348	1.47694715008551
"rs792410"	0.294048311170444	348	0.902595570529087
"rs39445"	0.2940802159747	348	0.716582838802831
"rs39520"	0.2940802159747	348	0.716582838802831
"rs1189851"	0.294089364337626	348	0.860841578028429
"rs291061"	0.294102016494505	348	1.15065632045273
"rs1807749"	0.294136762247537	348	0.803158198156081
"rs1057428"	0.294155098607589	348	1.256876623814
"rs696523"	0.294211721463277	348	1.22113717315394
"rs2118276"	0.2942479402991	348	1.21028928044594
"rs408551"	0.294272307461853	348	0.724269488402536
"rs408557"	0.294272307461853	348	0.724269488402536
"rs408569"	0.294272307461853	348	0.724269488402536
"rs408765"	0.294272307461853	348	0.724269488402536
"rs408766"	0.294272307461853	348	0.724269488402536
"rs408767"	0.294272307461853	348	0.724269488402536
"rs2166842"	0.294305648189831	348	1.14428045195582
"rs1825077"	0.29431540041651	348	0.759865877025862
"rs1825094"	0.29431540041651	348	0.759865877025862
"rs636004"	0.294319433433244	348	0.662691021435243
"rs1008108"	0.294344232818018	348	1.30373138449083
"rs1806536"	0.294359786647596	348	0.819026118540576
"rs128759"	0.294365978104349	348	0.82713787651784
"rs792533"	0.294370101536508	348	0.895946608301581
"rs730161"	0.294382668724382	348	0.689918031649497
"rs265424"	0.294445511017417	348	1.18960732768319
"rs1649441"	0.294500303759254	348	0.729719133819776
"rs1366456"	0.294572881222755	348	1.27905314223568
"rs1720386"	0.294582178263244	348	1.22157233670366
"rs1720398"	0.294582178263244	348	1.22157233670366
"rs1720402"	0.294582178263244	348	1.22157233670366
"rs1720408"	0.294582178263244	348	1.22157233670366
"rs1720411"	0.294582178263244	348	1.22157233670366
"rs1720417"	0.294582178263244	348	1.22157233670366
"rs1365974"	0.294585883284731	348	1.28475244398494
"rs858808"	0.294608205368154	348	1.15932568960974
"rs1715032"	0.294628198088944	348	1.17833151302059
"rs485157"	0.294630184357535	348	0.8042379201467
"rs428796"	0.294720132010117	348	0.846776445786409
"rs320080"	0.294750466039632	348	1.37616839458429
"rs533598"	0.294758050195555	348	0.681469012165759
"rs942042"	0.294761186113291	348	1.40783149708309
"rs1961552"	0.294772807210059	348	0.885414798691467
"rs1961554"	0.294772807210059	348	0.885414798691467
"rs765673"	0.294775485506205	348	0.685924965410003
"rs2153826"	0.29479358443955	348	1.25335321904313
"rs132511"	0.294796443613151	348	1.31805260739695
"rs1354925"	0.294831305790707	348	0.807257632266231
"rs1790577"	0.294835693013363	348	1.16247582446709
"rs1482846"	0.29484343125851	348	1.19188358604727
"rs202829"	0.294912840695612	348	0.70115556728703
"rs1694171"	0.294961962009868	348	1.22043181823487
"rs1065116"	0.294968232538408	348	0.809386405478535
"rs1065119"	0.294968232538408	348	0.809386405478535
"rs1065131"	0.294968232538408	348	0.809386405478535
"rs1105989"	0.294970539764938	348	1.40163397556594
"rs1106151"	0.294970539764938	348	1.40163397556594
"rs1106157"	0.294970539764938	348	1.40163397556594
"rs801988"	0.29497388637563	348	1.34003329946476
"rs1359566"	0.295001982189037	348	2.0941005339195
"rs2084151"	0.295032584142727	348	0.911881743509859
"rs1326280"	0.295045711810153	348	1.42466952450087
"rs2143910"	0.295050243794403	348	1.1946496991016
"rs1120318"	0.295060207278716	348	1.2058828958456
"rs1120320"	0.295060207278716	348	1.2058828958456
"rs1120325"	0.295060207278716	348	1.2058828958456
"rs1120326"	0.295060207278716	348	1.2058828958456
"rs37965"	0.295062066174884	348	0.81089612471613
"rs546849"	0.295084381148471	348	0.802231238538414
"rs546856"	0.295084381148471	348	0.802231238538414
"rs1612682"	0.29508685053227	348	0.819691510539565
"rs802697"	0.295102277123194	348	1.16911620482279
"rs2040053"	0.295114835601413	348	1.28037536183451
"rs215953"	0.295130115815364	348	0.855887151548061
"rs820363"	0.295178409604845	348	1.53366665608571
"rs1541297"	0.29529048872297	348	1.27009050690339
"rs413786"	0.295317756000561	348	0.846473576477281
"rs1102802"	0.295341008295302	348	0.574045617258704
"rs154121"	0.295346692822979	348	1.20987941337676
"rs1803826"	0.295376455626643	348	1.28205067313612
"rs1803828"	0.295376455626643	348	1.28205067313612
"rs1326178"	0.295397935283018	348	1.27476567265605
"rs582678"	0.295404593527226	348	0.816488439839544
"rs974317"	0.29542014792567	348	1.20562958458766
"rs272124"	0.295456046695562	348	0.738233689050858
"rs1367432"	0.295456785927812	348	1.27790026939134
"rs1413046"	0.295509052654996	348	0.858160947830083
"rs1413070"	0.295509052654996	348	0.858160947830083
"rs502551"	0.295559199209202	348	1.21375660353979
"rs1332704"	0.295572320795052	348	1.24694184104021
"rs118604"	0.295713095704374	348	1.07394156549146
"rs1964616"	0.295713657620212	348	0.747518592015423
"rs704476"	0.295743487368517	348	1.06968454593754
"rs863882"	0.295772259239812	348	0.90828451222318
"rs1105659"	0.295795907609017	348	0.825545442711667
"rs2116181"	0.295815085225645	348	0.777961711458569
"rs2102035"	0.295821380170195	348	1.16890655444345
"rs733860"	0.29582800368082	348	0.845122052026823
"rs244079"	0.29586656763167	348	1.049200330718
"rs129230"	0.295884744448467	348	1.2215933066881
"rs1128154"	0.295918486649388	348	442.966423249658
"rs145310"	0.295937907458175	348	0.904801850943458
"rs2094174"	0.295960284938863	348	0.922977992682967
"rs507504"	0.295988096507644	348	0.771419011101578
"rs989356"	0.296001470624644	348	1.22931379963453
"rs552959"	0.296060738453503	348	1.32553069108701
"rs552974"	0.296060738453503	348	1.32553069108701
"rs552975"	0.296060738453503	348	1.32553069108701
"rs553018"	0.296060738453503	348	1.32553069108701
"rs553024"	0.296060738453503	348	1.32553069108701
"rs553055"	0.296060738453503	348	1.32553069108701
"rs1782110"	0.296110674745333	348	1.17727518861244
"rs1123256"	0.296128113451911	348	1.53839803477281
"rs87818"	0.296131231519268	348	0.759874557197661
"rs1779964"	0.296131727891774	348	1.26967537692281
"rs1779976"	0.296131727891774	348	1.26967537692281
"rs838591"	0.296146001729451	348	0.729340214740861
"rs394337"	0.296170094512184	348	0.75590738902409
"rs1825004"	0.296235937751078	348	1.35966322247267
"rs1861906"	0.296253067340466	348	1.27065443931112
"rs887736"	0.296294542126757	348	1.40975641281883
"rs1545140"	0.296321142436452	348	1.26661563341189
"rs1545146"	0.296321142436452	348	1.26661563341189
"rs1120321"	0.296325510911468	348	1.20529967830508
"rs1961555"	0.296344615211317	348	0.88619325490901
"rs1395825"	0.296349424769442	348	1.24107644009305
"rs858867"	0.296354954637488	348	1.09099433357837
"rs858869"	0.296354954637488	348	1.09099433357837
"rs1178106"	0.296377586969975	348	0.862488355723574
"rs790512"	0.296454870636441	348	0.90135596024508
"rs790515"	0.296454870636441	348	0.90135596024508
"rs1461788"	0.296461810727232	348	0.762815747859489
"rs942442"	0.296486815272717	348	1.32923596201981
"rs304611"	0.29649453672569	348	1.14941124163174
"rs420393"	0.296552440275204	348	0.740435337281931
"rs1830491"	0.296574665192553	348	1.37708498131897
"rs150207"	0.296620229685915	348	0.87352111362929
"rs896198"	0.296636843604541	348	0.827632077684876
"rs473467"	0.296656565059278	348	0.910636694968329
"rs2049552"	0.296658033773684	348	0.8493773537238
"rs1712125"	0.296668894108603	348	1.23364271511614
"rs395746"	0.296694354084317	348	0.783910523892864
"rs109346"	0.296735404312465	348	0.847779907171625
"rs1103788"	0.296768446605411	348	0.835555279751792
"rs870381"	0.296834970309429	348	0.860061486220116
"rs237344"	0.296844999001572	348	1.32459571812806
"rs1963652"	0.296847033129473	348	0.825892466249886
"rs224261"	0.296866340122147	348	0.769647998930093
"rs224264"	0.296866340122147	348	0.769647998930093
"rs1367676"	0.296880189050177	348	1.27753887636387
"rs1068572"	0.296905875191453	348	0.86264043822013
"rs1737057"	0.296906989700491	348	0.740066776193847
"rs1951776"	0.29696152723016	348	1.32101852604374
"rs142423"	0.296974849342612	348	1.20627700407572
"rs229846"	0.296985861629503	348	1.35368033721049
"rs506679"	0.297089135567276	348	1.23946115740362
"rs2189004"	0.297106860544321	348	0.699780176295119
"rs86261"	0.297124215678535	348	0.703048789136408
"rs2172575"	0.297136460534877	348	0.862334937010512
"rs1701573"	0.297151852812896	348	1.2411093393704
"rs322303"	0.297176921021246	348	1.23249111252557
"rs1614799"	0.297187506996163	348	1.05624317861796
"rs1687739"	0.297220427422882	348	1.41223702930231
"rs226295"	0.297261881012518	348	0.902503703353479
"rs147831"	0.297271325235581	348	1.19287318600028
"rs129731"	0.297309043425828	348	1.19591220127418
"rs129743"	0.297309043425828	348	1.19591220127418
"rs83869"	0.297327798063999	348	0.835598658791733
"rs288023"	0.297403367441833	348	1.30812615400661
"rs302669"	0.297433536737107	348	0.47743053751345
"rs2150914"	0.297493292832198	348	0.867672037178663
"rs2115757"	0.297550233488511	348	1.16761058058358
"rs1127106"	0.297574134636624	348	0.843628147463213
"rs133362"	0.297576533109703	348	0.476286465196146
"rs944939"	0.2975977829479	348	0.89992524184265
"rs302673"	0.297652196589022	348	1.92568476797262
"rs474590"	0.297661744868171	348	1.31753766086648
"rs744826"	0.297721067607564	348	0.821834485370612
"rs1735781"	0.297807322138566	348	1.24270840993204
"rs147798"	0.297829883122693	348	1.13308977948844
"rs147810"	0.297829883122693	348	1.13308977948844
"rs147822"	0.297829883122693	348	1.13308977948844
"rs2140870"	0.297848629986559	348	1.20045653665813
"rs113313"	0.29788433055103	348	0.894233507134835
"rs113321"	0.29788433055103	348	0.894233507134835
"rs27442"	0.29793039969605	348	1.26634075053118
"rs27460"	0.29793039969605	348	1.26634075053118
"rs420002"	0.297932844077973	348	1.05202479339862
"rs1004690"	0.29793563887087	348	1.20014741257252
"rs1816113"	0.297939727609015	348	1.27430929422232
"rs2170358"	0.297955673975078	348	1.17385603564433
"rs489102"	0.297965819942599	348	1.21534507823061
"rs792846"	0.298007732813413	348	0.900233092815226
"rs1487864"	0.298078127862282	348	1.13786630466282
"rs1699265"	0.298083982309913	348	1.23411109719274
"rs1701592"	0.298083982309913	348	1.23411109719274
"rs1702021"	0.298083982309913	348	1.23411109719274
"rs857003"	0.298129231991335	348	0.822355080726515
"rs857004"	0.298129231991335	348	0.822355080726515
"rs857011"	0.298129231991335	348	0.822355080726515
"rs857012"	0.298129231991335	348	0.822355080726515
"rs857013"	0.298129231991335	348	0.822355080726515
"rs857014"	0.298129231991335	348	0.822355080726515
"rs1625895"	0.298129259543013	348	0.830537796214905
"rs1165692"	0.298132725849428	348	0.681488915241897
"rs1165989"	0.298132725849428	348	0.681488915241897
"rs1166664"	0.298132725849428	348	0.681488915241897
"rs533267"	0.298166388413969	348	1.44834604677826
"rs850535"	0.298242158667879	348	1.203498413941
"rs1487903"	0.298277090456915	348	0.810163044501303
"rs324928"	0.298302392890362	348	1.47906913251796
"rs324069"	0.29830239289039	348	73.1487531104074
"rs97988"	0.298324045355019	348	0.661143659437569
"rs631960"	0.298342156048854	348	0.773193739359869
"rs631978"	0.298342156048854	348	0.773193739359869
"rs631987"	0.298342156048854	348	0.773193739359869
"rs631996"	0.298342156048854	348	0.773193739359869
"rs1515100"	0.298345943867886	348	0.894806609133311
"rs1758749"	0.29836659700524	348	1.20572226276104
"rs459563"	0.298401346363395	348	1.64748070981614
"rs1831522"	0.298413310496031	348	1.29930478152653
"rs1831684"	0.298413310496031	348	1.29930478152653
"rs1831790"	0.298413310496031	348	1.29930478152653
"rs2022356"	0.298454878002305	348	1.27383241842382
"rs1019604"	0.298457693503105	348	1.3976066894414
"rs1019606"	0.298457693503105	348	1.3976066894414
"rs1019609"	0.298457693503105	348	1.3976066894414
"rs1019615"	0.298457693503105	348	1.3976066894414
"rs1019616"	0.298457693503105	348	1.3976066894414
"rs497285"	0.298470608487965	348	0.750911817308725
"rs497289"	0.298470608487965	348	0.750911817308725
"rs854702"	0.298476466662926	348	0.758534701826187
"rs989352"	0.298509444838041	348	0.811732292944831
"rs401858"	0.298562514626448	348	0.840322908420518
"rs328750"	0.298569350735786	348	0.782247359855014
"rs330523"	0.298594591695328	348	1.44506422911366
"rs375635"	0.298684555140449	348	0.761311857285277
"rs1842768"	0.298685857310962	348	1.19792239659719
"rs1852553"	0.298711116386343	348	1.5605437355632
"rs79305"	0.298720705395013	348	1.18760877871167
"rs2089628"	0.298722888756438	348	0.909341948030207
"rs801057"	0.298740927774416	348	1.19172442039992
"rs1373958"	0.298753333338074	348	0.824427167322622
"rs561335"	0.298839604259825	348	1.15470424870957
"rs127116"	0.298841694937708	348	1.20409106146884
"rs1579426"	0.298844251771171	348	0.837825434067703
"rs2130395"	0.298848905086683	348	0.744628141710178
"rs1124968"	0.298857769817207	348	0.912415715586343
"rs1856419"	0.298865166942299	348	0.554683621936203
"rs1856484"	0.298865166942299	348	0.554683621936203
"rs265236"	0.298870325925518	348	1.19618813848788
"rs920264"	0.298887851062439	348	1.29672399944035
"rs1618557"	0.298891131734848	348	1.1544786936401
"rs1941892"	0.298909007349354	348	1.23506656394105
"rs553114"	0.298911682998294	348	1.32593931952107
"rs2003397"	0.29891713773048	348	1.17239441500278
"rs2003399"	0.29891713773048	348	1.17239441500278
"rs1790478"	0.298919760420139	348	1.15632731632107
"rs1790480"	0.298919760420139	348	1.15632731632107
"rs1366894"	0.298923338215161	348	1.27586609598521
"rs1942287"	0.298936211615696	348	0.754516082384765
"rs43598"	0.298987736379477	348	1.24572922194325
"rs1124363"	0.299023111587355	348	0.58696554269301
"rs1124936"	0.299023111587355	348	0.58696554269301
"rs554464"	0.299039978141313	348	1.16400927524637
"rs1288609"	0.299051733056374	348	0.694638959280279
"rs1366250"	0.299075453532802	348	1.27599662776742
"rs1368105"	0.299075453532802	348	1.27599662776742
"rs2164930"	0.2990795420276	348	1.30959042044588
"rs1064564"	0.299088439908454	348	1.27209304760263
"rs1937304"	0.299096664697837	348	1.24644914172879
"rs2113926"	0.299128084494493	348	1.14042296596725
"rs1366934"	0.299150583199611	348	1.27613361467785
"rs1371101"	0.299150583199611	348	1.27613361467785
"rs1470268"	0.299157908332456	348	0.799386731538883
"rs1672961"	0.299159669123862	348	1.12770070861267
"rs1554983"	0.299170417472884	348	0.672252877604138
"rs823911"	0.299191465422565	348	0.791739515203538
"rs1183532"	0.299191658398629	348	0.862487608986771
"rs1402787"	0.299232310624314	348	1.37505080289507
"rs2076205"	0.299242208379537	348	0.692236478462289
"rs732806"	0.299288230375918	348	0.701489143219421
"rs732815"	0.299288230375918	348	0.701489143219421
"rs732820"	0.299288230375918	348	0.701489143219421
"rs732824"	0.299288230375918	348	0.701489143219421
"rs732842"	0.299288230375918	348	0.701489143219421
"rs732974"	0.299288230375918	348	0.701489143219421
"rs732988"	0.299288230375918	348	0.701489143219421
"rs732999"	0.299288230375918	348	0.701489143219421
"rs733005"	0.299288230375918	348	0.701489143219421
"rs733008"	0.299288230375918	348	0.701489143219421
"rs733011"	0.299288230375918	348	0.701489143219421
"rs733014"	0.299288230375918	348	0.701489143219421
"rs733023"	0.299288230375918	348	0.701489143219421
"rs733026"	0.299288230375918	348	0.701489143219421
"rs809875"	0.299310060873779	348	1.23199622767494
"rs509940"	0.299315984581196	348	1.08003534295719
"rs1363810"	0.299324800781587	348	1.27602264015961
"rs1062391"	0.299353031718437	348	1.29149401639503
"rs552997"	0.299385610714029	348	1.32836063847217
"rs850574"	0.299394112578753	348	1.20167155686049
"rs850595"	0.299394112578753	348	1.20167155686049
"rs1590768"	0.299403901061406	348	1.19012321720714
"rs1590832"	0.299403901061406	348	1.19012321720714
"rs507846"	0.299406679460175	348	1.19446029317063
"rs286847"	0.29942176736117	348	1.16231892209652
"rs942361"	0.299440473910821	348	1.32518909798704
"rs942367"	0.299440473910821	348	1.32518909798704
"rs942373"	0.299440473910821	348	1.32518909798704
"rs942391"	0.299440473910821	348	1.32518909798704
"rs942409"	0.299440473910821	348	1.32518909798704
"rs942411"	0.299440473910821	348	1.32518909798704
"rs1547861"	0.299450266731118	348	0.711244617425189
"rs2091003"	0.299509282887159	348	0.764899103713218
"rs554458"	0.299566470539402	348	1.15891222747521
"rs532605"	0.299582729659811	348	1.4380001464778
"rs61009"	0.299622583796739	348	0.453084316515681
"rs61024"	0.299622583796739	348	0.453084316515681
"rs61045"	0.299622583796739	348	0.453084316515681
"rs1607713"	0.299622583796739	348	0.453084316515681
"rs117783"	0.299625585758946	348	0.870415080081472
"rs1065743"	0.299626453539958	348	0.924024985077784
"rs268576"	0.299626685212266	348	0.809725158183904
"rs268598"	0.299626685212266	348	0.809725158183904
"rs268610"	0.299626685212266	348	0.809725158183904
"rs268636"	0.299626685212266	348	0.809725158183904
"rs268637"	0.299626685212266	348	0.809725158183904
"rs268641"	0.299626685212266	348	0.809725158183904
"rs938884"	0.299641675879624	348	0.861736208814017
"rs1397403"	0.299712453958068	348	1.37472315284743
"rs474425"	0.299805941690833	348	1.31459499482092
"rs474428"	0.299805941690833	348	1.31459499482092
"rs474556"	0.299805941690833	348	1.31459499482092
"rs1004545"	0.299839200666771	348	1.24972667775409
"rs733572"	0.299849017100385	348	0.823039766901951
"rs1121796"	0.299850372111182	348	0.832082418715022
"rs856291"	0.299910957009115	348	1.76931399328733
"rs2142310"	0.299911369012915	348	1.20397728412552
"rs2142910"	0.299911369012915	348	1.20397728412552
"rs1172240"	0.299919371812904	348	0.854752841820629
"rs131391"	0.299925218359032	348	0.589161319775245
"rs565960"	0.299925416213172	348	0.853722577617516
"rs1586426"	0.299929314980526	348	0.642164979434797
"rs458540"	0.299991544440975	348	0.843279516060821
"rs131394"	0.300010496253676	348	0.587574908584394
"rs732112"	0.300047240636091	348	1.23615537746288
"rs732118"	0.300047240636091	348	1.23615537746288
"rs708190"	0.300131315746681	348	0.804255415265166
"rs937746"	0.300187071567188	348	0.801277466527844
"rs937749"	0.300187071567188	348	0.801277466527844
"rs937781"	0.300187071567188	348	0.801277466527844
"rs756020"	0.300210140401854	348	1.25928414950874
"rs1488356"	0.300211727357778	348	1.09364168841487
"rs838631"	0.300300950764666	348	1.16553143972848
"rs794204"	0.30032302017123	348	0.81378445458737
"rs890858"	0.300347540792654	348	0.943087787159572
"rs221272"	0.300356887195433	348	0.845238851481516
"rs758531"	0.300399518356951	348	1.21933416018735
"rs1873081"	0.300470296076786	348	1.07996883065952
"rs687438"	0.300504591433065	348	1.21996817643727
"rs1591851"	0.300531564244914	348	0.827887105788397
"rs1343585"	0.300532440615231	348	0.82469298643006
"rs1124232"	0.300539099676148	348	0.589992410386199
"rs858874"	0.300553173956167	348	0.939984352727737
"rs793429"	0.300569301967286	348	0.901717759729051
"rs129707"	0.300577609828535	348	1.24832827198192
"rs694436"	0.3005921236443	348	0.791278048097064
"rs525279"	0.300614555009233	348	1.28884033396199
"rs1022168"	0.300657595027514	348	1.26254595080202
"rs469673"	0.300726474170703	348	0.79979442241301
"rs670680"	0.300734343405391	348	0.816439205438184
"rs1715328"	0.30074996803358	348	1.1998023751431
"rs1715329"	0.30074996803358	348	1.1998023751431
"rs1715334"	0.30074996803358	348	1.1998023751431
"rs1715336"	0.30074996803358	348	1.1998023751431
"rs1715337"	0.30074996803358	348	1.1998023751431
"rs1985171"	0.300792889053448	348	1.34697576991099
"rs845616"	0.300888807676024	348	1.16737569937836
"rs1353038"	0.300900542404824	348	0.81656131736683
"rs217348"	0.300912249864536	348	1.20403193443269
"rs785217"	0.300934876007261	348	0.897007404380419
"rs1618493"	0.300989835520647	348	1.1509811956715
"rs433764"	0.301052019704967	348	1.52257759776845
"rs1539848"	0.30109603069841	348	1.29020262174285
"rs2192105"	0.301103550690444	348	0.724166431270225
"rs1759880"	0.30111981522881	348	0.819121000096351
"rs881765"	0.301171733608313	348	1.46964387136207
"rs1368123"	0.301174753300307	348	1.27463611096097
"rs129956"	0.301187755727203	348	1.24233913760164
"rs1444492"	0.301211094909022	348	1.77317507661605
"rs237561"	0.301225250933564	348	1.21535421634251
"rs581717"	0.301236721445852	348	0.740155083876478
"rs1413587"	0.301264995456963	348	1.25788509835653
"rs2136497"	0.301303405966872	348	1.19170226517396
"rs2138269"	0.301303405966872	348	1.19170226517396
"rs2139548"	0.301303405966872	348	1.19170226517396
"rs2142949"	0.301303405966872	348	1.19170226517396
"rs2114253"	0.301319573252413	348	1.17914421451856
"rs1782805"	0.301452861919431	348	1.15626927215497
"rs1371317"	0.301464872159155	348	1.23147066099352
"rs1609461"	0.301487770404304	348	1.23717388360561
"rs1351025"	0.301497078905087	348	0.822693673555727
"rs1756764"	0.301574424511593	348	1.20952131875929
"rs1907644"	0.301582604528835	348	0.263560923173301
"rs1907645"	0.301582604528835	348	0.263560923173301
"rs1398267"	0.301602236955865	348	0.840426829982062
"rs1105611"	0.301620058347526	348	0.839932647324558
"rs48157"	0.301636337253459	348	0.799836409556075
"rs655762"	0.301648900904679	348	0.756866862354592
"rs203147"	0.30165062097355	348	1.76517935511427
"rs1786912"	0.301666965730878	348	0.816306397615787
"rs532882"	0.301672992235763	348	1.44089399254165
"rs533187"	0.301672992235763	348	1.44089399254165
"rs533211"	0.301672992235763	348	1.44089399254165
"rs533217"	0.301672992235763	348	1.44089399254165
"rs533241"	0.301672992235763	348	1.44089399254165
"rs533301"	0.301672992235763	348	1.44089399254165
"rs533403"	0.301672992235763	348	1.44089399254165
"rs305517"	0.30171505777722	348	0.811204820822954
"rs794123"	0.301749769789991	348	0.475668893519428
"rs794493"	0.301749769789991	348	0.475668893519428
"rs794664"	0.301749769789991	348	0.475668893519428
"rs129999"	0.301792808489824	348	1.19707083396743
"rs130002"	0.301792808489824	348	1.19707083396743
"rs130003"	0.301792808489824	348	1.19707083396743
"rs130005"	0.301792808489824	348	1.19707083396743
"rs2069075"	0.301817354282671	348	0.667988406271858
"rs923668"	0.301925208647203	348	1.36171579259929
"rs1123389"	0.301929841777152	348	1.53022441582461
"rs1106414"	0.301930634562184	348	0.832211942084853
"rs454044"	0.301931850544107	348	1.17555301157231
"rs2158992"	0.30196075358811	348	1.10561725360093
"rs329635"	0.301975944425793	348	0.737186748785188
"rs329665"	0.301975944425793	348	0.737186748785188
"rs1117947"	0.30197679295845	348	0.787836025432433
"rs1311930"	0.302027982735928	348	0.84102966567122
"rs2160727"	0.302038569332128	348	1.13627216684634
"rs431674"	0.302044762247389	348	1.19251825452472
"rs508020"	0.302154291757171	348	1.1841344289883
"rs732421"	0.302176918035749	348	0.703981791479275
"rs327026"	0.302182965895508	348	0.834507700335212
"rs508332"	0.302185001138286	348	0.782635546475561
"rs1117378"	0.302198544162251	348	1.17722216671717
"rs291516"	0.302202404609581	348	0.887168415752773
"rs226297"	0.302250775692272	348	0.908978292389961
"rs341414"	0.30227944015105	348	0.880620370537282
"rs285679"	0.302293297084264	348	0.859781490905539
"rs644840"	0.302321095518662	348	0.636919319742433
"rs1742687"	0.302321134510503	348	1.18697393978157
"rs341329"	0.302360413268755	348	1.17065740706449
"rs330694"	0.302375100265656	348	1.47388810001216
"rs330703"	0.302375100265656	348	1.47388810001216
"rs323859"	0.302375100265689	348	82.2015407696635
"rs370740"	0.302389244213267	348	0.730371127921867
"rs370838"	0.302389244213267	348	0.730371127921867
"rs986158"	0.302400968818082	348	0.845520822216222
"rs1739622"	0.302422464395255	348	1.19154909442379
"rs278198"	0.30247437070717	348	0.782996556117474
"rs591148"	0.302509278798292	348	0.674960119450885
"rs1695128"	0.302566353383067	348	0.755985564477528
"rs552869"	0.302595243859618	348	1.32479984169721
"rs2074940"	0.302677431624729	348	1.3354248096611
"rs2007421"	0.302722675341193	348	0.750025471951953
"rs2007424"	0.302722675341193	348	0.750025471951953
"rs347644"	0.302822487904764	348	0.684722589805526
"rs1459994"	0.302824823352255	348	1.21045233252709
"rs2003073"	0.30284510402252	348	0.828155143113337
"rs2003109"	0.30284510402252	348	0.828155143113337
"rs447320"	0.302854215184554	348	0.920937146385278
"rs1778261"	0.302891383099877	348	0.791132812372403
"rs802396"	0.302992580687925	348	0.854389770933366
"rs802402"	0.302992580687925	348	0.854389770933366
"rs287427"	0.303010690810529	348	0.868223180574318
"rs2043953"	0.303022779530101	348	0.744170968736686
"rs1842765"	0.303025478493047	348	0.824350200746748
"rs1637246"	0.303041069734541	348	0.930236596681787
"rs1564006"	0.303053151265544	348	1.28582737695307
"rs1564015"	0.303053151265544	348	1.28582737695307
"rs1564018"	0.303053151265544	348	1.28582737695307
"rs1564027"	0.303053151265544	348	1.28582737695307
"rs1564056"	0.303053151265544	348	1.28582737695307
"rs1564129"	0.303053151265544	348	1.28582737695307
"rs2149996"	0.303095374935412	348	0.809699459344705
"rs937402"	0.303107001031324	348	0.805694570116702
"rs98655"	0.303126014021947	348	1.15859054654438
"rs1317530"	0.30316387088202	348	0.822475421615556
"rs1065696"	0.303208865819235	348	0.83868064124535
"rs1293561"	0.303210231807795	348	0.867837931195362
"rs1842186"	0.303282365725636	348	1.2309742662681
"rs2215877"	0.303311510655277	348	0.677604604494494
"rs1790444"	0.30335395875087	348	1.15388274696329
"rs1790445"	0.30335395875087	348	1.15388274696329
"rs1790448"	0.30335395875087	348	1.15388274696329
"rs1790451"	0.30335395875087	348	1.15388274696329
"rs836152"	0.303382238330355	348	1.27823460818414
"rs836158"	0.303382238330355	348	1.27823460818414
"rs737844"	0.303393248948855	348	0.778324986246031
"rs1092938"	0.303453745711185	348	0.851234913064291
"rs812062"	0.303480763146377	348	0.880187487278851
"rs1126538"	0.303504445467424	348	0.835281488336023
"rs1475745"	0.3035468101307	348	0.832076548637231
"rs852891"	0.303573851551152	348	0.807965661880036
"rs1293287"	0.303625537715306	348	0.850577014366568
"rs1293294"	0.303625537715306	348	0.850577014366568
"rs1757471"	0.30364810479144	348	1.19616479488566
"rs1286119"	0.303648670307549	348	0.727039059503498
"rs1757059"	0.303653785870212	348	1.20350008920642
"rs1845630"	0.30372242645377	348	0.81477165182796
"rs1845677"	0.30372242645377	348	0.81477165182796
"rs821923"	0.303734672605473	348	0.769537683669622
"rs1206466"	0.303817854373358	348	0.890268494516894
"rs1059830"	0.30383784854102	348	1.24166006544915
"rs77261"	0.303841726242974	348	1.18782682694374
"rs548804"	0.303909251978504	348	1.49727379030407
"rs548870"	0.303909251978504	348	1.49727379030407
"rs548912"	0.303909251978509	348	1.49727379030407
"rs548994"	0.303909251978509	348	1.49727379030407
"rs548996"	0.303909251978509	348	1.49727379030407
"rs1952262"	0.303914053154391	348	0.805367004691013
"rs307626"	0.303918061899007	348	1.37826376764348
"rs93940"	0.303970084714391	348	1.10720033261107
"rs2092283"	0.303996339826765	348	1.24109543433882
"rs2092285"	0.303996339826765	348	1.24109543433882
"rs2092313"	0.303996339826765	348	1.24109543433882
"rs2092324"	0.303996339826765	348	1.24109543433882
"rs2092368"	0.303996339826765	348	1.24109543433882
"rs2092412"	0.303996339826765	348	1.24109543433882
"rs2092423"	0.303996339826765	348	1.24109543433882
"rs1741852"	0.304035805754345	348	0.790907501064013
"rs226536"	0.304053685199544	348	1.1095464207648
"rs1080859"	0.304107704415757	348	0.790564333296545
"rs858498"	0.304167043370932	348	0.727943631056648
"rs858501"	0.304167043370932	348	0.727943631056648
"rs858567"	0.304167043370932	348	0.727943631056648
"rs858671"	0.304167043370932	348	0.727943631056648
"rs2121740"	0.304174489630453	348	1.09088772333926
"rs1988584"	0.304186165699168	348	0.670378674096823
"rs1988812"	0.304186165699168	348	0.670378674096823
"rs1644804"	0.304203714314255	348	1.42342354945075
"rs1645247"	0.304203714314255	348	1.42342354945075
"rs1712329"	0.304223905682762	348	0.88876661088466
"rs190810"	0.304289122846629	348	0.828596588550755
"rs1951977"	0.304292574785389	348	0.841522732508354
"rs72080"	0.304314318674936	348	1.23089838356258
"rs830555"	0.30434291676678	348	1.21647155531917
"rs2021683"	0.304395365257322	348	0.746230488418163
"rs396574"	0.3044062322187	348	0.828985905841
"rs273724"	0.304413101477333	348	1.61890643618332
"rs1106001"	0.304420229476155	348	0.834286146291778
"rs1106007"	0.304420229476155	348	0.834286146291778
"rs1106010"	0.304420229476155	348	0.834286146291778
"rs1106115"	0.304420229476155	348	0.834286146291778
"rs1106094"	0.304420229476165	348	0.834286146291778
"rs1106097"	0.304420229476165	348	0.834286146291778
"rs1106100"	0.304420229476165	348	0.834286146291778
"rs1106103"	0.304420229476165	348	0.834286146291778
"rs831378"	0.304428097297007	348	0.760321501596175
"rs824709"	0.304474970508451	348	1.24307232679361
"rs1055282"	0.304516622337472	348	1.11437739307388
"rs1055285"	0.304516622337472	348	1.11437739307388
"rs532974"	0.304529826967966	348	1.43806348177922
"rs615617"	0.304621638903114	348	1.36532988841658
"rs1619021"	0.304645019643216	348	0.806102310269442
"rs1907081"	0.304651767309375	348	1.17919013577286
"rs461200"	0.304684755106562	348	0.825557457331366
"rs1706744"	0.304704320114653	348	1.21253141963234
"rs1823081"	0.304721617496648	348	1.25555984876316
"rs617331"	0.304727755200905	348	0.763203811235514
"rs1937277"	0.304750262042204	348	1.2562150086738
"rs7578"	0.304756534658392	348	0.679369714322564
"rs596995"	0.304758354110828	348	0.942529432547655
"rs1135755"	0.304767018633269	348	0.742224022456227
"rs2055755"	0.304810634707757	348	0.639786736030848
"rs1049155"	0.304933087738973	348	0.593854648118891
"rs953708"	0.304933087738978	348	0.593854648118897
"rs953727"	0.304933087738978	348	0.593854648118897
"rs953831"	0.304933087738978	348	0.593854648118897
"rs953855"	0.304933087738978	348	0.593854648118897
"rs1458999"	0.304933087738981	348	0.593854648118891
"rs776662"	0.304933087738982	348	0.593854648118901
"rs164053"	0.304933087738984	348	0.593854648118894
"rs878279"	0.304983951739328	348	0.82530234694886
"rs673672"	0.304991122109773	348	0.467452556539571
"rs545408"	0.304995026352929	348	1.19079972953282
"rs134045"	0.305016266614283	348	0.884581650665735
"rs1324036"	0.305035905302058	348	1.39973487996408
"rs892859"	0.305043913525919	348	0.73872960840331
"rs1358055"	0.305061990352202	348	1.26964468359609
"rs726183"	0.305112009137272	348	1.37134981390941
"rs1286200"	0.305129837383744	348	0.880199093288403
"rs1286262"	0.305129837383744	348	0.880199093288403
"rs1286496"	0.305129837383744	348	0.880199093288403
"rs1286589"	0.305129837383744	348	0.880199093288403
"rs1286700"	0.305129837383744	348	0.880199093288403
"rs1286874"	0.305129837383744	348	0.880199093288403
"rs1286907"	0.305129837383744	348	0.880199093288403
"rs1286999"	0.305129837383744	348	0.880199093288403
"rs909693"	0.305161717874109	348	0.801240850483674
"rs909713"	0.305161717874109	348	0.801240850483674
"rs1608073"	0.305240942595297	348	1.25361060171556
"rs300671"	0.305245321888043	348	1.15323019336063
"rs300674"	0.305245321888043	348	1.15323019336063
"rs300677"	0.305245321888043	348	1.15323019336063
"rs1779393"	0.305253945691381	348	0.863268100014916
"rs1586241"	0.305279262526648	348	1.22243260777285
"rs1551251"	0.305340386195561	348	0.890468754251272
"rs1836662"	0.305368014745408	348	0.827939887108658
"rs277530"	0.305379731883223	348	1.46111750599834
"rs966819"	0.305382626709281	348	0.828648074838668
"rs1381321"	0.305386614164935	348	1.3629207027666
"rs587828"	0.305456883657761	348	0.923497894577081
"rs587829"	0.305456883657761	348	0.923497894577081
"rs620723"	0.305465776523206	348	0.79086210963423
"rs1948244"	0.305516647833318	348	0.728199475048085
"rs1367435"	0.305553317307889	348	0.782480819630669
"rs1790496"	0.305583614013451	348	1.15469770015331
"rs2161905"	0.305584808074752	348	1.16539509224739
"rs831673"	0.305632564828016	348	0.766343402624382
"rs854761"	0.305671468994375	348	0.743598319189994
"rs854863"	0.305671468994375	348	0.743598319189994
"rs140766"	0.305701233955787	348	1.28237759701557
"rs392213"	0.305721281541766	348	0.844901034626989
"rs75181"	0.305728242018938	348	1.31948951962415
"rs1557158"	0.305731242259684	348	0.810893679627013
"rs2067660"	0.305734516853083	348	0.768266208070882
"rs944002"	0.305775017798739	348	0.7498032599135
"rs944215"	0.305775017798739	348	0.7498032599135
"rs87900"	0.305795011995766	348	0.76310138953771
"rs1790510"	0.305803584965887	348	1.15463609954628
"rs1690861"	0.305815918068468	348	0.823103065405895
"rs1690864"	0.305815918068468	348	0.823103065405895
"rs1690869"	0.305815918068468	348	0.823103065405895
"rs1690870"	0.305815918068468	348	0.823103065405895
"rs1023309"	0.30586112636805	348	0.823301008492394
"rs2095260"	0.305895283817904	348	0.956906423484624
"rs783376"	0.30593494407576	348	1.12810633200908
"rs1671585"	0.305937607284779	348	0.81651918168974
"rs308312"	0.305956952325626	348	0.801104513504949
"rs308357"	0.305956952325626	348	0.801104513504949
"rs308381"	0.305956952325626	348	0.801104513504949
"rs1951052"	0.306017849172376	348	0.822095459177536
"rs704570"	0.30604131889427	348	0.615119116029554
"rs1609729"	0.3060464571997	348	1.21027553496078
"rs1311689"	0.306062145072463	348	1.26626125673923
"rs1783213"	0.306117830062003	348	1.15307063010373
"rs351137"	0.30613592944357	348	0.824575345607127
"rs2040530"	0.306146172786165	348	0.729082407235467
"rs2012015"	0.306190918896565	348	1.16372082138448
"rs2012018"	0.306190918896565	348	1.16372082138448
"rs2012023"	0.306190918896565	348	1.16372082138448
"rs2012039"	0.306190918896565	348	1.16372082138448
"rs1587222"	0.306197741847356	348	1.75398443271828
"rs861933"	0.306220170232249	348	0.742992890562648
"rs509918"	0.306228919994543	348	1.0949779719492
"rs43389"	0.306311653430395	348	1.18767314802146
"rs1739092"	0.306340793427516	348	0.59243821392231
"rs145640"	0.30635389815141	348	0.88204016246972
"rs1818242"	0.306356067292247	348	1.21369834509199
"rs845786"	0.306402425980683	348	0.752341215616833
"rs730884"	0.306412561810142	348	0.706973488863403
"rs730885"	0.306412561810142	348	0.706973488863403
"rs730909"	0.306412561810142	348	0.706973488863403
"rs730915"	0.306412561810142	348	0.706973488863403
"rs730919"	0.306412561810142	348	0.706973488863403
"rs730930"	0.306412561810142	348	0.706973488863403
"rs731201"	0.306412561810142	348	0.706973488863403
"rs731234"	0.306412561810142	348	0.706973488863403
"rs731303"	0.306412561810142	348	0.706973488863403
"rs731312"	0.306412561810142	348	0.706973488863403
"rs731317"	0.306412561810142	348	0.706973488863403
"rs731318"	0.306412561810142	348	0.706973488863403
"rs731321"	0.306412561810142	348	0.706973488863403
"rs731376"	0.306412561810142	348	0.706973488863403
"rs731456"	0.306412561810142	348	0.706973488863403
"rs731525"	0.306412561810142	348	0.706973488863403
"rs731562"	0.306412561810142	348	0.706973488863403
"rs731582"	0.306412561810142	348	0.706973488863403
"rs731590"	0.306412561810142	348	0.706973488863403
"rs731593"	0.306412561810142	348	0.706973488863403
"rs731610"	0.306412561810142	348	0.706973488863403
"rs731612"	0.306412561810142	348	0.706973488863403
"rs731621"	0.306412561810142	348	0.706973488863403
"rs731687"	0.306412561810142	348	0.706973488863403
"rs731706"	0.306412561810142	348	0.706973488863403
"rs731841"	0.306412561810142	348	0.706973488863403
"rs731857"	0.306412561810142	348	0.706973488863403
"rs731880"	0.306412561810142	348	0.706973488863403
"rs532559"	0.306416683759242	348	1.43640332881369
"rs1120138"	0.306431713086984	348	1.22519009122089
"rs1120157"	0.306431713086984	348	1.22519009122089
"rs836702"	0.306451989161227	348	1.5839499276866
"rs42828"	0.306458017602628	348	0.772202112849468
"rs845155"	0.306507450669674	348	0.918356313336758
"rs2172461"	0.306525344340086	348	1.19487143503226
"rs1128268"	0.306546959808271	348	1.23215559407033
"rs1127490"	0.30654695980828	348	1.23215559407033
"rs330874"	0.306576183113539	348	1.28679360748876
"rs330880"	0.306576183113539	348	1.28679360748876
"rs330850"	0.306576183113641	348	1.28679360748869
"rs1887259"	0.306640805879107	348	0.713358449291149
"rs951193"	0.306644357691315	348	0.787593645604877
"rs2076194"	0.306646622077181	348	0.750732552301839
"rs2076195"	0.306646622077181	348	0.750732552301839
"rs2018189"	0.306656841257895	348	0.825466906280782
"rs2148531"	0.306747687476598	348	0.812799939308284
"rs412595"	0.306756150421257	348	1.31934663889932
"rs2169236"	0.306767612763015	348	1.17729537798965
"rs902485"	0.306797035177162	348	1.21186550516168
"rs1860639"	0.306820431880035	348	0.813692061972254
"rs1370837"	0.306823185137893	348	1.30332887552826
"rs1418625"	0.306851317763114	348	0.777999861909011
"rs845643"	0.306861985678425	348	1.18481324714348
"rs1366787"	0.306868164084643	348	1.27138713111421
"rs277290"	0.306901340092688	348	0.815305076820574
"rs87799"	0.306966391780186	348	0.764434197496258
"rs552595"	0.307040765614587	348	0.792547461025705
"rs225024"	0.30706457968026	348	0.945697344121835
"rs181052"	0.307096084420936	348	0.89733423915986
"rs2217892"	0.307096789819046	348	0.593286013262962
"rs272068"	0.307133014474273	348	0.743600477729203
"rs133905"	0.307175954802197	348	0.904077469782422
"rs2189754"	0.307192751207253	348	0.730785608941181
"rs92990"	0.307201482693496	348	0.644356102354397
"rs515351"	0.30723155230883	348	0.871940279970232
"rs1481324"	0.307233465846089	348	0.771243129633316
"rs855196"	0.307235141899169	348	1.14762696028551
"rs1427467"	0.307236124633129	348	0.803309683346951
"rs83179"	0.307276313498926	348	0.939035804358333
"rs1340178"	0.307290733182115	348	0.845526619274281
"rs1064390"	0.307311641972062	348	1.10138609715322
"rs1318302"	0.307347189893329	348	0.836492084193202
"rs1464359"	0.307399257196742	348	0.913781718696753
"rs81549"	0.307416619647982	348	1.22464172960527
"rs915556"	0.307432102321193	348	1.20307022092195
"rs1876498"	0.307461835199368	348	1.13747336513443
"rs1876499"	0.307461835199368	348	1.13747336513443
"rs577346"	0.307466427564359	348	0.824458072654082
"rs468361"	0.307466825617187	348	1.18210118661545
"rs1655602"	0.307467922168601	348	0.734454561373746
"rs764672"	0.307469080518452	348	0.787054194958525
"rs447970"	0.30751620015559	348	0.921783829702026
"rs1560320"	0.307545084292563	348	0.806372899269732
"rs215968"	0.30760413155609	348	0.663829654440726
"rs129653"	0.307605249163816	348	0.833129307051089
"rs463530"	0.307620935881567	348	0.775890740287955
"rs411320"	0.307635522810417	348	0.880956623186424
"rs411321"	0.307635522810417	348	0.880956623186424
"rs2008691"	0.307711117747033	348	1.16146787318894
"rs628437"	0.307713045071849	348	0.763662398326049
"rs1317545"	0.307742895990659	348	1.18481680425987
"rs2009678"	0.307748111322526	348	1.18535381965946
"rs856989"	0.307754455735092	348	0.82261590801124
"rs1444480"	0.307765450236918	348	1.7586345828017
"rs468028"	0.307772129127497	348	1.26693724913414
"rs1790460"	0.307772955543261	348	1.15182565910726
"rs1790466"	0.307772955543261	348	1.15182565910726
"rs1790469"	0.307772955543261	348	1.15182565910726
"rs1790481"	0.307772955543261	348	1.15182565910726
"rs1790483"	0.307772955543261	348	1.15182565910726
"rs1790498"	0.307772955543261	348	1.15182565910726
"rs1790499"	0.307772955543261	348	1.15182565910726
"rs1790507"	0.307772955543261	348	1.15182565910726
"rs1846711"	0.307781222011714	348	0.788700348847682
"rs1286428"	0.307808942501729	348	0.542780159145398
"rs1286461"	0.307808942501729	348	0.542780159145398
"rs1286755"	0.307808942501729	348	0.542780159145398
"rs1286912"	0.307808942501729	348	0.542780159145398
"rs1583946"	0.30783368528783	348	1.26524389417131
"rs912185"	0.307836929039682	348	1.22753903795882
"rs2164013"	0.307864480804803	348	0.834942001094581
"rs722668"	0.307882967395948	348	1.20199460259608
"rs664299"	0.307900645932269	348	0.738667475070937
"rs951156"	0.307939469383824	348	0.771115944143671
"rs249849"	0.307952679412767	348	0.816487631109981
"rs426753"	0.307963174131518	348	1.21766328314307
"rs426788"	0.307963174131518	348	1.21766328314307
"rs426798"	0.307963174131518	348	1.21766328314307
"rs944906"	0.308010962982458	348	0.798123370465843
"rs1124127"	0.308024543973498	348	0.805598303332268
"rs1790511"	0.308063334020796	348	1.15172628683234
"rs857163"	0.308067824532365	348	0.856936498259771
"rs912141"	0.308076808998762	348	0.76462455451766
"rs912146"	0.308076808998762	348	0.76462455451766
"rs912149"	0.308076808998762	348	0.76462455451766
"rs912152"	0.308076808998762	348	0.76462455451766
"rs912155"	0.308076808998762	348	0.76462455451766
"rs912173"	0.308076808998762	348	0.76462455451766
"rs912188"	0.308076808998762	348	0.76462455451766
"rs1599379"	0.308078747273182	348	1.38019198853547
"rs1618797"	0.308115704246519	348	0.838869150796706
"rs1618798"	0.308115704246519	348	0.838869150796706
"rs303615"	0.308117867152909	348	1.30549103762324
"rs303622"	0.308117867152918	348	1.30549103762323
"rs474648"	0.308155743239108	348	1.30920099403313
"rs1610034"	0.308161828173722	348	0.820989483513221
"rs294391"	0.30819514168752	348	1.08567938860321
"rs326950"	0.308211505016312	348	0.820051365797419
"rs326953"	0.308211505016312	348	0.820051365797419
"rs326959"	0.308211505016312	348	0.820051365797419
"rs416936"	0.308234165774918	348	1.12071306639115
"rs133088"	0.3082684158015	348	1.230763754679
"rs297812"	0.308325928127769	348	1.19575453897666
"rs1698583"	0.308340708522346	348	1.11431673513511
"rs1085280"	0.308351118550005	348	1.19757644734203
"rs1085204"	0.308351118550006	348	1.19757644734203
"rs1905542"	0.308375178617924	348	0.818949190102347
"rs459039"	0.308381603024162	348	1.19155680244396
"rs858895"	0.308442564608514	348	1.06944957998488
"rs1318179"	0.308453064896369	348	1.19411575317288
"rs1318182"	0.308453064896369	348	1.19411575317288
"rs430656"	0.308490731142131	348	0.722298557884953
"rs1679444"	0.308533052970399	348	0.796003805563057
"rs1679447"	0.308533052970428	348	0.79600380556307
"rs574493"	0.308543942639433	348	0.756793084092053
"rs2114142"	0.308567403393642	348	1.22398025076649
"rs802378"	0.308574565133542	348	0.858063581410258
"rs802381"	0.308574565133542	348	0.858063581410258
"rs1534113"	0.308593071123289	348	1.32597669415946
"rs1750767"	0.308600821865302	348	1.14488286329811
"rs1737143"	0.308613989950864	348	1.35011021741356
"rs404678"	0.308621112740663	348	0.813234080133054
"rs1347548"	0.308639109179186	348	1.318641224211
"rs617182"	0.30873492331037	348	1.26150310181947
"rs2091644"	0.308798691229887	348	1.33528367686375
"rs265020"	0.308803806505305	348	1.17515966286207
"rs121482"	0.308868494949231	348	1.72863508356299
"rs2044913"	0.308886179936616	348	1.33856742216908
"rs552674"	0.308923473547927	348	0.802395807020533
"rs510408"	0.308941177988849	348	1.17610574936616
"rs99712"	0.309081002109116	348	1.25956115034607
"rs1153178"	0.309092060899585	348	1.21069227554809
"rs1467359"	0.3091258074381	348	1.28568311829255
"rs1467364"	0.3091258074381	348	1.28568311829255
"rs653472"	0.309184742499653	348	1.38129648381273
"rs813282"	0.309219260553028	348	1.14348063232621
"rs1834629"	0.309223966141236	348	0.838354539924852
"rs127032"	0.309227525972894	348	0.836950919488596
"rs127056"	0.309227525972894	348	0.836950919488596
"rs886924"	0.309257981516006	348	0.685450491075702
"rs1205708"	0.309286653934928	348	0.875848269060474
"rs856787"	0.309326005711679	348	0.822408359556869
"rs2159518"	0.309358367274111	348	1.17911678142774
"rs152196"	0.30937179923373	348	0.792051048734608
"rs1552906"	0.309412732555449	348	0.888444205063847
"rs1391569"	0.309447138876177	348	0.63119022811303
"rs269080"	0.309479360349951	348	0.896824706245867
"rs596902"	0.309517287492554	348	1.09930141663463
"rs2104484"	0.309537221418544	348	1.16427072023547
"rs139361"	0.309554889679679	348	0.594754869327877
"rs1474272"	0.309559851333719	348	1.18594392273269
"rs1288780"	0.30958072745569	348	0.855196445962306
"rs1832862"	0.309621272539721	348	0.726281474347209
"rs335869"	0.309679046012091	348	0.807283888334269
"rs335976"	0.309679046012091	348	0.807283888334269
"rs138744"	0.309682523732336	348	0.594806085689246
"rs128264"	0.309692673528882	348	0.820814290847908
"rs250608"	0.309715795358781	348	0.857498093470178
"rs651576"	0.309756112903029	348	1.50281288806323
"rs2033735"	0.309782077116486	348	1.20361034157577
"rs1937924"	0.309797703032224	348	0.831570491103846
"rs1350650"	0.309825612530875	348	1.20855567209707
"rs1038937"	0.309836198086324	348	0.861461973082589
"rs508798"	0.309865305410566	348	0.756147162023447
"rs1117194"	0.309919928827945	348	0.657803606829885
"rs1825498"	0.30999809046551	348	1.21641312581229
"rs1677912"	0.310050967239336	348	1.50416065280781
"rs601922"	0.310053892409145	348	1.32374526317716
"rs950821"	0.310079199166281	348	0.785345221671845
"rs1780448"	0.310099632481579	348	1.22130140194004
"rs1563237"	0.310119048541133	348	1.19947730713133
"rs1766172"	0.310128079257683	348	0.831732957126132
"rs565869"	0.310149773859097	348	0.890060773447776
"rs396055"	0.310160875638986	348	0.832532303900529
"rs87832"	0.310162552785551	348	0.764780359078672
"rs87890"	0.310162552785551	348	0.764780359078672
"rs87810"	0.310162552785566	348	0.764780359078675
"rs1467441"	0.310214802965107	348	1.28501545864368
"rs1467454"	0.310214802965107	348	1.28501545864368
"rs1938884"	0.310236375290457	348	0.802017955744831
"rs546303"	0.310299455509053	348	1.17574972337599
"rs858892"	0.310325265771339	348	0.941591810576072
"rs2093026"	0.310351011553282	348	0.901449496505294
"rs1964365"	0.310352066117303	348	0.753312312368258
"rs146914"	0.310392006436133	348	0.85250158383689
"rs1617286"	0.310397656946153	348	1.16517466606875
"rs2026208"	0.310449490655579	348	0.765171816668373
"rs1318249"	0.310449651246454	348	1.25346495427489
"rs1318266"	0.310449651246454	348	1.25346495427489
"rs1318323"	0.310449651246454	348	1.25346495427489
"rs2060578"	0.310496578194158	348	1.37292423222766
"rs1802622"	0.310565830409864	348	1.28609103647051
"rs1802628"	0.310565830409864	348	1.28609103647051
"rs261652"	0.31058289740378	348	1.19456005355495
"rs447997"	0.310584131320063	348	0.922201270735474
"rs448303"	0.310584131320063	348	0.922201270735474
"rs1070884"	0.310689015168822	348	1.18134023240428
"rs1175039"	0.310719006539188	348	0.855687467898012
"rs854019"	0.310726175114439	348	0.847788285324737
"rs1754743"	0.310770735890004	348	1.20300366875331
"rs1755398"	0.310770735890004	348	1.20300366875331
"rs1757032"	0.310770735890004	348	1.20300366875331
"rs254831"	0.310773285610444	348	0.864727258008886
"rs1467242"	0.310807291834598	348	1.2306680830424
"rs1467287"	0.310807291834598	348	1.2306680830424
"rs1089651"	0.31082173602069	348	0.821569614170407
"rs1817579"	0.310846567285412	348	1.23388377744996
"rs473452"	0.31086422872755	348	0.882105051163141
"rs341266"	0.310874351907795	348	1.1498371857732
"rs1363569"	0.310896501277885	348	1.11046794248237
"rs2175671"	0.310927149035276	348	0.946743593742904
"rs118665"	0.310937526804812	348	0.877620599926817
"rs1991097"	0.310941353831732	348	0.745514706433024
"rs938270"	0.310975633531383	348	0.746809531744145
"rs484560"	0.310978250530877	348	1.23144886522674
"rs354412"	0.310994409212266	348	1.29261802043537
"rs1769981"	0.31099882325161	348	1.18231923805281
"rs1482204"	0.31100163755056	348	0.841459735418486
"rs1790441"	0.311016135329194	348	1.15214397590078
"rs1159893"	0.31101633340922	348	1.19012354251967
"rs809725"	0.311041452007979	348	1.06590500323138
"rs278823"	0.31105141378521	348	0.861067921845655
"rs395782"	0.311084902174313	348	1.27279686861623
"rs911576"	0.311120002966996	348	1.38753153049934
"rs2099542"	0.31127149622643	348	1.30110541853441
"rs2102303"	0.31127149622643	348	1.30110541853441
"rs2105828"	0.31127149622643	348	1.30110541853441
"rs2113434"	0.31127149622643	348	1.30110541853441
"rs2164116"	0.31127149622643	348	1.30110541853441
"rs2165140"	0.31127149622643	348	1.30110541853441
"rs2166834"	0.31127149622643	348	1.30110541853441
"rs2174729"	0.31127149622643	348	1.30110541853441
"rs2176845"	0.31127149622643	348	1.30110541853441
"rs2177960"	0.31127149622643	348	1.30110541853441
"rs2178071"	0.31127149622643	348	1.30110541853441
"rs2167684"	0.311271496226433	348	1.30110541853441
"rs2166933"	0.311271496226437	348	1.30110541853441
"rs2167008"	0.311271496226437	348	1.30110541853441
"rs2167072"	0.311271496226437	348	1.30110541853441
"rs2167353"	0.311271496226437	348	1.30110541853441
"rs736184"	0.311283708315583	348	1.33876856202821
"rs849404"	0.311299354658215	348	1.16183668527424
"rs849409"	0.311299354658215	348	1.16183668527424
"rs1204170"	0.311327191736642	348	0.876831140380679
"rs1064585"	0.311328834598236	348	1.26243975987808
"rs1720165"	0.311353835125286	348	1.22228175115277
"rs896019"	0.311389584838074	348	0.73359198036928
"rs2033680"	0.311398307405955	348	0.761287436532405
"rs207243"	0.311408464567275	348	1.18689933561958
"rs207249"	0.311408464567275	348	1.18689933561958
"rs353344"	0.311425577100494	348	0.869788464667699
"rs353348"	0.311425577100494	348	0.869788464667699
"rs353350"	0.311425577100494	348	0.869788464667699
"rs1092979"	0.311428468350405	348	0.830835598134328
"rs1093010"	0.311428468350405	348	0.830835598134328
"rs1093016"	0.311428468350405	348	0.830835598134328
"rs1093025"	0.311428468350405	348	0.830835598134328
"rs1093043"	0.311428468350405	348	0.830835598134328
"rs1093052"	0.311428468350405	348	0.830835598134328
"rs1093054"	0.311428468350405	348	0.830835598134328
"rs1093058"	0.311428468350405	348	0.830835598134328
"rs1093061"	0.311428468350405	348	0.830835598134328
"rs1093066"	0.311428468350405	348	0.830835598134328
"rs1093073"	0.311428468350405	348	0.830835598134328
"rs1093082"	0.311428468350405	348	0.830835598134328
"rs1093087"	0.311428468350405	348	0.830835598134328
"rs1672959"	0.311460147529117	348	1.18092214008458
"rs544898"	0.3115266910201	348	0.85135722446623
"rs1929186"	0.311526777106634	348	1.25294789346924
"rs1687714"	0.311528623893165	348	1.20311084920643
"rs209634"	0.311585038279338	348	1.43074228821103
"rs2058082"	0.311588443473359	348	1.18588789337686
"rs802648"	0.31164231619187	348	0.761341207468349
"rs802651"	0.31164231619187	348	0.761341207468349
"rs802657"	0.31164231619187	348	0.761341207468349
"rs803041"	0.31164231619187	348	0.761341207468351
"rs268216"	0.311646597615444	348	1.27330601929224
"rs304446"	0.311650346911056	348	1.13421347176907
"rs942983"	0.3117053735206	348	1.12863747634358
"rs1103773"	0.311761471873801	348	1.21314058592093
"rs1411106"	0.311793660451629	348	0.749907481476021
"rs133140"	0.31183554811916	348	0.773991724265644
"rs2161893"	0.311870718634403	348	1.16312789715962
"rs533136"	0.311901769605715	348	67.0971204083861
"rs532891"	0.311901769610628	348	79.3911398449649
"rs533215"	0.311901769610903	348	1.43126159970166
"rs1798270"	0.311911582663607	348	1.32259786600233
"rs592614"	0.311911995455993	348	1.20871334499449
"rs592632"	0.311911995455993	348	1.20871334499449
"rs592659"	0.311911995455993	348	1.20871334499449
"rs592667"	0.311911995455993	348	1.20871334499449
"rs592668"	0.311911995455993	348	1.20871334499449
"rs592692"	0.311911995455993	348	1.20871334499449
"rs592713"	0.311911995455993	348	1.20871334499449
"rs592716"	0.311911995455993	348	1.20871334499449
"rs592722"	0.311911995455993	348	1.20871334499449
"rs592730"	0.311911995455993	348	1.20871334499449
"rs592752"	0.311911995455993	348	1.20871334499449
"rs858884"	0.311952012956493	348	0.941511452835516
"rs1805285"	0.311982631632407	348	1.28614026047492
"rs973558"	0.311983542163925	348	1.3208167257648
"rs175563"	0.312000675267411	348	0.837608483993857
"rs1756515"	0.312024152913603	348	1.20282533850137
"rs1757943"	0.312024152913603	348	1.20282533850137
"rs937101"	0.312036122368496	348	0.800899638591884
"rs937115"	0.312036122368496	348	0.800899638591884
"rs937116"	0.312036122368496	348	0.800899638591884
"rs937121"	0.312036122368496	348	0.800899638591884
"rs937122"	0.312036122368496	348	0.800899638591884
"rs937356"	0.312036122368496	348	0.800899638591884
"rs1691406"	0.312052265976581	348	0.777381534391305
"rs1124265"	0.312058060259369	348	0.595328158206015
"rs1115377"	0.312081674959984	348	1.19464790715252
"rs1899815"	0.312085881583407	348	1.3997510290205
"rs47932"	0.312100671734904	348	0.829853129021277
"rs1004760"	0.312116723981639	348	1.36099437898578
"rs942568"	0.312140951968718	348	1.34123054004754
"rs942577"	0.312140951968718	348	1.34123054004754
"rs942622"	0.312140951968718	348	1.34123054004754
"rs942625"	0.312140951968718	348	1.34123054004754
"rs942640"	0.312140951968718	348	1.34123054004754
"rs942646"	0.312140951968718	348	1.34123054004754
"rs942667"	0.312140951968718	348	1.34123054004754
"rs942715"	0.312140951968718	348	1.34123054004754
"rs302554"	0.312167632069197	348	1.22727684229387
"rs1697774"	0.312183356000595	348	1.49066662065192
"rs1697783"	0.312183356000595	348	1.49066662065192
"rs1697801"	0.312183356000595	348	1.49066662065192
"rs2033701"	0.312199709637979	348	0.865292159349748
"rs1124604"	0.31220354851778	348	0.596464079905495
"rs1514981"	0.312245723665226	348	0.908553543784374
"rs508331"	0.312260061116819	348	0.786273675905866
"rs1036128"	0.312270649606251	348	1.21973284226292
"rs1859620"	0.312272433317541	348	0.596002484405793
"rs1860309"	0.312272433317541	348	0.596002484405793
"rs393819"	0.312291895503918	348	0.716428603027385
"rs1742167"	0.312317341009256	348	1.38710429824763
"rs35879"	0.312344075074223	348	0.724972693267701
"rs730549"	0.312371780481784	348	0.709898033702711
"rs537327"	0.312443658211458	348	1.29075780693122
"rs2021831"	0.312447515525278	348	0.842818801015097
"rs1083647"	0.312503247207525	348	0.657566914475458
"rs171031"	0.312520163982693	348	1.16821150370434
"rs1963243"	0.31260620889346	348	0.810573206248905
"rs920676"	0.312632971801693	348	0.705932685514384
"rs738223"	0.312635610025174	348	0.847134679209813
"rs277173"	0.312680671966581	348	1.17378255641094
"rs568227"	0.312699593523814	348	0.846032900401252
"rs340167"	0.312703649454692	348	1.21405587350135
"rs837128"	0.31271178940424	348	0.86855334824042
"rs791948"	0.312714528165953	348	0.901557055660501
"rs544874"	0.312723010101029	348	1.22875505661246
"rs544895"	0.312723010101029	348	1.22875505661246
"rs544856"	0.312723010101034	348	1.22875505661246
"rs1559290"	0.312736115023866	348	0.804521835084337
"rs1825328"	0.31274235504957	348	1.2194848848057
"rs233211"	0.312816823967924	348	1.26723896109105
"rs43033"	0.31283091584256	348	1.46018385261777
"rs1316736"	0.312830944734598	348	1.16855096020764
"rs532821"	0.312842098960022	348	1.43024143848688
"rs565841"	0.312869040420765	348	0.887967152346784
"rs693342"	0.312901205986543	348	1.26924228847044
"rs693402"	0.312901205986543	348	1.26924228847044
"rs693411"	0.312901205986543	348	1.26924228847044
"rs693418"	0.312901205986543	348	1.26924228847044
"rs1485968"	0.312919495647772	348	1.24156606991386
"rs140334"	0.312928677740055	348	0.596542918203259
"rs42879"	0.31294903874768	348	1.21754811681712
"rs1817413"	0.31296133121466	348	1.17683857807616
"rs532672"	0.312980295456154	348	1.42436859666376
"rs458264"	0.31305929079623	348	0.845854217845742
"rs1618559"	0.313076443285496	348	1.14282025001109
"rs1618560"	0.313076443285496	348	1.14282025001109
"rs1618561"	0.313076443285496	348	1.14282025001109
"rs304461"	0.313145837914854	348	1.21415331424926
"rs744904"	0.313163204330566	348	0.732275858956358
"rs1426900"	0.313172610313255	348	0.726296501184415
"rs622841"	0.313199888516494	348	0.821345235845251
"rs818434"	0.313258973926121	348	1.17587334634824
"rs1615745"	0.313279352274566	348	0.817159471311292
"rs122267"	0.313279368243054	348	0.659996413250988
"rs122273"	0.313279368243054	348	0.659996413250988
"rs122274"	0.313279368243054	348	0.659996413250988
"rs122279"	0.313279368243054	348	0.659996413250988
"rs122280"	0.313279368243054	348	0.659996413250988
"rs122285"	0.313279368243054	348	0.659996413250988
"rs1813849"	0.313280736220643	348	1.40342437710455
"rs2121399"	0.313290445047038	348	1.17480076986038
"rs2121401"	0.313290445047038	348	1.17480076986038
"rs55541"	0.31329232230481	348	0.806883345404183
"rs1878218"	0.313295206150042	348	1.20481673682445
"rs1944600"	0.313330155969525	348	0.785966597736819
"rs1805209"	0.31339839820383	348	0.71702846187516
"rs72774"	0.313453508828869	348	1.47354700275734
"rs1436763"	0.313469422099702	348	1.2443708445877
"rs1005997"	0.313478326562064	348	0.814431841446516
"rs227231"	0.313538201533024	348	0.767964839580666
"rs322569"	0.313548918406066	348	0.803423921295757
"rs322572"	0.313548918406066	348	0.803423921295757
"rs2175850"	0.313619401034118	348	0.819262601940713
"rs1862296"	0.313623736749155	348	0.766181344906694
"rs352777"	0.313706061903668	348	0.824485706334563
"rs1739280"	0.313726498513568	348	0.59759790751902
"rs1540054"	0.313741334228476	348	0.784197496445674
"rs49988"	0.313776326835673	348	0.80024500064101
"rs967056"	0.313809451209259	348	1.22292247208311
"rs1177063"	0.313818971575548	348	0.86083662239555
"rs1187464"	0.313818971575548	348	0.86083662239555
"rs837161"	0.313832613975478	348	0.876074865081452
"rs837165"	0.313832613975478	348	0.876074865081452
"rs1756744"	0.313838959925578	348	1.19626821469687
"rs1735078"	0.313869368830987	348	1.22082552025157
"rs1813729"	0.313869603976583	348	1.35011466692029
"rs1368194"	0.313911554832315	348	1.26620929215214
"rs822541"	0.313944040576297	348	1.28565317511699
"rs1124373"	0.313987035980774	348	0.597045283654735
"rs785208"	0.314090267633034	348	1.09295336375336
"rs1321905"	0.314092798938073	348	0.85098002094715
"rs1708682"	0.314133061719255	348	1.18269063180163
"rs687972"	0.314206930117729	348	1.31189225841852
"rs172180"	0.314221083506792	348	0.828085203588352
"rs831757"	0.314229041656756	348	0.760175002909199
"rs831787"	0.314229041656756	348	0.760175002909199
"rs831802"	0.314229041656756	348	0.760175002909199
"rs274146"	0.314254280836858	348	0.874200015680041
"rs2009777"	0.314284128365055	348	1.11997592203537
"rs732435"	0.314300591298384	348	0.851849960693708
"rs128207"	0.314309351647023	348	0.846421541171909
"rs1320492"	0.314329133965911	348	0.689508781356126
"rs2176721"	0.314397891946403	348	0.880364411337957
"rs858875"	0.314424562131342	348	0.941637117867071
"rs858879"	0.314424562131342	348	0.941637117867071
"rs1565391"	0.314435506105951	348	1.13397116399165
"rs1955083"	0.314443757752923	348	0.92639763749167
"rs498449"	0.314509882997572	348	1.26745367459132
"rs1151097"	0.314546444844788	348	1.3990972267837
"rs365962"	0.314554745300393	348	1.18502056356179
"rs1264600"	0.314597345111352	348	0.8308903248256
"rs1105323"	0.314601370969312	348	1.3717577482947
"rs1105326"	0.314601370969312	348	1.3717577482947
"rs1780453"	0.31461896983515	348	0.813592279701751
"rs972937"	0.314654398783345	348	0.939720888637589
"rs640348"	0.314669279492855	348	0.843249806891285
"rs113133"	0.314687138680758	348	0.897173242987405
"rs388760"	0.314704196519656	348	0.816202607438094
"rs1653406"	0.314712161539894	348	0.826782379607472
"rs765957"	0.314732684752228	348	0.739808700505367
"rs1158096"	0.314766612411958	348	1.16497704041957
"rs651023"	0.314789176197665	348	1.30812083794749
"rs2118794"	0.314792154990351	348	1.26550776107781
"rs242677"	0.31480533153195	348	1.1791733418258
"rs1757325"	0.314828911262654	348	1.19488786190877
"rs1757470"	0.314828911262654	348	1.19488786190877
"rs1757479"	0.314828911262654	348	1.19488786190877
"rs1757503"	0.314828911262654	348	1.19488786190877
"rs1706611"	0.314833171335511	348	1.19488893290641
"rs323604"	0.314835872271623	348	1.18771648050596
"rs1612651"	0.314859263408242	348	0.847755316986157
"rs1101810"	0.314875726061443	348	1.42827031797167
"rs1064486"	0.314876612677647	348	1.10677859224834
"rs1531180"	0.314942336721644	348	1.20520871218327
"rs1805336"	0.314979693899225	348	1.42877994741476
"rs324149"	0.31500056609716	348	1.34306324572623
"rs1002962"	0.315000842191307	348	1.40659847072029
"rs819008"	0.315027845611766	348	1.17846982221621
"rs819009"	0.315027845611766	348	1.17846982221621
"rs819010"	0.315027845611766	348	1.17846982221621
"rs819012"	0.315027845611766	348	1.17846982221621
"rs1774934"	0.315045254207376	348	0.82503894202875
"rs1774936"	0.315045254207376	348	0.82503894202875
"rs1774943"	0.315045254207376	348	0.82503894202875
"rs1774954"	0.315045254207376	348	0.82503894202875
"rs1159911"	0.315068004471834	348	1.18495040473329
"rs1159917"	0.315068004471834	348	1.18495040473329
"rs990611"	0.315070575411533	348	0.8160389225865
"rs911804"	0.31512527213483	348	1.32733913261287
"rs43410"	0.315125849183958	348	1.23421550087432
"rs1413122"	0.315159843062272	348	0.906541842417735
"rs145840"	0.315160946087099	348	1.10717440768062
"rs930468"	0.315170642301475	348	0.782075262780406
"rs1671777"	0.31517644032511	348	0.802546907119002
"rs81550"	0.315181468261861	348	1.22130039627829
"rs1714039"	0.315193914325946	348	0.816002635626466
"rs1824768"	0.315204906305186	348	1.36562775565461
"rs328723"	0.31521366003741	348	0.833362849954459
"rs1124564"	0.315275824894752	348	0.597813721965122
"rs294727"	0.315280765960556	348	1.89266734742671
"rs1287270"	0.315292537299879	348	0.880066600647182
"rs298358"	0.315313917997732	348	0.790397205061217
"rs2104792"	0.315342038017556	348	1.21846138338971
"rs2104793"	0.315342038017556	348	1.21846138338971
"rs2104797"	0.315342038017556	348	1.21846138338971
"rs2104798"	0.315342038017556	348	1.21846138338971
"rs184792"	0.315369781875344	348	0.784126102230193
"rs566618"	0.315452040425114	348	0.871483165396302
"rs1363441"	0.315459862710225	348	1.27703873331198
"rs87807"	0.315464329270512	348	0.764883267901334
"rs497738"	0.3154697272121	348	0.741694430213655
"rs497741"	0.3154697272121	348	0.741694430213655
"rs497743"	0.3154697272121	348	0.741694430213655
"rs295201"	0.315531703734454	348	1.22332301922672
"rs1361790"	0.315533024387858	348	1.37704835924799
"rs1706622"	0.315557945137067	348	1.1943756965133
"rs1706623"	0.315557945137067	348	1.1943756965133
"rs1820615"	0.315564740027445	348	0.843842456598954
"rs2169389"	0.31556963721932	348	0.71349643170522
"rs460292"	0.315573716454888	348	1.22167733119695
"rs1790497"	0.31564788984799	348	1.15232176290766
"rs1561624"	0.315662960327603	348	1.20823022177599
"rs1823876"	0.315698037079345	348	0.780978585198651
"rs1823877"	0.315698037079345	348	0.780978585198651
"rs1823883"	0.315698037079345	348	0.780978585198651
"rs1823886"	0.315698037079345	348	0.780978585198651
"rs1823888"	0.315698037079345	348	0.780978585198651
"rs1823889"	0.315698037079345	348	0.780978585198651
"rs1823946"	0.315698037079345	348	0.780978585198651
"rs1823948"	0.315698037079345	348	0.780978585198651
"rs1823949"	0.315698037079345	348	0.780978585198651
"rs1823951"	0.315698037079345	348	0.780978585198651
"rs1823964"	0.315698037079345	348	0.780978585198651
"rs1823965"	0.315698037079345	348	0.780978585198651
"rs1823970"	0.315698037079345	348	0.780978585198651
"rs1824004"	0.315698037079345	348	0.780978585198651
"rs1824018"	0.315698037079345	348	0.780978585198651
"rs1824024"	0.315698037079345	348	0.780978585198651
"rs545258"	0.31570352828442	348	0.855933979793558
"rs916720"	0.315708968915227	348	0.691778111986289
"rs916819"	0.315708968915227	348	0.691778111986289
"rs842710"	0.315737737390685	348	1.21274214396337
"rs1893805"	0.315745635615864	348	1.28414646043461
"rs527973"	0.31577150576665	348	0.773755406235902
"rs1070310"	0.315772547408072	348	1.23983500848011
"rs557273"	0.315833052520894	348	1.17936465254387
"rs998076"	0.315846518269969	348	1.1798920826089
"rs1953150"	0.315847549545141	348	1.22214592153092
"rs792160"	0.315887610461531	348	0.901938079148698
"rs2191712"	0.315912340632332	348	1.33963373652147
"rs943869"	0.316028836046496	348	0.772327912106272
"rs943879"	0.316028836046496	348	0.772327912106272
"rs1944535"	0.316036389597505	348	1.35383694743198
"rs84296"	0.316045900030341	348	0.800036735304611
"rs84297"	0.316045900030341	348	0.800036735304611
"rs856871"	0.316048968527036	348	0.828959207391781
"rs808073"	0.316057063268209	348	0.839827015088891
"rs1319232"	0.31610401909099	348	1.2130743099136
"rs784986"	0.316133705933635	348	0.912975431443247
"rs1126185"	0.316139232620673	348	1.38718512997146
"rs896525"	0.316181469264056	348	0.889103459289557
"rs392977"	0.316203374732736	348	1.19969092357409
"rs1591431"	0.316205169497113	348	0.813850883805687
"rs1712020"	0.316223402561815	348	1.21181092311082
"rs1286106"	0.316230406286618	348	0.878642367352923
"rs1286247"	0.316230406286618	348	0.878642367352923
"rs1286526"	0.316230406286618	348	0.878642367352923
"rs1318275"	0.316273850704703	348	0.832134473845354
"rs1318320"	0.316273850704703	348	0.832134473845354
"rs1318515"	0.316273850704722	348	0.832134473845358
"rs648983"	0.316278134760649	348	1.09924239903203
"rs2115880"	0.316321601408885	348	1.29023654976349
"rs485233"	0.316379455668724	348	0.84559540115307
"rs1814647"	0.31640996268591	348	1.21396093018178
"rs123068"	0.31643259441243	348	0.852038566677159
"rs123072"	0.31643259441243	348	0.852038566677159
"rs2003256"	0.316436431364494	348	1.17783355516443
"rs2003274"	0.316436431364496	348	1.17783355516443
"rs2003277"	0.316436431364496	348	1.17783355516443
"rs2003280"	0.316436431364496	348	1.17783355516443
"rs2003282"	0.316436431364496	348	1.17783355516443
"rs2003283"	0.316436431364496	348	1.17783355516443
"rs2003295"	0.316436431364496	348	1.17783355516443
"rs2003303"	0.316436431364496	348	1.17783355516443
"rs1418645"	0.316436796950099	348	1.16644861205935
"rs1363552"	0.31644305478495	348	1.31790455313406
"rs1128803"	0.316477229031056	348	1.23755904653743
"rs942931"	0.316522390977328	348	1.11219785276239
"rs1658492"	0.31652584629515	348	1.24543857792521
"rs1164274"	0.316531122247747	348	1.18804235468339
"rs1164277"	0.316531122247747	348	1.18804235468339
"rs1164283"	0.316531122247747	348	1.18804235468339
"rs1164286"	0.316531122247747	348	1.18804235468339
"rs508352"	0.316637189618027	348	0.476382696034981
"rs1041817"	0.316665506817658	348	0.810057738490315
"rs1644351"	0.316673110926119	348	0.770390951607682
"rs1644477"	0.316673110926119	348	0.770390951607682
"rs1644554"	0.316673110926119	348	0.770390951607682
"rs207135"	0.316673150655305	348	0.726999161104323
"rs1703857"	0.316682341421416	348	1.21339080329507
"rs1704868"	0.316682341421416	348	1.21339080329507
"rs785097"	0.316695300209508	348	1.11478568957356
"rs73773"	0.31670527039038	348	0.784013506441198
"rs1305901"	0.316753024260864	348	0.688669634259256
"rs1286502"	0.316757173837838	348	0.859242058844275
"rs2009638"	0.316778755335387	348	1.16436815426753
"rs465431"	0.316819876875777	348	0.848944985941743
"rs548013"	0.316838654757349	348	1.17878724462629
"rs548038"	0.316838654757349	348	1.17878724462629
"rs303697"	0.31689993177156	348	0.00338526940625133
"rs308652"	0.316899931771613	348	1.63523372519009
"rs309053"	0.316899931771621	348	1.63523372519008
"rs308669"	0.316899931771622	348	1.63523372519008
"rs308845"	0.316899931771622	348	1.63523372519008
"rs309085"	0.316899931771624	348	1.63523372519009
"rs309142"	0.316899931771624	348	1.63523372519009
"rs309149"	0.316899931771624	348	1.63523372519009
"rs309152"	0.316899931771624	348	1.63523372519009
"rs309167"	0.316899931771624	348	1.63523372519009
"rs309171"	0.316899931771624	348	1.63523372519009
"rs309182"	0.316899931771624	348	1.63523372519009
"rs309188"	0.316899931771624	348	1.63523372519009
"rs309200"	0.316899931771624	348	1.63523372519009
"rs309212"	0.316899931771624	348	1.63523372519009
"rs309245"	0.316899931771624	348	1.63523372519009
"rs309251"	0.316899931771624	348	1.63523372519009
"rs309260"	0.316899931771624	348	1.63523372519009
"rs309266"	0.316899931771624	348	1.63523372519009
"rs309280"	0.316899931771624	348	1.63523372519009
"rs309293"	0.316899931771624	348	1.63523372519009
"rs309300"	0.316899931771624	348	1.63523372519009
"rs308817"	0.316899931771632	348	1.63523372519008
"rs308862"	0.316899931771632	348	1.63523372519008
"rs309158"	0.316899931771642	348	1.63523372519005
"rs323866"	0.316899931771707	348	0.00367442913191761
"rs1011421"	0.316899931772454	348	0.0010852052438865
"rs84845"	0.31692390696643	348	1.18250328830989
"rs367463"	0.316942439804482	348	1.23998712558293
"rs367472"	0.316942439804482	348	1.23998712558293
"rs533442"	0.317020874029728	348	1.42400740261257
"rs1782706"	0.317117578283878	348	0.842067516251054
"rs492218"	0.317157098078265	348	1.10034629604282
"rs1609317"	0.317188410058893	348	1.18576441486056
"rs832147"	0.317194776328398	348	0.846236763873293
"rs832177"	0.317194776328398	348	0.846236763873293
"rs832171"	0.317194776328403	348	0.846236763873293
"rs832209"	0.317194776328403	348	0.846236763873293
"rs468878"	0.317218184766173	348	1.18424418791846
"rs1124366"	0.317265079030842	348	0.599936090495814
"rs856806"	0.317265265146056	348	0.841603126995641
"rs1604731"	0.317292234155956	348	0.792487130422537
"rs794718"	0.317294438739675	348	1.19448075712194
"rs794720"	0.317294438739675	348	1.19448075712194
"rs854641"	0.317322287864166	348	0.84707584006171
"rs891819"	0.317325533961083	348	0.851858649980208
"rs912224"	0.317331236623716	348	1.25778039074652
"rs1660245"	0.317332409143333	348	1.37629302011362
"rs1931035"	0.317337866141153	348	1.33019517173886
"rs937073"	0.317378502576855	348	0.676440055010621
"rs42903"	0.317408974145358	348	1.16181141498709
"rs562983"	0.317456582899333	348	1.17385386326913
"rs492072"	0.317458955446544	348	0.906918291099427
"rs492073"	0.317458955446544	348	0.906918291099427
"rs1074476"	0.317485645047543	348	0.798279449851408
"rs1074371"	0.317485645047544	348	0.798279449851408
"rs1074404"	0.317485645047544	348	0.798279449851408
"rs1074431"	0.317485645047544	348	0.798279449851408
"rs1074434"	0.317485645047544	348	0.798279449851408
"rs1074446"	0.317485645047544	348	0.798279449851408
"rs1074482"	0.317485645047544	348	0.798279449851408
"rs1074506"	0.317485645047544	348	0.798279449851408
"rs1074545"	0.317485645047544	348	0.798279449851408
"rs1074596"	0.317485645047544	348	0.798279449851408
"rs1690629"	0.31748730886394	348	1.38290008451636
"rs1742131"	0.31748730886394	348	1.38290008451636
"rs1742136"	0.31748730886394	348	1.38290008451636
"rs1742146"	0.31748730886394	348	1.38290008451636
"rs1742155"	0.31748730886394	348	1.38290008451636
"rs1742191"	0.31748730886394	348	1.38290008451636
"rs1742251"	0.31748730886394	348	1.38290008451636
"rs1742254"	0.31748730886394	348	1.38290008451636
"rs1742260"	0.31748730886394	348	1.38290008451636
"rs1742266"	0.31748730886394	348	1.38290008451636
"rs1742272"	0.31748730886394	348	1.38290008451636
"rs1742275"	0.31748730886394	348	1.38290008451636
"rs1742278"	0.31748730886394	348	1.38290008451636
"rs1742286"	0.31748730886394	348	1.38290008451636
"rs1742290"	0.31748730886394	348	1.38290008451636
"rs942286"	0.31748777058664	348	1.35629431990954
"rs942292"	0.31748777058664	348	1.35629431990954
"rs942307"	0.31748777058664	348	1.35629431990954
"rs942352"	0.31748777058664	348	1.35629431990954
"rs942364"	0.31748777058664	348	1.35629431990954
"rs942403"	0.31748777058664	348	1.35629431990954
"rs942412"	0.31748777058664	348	1.35629431990954
"rs942418"	0.31748777058664	348	1.35629431990954
"rs942433"	0.31748777058664	348	1.35629431990954
"rs1351799"	0.317516172428982	348	1.24422848539493
"rs1668800"	0.317537027656536	348	1.23782566056685
"rs938235"	0.317551184448685	348	0.761114684835199
"rs150761"	0.31760598204386	348	0.82589209087381
"rs2113857"	0.317606721577692	348	0.81161126965881
"rs1159886"	0.317653475159961	348	1.19458381536257
"rs1531873"	0.317677779919358	348	1.36598574619911
"rs2009640"	0.31774424944461	348	1.17123335821119
"rs1598870"	0.317755391750673	348	1.15489441471386
"rs2116624"	0.317775265034573	348	0.78629806474835
"rs815313"	0.317779935319755	348	1.24365012081016
"rs815314"	0.317779935319755	348	1.24365012081016
"rs815316"	0.317779935319755	348	1.24365012081016
"rs815319"	0.317779935319755	348	1.24365012081016
"rs815328"	0.317779935319755	348	1.24365012081016
"rs815390"	0.317779935319755	348	1.24365012081016
"rs815400"	0.317779935319755	348	1.24365012081016
"rs815439"	0.317779935319755	348	1.24365012081016
"rs815445"	0.317779935319755	348	1.24365012081016
"rs815579"	0.317779935319755	348	1.24365012081016
"rs815606"	0.317779935319755	348	1.24365012081016
"rs815614"	0.317779935319755	348	1.24365012081016
"rs815615"	0.317779935319755	348	1.24365012081016
"rs815620"	0.317779935319755	348	1.24365012081016
"rs815298"	0.317779935319756	348	1.24365012081016
"rs815304"	0.317779935319756	348	1.24365012081016
"rs402972"	0.317871381269786	348	0.753500825015221
"rs1981703"	0.317889371740311	348	0.86107272099117
"rs853448"	0.317900609334789	348	1.41720195753774
"rs742120"	0.317912980428212	348	1.16397991058803
"rs1637077"	0.317944471225313	348	1.13863306966046
"rs916756"	0.317956042076616	348	0.721660585990494
"rs1632221"	0.318064392565286	348	0.82126484933448
"rs2008039"	0.318081932608657	348	1.25089590589976
"rs821667"	0.318107812133998	348	0.849271760152826
"rs2213999"	0.31812921150761	348	1.6456479370038
"rs1117509"	0.318134370617647	348	0.848225508890093
"rs1117497"	0.318134370617673	348	0.848225508890102
"rs1117515"	0.318134370617673	348	0.848225508890102
"rs802078"	0.318216073607431	348	0.813551810494029
"rs1997587"	0.31822380498505	348	0.878183088333914
"rs264391"	0.31824767170277	348	1.23359991409153
"rs787993"	0.318259703819564	348	0.825583941743162
"rs1790226"	0.31827061656858	348	1.16004057539752
"rs1803449"	0.318287065138937	348	1.25429258613955
"rs92641"	0.318294397517269	348	0.80759608490135
"rs741951"	0.318393721396547	348	1.15512209319507
"rs742859"	0.318457785963814	348	1.1812720152802
"rs847609"	0.318465531981726	348	1.22042231081645
"rs847651"	0.318465531981726	348	1.22042231081645
"rs1791885"	0.318474401253383	348	0.879199661504684
"rs792220"	0.31850355242054	348	0.902437179122934
"rs942377"	0.318510755589242	348	1.37767719886784
"rs474667"	0.318530720870367	348	1.30222451516318
"rs2073472"	0.318558912092505	348	0.700878609193828
"rs381522"	0.318595215092692	348	1.24137627990616
"rs263004"	0.318681830402247	348	0.86671250757039
"rs1470699"	0.318702217843292	348	1.16604451294043
"rs228241"	0.318702852436838	348	1.18804930983703
"rs2121936"	0.318756507437919	348	1.16785547452307
"rs444909"	0.318787468008741	348	0.833556779502145
"rs688089"	0.318791120302635	348	0.796382933653828
"rs621944"	0.318814828867784	348	1.33626830088728
"rs1681035"	0.318825286018602	348	0.789478314453722
"rs465104"	0.318850674626711	348	0.79686582274486
"rs1317969"	0.318907948803677	348	1.22129995725076
"rs1317971"	0.318907948803677	348	1.22129995725076
"rs938851"	0.318951733025772	348	0.807721180089644
"rs2113613"	0.318963849712234	348	1.22906489519266
"rs1474602"	0.318989792280799	348	1.23024597780569
"rs1351876"	0.318996436738531	348	1.24358318186971
"rs1351882"	0.318996436738531	348	1.24358318186971
"rs819588"	0.319026987056817	348	1.2358373835501
"rs1121002"	0.319065300778883	348	1.32352073745938
"rs46567"	0.319099427249998	348	1.16424332033508
"rs46597"	0.319099427249998	348	1.16424332033508
"rs1318482"	0.31911124122366	348	1.16925823104897
"rs1318485"	0.31911124122366	348	1.16925823104897
"rs841933"	0.319129600849478	348	0.839733569179849
"rs1019583"	0.319177146595319	348	1.4179549136687
"rs1019571"	0.319177146595319	348	1.41795491366869
"rs1019572"	0.319177146595319	348	1.41795491366869
"rs1019579"	0.319177146595319	348	1.41795491366869
"rs659346"	0.319200794189501	348	0.79328740919176
"rs1880395"	0.319240187505294	348	1.17345566151645
"rs631330"	0.319243883106373	348	0.800020107702563
"rs631333"	0.319243883106373	348	0.800020107702563
"rs782692"	0.31929932868148	348	0.745209051554024
"rs782693"	0.31929932868148	348	0.745209051554024
"rs782749"	0.31929932868148	348	0.745209051554024
"rs782796"	0.31929932868148	348	0.745209051554024
"rs782798"	0.31929932868148	348	0.745209051554024
"rs782804"	0.31929932868148	348	0.745209051554024
"rs782814"	0.31929932868148	348	0.745209051554024
"rs782823"	0.31929932868148	348	0.745209051554024
"rs782837"	0.31929932868148	348	0.745209051554024
"rs1324163"	0.31930221190444	348	0.752116901697313
"rs613211"	0.319381709247183	348	1.20207870839026
"rs2164936"	0.319429068870467	348	1.29424967426245
"rs545838"	0.31945964495734	348	1.15856876021473
"rs392461"	0.319470775578694	348	0.792526204706956
"rs2115314"	0.319572397828124	348	1.29380884400562
"rs742214"	0.319585247276106	348	0.797145011213642
"rs304800"	0.319647211138691	348	1.26099847870679
"rs304801"	0.319647211138691	348	1.26099847870679
"rs486115"	0.319666061592366	348	1.26373723385975
"rs486118"	0.319666061592371	348	1.26373723385975
"rs2008092"	0.319678414284377	348	0.533953999544114
"rs340603"	0.319685653695168	348	0.898706744234993
"rs1778323"	0.319732562266179	348	0.82959322969014
"rs1196746"	0.319766789294856	348	0.877526569513888
"rs1123311"	0.319781492472917	348	1.506333726177
"rs485563"	0.319791001793953	348	0.838949901610847
"rs857121"	0.319838260894652	348	1.14565026914449
"rs845075"	0.319871533961872	348	0.944720085655322
"rs84980"	0.319892182070992	348	1.27568696660867
"rs932015"	0.319906768323514	348	0.814466302888293
"rs1108362"	0.31994500514082	348	0.868782291216707
"rs1108363"	0.31994500514082	348	0.868782291216707
"rs1108364"	0.31994500514082	348	0.868782291216707
"rs637196"	0.320068902218695	348	0.7278133458676
"rs622248"	0.320129143053954	348	1.10066231796807
"rs1443595"	0.320137667667034	348	1.22421850626589
"rs791607"	0.320184861621879	348	0.902857018530297
"rs696153"	0.32019279713657	348	0.751701820013703
"rs1700012"	0.320206611067245	348	0.863755012268358
"rs2071931"	0.320217289282588	348	1.25042261223864
"rs1546802"	0.320254996454911	348	1.18503334934356
"rs792708"	0.320285217888478	348	0.904388239659331
"rs450664"	0.320306751014384	348	1.37303809933147
"rs1633869"	0.320317221004897	348	0.82750997366137
"rs1306863"	0.320366534211376	348	1.25792506175542
"rs148904"	0.320369495248123	348	1.07893097889886
"rs1740026"	0.320392505119497	348	1.18407531039556
"rs676350"	0.320408276348419	348	0.600933843779588
"rs321068"	0.320431492883198	348	1.40137345966134
"rs321130"	0.320431492883198	348	1.40137345966134
"rs858228"	0.320469485994603	348	1.18054408311462
"rs620867"	0.320513384534194	348	1.20950277606244
"rs1439562"	0.320528829019919	348	1.22848294278013
"rs1439601"	0.320528829019919	348	1.22848294278013
"rs1418623"	0.32059130307947	348	0.00906241177566737
"rs1418624"	0.32059130307947	348	0.00906241177566737
"rs1004917"	0.320597223335578	348	1.231386825205
"rs1004920"	0.320597223335578	348	1.231386825205
"rs1004921"	0.320597223335578	348	1.231386825205
"rs1004923"	0.320597223335578	348	1.231386825205
"rs1004926"	0.320597223335578	348	1.231386825205
"rs1004941"	0.320597223335578	348	1.231386825205
"rs145792"	0.320611600888442	348	1.10948009175216
"rs918578"	0.320620091250725	348	1.23100260777977
"rs1127930"	0.320620708998895	348	0.857717346873441
"rs764726"	0.320661447127455	348	1.07842045771296
"rs429363"	0.320669394433343	348	0.849516322713888
"rs1052566"	0.320685476712469	348	0.602389263095744
"rs87898"	0.320711661801478	348	0.768765500825201
"rs1136621"	0.320728932433001	348	1.19442317827958
"rs1136656"	0.320728932433001	348	1.19442317827958
"rs1136675"	0.320728932433001	348	1.19442317827958
"rs605666"	0.320734761928486	348	0.720432757357887
"rs524181"	0.32075010319192	348	0.732244261861347
"rs523169"	0.320750103191924	348	0.732244261861346
"rs497432"	0.320794844742364	348	1.10543900077944
"rs1715036"	0.320803213906639	348	1.1892319230988
"rs1715056"	0.320803213906639	348	1.1892319230988
"rs448234"	0.320806665627881	348	0.923199888549526
"rs121415"	0.320820977193311	348	1.26511502693593
"rs1584347"	0.320838668156993	348	0.693470617163717
"rs1584379"	0.320838668156993	348	0.693470617163717
"rs2011520"	0.320838668156993	348	0.693470617163717
"rs574148"	0.320843791878998	348	1.22973227908988
"rs2177871"	0.320872395132168	348	0.888733447756878
"rs1044172"	0.320896182324708	348	0.741667675323061
"rs1767708"	0.320973211332616	348	0.839467155567245
"rs486405"	0.320990303618956	348	0.75181654334471
"rs1797040"	0.320999096877454	348	1.4712934469293
"rs1797041"	0.320999096877454	348	1.4712934469293
"rs1798523"	0.320999096877454	348	1.4712934469293
"rs1842466"	0.320999096877454	348	1.4712934469293
"rs1857040"	0.320999096877454	348	1.4712934469293
"rs1933756"	0.321044032442346	348	1.24926828004682
"rs853174"	0.321064842240241	348	0.841418132505353
"rs853176"	0.321064842240241	348	0.841418132505353
"rs853179"	0.321064842240241	348	0.841418132505353
"rs853181"	0.321064842240241	348	0.841418132505353
"rs853182"	0.321064842240241	348	0.841418132505353
"rs937120"	0.321081881533068	348	0.802904539613988
"rs1479073"	0.321102492289932	348	0.850470304797696
"rs603757"	0.321225107008131	348	0.665153607492597
"rs603790"	0.321225107008141	348	0.6651536074926
"rs603822"	0.321225107008141	348	0.6651536074926
"rs604069"	0.321225107008141	348	0.6651536074926
"rs2174830"	0.321377099082056	348	0.800565943655483
"rs43440"	0.3213833640525	348	1.2255877107809
"rs1372596"	0.321386540064761	348	1.08297783166671
"rs982757"	0.321397619998933	348	1.17602598979662
"rs275077"	0.321433821591606	348	0.868664286712502
"rs1144491"	0.321487359133085	348	0.850661642067567
"rs942484"	0.321492298781021	348	1.37609015313019
"rs942490"	0.321492298781021	348	1.37609015313019
"rs102364"	0.321525167488734	348	0.799777869252229
"rs2006745"	0.321537846677838	348	0.83712075633935
"rs1287378"	0.321548967204914	348	0.909242487663809
"rs1993099"	0.321558023734166	348	0.789692128118656
"rs973297"	0.321604969845345	348	1.23728815331624
"rs1720758"	0.321637259664914	348	1.18374620471639
"rs1617796"	0.321660065876384	348	0.784187891055329
"rs1617799"	0.321660065876384	348	0.784187891055329
"rs1617805"	0.321660065876384	348	0.784187891055329
"rs1617817"	0.321660065876384	348	0.784187891055329
"rs1617822"	0.321660065876384	348	0.784187891055329
"rs81753"	0.321662723250254	348	1.11602890833798
"rs1286766"	0.321663408182075	348	0.873014304573497
"rs849421"	0.32166873303409	348	1.2377196516989
"rs1002295"	0.321707816472332	348	0.708811860866419
"rs2167908"	0.321735723970269	348	0.716560896732233
"rs1906647"	0.3217493361969	348	1.11530168562551
"rs942210"	0.321782286533677	348	1.22298168441588
"rs1978597"	0.321800932170956	348	0.799706516172703
"rs2040520"	0.321824727628802	348	0.953420293323971
"rs1764327"	0.321826238214544	348	0.847753853504643
"rs89843"	0.321837108915141	348	0.952195434283603
"rs2007865"	0.321843524653392	348	0.538167664263891
"rs271468"	0.321863774311292	348	0.751137394951158
"rs1860672"	0.321898309063089	348	0.814309510121467
"rs1561348"	0.321928544498467	348	1.26223975922902
"rs303410"	0.322015287993535	348	0.870633471968003
"rs534965"	0.322024985832968	348	0.81686004355581
"rs1758966"	0.322030931101951	348	1.19389980689226
"rs216028"	0.32203505849892	348	1.1780228930756
"rs1737944"	0.3220369813879	348	1.21476601851653
"rs353945"	0.322047830742588	348	0.819119284602312
"rs1139993"	0.322060003015296	348	1.2762178456689
"rs1364321"	0.322115188506059	348	1.12291996133764
"rs1561376"	0.322184263441534	348	1.05574245347775
"rs1063892"	0.322209792312602	348	1.37182111747376
"rs1863908"	0.322230938414524	348	0.811644886715394
"rs2164577"	0.322242793204703	348	0.891738829989577
"rs552577"	0.322400846741705	348	0.813705920547117
"rs533205"	0.322409346524029	348	1.41633530560979
"rs533208"	0.322409346524029	348	1.41633530560979
"rs533232"	0.322409346524029	348	1.41633530560979
"rs533235"	0.322409346524029	348	1.41633530560979
"rs533250"	0.322409346524029	348	1.41633530560979
"rs533265"	0.322409346524029	348	1.41633530560979
"rs533346"	0.322409346524029	348	1.41633530560979
"rs533370"	0.322409346524029	348	1.41633530560979
"rs533376"	0.322409346524029	348	1.41633530560979
"rs533391"	0.322409346524029	348	1.41633530560979
"rs533409"	0.322409346524029	348	1.41633530560979
"rs566250"	0.322440774888241	348	1.1117970034463
"rs417132"	0.322449617278941	348	1.14415108371253
"rs307230"	0.322469979235203	348	0.812342576028567
"rs1608440"	0.322474198251098	348	1.22269869445089
"rs1936831"	0.322480787079872	348	1.31602778787749
"rs1264570"	0.322491492074627	348	0.940843304020794
"rs447559"	0.322496068286099	348	0.924092413613537
"rs93151"	0.322504325582059	348	1.22807310073831
"rs29883"	0.322524444803447	348	1.38649956331744
"rs29897"	0.322524444803447	348	1.38649956331744
"rs29933"	0.322524444803447	348	1.38649956331744
"rs29983"	0.322524444803447	348	1.38649956331744
"rs30051"	0.322524444803447	348	1.38649956331744
"rs30053"	0.322524444803447	348	1.38649956331744
"rs30054"	0.322524444803447	348	1.38649956331744
"rs30055"	0.322524444803447	348	1.38649956331744
"rs30124"	0.322524444803447	348	1.38649956331744
"rs1790475"	0.322526833667016	348	1.14844340868655
"rs1790482"	0.322526833667016	348	1.14844340868655
"rs1790490"	0.322526833667016	348	1.14844340868655
"rs503343"	0.32256952510508	348	1.19005449819817
"rs353462"	0.322572268663974	348	1.2356698620669
"rs87804"	0.322600784335335	348	0.770365369275011
"rs1169840"	0.322612714914466	348	0.900597259561577
"rs125825"	0.322653177071842	348	1.1634954550926
"rs871177"	0.322670353491409	348	0.862646567874891
"rs2149186"	0.322720254873484	348	1.16863618272913
"rs1080604"	0.322736816113425	348	1.30463212024601
"rs1804686"	0.32276157324329	348	1.39564672047571
"rs1428050"	0.322782423048161	348	0.601824370560466
"rs1572627"	0.322782423048161	348	0.601824370560466
"rs2004294"	0.322782423048161	348	0.601824370560466
"rs423972"	0.322782423048162	348	0.60182437056047
"rs34650"	0.322782423048164	348	0.601824370560474
"rs40470"	0.322782423048164	348	0.601824370560474
"rs54669"	0.322782423048164	348	0.601824370560474
"rs63208"	0.322782423048164	348	0.601824370560474
"rs64008"	0.322782423048164	348	0.601824370560474
"rs64077"	0.322782423048164	348	0.601824370560474
"rs69955"	0.322782423048164	348	0.601824370560474
"rs72425"	0.322782423048164	348	0.601824370560474
"rs77948"	0.322782423048164	348	0.601824370560474
"rs78261"	0.322782423048164	348	0.601824370560474
"rs79700"	0.322782423048164	348	0.601824370560474
"rs85594"	0.322782423048164	348	0.601824370560474
"rs85768"	0.322782423048164	348	0.601824370560474
"rs85789"	0.322782423048164	348	0.601824370560474
"rs86219"	0.322782423048164	348	0.601824370560474
"rs90110"	0.322782423048164	348	0.601824370560474
"rs92977"	0.322782423048164	348	0.601824370560473
"rs93011"	0.322782423048164	348	0.601824370560473
"rs93014"	0.322782423048164	348	0.601824370560473
"rs94718"	0.322782423048164	348	0.601824370560474
"rs95058"	0.322782423048164	348	0.601824370560474
"rs109621"	0.322782423048164	348	0.601824370560474
"rs109914"	0.322782423048164	348	0.601824370560474
"rs126185"	0.322782423048164	348	0.601824370560474
"rs126348"	0.322782423048164	348	0.601824370560474
"rs130983"	0.322782423048164	348	0.601824370560474
"rs130992"	0.322782423048164	348	0.601824370560474
"rs130994"	0.322782423048164	348	0.601824370560474
"rs131001"	0.322782423048164	348	0.601824370560474
"rs131052"	0.322782423048164	348	0.601824370560474
"rs131115"	0.322782423048164	348	0.601824370560474
"rs131208"	0.322782423048164	348	0.601824370560474
"rs131229"	0.322782423048164	348	0.601824370560474
"rs131238"	0.322782423048164	348	0.601824370560474
"rs131381"	0.322782423048164	348	0.601824370560474
"rs131382"	0.322782423048164	348	0.601824370560474
"rs131385"	0.322782423048164	348	0.601824370560474
"rs131469"	0.322782423048164	348	0.601824370560474
"rs131477"	0.322782423048164	348	0.601824370560474
"rs131508"	0.322782423048164	348	0.601824370560474
"rs132081"	0.322782423048164	348	0.601824370560474
"rs132117"	0.322782423048164	348	0.601824370560474
"rs132145"	0.322782423048164	348	0.601824370560474
"rs134924"	0.322782423048164	348	0.601824370560474
"rs135104"	0.322782423048164	348	0.601824370560474
"rs135230"	0.322782423048164	348	0.601824370560474
"rs135236"	0.322782423048164	348	0.601824370560474
"rs135302"	0.322782423048164	348	0.601824370560474
"rs135620"	0.322782423048164	348	0.601824370560474
"rs135623"	0.322782423048164	348	0.601824370560474
"rs135975"	0.322782423048164	348	0.601824370560474
"rs137305"	0.322782423048164	348	0.601824370560474
"rs144780"	0.322782423048164	348	0.601824370560474
"rs144961"	0.322782423048164	348	0.601824370560474
"rs168358"	0.322782423048164	348	0.601824370560474
"rs181566"	0.322782423048164	348	0.601824370560474
"rs193491"	0.322782423048164	348	0.601824370560474
"rs204650"	0.322782423048164	348	0.601824370560474
"rs206342"	0.322782423048164	348	0.601824370560474
"rs262596"	0.322782423048164	348	0.601824370560474
"rs382848"	0.322782423048164	348	0.601824370560474
"rs396645"	0.322782423048164	348	0.601824370560474
"rs404025"	0.322782423048164	348	0.601824370560474
"rs406278"	0.322782423048164	348	0.601824370560474
"rs407399"	0.322782423048164	348	0.601824370560474
"rs407860"	0.322782423048164	348	0.601824370560474
"rs407863"	0.322782423048164	348	0.601824370560474
"rs408266"	0.322782423048164	348	0.601824370560474
"rs408697"	0.322782423048164	348	0.601824370560474
"rs412466"	0.322782423048164	348	0.601824370560474
"rs412482"	0.322782423048164	348	0.601824370560474
"rs412563"	0.322782423048164	348	0.601824370560474
"rs415683"	0.322782423048164	348	0.601824370560474
"rs416607"	0.322782423048164	348	0.601824370560474
"rs418808"	0.322782423048164	348	0.601824370560474
"rs437199"	0.322782423048164	348	0.601824370560474
"rs444126"	0.322782423048164	348	0.601824370560474
"rs483634"	0.322782423048164	348	0.601824370560474
"rs483694"	0.322782423048164	348	0.601824370560474
"rs515232"	0.322782423048164	348	0.601824370560474
"rs550706"	0.322782423048164	348	0.601824370560474
"rs588274"	0.322782423048164	348	0.601824370560474
"rs638329"	0.322782423048164	348	0.601824370560474
"rs653667"	0.322782423048164	348	0.601824370560474
"rs693235"	0.322782423048164	348	0.601824370560474
"rs701915"	0.322782423048164	348	0.601824370560474
"rs818624"	0.322782423048164	348	0.601824370560474
"rs881704"	0.322782423048164	348	0.601824370560474
"rs899174"	0.322782423048164	348	0.601824370560474
"rs957647"	0.322782423048164	348	0.601824370560474
"rs960528"	0.322782423048164	348	0.601824370560474
"rs960547"	0.322782423048164	348	0.601824370560474
"rs962810"	0.322782423048164	348	0.601824370560474
"rs993758"	0.322782423048164	348	0.601824370560474
"rs1040139"	0.322782423048164	348	0.601824370560474
"rs1040511"	0.322782423048164	348	0.601824370560474
"rs1042793"	0.322782423048164	348	0.601824370560474
"rs1045919"	0.322782423048164	348	0.601824370560474
"rs1111785"	0.322782423048164	348	0.601824370560474
"rs1117995"	0.322782423048164	348	0.601824370560474
"rs1118077"	0.322782423048164	348	0.601824370560474
"rs1119024"	0.322782423048164	348	0.601824370560474
"rs1138245"	0.322782423048164	348	0.601824370560474
"rs1138466"	0.322782423048164	348	0.601824370560474
"rs1293349"	0.322782423048164	348	0.601824370560474
"rs1318402"	0.322782423048164	348	0.601824370560474
"rs1339867"	0.322782423048164	348	0.601824370560474
"rs1409525"	0.322782423048164	348	0.601824370560474
"rs1412197"	0.322782423048164	348	0.601824370560474
"rs1414146"	0.322782423048164	348	0.601824370560474
"rs1416269"	0.322782423048164	348	0.601824370560474
"rs1419117"	0.322782423048164	348	0.601824370560474
"rs1419653"	0.322782423048164	348	0.601824370560474
"rs1419761"	0.322782423048164	348	0.601824370560474
"rs1420230"	0.322782423048164	348	0.601824370560474
"rs1420317"	0.322782423048164	348	0.601824370560474
"rs1423452"	0.322782423048164	348	0.601824370560474
"rs1430116"	0.322782423048164	348	0.601824370560474
"rs1476101"	0.322782423048164	348	0.601824370560474
"rs1476422"	0.322782423048164	348	0.601824370560474
"rs1481342"	0.322782423048164	348	0.601824370560474
"rs1481572"	0.322782423048164	348	0.601824370560474
"rs1481921"	0.322782423048164	348	0.601824370560474
"rs1483351"	0.322782423048164	348	0.601824370560474
"rs1483491"	0.322782423048164	348	0.601824370560474
"rs1484620"	0.322782423048164	348	0.601824370560474
"rs1484739"	0.322782423048164	348	0.601824370560474
"rs1486022"	0.322782423048164	348	0.601824370560474
"rs1486685"	0.322782423048164	348	0.601824370560474
"rs1527147"	0.322782423048164	348	0.601824370560474
"rs1528202"	0.322782423048164	348	0.601824370560474
"rs1528336"	0.322782423048164	348	0.601824370560474
"rs1528378"	0.322782423048164	348	0.601824370560474
"rs1530037"	0.322782423048164	348	0.601824370560474
"rs1530919"	0.322782423048164	348	0.601824370560474
"rs1565623"	0.322782423048164	348	0.601824370560474
"rs1566485"	0.322782423048164	348	0.601824370560474
"rs1567078"	0.322782423048164	348	0.601824370560474
"rs1567407"	0.322782423048164	348	0.601824370560474
"rs1567483"	0.322782423048164	348	0.601824370560474
"rs1568668"	0.322782423048164	348	0.601824370560474
"rs1572408"	0.322782423048164	348	0.601824370560474
"rs1573073"	0.322782423048164	348	0.601824370560474
"rs1573478"	0.322782423048164	348	0.601824370560474
"rs1573567"	0.322782423048164	348	0.601824370560474
"rs1574525"	0.322782423048164	348	0.601824370560474
"rs1574732"	0.322782423048164	348	0.601824370560474
"rs1575348"	0.322782423048164	348	0.601824370560474
"rs1577351"	0.322782423048164	348	0.601824370560474
"rs1583081"	0.322782423048164	348	0.601824370560474
"rs1583555"	0.322782423048164	348	0.601824370560474
"rs1583814"	0.322782423048164	348	0.601824370560474
"rs1592335"	0.322782423048164	348	0.601824370560474
"rs1596155"	0.322782423048164	348	0.601824370560474
"rs1617956"	0.322782423048164	348	0.601824370560474
"rs1637483"	0.322782423048164	348	0.601824370560474
"rs1639579"	0.322782423048164	348	0.601824370560474
"rs1641487"	0.322782423048164	348	0.601824370560474
"rs1644822"	0.322782423048164	348	0.601824370560474
"rs1652504"	0.322782423048164	348	0.601824370560474
"rs1652983"	0.322782423048164	348	0.601824370560474
"rs1656036"	0.322782423048164	348	0.601824370560474
"rs1662541"	0.322782423048164	348	0.601824370560474
"rs1664124"	0.322782423048164	348	0.601824370560474
"rs1678583"	0.322782423048164	348	0.601824370560474
"rs1679477"	0.322782423048164	348	0.601824370560466
"rs1679804"	0.322782423048164	348	0.601824370560474
"rs1680540"	0.322782423048164	348	0.601824370560474
"rs1681402"	0.322782423048164	348	0.601824370560474
"rs1688357"	0.322782423048164	348	0.601824370560474
"rs1688885"	0.322782423048164	348	0.601824370560474
"rs1691405"	0.322782423048164	348	0.601824370560474
"rs1691520"	0.322782423048164	348	0.601824370560474
"rs1749615"	0.322782423048164	348	0.601824370560474
"rs1750288"	0.322782423048164	348	0.601824370560474
"rs1750450"	0.322782423048164	348	0.601824370560474
"rs1800474"	0.322782423048164	348	0.601824370560474
"rs1802956"	0.322782423048164	348	0.601824370560474
"rs1804372"	0.322782423048164	348	0.601824370560474
"rs1804623"	0.322782423048164	348	0.601824370560474
"rs1804980"	0.322782423048164	348	0.601824370560474
"rs1818411"	0.322782423048164	348	0.601824370560474
"rs1818628"	0.322782423048164	348	0.601824370560474
"rs1818803"	0.322782423048164	348	0.601824370560474
"rs1819841"	0.322782423048164	348	0.601824370560474
"rs1820910"	0.322782423048164	348	0.601824370560474
"rs1823285"	0.322782423048164	348	0.601824370560474
"rs1829815"	0.322782423048164	348	0.601824370560474
"rs1830269"	0.322782423048164	348	0.601824370560474
"rs1831061"	0.322782423048164	348	0.601824370560474
"rs1831084"	0.322782423048164	348	0.601824370560474
"rs1833216"	0.322782423048164	348	0.601824370560474
"rs1834939"	0.322782423048164	348	0.601824370560474
"rs1852123"	0.322782423048164	348	0.601824370560474
"rs1856044"	0.322782423048164	348	0.601824370560474
"rs1861987"	0.322782423048164	348	0.601824370560474
"rs1875182"	0.322782423048164	348	0.601824370560474
"rs1882147"	0.322782423048164	348	0.601824370560474
"rs1931958"	0.322782423048164	348	0.601824370560474
"rs1932598"	0.322782423048164	348	0.601824370560474
"rs1941707"	0.322782423048164	348	0.601824370560474
"rs1943302"	0.322782423048164	348	0.601824370560474
"rs1944283"	0.322782423048164	348	0.601824370560474
"rs1944284"	0.322782423048164	348	0.601824370560474
"rs1946810"	0.322782423048164	348	0.601824370560474
"rs1946843"	0.322782423048164	348	0.601824370560474
"rs1946926"	0.322782423048164	348	0.601824370560474
"rs1958818"	0.322782423048164	348	0.601824370560474
"rs1960240"	0.322782423048164	348	0.601824370560474
"rs1965007"	0.322782423048164	348	0.601824370560474
"rs1975459"	0.322782423048164	348	0.601824370560474
"rs1977971"	0.322782423048164	348	0.601824370560474
"rs1978610"	0.322782423048164	348	0.601824370560474
"rs1978737"	0.322782423048164	348	0.601824370560474
"rs1980485"	0.322782423048164	348	0.601824370560474
"rs1980625"	0.322782423048164	348	0.601824370560474
"rs1983263"	0.322782423048164	348	0.601824370560474
"rs1997128"	0.322782423048164	348	0.601824370560474
"rs1999108"	0.322782423048164	348	0.601824370560466
"rs1999829"	0.322782423048164	348	0.601824370560466
"rs2037492"	0.322782423048164	348	0.601824370560474
"rs2129106"	0.322782423048164	348	0.601824370560474
"rs2130061"	0.322782423048164	348	0.601824370560474
"rs2134716"	0.322782423048164	348	0.601824370560474
"rs2135732"	0.322782423048164	348	0.601824370560474
"rs2162861"	0.322782423048164	348	0.601824370560474
"rs2163173"	0.322782423048164	348	0.601824370560474
"rs2163175"	0.322782423048164	348	0.601824370560474
"rs2173655"	0.322782423048164	348	0.601824370560474
"rs2173681"	0.322782423048164	348	0.601824370560474
"rs2175996"	0.322782423048164	348	0.601824370560474
"rs2178812"	0.322782423048164	348	0.601824370560474
"rs2182884"	0.322782423048164	348	0.601824370560474
"rs2183429"	0.322782423048164	348	0.601824370560474
"rs2185968"	0.322782423048164	348	0.601824370560474
"rs2207018"	0.322782423048164	348	0.601824370560474
"rs2211033"	0.322782423048164	348	0.601824370560474
"rs2211951"	0.322782423048164	348	0.601824370560474
"rs2212218"	0.322782423048164	348	0.601824370560474
"rs2212835"	0.322782423048164	348	0.601824370560474
"rs2215370"	0.322782423048164	348	0.601824370560474
"rs2215916"	0.322782423048164	348	0.601824370560474
"rs1638385"	0.322782423048165	348	0.601824370560473
"rs2208101"	0.322782423048165	348	0.601824370560473
"rs105565"	0.322782423048165	348	0.601824370560473
"rs105752"	0.322782423048165	348	0.601824370560473
"rs1416014"	0.322782423048165	348	0.601824370560473
"rs1575657"	0.322782423048165	348	0.601824370560473
"rs1668239"	0.322782423048165	348	0.601824370560473
"rs1946825"	0.322782423048166	348	0.601824370560469
"rs1946828"	0.322782423048166	348	0.601824370560469
"rs1946834"	0.322782423048166	348	0.601824370560469
"rs1572495"	0.322782423048166	348	0.601824370560467
"rs1818888"	0.322782423048168	348	0.601824370560473
"rs1119066"	0.32278242304817	348	0.601824370560468
"rs1680842"	0.322784361122625	348	0.814101205306973
"rs911864"	0.322793533867879	348	1.3105857542041
"rs818694"	0.322804838685932	348	1.20475928494816
"rs625537"	0.322810726305433	348	1.39072435298599
"rs752119"	0.322906652546626	348	1.16796097582785
"rs533056"	0.322934304520063	348	1.41945289451374
"rs1708729"	0.322935270148999	348	1.12736224277585
"rs1035855"	0.322984526516923	348	0.860106648198854
"rs1825546"	0.322989364421163	348	1.19239952964741
"rs469203"	0.323007762400865	348	1.42655821679336
"rs469205"	0.323007762400865	348	1.42655821679336
"rs469206"	0.323007762400865	348	1.42655821679336
"rs469211"	0.323007762400865	348	1.42655821679336
"rs469214"	0.323007762400865	348	1.42655821679336
"rs469220"	0.323007762400865	348	1.42655821679336
"rs1932225"	0.323037476604705	348	1.35770973899062
"rs1790568"	0.323040857952069	348	1.15273305624491
"rs44349"	0.323108635189126	348	0.708083873887196
"rs835402"	0.323137008457841	348	1.27320763970733
"rs1415660"	0.323165397357456	348	1.18568658165892
"rs459418"	0.32316876710893	348	0.76594017059082
"rs449654"	0.323176591073423	348	1.37877495371506
"rs181055"	0.323207550960605	348	0.912585429328468
"rs1163296"	0.323332249468408	348	1.16726307287774
"rs1163298"	0.323332249468408	348	1.16726307287774
"rs1163304"	0.323332249468408	348	1.16726307287774
"rs1163310"	0.323332249468408	348	1.16726307287774
"rs50416"	0.323399672496715	348	1.17002627347977
"rs131379"	0.323401616578837	348	0.589154948086882
"rs1359806"	0.323428149298362	348	1.09620171867831
"rs724052"	0.323443965322369	348	0.764285273002845
"rs2130000"	0.323444098267887	348	0.870766105890747
"rs1884249"	0.323471992822377	348	1150.96206306521
"rs863489"	0.32348191591663	348	0.780645331573127
"rs1880793"	0.323487257117968	348	0.831168802806423
"rs283835"	0.323499470804141	348	1.15943616648098
"rs532774"	0.323529236903605	348	1.41932458316487
"rs571454"	0.323566183532334	348	1.26937617543589
"rs532638"	0.323607404806645	348	1.41923792071523
"rs560190"	0.323632278869139	348	1.16659825741984
"rs265206"	0.323636524715693	348	0.853698107078226
"rs622039"	0.323660487911061	348	1.1029012614753
"rs79730"	0.323677908241794	348	0.833286031057902
"rs942935"	0.323679429175756	348	1.1080591773316
"rs1363479"	0.323697989916118	348	1.31364754311951
"rs1395387"	0.323712462682533	348	1.16193546921894
"rs1127029"	0.323713445508574	348	0.827381376868534
"rs1862388"	0.323736842836277	348	1.33317139593162
"rs2118370"	0.32375039595854	348	1.19064055263835
"rs2118376"	0.32375039595854	348	1.19064055263835
"rs980715"	0.323795569830373	348	0.828741869966603
"rs353960"	0.323834505694326	348	1.20316774174236
"rs992704"	0.323858810903785	348	0.805037918538181
"rs648575"	0.323877480822172	348	0.874283623488971
"rs149006"	0.323894949037668	348	0.848194806280386
"rs298339"	0.323897161261857	348	1.16680208723582
"rs776571"	0.323919635780078	348	0.603849210837946
"rs87858"	0.324036406247059	348	0.772361370155217
"rs1889467"	0.324053937828372	348	0.833013934526054
"rs1889490"	0.324053937828372	348	0.833013934526054
"rs1889497"	0.324053937828372	348	0.833013934526054
"rs1889506"	0.324053937828372	348	0.833013934526054
"rs1633757"	0.324081551790188	348	0.765726365869102
"rs268707"	0.324113798075381	348	0.810749847692482
"rs2021700"	0.324131164419998	348	0.859409979687749
"rs791950"	0.324163780770085	348	0.903571969125209
"rs156316"	0.324164754297891	348	0.895083487806166
"rs577442"	0.324257322958423	348	0.810436584001902
"rs1038440"	0.324339013714426	348	1.71488127875091
"rs1329681"	0.324339013714426	348	1.71488127875091
"rs1964450"	0.324386590330781	348	0.866829839828305
"rs1650836"	0.324475546120147	348	0.800648539570597
"rs815100"	0.324485864825228	348	1.25450525607598
"rs815107"	0.324485864825228	348	1.25450525607598
"rs815115"	0.324485864825228	348	1.25450525607598
"rs815127"	0.324485864825228	348	1.25450525607598
"rs494085"	0.324514084055301	348	1.27553948083485
"rs1451252"	0.324538306171042	348	0.841334126029906
"rs1659131"	0.324603939323432	348	0.881072257461675
"rs1737920"	0.32460830747219	348	1.07979673821068
"rs1671333"	0.324641627063923	348	0.80295079310448
"rs2003459"	0.324663582829975	348	1.14064711867335
"rs2110847"	0.32466763980446	348	0.841078824403057
"rs732234"	0.324683242779452	348	0.715790698568431
"rs839033"	0.324699839545033	348	0.774826350139156
"rs1807111"	0.324718124758383	348	0.825740268739331
"rs291016"	0.32476343144637	348	1.13759171126231
"rs291019"	0.32476343144637	348	1.13759171126231
"rs291020"	0.32476343144637	348	1.13759171126231
"rs492852"	0.324764399640744	348	0.733654910792004
"rs439376"	0.324772626197934	348	0.715826782244785
"rs2181282"	0.324816931986108	348	1.13045327688643
"rs392492"	0.324849496661255	348	1.17581619921822
"rs392477"	0.324849496661271	348	1.17581619921821
"rs392483"	0.324849496661271	348	1.17581619921821
"rs575793"	0.324853770202321	348	1.19598472226551
"rs2009651"	0.32486902535495	348	1.18012076221583
"rs1609375"	0.324917524888587	348	1.17997992314434
"rs1609395"	0.324917524888587	348	1.17997992314434
"rs2118301"	0.324932731618018	348	0.87165439447911
"rs1286805"	0.324950869765533	348	0.867028820258787
"rs171683"	0.324984436614535	348	1.16395528240572
"rs902202"	0.32498658561036	348	0.739714775552401
"rs447777"	0.325047643469753	348	0.924336712761224
"rs825693"	0.325075617478234	348	0.756862308917266
"rs1114134"	0.325087898705599	348	1.13526457588249
"rs1756716"	0.325106913271591	348	1.20025429707984
"rs2150467"	0.325121833700214	348	1.1763834794049
"rs1382094"	0.325128636291498	348	0.803289176878426
"rs423966"	0.325129640178089	348	1.41768183222604
"rs1488716"	0.325191422200266	348	1.06019663482683
"rs225146"	0.325197890139507	348	1.17604692140318
"rs2060201"	0.325264449606102	348	0.779466885238076
"rs987532"	0.325279804066993	348	0.783780496147832
"rs987683"	0.325279804066993	348	0.783780496147832
"rs1807570"	0.325282220966007	348	0.738902528463609
"rs641766"	0.325282634179302	348	1.34579599111696
"rs412127"	0.325284405811815	348	1.24777792661699
"rs1906670"	0.325292344259317	348	1.11876950189652
"rs470775"	0.325299140792282	348	0.816629865933121
"rs939049"	0.325321222996236	348	1.28454343502218
"rs474650"	0.325357006610983	348	1.29454025671424
"rs474681"	0.325357006610983	348	1.29454025671424
"rs474708"	0.325357006610983	348	1.29454025671424
"rs307167"	0.325405808989609	348	1.36043323317803
"rs307171"	0.325405808989609	348	1.36043323317803
"rs353340"	0.325422128641457	348	0.87231178310609
"rs2170687"	0.32545122988426	348	1.11116389890994
"rs1103716"	0.325478099979348	348	1.2359116111599
"rs97177"	0.325496089796663	348	1.12068409192058
"rs1863398"	0.325496089796663	348	1.12068409192058
"rs137326"	0.325509138256975	348	1.2010790344357
"rs544304"	0.32555473427569	348	0.804055683723332
"rs544220"	0.325554734275694	348	0.804055683723332
"rs544235"	0.325554734275694	348	0.804055683723332
"rs1621668"	0.325587329872322	348	1.16540442954971
"rs618442"	0.325610089313586	348	1.25245289148022
"rs618458"	0.325610089313586	348	1.25245289148022
"rs824463"	0.325625125877543	348	0.898354648038919
"rs845530"	0.325639719794467	348	1.17158941769645
"rs1814926"	0.32568541225468	348	0.822639207744877
"rs2144634"	0.325705310499547	348	0.839027676555739
"rs1799345"	0.325717637415417	348	1.23303016056077
"rs1691562"	0.325723566910891	348	0.835371984156587
"rs1590293"	0.325748482490949	348	0.795482659756666
"rs645540"	0.325766653021925	348	0.788655424915087
"rs566249"	0.32581726821162	348	1.11885835545446
"rs191352"	0.325837548710008	348	0.768323012821275
"rs1596488"	0.325845646301288	348	1.58403877971626
"rs104095"	0.325885766299652	348	0.675683080973019
"rs1124691"	0.325891233221171	348	0.605746837382205
"rs597264"	0.325898166201952	348	1.17614462587644
"rs597267"	0.325898166201952	348	1.17614462587644
"rs858828"	0.325911098537783	348	1.14810565259534
"rs462797"	0.325937271725438	348	1.31089677535449
"rs629835"	0.325969662913353	348	0.813210411986701
"rs2110931"	0.326018558769925	348	1.18688424849507
"rs2110940"	0.326018558769925	348	1.18688424849507
"rs456281"	0.326041611755838	348	1.3517300649901
"rs565311"	0.326099413068187	348	0.89010012917437
"rs207259"	0.326163232618608	348	1.19027202511354
"rs792163"	0.326178879088411	348	0.903777815835242
"rs152055"	0.326187615123413	348	0.872029982558516
"rs152059"	0.326187615123413	348	0.872029982558516
"rs367568"	0.326196673849082	348	1.24748968497065
"rs228806"	0.326211137997088	348	1.23378166935252
"rs1907285"	0.32623517134453	348	1.14327813680911
"rs262704"	0.326248014529736	348	0.873389321887006
"rs792102"	0.326250751787292	348	0.903789199071726
"rs125660"	0.326312758728177	348	0.935167672512706
"rs942760"	0.326361331250255	348	1.17402053117409
"rs109680"	0.326387959036234	348	1.25885770149951
"rs109681"	0.326387959036234	348	1.25885770149951
"rs109684"	0.326387959036234	348	1.25885770149951
"rs109685"	0.326387959036234	348	1.25885770149951
"rs1784741"	0.326388831063622	348	1.14553989326208
"rs72817"	0.32638977127532	348	1.39928524826129
"rs857859"	0.326391909248352	348	0.847854528954656
"rs531335"	0.326396203544493	348	0.791631412810058
"rs1886629"	0.326427328603299	348	0.591640032099762
"rs1514975"	0.326429984048469	348	0.911874213137262
"rs1514977"	0.326429984048469	348	0.911874213137262
"rs134317"	0.326443079151795	348	0.769908235663017
"rs134325"	0.326443079151795	348	0.769908235663017
"rs11527"	0.326443957647191	348	0.819763185687457
"rs93177"	0.326476908524125	348	1.37863770230486
"rs1739959"	0.326489723308698	348	1.18687376873676
"rs2002816"	0.32654115221829	348	0.826971812005638
"rs1839935"	0.326548421260322	348	0.84980414930938
"rs134491"	0.326559144725337	348	0.860115543849311
"rs134497"	0.326559144725337	348	0.860115543849311
"rs1302717"	0.326576337347736	348	1.19111934455135
"rs354622"	0.326624443180482	348	1.06712616410687
"rs93364"	0.326663915489427	348	0.847177175093163
"rs2072137"	0.326668562974877	348	1.18652212673435
"rs1900064"	0.32676977672024	348	0.838259014364318
"rs1889781"	0.326821981029033	348	1.20214851395923
"rs659614"	0.32683916048953	348	1.2136754052182
"rs1199492"	0.326854549194586	348	0.880193821144031
"rs140042"	0.32690860358171	348	1.38280026614255
"rs982651"	0.326909290256342	348	0.851752127287879
"rs1742927"	0.326924325512681	348	0.825008605775747
"rs1742930"	0.326924325512681	348	0.825008605775747
"rs1742933"	0.326924325512681	348	0.825008605775747
"rs630569"	0.326933490997165	348	1.18117852464762
"rs1570138"	0.326996679569741	348	1.73902989960409
"rs1741224"	0.327012846213376	348	0.826721467754745
"rs236666"	0.327014180332222	348	1.38440644319038
"rs855763"	0.327022682826375	348	1.19912187719511
"rs967121"	0.327025772333744	348	0.755197679124374
"rs1583775"	0.327088701959764	348	0.831440783103813
"rs1983982"	0.327109343238065	348	1.31859543854901
"rs632258"	0.327119343193214	348	0.792904184039971
"rs1888312"	0.327119376649718	348	0.848540859356623
"rs1894608"	0.327124386552124	348	0.491422139069672
"rs1373329"	0.327126289750944	348	0.750096784664427
"rs1130052"	0.327169084647125	348	1.19701834332225
"rs2198641"	0.327180583788366	348	1.19090188403851
"rs1195007"	0.327188167668737	348	0.832932101153336
"rs1195022"	0.327188167668737	348	0.832932101153336
"rs1195028"	0.327188167668737	348	0.832932101153336
"rs389785"	0.327192987016293	348	1.30075327801022
"rs2008338"	0.327203843031843	348	0.536902691979262
"rs1124077"	0.327217949683074	348	0.606977101713034
"rs2118468"	0.32722983799117	348	0.869624338175514
"rs274777"	0.327261056594743	348	0.604583060336174
"rs277589"	0.327261056594743	348	0.604583060336174
"rs280023"	0.327261056594743	348	0.604583060336174
"rs424606"	0.327301738404274	348	1.07244284921787
"rs2045585"	0.327361654097381	348	1.21969457646529
"rs2202769"	0.32737049526352	348	0.595946929592362
"rs2203257"	0.32737049526352	348	0.595946929592362
"rs2203332"	0.32737049526352	348	0.595946929592362
"rs2203422"	0.32737049526352	348	0.595946929592362
"rs95796"	0.32737693412259	348	1.3022081065858
"rs95814"	0.32737693412259	348	1.3022081065858
"rs1562105"	0.327407290243321	348	0.813983875265025
"rs552946"	0.327443136636751	348	1.31689016454335
"rs1531198"	0.327461158938906	348	1.30653110658568
"rs58099"	0.327571802774141	348	0.701571274684309
"rs1754813"	0.327573714353403	348	1.19556246287351
"rs1755221"	0.327573714353403	348	1.19556246287351
"rs1756018"	0.327573714353403	348	1.19556246287351
"rs41402"	0.327575902763007	348	1.26368312050788
"rs418068"	0.327611580893632	348	0.604886819200465
"rs1688065"	0.327611922799327	348	0.725345337025768
"rs1688136"	0.327611922799327	348	0.725345337025768
"rs1688139"	0.327611922799327	348	0.725345337025768
"rs1688160"	0.327611922799327	348	0.725345337025768
"rs1688175"	0.327611922799327	348	0.725345337025768
"rs1688180"	0.327611922799327	348	0.725345337025768
"rs1688193"	0.327611922799327	348	0.725345337025768
"rs1688223"	0.327611922799327	348	0.725345337025768
"rs1688229"	0.327611922799327	348	0.725345337025768
"rs482505"	0.3276180216962	348	0.605112707712773
"rs853430"	0.32764946026808	348	1.41793581736081
"rs857039"	0.327708472311424	348	0.829160132725292
"rs453987"	0.327709774069999	348	1.16288598786937
"rs453991"	0.327709774069999	348	1.16288598786937
"rs2022494"	0.327715263034613	348	0.842523775049151
"rs1459561"	0.32774458126446	348	0.831752558143449
"rs575765"	0.327783246474355	348	1.22378415108911
"rs408045"	0.327836562291734	348	1.25686487865162
"rs408052"	0.327836562291734	348	1.25686487865162
"rs527466"	0.327861705561361	348	1.2358475293293
"rs149321"	0.327866529893928	348	0.659645935551782
"rs447981"	0.327897187559282	348	0.924787842013975
"rs392017"	0.327898663157312	348	0.816149557611034
"rs692955"	0.327908938049147	348	1.28686953548468
"rs692957"	0.327908938049147	348	1.28686953548468
"rs693012"	0.327908938049147	348	1.28686953548468
"rs1964260"	0.327923386813977	348	0.818242034638411
"rs2119958"	0.327950860243752	348	1.1776853764336
"rs2119961"	0.327950860243752	348	1.1776853764336
"rs2119967"	0.327950860243752	348	1.1776853764336
"rs2119974"	0.327950860243752	348	1.1776853764336
"rs2119976"	0.327950860243752	348	1.1776853764336
"rs2119979"	0.327950860243752	348	1.1776853764336
"rs2119981"	0.327950860243752	348	1.1776853764336
"rs2119983"	0.327950860243752	348	1.1776853764336
"rs2119985"	0.327950860243752	348	1.1776853764336
"rs252861"	0.327987890259629	348	0.601710850622019
"rs458904"	0.32801133578992	348	1.1796494340959
"rs1671576"	0.328013257524187	348	0.798543645363799
"rs2059215"	0.328018083900622	348	1.29755537637869
"rs1783756"	0.328024725841722	348	0.864962390522732
"rs1945874"	0.328054644046702	348	1.24996412765805
"rs1637386"	0.328056088033146	348	0.935234587820424
"rs1768528"	0.328122792746082	348	0.833616351865821
"rs491537"	0.328136657797406	348	0.68559289779411
"rs491543"	0.328136657797406	348	0.68559289779411
"rs491545"	0.328136657797406	348	0.68559289779411
"rs491549"	0.328136657797406	348	0.68559289779411
"rs224555"	0.328155277195812	348	1.37710558775116
"rs224582"	0.328155277195812	348	1.37710558775116
"rs943144"	0.328216823071356	348	0.917948292531237
"rs943147"	0.328216823071356	348	0.917948292531237
"rs943157"	0.328216823071356	348	0.917948292531237
"rs943158"	0.328216823071356	348	0.917948292531237
"rs943159"	0.328216823071356	348	0.917948292531237
"rs943160"	0.328216823071356	348	0.917948292531237
"rs943162"	0.328216823071356	348	0.917948292531237
"rs943166"	0.328216823071356	348	0.917948292531237
"rs943168"	0.328216823071356	348	0.917948292531237
"rs943172"	0.328216823071356	348	0.917948292531237
"rs943175"	0.328216823071356	348	0.917948292531237
"rs943196"	0.328216823071356	348	0.917948292531237
"rs911393"	0.328220241520437	348	1.23507704855487
"rs127047"	0.328273723457722	348	0.675803156433234
"rs996801"	0.328322722840184	348	1.37522255378206
"rs996810"	0.328322722840184	348	1.37522255378206
"rs736950"	0.328329442788498	348	0.82803472924688
"rs750050"	0.328378799765909	348	1.05626929175089
"rs1447908"	0.328379723381561	348	1.17765720667023
"rs881616"	0.328441224013957	348	1.25043109958952
"rs1878064"	0.328475818235025	348	0.950787086179983
"rs221120"	0.328488692838181	348	1.42273761627359
"rs671955"	0.32850167403963	348	0.834404380861938
"rs1105230"	0.328519268674605	348	0.605081371946796
"rs1125741"	0.328519268674605	348	0.605081371946796
"rs1125491"	0.328545938710085	348	0.862069424307973
"rs1964163"	0.328586386845188	348	0.850476358955721
"rs338934"	0.328592140387148	348	1.18585753422773
"rs211757"	0.328675330162415	348	1.42341542487931
"rs145243"	0.328735458834119	348	0.87729488716094
"rs22630"	0.328736111599937	348	1.06727581057955
"rs1774053"	0.328763201158603	348	1.29677628935482
"rs1655731"	0.328772634775556	348	0.775801993723752
"rs1390389"	0.328804069054696	348	1.31746806380059
"rs149003"	0.328861634469296	348	0.849832872064914
"rs465723"	0.32888522530374	348	0.825693933029333
"rs1316446"	0.328892763897644	348	1.20140040986992
"rs2013879"	0.328900792170624	348	0.837065866880199
"rs644517"	0.328949459685167	348	0.801104893837142
"rs226475"	0.328954819149772	348	1.0846310028633
"rs2175650"	0.329077056599148	348	1.05648428979848
"rs499834"	0.329162993112212	348	0.826938714494073
"rs499846"	0.329162993112212	348	0.826938714494073
"rs499850"	0.329162993112212	348	0.826938714494073
"rs2059165"	0.32918017897789	348	1.29301664682596
"rs1294006"	0.329213723772144	348	0.754959042470994
"rs534622"	0.329224113168412	348	0.777623955288328
"rs1547383"	0.329230289157951	348	0.827778090657347
"rs1547386"	0.329230289157951	348	0.827778090657347
"rs1547389"	0.329230289157951	348	0.827778090657347
"rs1547398"	0.329230289157951	348	0.827778090657347
"rs1547443"	0.329230289157951	348	0.827778090657347
"rs1547446"	0.329230289157951	348	0.827778090657347
"rs1547461"	0.329230289157951	348	0.827778090657347
"rs1740001"	0.329243225602297	348	1.18409901468695
"rs1740002"	0.329243225602297	348	1.18409901468695
"rs1739816"	0.3292432256023	348	1.18409901468695
"rs325630"	0.329246899127364	348	1.18208662112112
"rs1964990"	0.329290786677912	348	0.772620609663486
"rs42930"	0.329292376725097	348	1.19491601212842
"rs2070456"	0.329303949298162	348	1.20412868302552
"rs956436"	0.329304055609251	348	0.703597616390886
"rs566059"	0.329307899660711	348	0.864874137936673
"rs265128"	0.329308179046543	348	1.1477511272516
"rs2205557"	0.329350293027002	348	0.781405544151935
"rs76011"	0.329359595845346	348	0.858713674880686
"rs2115509"	0.329365930995298	348	1.19470653120714
"rs2115610"	0.329365930995298	348	1.19470653120714
"rs145240"	0.329369185959482	348	0.877410269805529
"rs1739987"	0.329378998002002	348	1.21692394656927
"rs242849"	0.329417936784401	348	1.14372105476254
"rs1626759"	0.329470092844187	348	0.785050499499442
"rs2011735"	0.329470830407796	348	0.791047663608345
"rs1391971"	0.329483787693673	348	0.70851507707952
"rs1124756"	0.329532538602169	348	0.606520480881277
"rs923008"	0.329538145391606	348	1.71316922248273
"rs820526"	0.329551917556237	348	1.18447922616351
"rs476421"	0.329584482076066	348	0.843840154454251
"rs791372"	0.329601077204526	348	1.0534557260209
"rs81109"	0.329651169347518	348	1.17331657200015
"rs889502"	0.329664195302544	348	0.761506717329774
"rs742807"	0.329689572163587	348	1.17037131876829
"rs2037400"	0.329722711027352	348	0.485734816451775
"rs301239"	0.329737993757465	348	0.829134710798137
"rs1371318"	0.329742784243574	348	1.21605120186272
"rs1536979"	0.329778336301857	348	0.858595272347202
"rs812326"	0.329788385624776	348	0.76877788697433
"rs182361"	0.32980370705707	348	0.845299581486958
"rs182367"	0.32980370705707	348	0.845299581486958
"rs182373"	0.32980370705707	348	0.845299581486958
"rs182376"	0.32980370705707	348	0.845299581486958
"rs368784"	0.329824494048942	348	1.17689354168855
"rs1790217"	0.329829520651812	348	1.15569798210984
"rs555263"	0.329837557213779	348	0.793839007186131
"rs816971"	0.32983860645064	348	0.875677533671538
"rs457424"	0.3298532732449	348	0.821161836720404
"rs1488825"	0.329865095352406	348	1.06180273780666
"rs1488826"	0.329865095352406	348	1.06180273780666
"rs662450"	0.329871624046047	348	0.798808979267203
"rs662543"	0.329871624046047	348	0.798808979267203
"rs583548"	0.329910287622784	348	1.17576221571232
"rs583552"	0.329910287622784	348	1.17576221571232
"rs719762"	0.32994692231027	348	1.28337517205855
"rs921274"	0.329962215149821	348	0.706929421330967
"rs615608"	0.329964714529008	348	1.21634349581258
"rs532839"	0.32996838533455	348	1.40798926773354
"rs308498"	0.329984578368832	348	1.6086440572993
"rs1752899"	0.330035716825351	348	1.17828132638333
"rs857995"	0.33004387640341	348	1.15230746946026
"rs702141"	0.330091463085226	348	0.894017269494754
"rs702144"	0.330091463085226	348	0.894017269494754
"rs702145"	0.330091463085226	348	0.894017269494754
"rs702147"	0.330091463085226	348	0.894017269494754
"rs702154"	0.330091463085226	348	0.894017269494754
"rs702155"	0.330091463085226	348	0.894017269494754
"rs702156"	0.330091463085226	348	0.894017269494754
"rs485658"	0.330092618320113	348	0.828239576752238
"rs930472"	0.330111968435869	348	1.25109866471963
"rs2170825"	0.330136178694251	348	0.905391430796611
"rs1737847"	0.330150927944754	348	0.688280443321756
"rs322459"	0.330162091034988	348	1.23203376149211
"rs1071492"	0.330182038207864	348	1.32459548180069
"rs1046267"	0.33022740089559	348	1.2746415057482
"rs2170390"	0.330298692124592	348	1.15356102945222
"rs2057582"	0.330328053380294	348	1.19908412726136
"rs2057592"	0.330328053380294	348	1.19908412726136
"rs224675"	0.330412121836409	348	0.77364179666262
"rs224708"	0.330412121836409	348	0.77364179666262
"rs1668833"	0.330460098854919	348	0.803176352327004
"rs982906"	0.330466256314738	348	1.45820014647025
"rs1296247"	0.330469825334017	348	1.10704907181898
"rs858889"	0.330494416917065	348	0.928910858120325
"rs2001606"	0.33051042153221	348	1.11250602626532
"rs1828364"	0.330524966367137	348	1.5727761096352
"rs906993"	0.330634904507716	348	1.18552789107907
"rs1889533"	0.330660604833914	348	0.773067969092736
"rs1889623"	0.330660604833914	348	0.773067969092736
"rs212769"	0.330682346258444	348	1.33224830963468
"rs2048120"	0.330690893555613	348	0.90852738406109
"rs1826774"	0.330693813068952	348	1.29854906119189
"rs1003508"	0.33070191734514	348	0.844502071066324
"rs1688861"	0.330704709243946	348	0.606567030759339
"rs522470"	0.330735276333883	348	0.926640210547507
"rs322349"	0.330754323595255	348	1.21991661172333
"rs322363"	0.330754323595255	348	1.21991661172333
"rs554650"	0.330784633263791	348	1.28108819141533
"rs2159216"	0.330815202658405	348	1.17043552942349
"rs2213453"	0.330831923611183	348	0.818421414899002
"rs226462"	0.33087419852744	348	0.902047265697835
"rs2016358"	0.330896326516545	348	0.821609961972342
"rs83147"	0.330896606578242	348	0.933349395327001
"rs208785"	0.330897900265272	348	0.766965158550507
"rs208801"	0.330897900265272	348	0.766965158550507
"rs1943401"	0.330945925852547	348	0.822545545789117
"rs1900662"	0.330980964135474	348	1.71169613181496
"rs398342"	0.330985784643149	348	0.829225012526213
"rs1315001"	0.330989693154434	348	0.780882892757161
"rs622544"	0.330997709602945	348	1.10435932663225
"rs1559528"	0.331026889961746	348	1.33691709029643
"rs2106545"	0.331031844009057	348	1.14632046228468
"rs1038949"	0.331042734376439	348	1.39454020473535
"rs1124568"	0.331084350622129	348	0.6068049489131
"rs1716097"	0.331121095739003	348	1.20323692833019
"rs2173547"	0.331181408489211	348	1.15326751240377
"rs858037"	0.331210458542488	348	0.0402721020618076
"rs321271"	0.331217882849182	348	1.28417593996895
"rs598113"	0.331239982816551	348	0.734834741340448
"rs2001633"	0.331277321439342	348	1.11224362580321
"rs405662"	0.331283222608584	348	1.1665999101289
"rs2004741"	0.331350190566039	348	0.717715551565454
"rs211777"	0.331350285238756	348	1.21852293026415
"rs556085"	0.331360475587898	348	0.884716146435137
"rs1758299"	0.33138603155497	348	1.16456463190399
"rs1758305"	0.33138603155497	348	1.16456463190399
"rs146967"	0.331397157280265	348	0.788593361802866
"rs1299322"	0.331423530558768	348	1.20252010108435
"rs1816218"	0.331452450059367	348	1.29251024746216
"rs305932"	0.331458291844055	348	0.797196521191053
"rs473899"	0.33146074245542	348	1.18184774472669
"rs473900"	0.33146074245542	348	1.18184774472669
"rs473905"	0.33146074245542	348	1.18184774472669
"rs1651950"	0.331474562068891	348	1.21368322547004
"rs532551"	0.331507074923592	348	1.41127905958849
"rs533117"	0.331507074923592	348	1.41127905958849
"rs1893519"	0.331519450456659	348	1.19774552257555
"rs302719"	0.331532216923114	348	0.80329374185281
"rs1534237"	0.331533446095426	348	1.21815162451666
"rs543239"	0.331558313556688	348	1.25843136902544
"rs220817"	0.331584732559839	348	1.42123319338868
"rs1672870"	0.331590178916866	348	1.07964571569686
"rs2003293"	0.331595478591117	348	0.841011722306279
"rs351853"	0.331601433128083	348	0.510896528291915
"rs565707"	0.331622508658214	348	0.850744844689797
"rs565710"	0.331622508658214	348	0.850744844689797
"rs565719"	0.331622508658214	348	0.850744844689797
"rs565722"	0.331622508658214	348	0.850744844689797
"rs565725"	0.331622508658214	348	0.850744844689797
"rs565803"	0.331622508658214	348	0.850744844689797
"rs565806"	0.331622508658214	348	0.850744844689797
"rs1296181"	0.331645390031863	348	0.915661487606185
"rs911738"	0.331682667247261	348	1.39969850578853
"rs993809"	0.3317486140593	348	0.835949642924744
"rs523547"	0.331790001098781	348	1.13361542372981
"rs634329"	0.331870681942516	348	0.791591936276344
"rs1320151"	0.331873847250338	348	0.672052023653201
"rs1320153"	0.331873847250338	348	0.672052023653201
"rs1320156"	0.331873847250338	348	0.672052023653201
"rs1388554"	0.331923550605767	348	0.706275529908508
"rs1289032"	0.331951071669179	348	0.835892847916565
"rs749988"	0.331954520183862	348	1.08377105706626
"rs1661362"	0.331965032608154	348	1.20431333711783
"rs915710"	0.331971305848414	348	1.19436709890301
"rs915734"	0.331971305848414	348	1.19436709890301
"rs974077"	0.33206015512784	348	0.784527325962347
"rs552610"	0.332083990349013	348	0.857208540699957
"rs147208"	0.332104942977933	348	1.12225151326611
"rs147269"	0.332104942977933	348	1.12225151326611
"rs147270"	0.332104942977933	348	1.12225151326611
"rs2097052"	0.332135339031639	348	1.21904511232467
"rs1658553"	0.332136928182459	348	0.608619514651466
"rs557147"	0.332188905955515	348	0.607611869414021
"rs1482936"	0.332188905955515	348	0.607611869414021
"rs84051"	0.332286910978111	348	0.84747768332808
"rs84052"	0.332286910978111	348	0.84747768332808
"rs507933"	0.33229213258916	348	1.19838086083796
"rs562170"	0.332302143085524	348	1.14716875918151
"rs562175"	0.332302143085524	348	1.14716875918151
"rs634583"	0.332339719115741	348	1.3466930602754
"rs1373891"	0.332357447360887	348	0.835775800842838
"rs249509"	0.332393721851867	348	1.25439792365236
"rs470030"	0.332400330220745	348	0.759945511408241
"rs1774886"	0.332411740475435	348	1.39252395309918
"rs1774920"	0.332411740475435	348	1.39252395309918
"rs1775026"	0.332411740475435	348	1.39252395309918
"rs2172516"	0.33247375610887	348	1.13328696218016
"rs2074700"	0.332498702545864	348	1.16419139455936
"rs1354901"	0.332599231203285	348	0.699298162384446
"rs812512"	0.332600136650724	348	1.21240539466221
"rs812521"	0.332600136650724	348	1.21240539466221
"rs812701"	0.332600136650724	348	1.21240539466221
"rs1735552"	0.332620305080616	348	1.21095132966297
"rs858243"	0.332623908530051	348	1.1728749956024
"rs1627390"	0.332646762183814	348	0.487979453467434
"rs1124649"	0.332649865509813	348	0.607913316862322
"rs558476"	0.332651865328235	348	1.2774104701051
"rs1662243"	0.332653176910026	348	0.609036985740106
"rs1662246"	0.332653176910026	348	0.609036985740106
"rs286980"	0.332679672800938	348	0.866048209000413
"rs159063"	0.33272527791978	348	0.816426514379353
"rs857156"	0.332741754523843	348	1.17464536665251
"rs869434"	0.332761126857161	348	1.13721907337599
"rs389201"	0.33281441924082	348	0.847745734173444
"rs730057"	0.332824141040613	348	1.22773432517102
"rs1880006"	0.332847623957737	348	1.24526970842214
"rs1880034"	0.332847623957737	348	1.24526970842214
"rs1174356"	0.332847932008571	348	0.865637986958831
"rs1176642"	0.332847932008571	348	0.865637986958831
"rs544361"	0.33286714250231	348	0.771772887503431
"rs1964084"	0.3328891347763	348	1.18240443185227
"rs1055708"	0.332895045864057	348	0.635756441860982
"rs236486"	0.332897679416436	348	1.20799521568912
"rs1393092"	0.332914323627508	348	0.747707846030367
"rs1103707"	0.332982857903431	348	1.25023842109539
"rs1103710"	0.332982857903431	348	1.25023842109539
"rs355891"	0.33299164240317	348	1.2181209834824
"rs532874"	0.333008943356239	348	1.41310165625985
"rs146242"	0.33303009672346	348	0.857067816448736
"rs702978"	0.333030716477879	348	0.79787584290054
"rs532509"	0.333078138481894	348	1.40680388828533
"rs532566"	0.333078138481894	348	1.40680388828533
"rs532596"	0.333078138481894	348	1.40680388828533
"rs532611"	0.333078138481894	348	1.40680388828533
"rs532631"	0.333078138481894	348	1.40680388828533
"rs532653"	0.333078138481894	348	1.40680388828533
"rs532656"	0.333078138481894	348	1.40680388828533
"rs532662"	0.333078138481894	348	1.40680388828533
"rs532713"	0.333078138481894	348	1.40680388828533
"rs532746"	0.333078138481894	348	1.40680388828533
"rs532755"	0.333078138481894	348	1.40680388828533
"rs532758"	0.333078138481894	348	1.40680388828533
"rs532761"	0.333078138481894	348	1.40680388828533
"rs532782"	0.333078138481894	348	1.40680388828533
"rs532788"	0.333078138481894	348	1.40680388828533
"rs532800"	0.333078138481894	348	1.40680388828533
"rs532803"	0.333078138481894	348	1.40680388828533
"rs532830"	0.333078138481894	348	1.40680388828533
"rs532902"	0.333078138481894	348	1.40680388828533
"rs532914"	0.333078138481894	348	1.40680388828533
"rs532916"	0.333078138481894	348	1.40680388828533
"rs532917"	0.333078138481894	348	1.40680388828533
"rs532947"	0.333078138481894	348	1.40680388828533
"rs532998"	0.333078138481894	348	1.40680388828533
"rs533013"	0.333078138481894	348	1.40680388828533
"rs533102"	0.333078138481894	348	1.40680388828533
"rs533115"	0.333078138481894	348	1.40680388828533
"rs533126"	0.333078138481894	348	1.40680388828533
"rs533139"	0.333078138481894	348	1.40680388828533
"rs533142"	0.333078138481894	348	1.40680388828533
"rs533154"	0.333078138481894	348	1.40680388828533
"rs533157"	0.333078138481894	348	1.40680388828533
"rs533169"	0.333078138481894	348	1.40680388828533
"rs533199"	0.333078138481894	348	1.40680388828533
"rs533202"	0.333078138481894	348	1.40680388828533
"rs533244"	0.333078138481894	348	1.40680388828533
"rs533253"	0.333078138481894	348	1.40680388828533
"rs533271"	0.333078138481894	348	1.40680388828533
"rs533292"	0.333078138481894	348	1.40680388828533
"rs533298"	0.333078138481894	348	1.40680388828533
"rs533385"	0.333078138481894	348	1.40680388828533
"rs533406"	0.333078138481894	348	1.40680388828533
"rs533412"	0.333078138481894	348	1.40680388828533
"rs533418"	0.333078138481894	348	1.40680388828533
"rs763355"	0.333143929483428	348	1.08434056799547
"rs580682"	0.333149015294545	348	1.20140799213524
"rs1286598"	0.333177248152836	348	0.881221379144149
"rs72900"	0.333194231470106	348	1.45428874901731
"rs928182"	0.333229213230893	348	1.18870103801518
"rs1954139"	0.333246507876001	348	0.933611094332394
"rs296804"	0.333271482199395	348	0.887694958669015
"rs1297038"	0.333292341186091	348	0.810866040986572
"rs1153796"	0.333301526962921	348	0.774814162627304
"rs1739442"	0.333337158291481	348	1.16228490271624
"rs365170"	0.333351314947067	348	1.2163555948462
"rs333315"	0.333373263319763	348	0.852986589539546
"rs1328970"	0.333391083261068	348	0.848764178769975
"rs1879986"	0.333391372825814	348	1.07134351677042
"rs967597"	0.333431227666066	348	0.79057742814906
"rs2089833"	0.333467103100227	348	1.08430194144068
"rs473380"	0.333512414102559	348	0.923776672191761
"rs1637402"	0.333514705253532	348	0.841234937321163
"rs2093083"	0.33360441637339	348	1.08972151933586
"rs845582"	0.333607424429552	348	1.07033935972612
"rs1366674"	0.333618631338348	348	1.25563218914172
"rs467011"	0.333621789838311	348	1.12962223729644
"rs257927"	0.333635961430868	348	1.31302569737435
"rs341404"	0.333640320072565	348	0.906196533356113
"rs1360121"	0.333647961876694	348	0.89122828844167
"rs1167447"	0.333656789342672	348	1.09504267916604
"rs2047383"	0.333657824734425	348	1.24962579074285
"rs100593"	0.333667124451975	348	0.741889450887297
"rs911700"	0.333726541952964	348	1.39285857626297
"rs304155"	0.333754877368645	348	1.31485347305949
"rs993741"	0.333788130860028	348	1.25029728607661
"rs993794"	0.333788130860028	348	1.25029728607661
"rs993799"	0.333788130860028	348	1.25029728607661
"rs749992"	0.333796976961615	348	1.08338942933444
"rs2077165"	0.333838535155799	348	0.694612355942593
"rs1041315"	0.333854921541633	348	1.33703881357703
"rs1007388"	0.333918508355156	348	1.4878843570034
"rs1006802"	0.33391850835516	348	1.4878843570034
"rs1007138"	0.33391850835516	348	1.4878843570034
"rs845723"	0.333930771672533	348	1.18159946903537
"rs1758377"	0.333931110983448	348	1.19099763381277
"rs43818"	0.333956886057471	348	1.38920281657894
"rs321939"	0.333996789007457	348	1.76863665538033
"rs896524"	0.33400156306697	348	0.893072991902644
"rs447886"	0.334005010223066	348	0.92571947316175
"rs447224"	0.334005010223075	348	0.92571947316175
"rs103281"	0.334020999284365	348	1.19367135887702
"rs695462"	0.334023542727444	348	1.18632317488302
"rs823940"	0.334034415562419	348	0.836985645765361
"rs103710"	0.334088110556096	348	0.816151204192003
"rs1860189"	0.334129445347431	348	0.697066424512747
"rs1860226"	0.334129445347431	348	0.697066424512747
"rs1159470"	0.334132858750651	348	0.867067537720969
"rs1159503"	0.334132858750651	348	0.867067537720969
"rs338292"	0.334152948746183	348	1.29295788146319
"rs338295"	0.334152948746183	348	1.29295788146319
"rs322491"	0.334167000145032	348	0.628502794103352
"rs1961960"	0.334180492103007	348	0.89893452983034
"rs1628267"	0.334184235359031	348	1.16692602164963
"rs1628291"	0.334184235359031	348	1.16692602164963
"rs1615024"	0.334216339135867	348	1.1652453678424
"rs1114011"	0.334303090317148	348	1.06324118733592
"rs1902957"	0.334310990013429	348	1.20950948011413
"rs496672"	0.334392934495082	348	0.782338987045128
"rs1645538"	0.334412456392325	348	0.842937890949225
"rs2158993"	0.334421950367481	348	1.09892296087672
"rs1666391"	0.334479571789859	348	0.759411916943199
"rs134040"	0.334489223281947	348	1.1523564498536
"rs1576365"	0.334492941267227	348	0.608980588159112
"rs620206"	0.334612335016015	348	0.93753533232334
"rs1687860"	0.334613408760269	348	1.29073298697856
"rs463287"	0.334614051176162	348	1.2630544159805
"rs569440"	0.334680011102182	348	0.806171784763507
"rs86113"	0.334685044053082	348	1.42393611220434
"rs1477605"	0.334702861822091	348	1.17035564945603
"rs1406149"	0.334721291176636	348	0.779061788970705
"rs122206"	0.334721298559391	348	1.17063994797481
"rs545991"	0.334732236451321	348	0.928390805726212
"rs496492"	0.334788803174628	348	0.782538966706459
"rs212643"	0.334792276953744	348	0.568923160310792
"rs664622"	0.334792276953744	348	0.568923160310792
"rs766572"	0.334792276953744	348	0.568923160310792
"rs766644"	0.334792276953744	348	0.568923160310792
"rs1952364"	0.334792276953744	348	0.568923160310792
"rs1961595"	0.334792276953751	348	0.568923160310791
"rs701029"	0.334856239546868	348	0.806093237476154
"rs186585"	0.334891648354532	348	0.807652777791702
"rs942125"	0.335004947739134	348	1.38445927095551
"rs1757654"	0.335005644817376	348	1.1910721426713
"rs1708646"	0.335006075038166	348	1.18037010545963
"rs561025"	0.335058053957542	348	0.824704957038677
"rs1102742"	0.335102883062584	348	0.598143059213916
"rs1102745"	0.335102883062584	348	0.598143059213916
"rs1102760"	0.335102883062584	348	0.598143059213916
"rs1102830"	0.335102883062584	348	0.598143059213916
"rs1102931"	0.335102883062584	348	0.598143059213916
"rs1103006"	0.335102883062584	348	0.598143059213916
"rs1103007"	0.335102883062584	348	0.598143059213916
"rs1103012"	0.335102883062584	348	0.598143059213916
"rs1318434"	0.335141900716964	348	0.835084181770131
"rs951330"	0.335167793395365	348	0.779618527792495
"rs724333"	0.335177322357838	348	1.31658880096643
"rs344227"	0.335179925983643	348	1.18023228669761
"rs1807732"	0.335209337189857	348	0.50499303818587
"rs1807746"	0.335209337189857	348	0.50499303818587
"rs2121828"	0.33524066349526	348	1.1048343584653
"rs124314"	0.335281879815072	348	0.876464404055893
"rs578069"	0.335309751274825	348	0.798227937623214
"rs265315"	0.335352538254783	348	1.14104334704869
"rs148753"	0.335367445261634	348	0.843048003815867
"rs1921949"	0.335380193770611	348	0.783456242409584
"rs253112"	0.335490857437127	348	0.810956179245358
"rs48738"	0.33549312480677	348	0.730233072717938
"rs121022"	0.335495087469688	348	0.864876426417634
"rs1106511"	0.33549866835171	348	0.83982608335286
"rs1805022"	0.335557955663278	348	0.610401502715658
"rs1805551"	0.335557955663278	348	0.610401502715658
"rs1805683"	0.335557955663278	348	0.610401502715658
"rs2148248"	0.335589376605993	348	1.15897887370128
"rs26076"	0.335628660658057	348	1.27030796200766
"rs26109"	0.335628660658057	348	1.27030796200766
"rs26112"	0.335628660658058	348	1.27030796200766
"rs26121"	0.335628660658058	348	1.27030796200766
"rs26132"	0.335628660658058	348	1.27030796200766
"rs26133"	0.335628660658058	348	1.27030796200766
"rs26154"	0.335628660658058	348	1.27030796200766
"rs460741"	0.335642567669529	348	1.10214647440946
"rs881041"	0.335644811804578	348	0.804774386696161
"rs861617"	0.335672215993304	348	1.19816743496128
"rs307081"	0.335695839612971	348	0.813843194764659
"rs307245"	0.335695839612971	348	0.813843194764659
"rs1596007"	0.335745662505886	348	0.723733472853506
"rs553015"	0.33577464476687	348	0.835543592951897
"rs1079882"	0.335778414958471	348	1.22773105397335
"rs129590"	0.335794871956233	348	0.865711232656558
"rs704473"	0.33581098924404	348	1.06542812553725
"rs568864"	0.335820157126395	348	1.26302110962508
"rs735879"	0.335843276047556	348	1.21883402673185
"rs845589"	0.335849159501723	348	1.06659317551118
"rs338682"	0.335852521409803	348	1.29503950655662
"rs740617"	0.335931841544817	348	1.16720812535875
"rs740618"	0.335931841544817	348	1.16720812535875
"rs905618"	0.335933555434836	348	0.746743693563912
"rs905638"	0.335933555434836	348	0.746743693563912
"rs191795"	0.335952453494203	348	0.825842813386113
"rs1808896"	0.335954161827222	348	1.43536038576636
"rs129908"	0.336003742582619	348	0.866983916493477
"rs1820425"	0.336014706149209	348	0.782305736504753
"rs1633059"	0.336015922110978	348	0.841077724970543
"rs225431"	0.336023519564652	348	0.897328336502537
"rs1896916"	0.336049098105713	348	1.25935775295612
"rs447401"	0.336067930818297	348	0.926032726689292
"rs2034976"	0.336077043619053	348	1.15439146794223
"rs175611"	0.336087061737813	348	0.837545956586204
"rs2024951"	0.33620817652386	348	1.18641801301386
"rs2024954"	0.33620817652386	348	1.18641801301386
"rs858088"	0.336234136104546	348	1.17893472821666
"rs911692"	0.336278908762168	348	1.39275181044822
"rs1860632"	0.336315609306378	348	0.817062505634398
"rs2009233"	0.336320201839775	348	0.759160337374806
"rs2070191"	0.336342147993978	348	0.774461266486009
"rs1139596"	0.336383924144919	348	1.58136218263719
"rs1715776"	0.33638575099556	348	1.11639742234424
"rs322231"	0.336400757754239	348	1.22956391349284
"rs322362"	0.336400757754239	348	1.22956391349284
"rs1171887"	0.336414856286242	348	1.16913226011722
"rs2001554"	0.336419614461591	348	1.11105237113704
"rs1578155"	0.336472151559153	348	0.612185931594448
"rs1816110"	0.336511855449847	348	1.29096966813728
"rs236243"	0.336533631218513	348	0.842610137851148
"rs654045"	0.336641847603993	348	0.801930048135422
"rs1832289"	0.336645474775574	348	0.830927221951077
"rs216698"	0.336666490571372	348	1.56922777310592
"rs2099140"	0.336723542054421	348	1.16976565244924
"rs1832354"	0.336748737103265	348	0.48786036773319
"rs46447"	0.336753359767893	348	1.15930530466621
"rs1352455"	0.336855606046897	348	1.21106205348354
"rs2004411"	0.336858448215687	348	0.683197483505822
"rs2122720"	0.33685844821569	348	0.683197483505824
"rs856856"	0.336861135558674	348	0.830721954592916
"rs1395314"	0.336879087261778	348	0.867721769384168
"rs322529"	0.336910246881111	348	0.81745488499335
"rs1392519"	0.336961299276815	348	0.690652067414178
"rs1896930"	0.337005532074149	348	0.807079798855974
"rs1286145"	0.337006565667773	348	0.885098113098087
"rs1286307"	0.337006565667773	348	0.885098113098087
"rs1286493"	0.337006565667773	348	0.885098113098087
"rs1286529"	0.337006565667773	348	0.885098113098087
"rs1286586"	0.337006565667773	348	0.885098113098087
"rs1286711"	0.337006565667773	348	0.885098113098087
"rs1286772"	0.337006565667773	348	0.885098113098087
"rs1287266"	0.337006565667773	348	0.885098113098087
"rs1124219"	0.337044605293215	348	0.61092371438903
"rs1907715"	0.337104024194348	348	1.12961484282145
"rs703336"	0.337201655882027	348	0.778734333084078
"rs1637414"	0.337202548739589	348	0.819690081755323
"rs82330"	0.337206193827926	348	1.34438036678103
"rs1896735"	0.337210899635356	348	1.20894995862721
"rs533131"	0.337249553222393	348	1.40047638951306
"rs548024"	0.337259442894302	348	1.19396073657478
"rs548030"	0.337259442894302	348	1.19396073657478
"rs548033"	0.337259442894302	348	1.19396073657478
"rs548042"	0.337259442894302	348	1.19396073657478
"rs466197"	0.337329954015284	348	1.23804702583345
"rs1197535"	0.337343774848352	348	0.881781467410752
"rs631786"	0.337410654110706	348	1.22506593289088
"rs989158"	0.337448410774866	348	1.53758315396982
"rs99844"	0.33748265380823	348	0.787587058518498
"rs815371"	0.337514143165374	348	1.28429829899263
"rs904093"	0.337527260673472	348	1.18133067114378
"rs1466170"	0.337537655627516	348	1.16529289684805
"rs1299432"	0.337545216694637	348	1.2076602911585
"rs1379780"	0.33762183567963	348	1.19490827480915
"rs891023"	0.337633942996685	348	0.612982918597055
"rs217750"	0.337639569778138	348	1.15540337801934
"rs217754"	0.337639569778138	348	1.15540337801934
"rs2024827"	0.337642853308674	348	0.800562698198131
"rs118147"	0.337651546288283	348	1.06224139144082
"rs883691"	0.337729364985338	348	0.849283098768207
"rs1286189"	0.337733701452659	348	0.884915368412992
"rs1286201"	0.337733701452659	348	0.884915368412992
"rs74503"	0.3377658574095	348	0.747460572513052
"rs2024779"	0.33790422357455	348	1.23212180588696
"rs2024795"	0.33790422357455	348	1.23212180588696
"rs342164"	0.337974456375798	348	0.742540459937385
"rs1371351"	0.338003941957501	348	1.21224278046165
"rs163657"	0.33805701336103	348	1.12442143244637
"rs1659127"	0.338070006754517	348	1.23141204609704
"rs93601"	0.33809563497887	348	1.29086790569227
"rs1317733"	0.338186761700157	348	1.3310802406382
"rs1435705"	0.338209365476636	348	0.725398784413482
"rs1436108"	0.338209365476636	348	0.725398784413482
"rs37938"	0.338236918646467	348	0.832583474940808
"rs730845"	0.338256220397578	348	0.724546056106584
"rs730850"	0.338256220397578	348	0.724546056106584
"rs730853"	0.338256220397578	348	0.724546056106584
"rs562500"	0.338261257790946	348	0.81829346235796
"rs562522"	0.338261257790946	348	0.81829346235796
"rs1775149"	0.338263768630605	348	0.831276043366941
"rs2121665"	0.338270715269547	348	0.934783880850622
"rs439079"	0.338324362881873	348	1.18071516413106
"rs134557"	0.338345645969457	348	0.868444036813411
"rs134563"	0.338345645969457	348	0.868444036813411
"rs1735834"	0.33836263272124	348	1.19593794534102
"rs1735835"	0.33836263272124	348	1.19593794534102
"rs1735839"	0.33836263272124	348	1.19593794534102
"rs1264254"	0.338365421298395	348	1.17973494132191
"rs1358362"	0.338386294705327	348	0.891944091913959
"rs1713993"	0.338435542291567	348	0.850420667337772
"rs82334"	0.338436004231435	348	1.17834012167188
"rs2044259"	0.338438057854363	348	1.35939449945192
"rs2044708"	0.338438057854363	348	1.35939449945192
"rs419935"	0.338452574004616	348	0.515294178362679
"rs420021"	0.338452574004616	348	0.515294178362679
"rs1360374"	0.338480335679759	348	1.47239680328012
"rs552839"	0.338493604853619	348	1.10501694753104
"rs552840"	0.338493604853619	348	1.10501694753104
"rs1392878"	0.338515641980266	348	0.749097776002328
"rs307173"	0.338539737880316	348	1.37148303525312
"rs271985"	0.338549161754702	348	0.757862911190276
"rs272002"	0.338549161754702	348	0.757862911190276
"rs272143"	0.338549161754702	348	0.757862911190276
"rs272167"	0.338549161754702	348	0.757862911190276
"rs433343"	0.338556893777835	348	0.747547845087403
"rs783266"	0.338585923136543	348	0.660621149429437
"rs1593808"	0.338638150538492	348	1.25731472179686
"rs226422"	0.338643722974393	348	1.08880083311501
"rs1474634"	0.338648888730623	348	1.21626483964737
"rs1419723"	0.338695534663032	348	0.853070197166382
"rs1318367"	0.338746378293918	348	0.862736887655661
"rs1719672"	0.338780332043985	348	1.19295165691175
"rs1720069"	0.338780332043985	348	1.19295165691175
"rs1720321"	0.338780332043985	348	1.19295165691175
"rs1720329"	0.338780332043985	348	1.19295165691175
"rs1720368"	0.338780332043985	348	1.19295165691175
"rs1720380"	0.338780332043985	348	1.19295165691175
"rs1720399"	0.338780332043985	348	1.19295165691175
"rs1684351"	0.338796903618898	348	0.746824152638393
"rs145273"	0.338798166122827	348	0.891852926195023
"rs677281"	0.338799979163366	348	0.0193890677942111
"rs1099177"	0.338801889329993	348	0.839870274929047
"rs1862187"	0.338811103676044	348	0.674300239476934
"rs951091"	0.338842134965562	348	0.763422698775657
"rs308477"	0.338846039018342	348	1.16153848364258
"rs1315205"	0.338852647270176	348	0.826224904094887
"rs1883419"	0.338853068688155	348	0.84374556676112
"rs1015144"	0.338892148958008	348	0.502262145618741
"rs1015209"	0.338892148958008	348	0.502262145618741
"rs253583"	0.338906158464251	348	0.767463471816644
"rs405449"	0.338908130943641	348	0.7523498037276
"rs405502"	0.338908130943641	348	0.7523498037276
"rs2041649"	0.338908582997736	348	0.676746520015554
"rs1126527"	0.338910172535873	348	0.740437246876815
"rs1126570"	0.338910172535873	348	0.740437246876815
"rs1126612"	0.338910172535873	348	0.740437246876815
"rs1126621"	0.338910172535873	348	0.740437246876815
"rs1126648"	0.338910172535873	348	0.740437246876815
"rs1126663"	0.338910172535873	348	0.740437246876815
"rs1126666"	0.338910172535873	348	0.740437246876815
"rs1126681"	0.338910172535873	348	0.740437246876815
"rs1126684"	0.338910172535873	348	0.740437246876815
"rs1126723"	0.338910172535873	348	0.740437246876815
"rs1126732"	0.338910172535873	348	0.740437246876815
"rs1126747"	0.338910172535873	348	0.740437246876815
"rs1126750"	0.338910172535873	348	0.740437246876815
"rs1126752"	0.338910172535873	348	0.740437246876815
"rs1126762"	0.338910172535873	348	0.740437246876815
"rs1126771"	0.338910172535873	348	0.740437246876815
"rs1126774"	0.338910172535873	348	0.740437246876815
"rs1126777"	0.338910172535873	348	0.740437246876815
"rs1126783"	0.338910172535873	348	0.740437246876815
"rs1126792"	0.338910172535873	348	0.740437246876815
"rs1126819"	0.338910172535873	348	0.740437246876815
"rs1126821"	0.338910172535873	348	0.740437246876815
"rs1126831"	0.338910172535873	348	0.740437246876815
"rs1126834"	0.338910172535873	348	0.740437246876815
"rs1126843"	0.338910172535873	348	0.740437246876815
"rs830624"	0.338925041195126	348	1.2728698810592
"rs1288082"	0.338927117549417	348	0.789480048336073
"rs1710782"	0.338945552785424	348	1.21161056733557
"rs2159156"	0.338954447759105	348	1.16740725999731
"rs580233"	0.338960312844549	348	0.72326152226626
"rs581765"	0.338960312844549	348	0.72326152226626
"rs1548546"	0.339003473137076	348	0.74179902967036
"rs1139340"	0.339024337244975	348	1.30799232777521
"rs1139348"	0.339024337244975	348	1.30799232777521
"rs1139381"	0.339024337244975	348	1.30799232777521
"rs1559530"	0.339053761948006	348	1.1715447286219
"rs1597983"	0.339115001154648	348	0.928654503253474
"rs1195019"	0.339142647466041	348	1.17542891670079
"rs1043911"	0.339172449113105	348	1.3998229288438
"rs1807748"	0.339196563762905	348	0.864022717684001
"rs996592"	0.339217923317601	348	1.36576938479793
"rs503946"	0.339232868165506	348	0.793306666837711
"rs1840065"	0.339233922627551	348	1.14280714686557
"rs1753682"	0.339266807675135	348	0.817373392874296
"rs1169953"	0.339280487644445	348	0.743390074037737
"rs1169973"	0.339280487644445	348	0.743390074037737
"rs1169942"	0.339280487644458	348	0.743390074037744
"rs1884072"	0.339285033236096	348	0.87887895745348
"rs816688"	0.339417076362569	348	0.87311319188329
"rs121312"	0.339433477641194	348	0.863270128809456
"rs121313"	0.339433477641194	348	1.15838596359069
"rs121314"	0.339433477641194	348	1.15838596359069
"rs121321"	0.339433477641194	348	0.863270128809456
"rs121322"	0.339433477641194	348	1.15838596359069
"rs121323"	0.339433477641194	348	0.863270128809456
"rs121327"	0.339433477641194	348	0.863270128809456
"rs575738"	0.339452920514133	348	1.20311548425429
"rs575744"	0.339452920514133	348	1.20311548425429
"rs575746"	0.339452920514133	348	1.20311548425429
"rs298029"	0.339475840011354	348	0.879897493545439
"rs738604"	0.339477292630478	348	1.26425645925572
"rs1322796"	0.339483107429335	348	0.822096212646095
"rs126097"	0.339511453903443	348	0.61685034483206
"rs4887"	0.33954449559706	348	0.752238013640328
"rs328690"	0.339565770722132	348	0.805036697928458
"rs1753220"	0.339594359396686	348	1.14874421736359
"rs709991"	0.339598132073788	348	1.20798832986006
"rs326918"	0.339607317982024	348	0.82031664878129
"rs1117536"	0.339627991312277	348	0.856257602829961
"rs237940"	0.339637791369162	348	0.872080735614504
"rs674422"	0.339642686359398	348	0.826284385841596
"rs305259"	0.339655099053338	348	0.945679760679131
"rs305260"	0.339655099053338	348	0.945679760679131
"rs669758"	0.339686939829378	348	0.787229875405965
"rs669839"	0.339686939829378	348	0.787229875405965
"rs669842"	0.339686939829378	348	0.787229875405965
"rs1897339"	0.339694858161207	348	1.16810467984614
"rs262689"	0.33974727972081	348	0.874297008575201
"rs262749"	0.33974727972081	348	0.874297008575201
"rs262752"	0.33974727972081	348	0.874297008575201
"rs262755"	0.33974727972081	348	0.874297008575201
"rs262758"	0.33974727972081	348	0.874297008575201
"rs262803"	0.33974727972081	348	0.874297008575201
"rs262809"	0.33974727972081	348	0.874297008575201
"rs2158994"	0.339750881159083	348	1.09778342090122
"rs12151"	0.339808566666012	348	1.2264795973519
"rs2112123"	0.339822194897702	348	0.950487078558708
"rs145759"	0.33982327283589	348	1.1498455185926
"rs1565013"	0.339844999774745	348	1.31785804943792
"rs1565292"	0.339844999774745	348	1.31785804943792
"rs1565307"	0.339844999774745	348	1.31785804943792
"rs1395313"	0.339904917064411	348	0.868362707282519
"rs265290"	0.339984550624534	348	0.837527861866459
"rs609848"	0.340023860442836	348	0.841106665348204
"rs1448094"	0.34002917764712	348	0.831620764733076
"rs1938353"	0.340040692987319	348	1.18267292887372
"rs1816422"	0.340058093614898	348	0.808896601816847
"rs1317655"	0.340084777026174	348	1.2606475906308
"rs1817089"	0.340110533836622	348	0.830004237825491
"rs1817091"	0.340110533836622	348	0.830004237825491
"rs1817092"	0.340110533836622	348	0.830004237825491
"rs225792"	0.340136241944439	348	1.20946495056272
"rs225804"	0.340136241944439	348	1.20946495056272
"rs225819"	0.340136241944439	348	1.20946495056272
"rs225837"	0.340136241944439	348	1.20946495056272
"rs225840"	0.340136241944439	348	1.20946495056272
"rs489122"	0.340193475448259	348	0.915042223140817
"rs2070112"	0.340217618560031	348	0.754176560063614
"rs175140"	0.340254040452298	348	1.29933684187885
"rs175170"	0.340254040452298	348	1.29933684187885
"rs175176"	0.340254040452298	348	1.29933684187885
"rs1741845"	0.340272488121486	348	1.47071650023913
"rs104897"	0.340284856729469	348	0.723207256706856
"rs2001553"	0.340305953442431	348	1.11011721955385
"rs113030"	0.34034467514647	348	1.07374498324533
"rs2135366"	0.340364891666452	348	0.890460208651033
"rs1625098"	0.340381250200611	348	1.17697001438488
"rs1485199"	0.340461081439598	348	1.37954248323282
"rs79017"	0.340468107341902	348	0.742447728250475
"rs1739694"	0.340481996677572	348	1.11389235655216
"rs986115"	0.340530142664674	348	0.89479726069191
"rs898606"	0.340532168916284	348	1.24693033245399
"rs1163361"	0.340558449014716	348	1.18288905397287
"rs1163362"	0.340558449014716	348	1.18288905397287
"rs1858090"	0.340572561337887	348	1.3424204849325
"rs650517"	0.340598045270167	348	0.779216628905469
"rs1743134"	0.340605396707474	348	0.80831019966355
"rs802930"	0.340628368628408	348	1.1488124137264
"rs802936"	0.340628368628408	348	1.1488124137264
"rs2094451"	0.340661989073419	348	1.23167293793943
"rs1906650"	0.340676392103685	348	1.11546282031839
"rs1906653"	0.340676392103685	348	1.11546282031839
"rs1906657"	0.340676392103685	348	1.11546282031839
"rs1906658"	0.340676392103685	348	1.11546282031839
"rs1906662"	0.340676392103685	348	1.11546282031839
"rs911646"	0.340679101563182	348	1.38917401605152
"rs911405"	0.340679101563184	348	1.38917401605152
"rs911411"	0.340679101563184	348	1.38917401605152
"rs911429"	0.340679101563184	348	1.38917401605152
"rs911432"	0.340679101563184	348	1.38917401605152
"rs911443"	0.340679101563184	348	1.38917401605152
"rs911492"	0.340679101563184	348	1.38917401605152
"rs1020563"	0.340683534123476	348	0.703703594704548
"rs144244"	0.340693482408765	348	0.876234708020051
"rs1682401"	0.340744218358712	348	1.28034972048182
"rs82692"	0.340769733062369	348	1.21014818127728
"rs1889707"	0.34080280222521	348	0.845457986857032
"rs518633"	0.340965766892643	348	1.24731849371807
"rs448389"	0.340965951746589	348	0.926739203404618
"rs540645"	0.340969649719426	348	0.763947721733134
"rs1708651"	0.340998067975002	348	1.17982536375307
"rs1983833"	0.341000290967473	348	1.26963733369894
"rs147293"	0.341023941417232	348	0.776057831914446
"rs1363532"	0.341028029163356	348	1.30038084575139
"rs601964"	0.341037401348169	348	1.39952868357879
"rs552487"	0.341056041637172	348	0.824094853447936
"rs1353202"	0.341080397967464	348	0.903271696291775
"rs1949384"	0.341091989751101	348	1.30387147776457
"rs129638"	0.341095429724774	348	1.22229918955575
"rs1163046"	0.3411153599758	348	1.15507015603788
"rs418930"	0.34111699881653	348	0.611100395649374
"rs35929"	0.341135217829504	348	0.769419566317137
"rs446372"	0.341140757188171	348	0.857986230759508
"rs552886"	0.341166566510412	348	0.834408535648042
"rs552889"	0.341166566510412	348	0.834408535648042
"rs2009878"	0.341168985417739	348	1.17664154062057
"rs1207632"	0.341176838010613	348	1.05784748235507
"rs337485"	0.341203406094714	348	1.47433985123362
"rs1947184"	0.341231588431531	348	0.858967056443416
"rs1947185"	0.341231588431531	348	0.858967056443416
"rs540168"	0.341261272586604	348	1.25562138393598
"rs217724"	0.341305454710618	348	1.16578508371819
"rs896112"	0.341308398939732	348	1.28566052173081
"rs495723"	0.341416144477691	348	1.0983625876751
"rs671220"	0.341452014805373	348	0.805879817924724
"rs1080409"	0.341472573828266	348	0.783047016693252
"rs1598406"	0.341475933450698	348	1.12916627151381
"rs591276"	0.341476035184693	348	1.26366494141593
"rs475816"	0.341520383585519	348	1.06441476176418
"rs1820431"	0.341534202737226	348	0.733863723927334
"rs1642892"	0.341570793835678	348	0.752749417155388
"rs70848"	0.341587305243381	348	0.847811479696075
"rs561968"	0.34158757229421	348	1.21045990298087
"rs644700"	0.341610967634025	348	1.38690142561203
"rs128267"	0.341682213411751	348	0.870546925224307
"rs811541"	0.341692349394173	348	1.12857951931938
"rs544910"	0.341693302413505	348	0.859529875978692
"rs952286"	0.341702478968677	348	0.732948596095086
"rs475000"	0.341734734093203	348	1.39758035165512
"rs2159046"	0.341737966407514	348	1.16515864282856
"rs2159163"	0.341737966407514	348	1.16515864282856
"rs2159248"	0.341737966407514	348	1.16515864282856
"rs2159260"	0.341737966407514	348	1.16515864282856
"rs2159272"	0.341737966407514	348	1.16515864282856
"rs2159275"	0.341737966407514	348	1.16515864282856
"rs2159380"	0.341737966407514	348	1.16515864282856
"rs2159407"	0.341737966407514	348	1.16515864282856
"rs2159508"	0.341737966407514	348	1.16515864282856
"rs352794"	0.341758237280464	348	1.28986947314595
"rs1483564"	0.341759407690396	348	1.1939621042053
"rs1986812"	0.341806158588904	348	0.615272421226846
"rs1065182"	0.341814395265086	348	1.20968356252108
"rs867837"	0.341828998569808	348	0.884797267086383
"rs881667"	0.341846901298382	348	1.22781571262051
"rs1962291"	0.341881317755372	348	0.932252037970496
"rs390762"	0.341883646232623	348	0.842326738184153
"rs1288963"	0.341894852962438	348	1.17891202774866
"rs298993"	0.341895903952545	348	0.793943536228098
"rs2009239"	0.341929221001828	348	0.659533309384876
"rs2009248"	0.341929221001828	348	0.659533309384876
"rs2009269"	0.341929221001828	348	0.659533309384876
"rs608836"	0.341929221001831	348	0.659533309384876
"rs608839"	0.341929221001831	348	0.659533309384876
"rs2182000"	0.341934885466301	348	0.802470100591577
"rs532851"	0.341997079949708	348	1.39720725841289
"rs872516"	0.342065438678892	348	1.33469695850112
"rs873634"	0.342065438678892	348	1.33469695850112
"rs2167671"	0.342085575584514	348	1.12841769188533
"rs801584"	0.342106188083475	348	0.695550522791328
"rs1743181"	0.342115225177202	348	0.810065285478502
"rs1141221"	0.342130227230438	348	0.739322810108236
"rs1141280"	0.342130227230438	348	0.739322810108236
"rs1862635"	0.342143779549087	348	0.82462755337553
"rs1862638"	0.342143779549087	348	0.82462755337553
"rs1862641"	0.342143779549087	348	0.82462755337553
"rs1288603"	0.34220563315338	348	0.705269333317952
"rs298080"	0.342222690205826	348	0.889619223008952
"rs1825877"	0.342234082159127	348	1.25573103569327
"rs565701"	0.342235688579137	348	0.862081852328805
"rs469901"	0.342239724590696	348	1.2034495914082
"rs1738107"	0.342241310571723	348	0.94334266719362
"rs505989"	0.342251483548633	348	1.25908994332509
"rs2094165"	0.342263359923878	348	0.927671834287434
"rs1802625"	0.342294896971585	348	1.30906875873304
"rs845789"	0.342319855833982	348	0.84450266438964
"rs843815"	0.342368421525446	348	1.19938806995956
"rs1954108"	0.342373420332965	348	0.824282874911765
"rs1667310"	0.342429781169379	348	1.23028472619274
"rs942965"	0.342476135141391	348	1.15989789939017
"rs1854694"	0.342537230555326	348	1.2192526418257
"rs850594"	0.342555886159082	348	1.18364439956073
"rs189839"	0.342561095568863	348	0.827605640511013
"rs956243"	0.3425693436118	348	1.40779321713862
"rs470562"	0.342573170277498	348	0.771989323837562
"rs470568"	0.342573170277498	348	0.771989323837562
"rs1832049"	0.342581737557033	348	0.800057209618472
"rs1317740"	0.342618437521617	348	0.818078977287926
"rs2218136"	0.342655711528969	348	1.25566953306936
"rs648533"	0.342668578582164	348	0.907532572219313
"rs533318"	0.342694000653249	348	1.39901205326196
"rs42833"	0.342706640687495	348	1.16192831939106
"rs1934757"	0.342750987154744	348	0.772462377922247
"rs406317"	0.342771601250135	348	0.822937851094604
"rs1105461"	0.342781706362812	348	1.25772719495501
"rs61123"	0.342818425051259	348	0.801843149621096
"rs61129"	0.342818425051259	348	0.801843149621096
"rs61135"	0.342818425051259	348	0.801843149621096
"rs61159"	0.342818425051259	348	0.801843149621096
"rs61162"	0.342818425051259	348	0.801843149621096
"rs61201"	0.342818425051259	348	0.801843149621096
"rs61204"	0.342818425051259	348	0.801843149621096
"rs61207"	0.342818425051259	348	0.801843149621096
"rs61210"	0.342818425051259	348	0.801843149621096
"rs1205951"	0.342819974155453	348	0.896276954080733
"rs133739"	0.342840484947994	348	0.753475358967624
"rs1826272"	0.342897507221394	348	0.685766707968158
"rs287247"	0.342939648097689	348	1.58165748715048
"rs287301"	0.342939648097689	348	1.58165748715048
"rs27409"	0.342961804982535	348	1.36212422033967
"rs27411"	0.342961804982535	348	1.36212422033967
"rs27412"	0.342961804982535	348	1.36212422033967
"rs27415"	0.342961804982535	348	1.36212422033967
"rs27418"	0.342961804982535	348	1.36212422033967
"rs27421"	0.342961804982535	348	1.36212422033967
"rs1308582"	0.342979175069299	348	1.28080953676966
"rs1662069"	0.342992952245371	348	0.693727822691212
"rs1964778"	0.343069319265888	348	0.86353169155697
"rs622545"	0.343080534404115	348	1.10198358134461
"rs488713"	0.343189409126464	348	0.614360515305283
"rs252769"	0.343218221070351	348	0.794395587884056
"rs490427"	0.34322115210541	348	1.17000668450161
"rs405943"	0.343247037534466	348	0.845578001592893
"rs1162203"	0.343249786309216	348	1.19375506177808
"rs1162218"	0.343249786309216	348	1.19375506177808
"rs1162220"	0.343249786309216	348	1.19375506177808
"rs1907569"	0.343301347041326	348	1.13521096425893
"rs553006"	0.343323905661044	348	0.802507342951447
"rs630834"	0.343340436969346	348	1.15684306007468
"rs1954580"	0.343343836346707	348	0.899133465371238
"rs1714097"	0.343379049410922	348	0.803587331769556
"rs1714101"	0.343379049410922	348	0.803587331769556
"rs1714104"	0.343379049410922	348	0.803587331769556
"rs1533724"	0.343390981887519	348	0.83723752617123
"rs1637425"	0.343393489146431	348	0.864398147337571
"rs2141154"	0.343400969216344	348	1.17148476556202
"rs2141486"	0.343400969216344	348	1.17148476556202
"rs175332"	0.343432303269772	348	1.1620482632019
"rs1197166"	0.343436744150954	348	0.882365264216401
"rs1197439"	0.343436744150954	348	0.882365264216401
"rs744435"	0.343437697007198	348	1.17241271412677
"rs744490"	0.343437697007198	348	1.17241271412677
"rs744492"	0.343437697007198	348	1.17241271412677
"rs744494"	0.343437697007198	348	1.17241271412677
"rs744504"	0.343437697007198	348	1.17241271412677
"rs744516"	0.343437697007198	348	1.17241271412677
"rs744519"	0.343437697007198	348	1.17241271412677
"rs392947"	0.343440051614966	348	1.38005268391369
"rs392950"	0.343440051614966	348	1.38005268391369
"rs1610202"	0.343444634497879	348	1.31715593307435
"rs1610208"	0.343444634497879	348	1.31715593307435
"rs1610225"	0.343444634497879	348	1.31715593307435
"rs1610226"	0.343444634497879	348	1.31715593307435
"rs1610246"	0.343444634497879	348	1.31715593307435
"rs1610247"	0.343444634497879	348	1.31715593307435
"rs1610253"	0.343444634497879	348	1.31715593307435
"rs1610254"	0.343444634497879	348	1.31715593307435
"rs1610255"	0.343444634497879	348	1.31715593307435
"rs1610265"	0.343444634497879	348	1.31715593307435
"rs1610292"	0.343444634497879	348	1.31715593307435
"rs1610303"	0.343444634497879	348	1.31715593307435
"rs1610304"	0.343444634497879	348	1.31715593307435
"rs1610321"	0.343444634497879	348	1.31715593307435
"rs1610326"	0.343444634497879	348	1.31715593307435
"rs1610331"	0.343444634497879	348	1.31715593307435
"rs411885"	0.343463765376594	348	0.902918620434244
"rs1715265"	0.343476314182093	348	1.16978199280353
"rs671577"	0.343487612182325	348	1.16628073090786
"rs843436"	0.343497719445235	348	0.792335321353034
"rs1034618"	0.343506507833666	348	1.37681398864662
"rs1034620"	0.343506507833666	348	1.37681398864662
"rs492071"	0.343511695182192	348	0.913819592228871
"rs301185"	0.343541334686025	348	0.846143685401764
"rs301197"	0.343541334686057	348	0.846143685401773
"rs301203"	0.343541334686057	348	0.846143685401773
"rs1654033"	0.343558069886626	348	1.23259554542725
"rs1976870"	0.343586560347543	348	0.853194116209289
"rs742275"	0.343716841353565	348	0.837986384384925
"rs176648"	0.343744814225506	348	0.838983894205439
"rs208092"	0.343826771111519	348	0.842499097285443
"rs2119384"	0.343838140807226	348	1.19695329155878
"rs1697400"	0.343841832969125	348	0.73774944624201
"rs1887242"	0.343866105612606	348	0.709989320448468
"rs610126"	0.343936519927357	348	0.783621174343047
"rs238468"	0.343965723485157	348	0.850087416360308
"rs1892328"	0.343977867844703	348	1.22117514776735
"rs2002952"	0.343994263882421	348	1.18058337763412
"rs1996258"	0.343999838252756	348	0.673835678323842
"rs698819"	0.343999838252756	348	0.673835678323841
"rs1565469"	0.343999899063302	348	1.12768873530766
"rs2007433"	0.344072381279757	348	0.777780466278493
"rs2007435"	0.344072381279757	348	0.777780466278493
"rs2007445"	0.344072381279757	348	0.777780466278493
"rs1855871"	0.344081404964094	348	1.18637713256064
"rs1206468"	0.344156011690478	348	0.898130402708005
"rs1877874"	0.344163698297739	348	1.08329787214568
"rs2045652"	0.344185634280193	348	1.16381429609616
"rs2045653"	0.344185634280193	348	1.16381429609616
"rs2045733"	0.344185634280193	348	1.16381429609616
"rs7437"	0.344206122232216	348	0.736368663762042
"rs287948"	0.344210388663113	348	0.8862233524874
"rs245459"	0.34424083395327	348	0.869396427701227
"rs1564824"	0.344246242897391	348	1.34499526729165
"rs1564827"	0.344246242897391	348	1.34499526729165
"rs1565025"	0.344246242897391	348	1.34499526729165
"rs1565031"	0.344246242897391	348	1.34499526729165
"rs1565079"	0.344246242897391	348	1.34499526729165
"rs1565115"	0.344246242897391	348	1.34499526729165
"rs1565121"	0.344246242897391	348	1.34499526729165
"rs1565141"	0.344246242897391	348	1.34499526729165
"rs1565154"	0.344246242897391	348	1.34499526729165
"rs1565172"	0.344246242897391	348	1.34499526729165
"rs1075814"	0.344250194488031	348	1.15827188190964
"rs1889195"	0.344255566156885	348	1.21732850025789
"rs79234"	0.344256861502148	348	1.25514782076774
"rs79248"	0.344256861502148	348	1.25514782076774
"rs2069986"	0.344264722698352	348	0.947059382049504
"rs72661"	0.344271721621786	348	1.30242905362723
"rs1952265"	0.344284549596167	348	0.757573264343016
"rs2131688"	0.344315763829394	348	0.918829452332985
"rs1376944"	0.344320792194635	348	0.800323526680086
"rs1092886"	0.344342623434994	348	0.891778963582236
"rs618562"	0.344372440959601	348	1.19660961282144
"rs1104082"	0.344400744487141	348	1.46332011956975
"rs223355"	0.344411540701012	348	1.31609147545332
"rs223367"	0.344411540701012	348	1.31609147545332
"rs223373"	0.344411540701012	348	1.31609147545332
"rs223376"	0.344411540701012	348	1.31609147545332
"rs223394"	0.344411540701012	348	1.31609147545332
"rs223406"	0.344411540701012	348	1.31609147545332
"rs223418"	0.344411540701012	348	1.31609147545332
"rs223421"	0.344411540701012	348	1.31609147545332
"rs143347"	0.344413253678467	348	1.17988116285631
"rs1104120"	0.344424626057145	348	1.46332674719668
"rs1104168"	0.344424626057145	348	1.46332674719668
"rs1104169"	0.344424626057145	348	1.46332674719668
"rs533436"	0.344434775989901	348	1.39774130696402
"rs1322442"	0.344496977166632	348	0.764379019671341
"rs1322445"	0.344496977166632	348	0.764379019671341
"rs1322526"	0.344496977166632	348	0.764379019671341
"rs1322529"	0.344496977166632	348	0.764379019671341
"rs346700"	0.344545379765824	348	1.2204776256681
"rs1436093"	0.34457846916227	348	1.25983827855369
"rs1876590"	0.344612454272736	348	0.899051166348201
"rs2040759"	0.344679478860492	348	1.2853781929264
"rs2041113"	0.344679478860492	348	1.2853781929264
"rs1400953"	0.344717640224633	348	0.762249927754165
"rs2159062"	0.344721548083081	348	1.16724793395628
"rs2159152"	0.344721548083081	348	1.16724793395628
"rs2159170"	0.344721548083081	348	1.16724793395628
"rs2159173"	0.344721548083081	348	1.16724793395628
"rs2159192"	0.344721548083081	348	1.16724793395628
"rs1121173"	0.344741011663284	348	0.79432912728376
"rs1121179"	0.344741011663284	348	0.79432912728376
"rs972926"	0.344766041442719	348	1.07828445450398
"rs769163"	0.344784097551925	348	1.31743671693011
"rs960250"	0.344793805313322	348	1.21023980812268
"rs1286553"	0.344804688098265	348	0.882271088650071
"rs1286571"	0.344804688098265	348	0.882271088650071
"rs1286574"	0.344804688098265	348	0.882271088650071
"rs179275"	0.344871274592949	348	1.2016503978235
"rs242808"	0.344876014534706	348	1.13903546033769
"rs236372"	0.344910900887974	348	1.20105209167729
"rs236376"	0.344910900887974	348	1.20105209167729
"rs236384"	0.344910900887974	348	1.20105209167729
"rs236396"	0.344910900887974	348	1.20105209167729
"rs236402"	0.344910900887974	348	1.20105209167729
"rs236438"	0.344910900887974	348	1.20105209167729
"rs552853"	0.344927654885041	348	1.135077663984
"rs1108371"	0.34496749144363	348	0.893738444494272
"rs1736948"	0.34499117734724	348	0.72116382299462
"rs431866"	0.345010761973471	348	1.2374333085317
"rs745750"	0.345010950143408	348	0.846888213404887
"rs1919303"	0.345014234183933	348	0.750549243789725
"rs870067"	0.345034103929594	348	1.17623792880838
"rs134516"	0.345053328741011	348	0.870440694182577
"rs1322124"	0.345061187296513	348	1.31015596557259
"rs1560176"	0.345078396028026	348	1.23445629112148
"rs1030266"	0.345150717986417	348	0.842575750093696
"rs1319613"	0.345161407302728	348	0.817545519788346
"rs650574"	0.345177407624663	348	1.22335714337867
"rs650580"	0.345177407624663	348	1.22335714337867
"rs1629605"	0.345256878637355	348	1.23571794499019
"rs855076"	0.345263803748301	348	1.60359552625683
"rs1085695"	0.345302214139409	348	0.828928556719188
"rs1294776"	0.345305816580116	348	0.863923324125041
"rs1658315"	0.345373414287611	348	1.1841732066912
"rs1067221"	0.34539971561086	348	1.07739602234574
"rs1817048"	0.345407037446318	348	0.83369464342451
"rs1016625"	0.34541231455964	348	0.752760851949324
"rs673643"	0.345414387223075	348	0.487989885644846
"rs2008625"	0.345424101673396	348	0.859200358112244
"rs1534380"	0.34544141505428	348	1.19621969619264
"rs1883283"	0.345443079709516	348	1.28101590169846
"rs1883284"	0.345443079709516	348	1.28101590169846
"rs1450379"	0.345463255058301	348	1.22277005811164
"rs465979"	0.345464630271696	348	1.17960771779276
"rs1657910"	0.345485186091877	348	0.833727160163411
"rs1357505"	0.345488759827543	348	0.808179022242845
"rs1154176"	0.345507338695884	348	0.849430300418664
"rs23023"	0.345531313477654	348	0.901659399535934
"rs568987"	0.345619457809707	348	1.08558773889713
"rs1330668"	0.345622093115142	348	1.30830474065319
"rs705575"	0.345631839386855	348	1.18994369852576
"rs562213"	0.345705383588262	348	1.09202675951998
"rs1488983"	0.345706036883529	348	0.913728094465251
"rs1488985"	0.345706036883529	348	0.913728094465251
"rs1488986"	0.345706036883529	348	0.913728094465251
"rs1838563"	0.345706870021381	348	0.81204807294458
"rs1633074"	0.345739974020305	348	1.43377595599326
"rs2200627"	0.345744351989759	348	1.274790630159
"rs1698552"	0.345772406853027	348	1.14246783155239
"rs267880"	0.345808485073188	348	0.914007783255782
"rs307198"	0.345889262775942	348	0.796668697447864
"rs2163019"	0.345893677339937	348	0.893651232536563
"rs2163020"	0.345893677339937	348	0.893651232536563
"rs938232"	0.345917363241095	348	0.7737076024141
"rs1802967"	0.345942200008767	348	0.815140396243514
"rs1047135"	0.345945074527585	348	0.81062599655118
"rs1286640"	0.345968226177114	348	0.877016125768155
"rs1286844"	0.345968226177114	348	0.877016125768155
"rs1943398"	0.346032783935938	348	0.811472482585469
"rs459899"	0.346040225446599	348	1.22624708438704
"rs459929"	0.346040225446599	348	1.22624708438704
"rs632119"	0.346063284023818	348	0.779425697431351
"rs62838"	0.346120991580877	348	1.25937688192984
"rs1629510"	0.34617760064901	348	1.24795943923932
"rs598197"	0.346194874031187	348	0.741002102606821
"rs598237"	0.346194874031187	348	0.741002102606821
"rs598241"	0.346194874031187	348	0.741002102606821
"rs598249"	0.346194874031187	348	0.741002102606821
"rs598251"	0.346194874031187	348	0.741002102606821
"rs1981121"	0.346234089387375	348	0.616647642786134
"rs1398250"	0.346250640718116	348	0.838262336378567
"rs1105701"	0.346287500780472	348	0.844461307689803
"rs1105704"	0.346287500780472	348	0.844461307689803
"rs1105706"	0.346287500780472	348	0.844461307689803
"rs1105713"	0.346287500780472	348	0.844461307689803
"rs1105743"	0.346287500780472	348	0.844461307689803
"rs1105845"	0.346287500780472	348	0.844461307689803
"rs1105728"	0.346287500780473	348	0.844461307689804
"rs1105737"	0.346287500780473	348	0.844461307689804
"rs1105740"	0.346287500780473	348	0.844461307689804
"rs1105746"	0.346287500780473	348	0.844461307689804
"rs1105896"	0.346287500780474	348	0.844461307689804
"rs1105911"	0.346287500780482	348	0.844461307689805
"rs1105914"	0.346287500780482	348	0.844461307689805
"rs1105920"	0.346287500780482	348	0.844461307689805
"rs1105929"	0.346287500780482	348	0.844461307689805
"rs319303"	0.346296500481561	348	1.56976853864387
"rs598209"	0.346312196560162	348	0.741895805531947
"rs598210"	0.346312196560162	348	0.741895805531947
"rs598211"	0.346312196560162	348	0.741895805531947
"rs598212"	0.346312196560162	348	0.741895805531947
"rs598215"	0.346312196560162	348	0.741895805531947
"rs598221"	0.346312196560162	348	0.741895805531947
"rs264975"	0.346322011829112	348	1.18762770190596
"rs1962214"	0.346342366303454	348	1.25223185758724
"rs145795"	0.346346655586677	348	1.09976595208551
"rs145817"	0.346346655586678	348	1.09976595208551
"rs807620"	0.346369970583161	348	0.873970081546937
"rs807630"	0.346369970583161	348	0.873970081546937
"rs717039"	0.346391816050513	348	0.834954299656124
"rs717084"	0.346391816050513	348	0.834954299656124
"rs329182"	0.346431154363061	348	1.23862193125033
"rs329185"	0.346431154363061	348	1.23862193125033
"rs329188"	0.346431154363061	348	1.23862193125033
"rs1093102"	0.346506179691603	348	0.842190875568204
"rs1039607"	0.346514567555057	348	1.28583720674408
"rs1886918"	0.346530489814458	348	1.15040289390021
"rs523546"	0.346534673669717	348	1.14934071392485
"rs2121968"	0.346572072628128	348	0.889287022245038
"rs1024423"	0.346575943107284	348	0.657473078279235
"rs150928"	0.346581222193077	348	1.1283179757103
"rs432597"	0.346641680815378	348	1.14077740824864
"rs446090"	0.346734685132254	348	0.873852962727588
"rs1653076"	0.346828924200742	348	0.809731380914365
"rs1619558"	0.346893076654793	348	1.57597928597197
"rs1797916"	0.346893076654793	348	1.57597928597197
"rs217790"	0.346900156403153	348	1.15314843245525
"rs129955"	0.346900576604406	348	1.21808314600672
"rs1061066"	0.346979076114083	348	1.22322714622242
"rs1477046"	0.346983952839508	348	0.732937507434841
"rs1002075"	0.347019799482881	348	1.24977979516188
"rs914096"	0.347042720835849	348	1.23605955418578
"rs111363"	0.347082039637683	348	1.28766449716293
"rs111364"	0.347082039637683	348	1.28766449716293
"rs134389"	0.347087692641925	348	0.848862351515891
"rs344595"	0.347156220934855	348	0.75216584358174
"rs1637029"	0.347187486092268	348	1.10545137308845
"rs1014034"	0.347214328896983	348	0.869561497375359
"rs533325"	0.347237430898326	348	1.39819155823904
"rs2119484"	0.347252141015357	348	0.686880723827651
"rs1461045"	0.347275865503454	348	0.68119734212223
"rs644995"	0.347282505918357	348	0.786766435901176
"rs644996"	0.347282505918357	348	0.786766435901176
"rs644998"	0.347282505918357	348	0.786766435901176
"rs645000"	0.347282505918357	348	0.786766435901176
"rs1452797"	0.347320955836823	348	1.1975748072535
"rs1609428"	0.347336669195589	348	0.733674399055058
"rs1609436"	0.347336669195589	348	0.733674399055058
"rs1609440"	0.347336669195589	348	0.733674399055058
"rs1609452"	0.347336669195589	348	0.733674399055058
"rs1609458"	0.347336669195589	348	0.733674399055058
"rs1609464"	0.347336669195589	348	0.733674399055058
"rs1609520"	0.347336669195589	348	0.733674399055058
"rs1609554"	0.347336669195589	348	0.733674399055058
"rs1609590"	0.347336669195589	348	0.733674399055058
"rs1842192"	0.347356280757109	348	1.20123872930045
"rs1428711"	0.347383169325643	348	0.746454456834313
"rs2008718"	0.347426827928784	348	1.18745920607691
"rs2008724"	0.347426827928784	348	1.18745920607691
"rs2008736"	0.347426827928784	348	1.18745920607691
"rs116559"	0.347487511260827	348	0.918579649047409
"rs37696"	0.347491561317796	348	0.714004741928837
"rs341092"	0.347533133724272	348	0.829819012903314
"rs1117206"	0.347554203139236	348	1.21781108441372
"rs855851"	0.347570030227729	348	1.13065166772309
"rs855853"	0.347570030227729	348	1.13065166772309
"rs855854"	0.347570030227729	348	1.13065166772309
"rs855868"	0.347570030227729	348	1.13065166772309
"rs1015049"	0.347575866302529	348	1.32856723515822
"rs1664024"	0.347577506719644	348	1.37513970116583
"rs1790298"	0.347626619441345	348	1.11910924682312
"rs636905"	0.347770037085875	348	1.48329199789705
"rs636907"	0.347770037085875	348	1.48329199789705
"rs636908"	0.347770037085875	348	1.48329199789705
"rs636909"	0.347770037085875	348	1.48329199789705
"rs1742711"	0.347784167404645	348	0.817167061646854
"rs1331510"	0.347854867054211	348	1.21801844237419
"rs2097077"	0.347879917254174	348	0.881620381747797
"rs681848"	0.3478954652338	348	1.17425013514958
"rs447637"	0.347901814256573	348	1.11907118302257
"rs1800665"	0.347904982756472	348	1.23455198515336
"rs81759"	0.347924847745964	348	1.1158914834481
"rs1661152"	0.347944045298606	348	1.19763540256583
"rs1896501"	0.347973650351334	348	0.649822629865811
"rs964542"	0.348047073191256	348	0.851905391942994
"rs1295808"	0.348052354657663	348	0.838742606094773
"rs149026"	0.348103592148902	348	1.09261977599232
"rs488983"	0.348132323686554	348	0.778100465040896
"rs1085312"	0.348159427031568	348	0.819068819375662
"rs1596574"	0.348201827687259	348	0.790573041497344
"rs1163375"	0.348215113853025	348	1.15688055385656
"rs1196923"	0.348270771019121	348	0.883809845243874
"rs364546"	0.348298582316036	348	0.855533710270043
"rs911954"	0.348317255697453	348	1.27752752093924
"rs911960"	0.348317255697453	348	1.27752752093924
"rs912023"	0.348317255697453	348	1.27752752093924
"rs912029"	0.348317255697453	348	1.27752752093924
"rs912038"	0.348317255697453	348	1.27752752093924
"rs912101"	0.348317255697453	348	1.27752752093924
"rs912104"	0.348317255697453	348	1.27752752093924
"rs912107"	0.348317255697453	348	1.27752752093924
"rs912164"	0.348317255697453	348	1.27752752093924
"rs912200"	0.348317255697453	348	1.27752752093924
"rs912203"	0.348317255697453	348	1.27752752093924
"rs912212"	0.348317255697453	348	1.27752752093924
"rs351733"	0.34843497795378	348	1.49314955109635
"rs134022"	0.348469728683652	348	1.14875645185043
"rs408520"	0.34847700795113	348	1.34759467974685
"rs409377"	0.348477007951131	348	1.34759467974685
"rs2134496"	0.34848702270789	348	1.1393613850653
"rs2117341"	0.348494653984834	348	1.22194949896072
"rs418591"	0.348514338406601	348	1.24712113482931
"rs834473"	0.348564553024355	348	0.620861539086262
"rs1004312"	0.348564553024355	348	0.620861539086262
"rs1004659"	0.348564553024355	348	0.620861539086262
"rs1005088"	0.348564553024355	348	0.620861539086262
"rs2190360"	0.348564553024355	348	0.620861539086262
"rs420312"	0.348586960989176	348	1.34332051296847
"rs420465"	0.348586960989176	348	1.34332051296847
"rs1166427"	0.348606426087683	348	0.876026340373074
"rs197910"	0.348634927079773	348	0.525455099986199
"rs1792259"	0.348636536690461	348	1.08765411790613
"rs950846"	0.348660535899913	348	0.801865348371176
"rs225008"	0.348661931858957	348	0.834892028814807
"rs528736"	0.348666630854574	348	0.785289099006859
"rs528749"	0.348666630854574	348	0.785289099006859
"rs528758"	0.348666630854574	348	0.785289099006859
"rs1419881"	0.348678419827914	348	1.24798198841171
"rs1419888"	0.348678419827914	348	1.24798198841171
"rs1419891"	0.348678419827914	348	1.24798198841171
"rs1308744"	0.348713333928327	348	0.857507249173351
"rs384349"	0.34874376803878	348	0.867664916489711
"rs853941"	0.348744518479636	348	0.833976290689696
"rs853944"	0.348744518479636	348	0.833976290689696
"rs353190"	0.348767943691349	348	1.2109924267744
"rs640621"	0.348834694296102	348	1.23091306826357
"rs640624"	0.348834694296102	348	1.23091306826357
"rs640625"	0.348834694296102	348	1.23091306826357
"rs697213"	0.348835572499352	348	0.824013426587319
"rs242658"	0.348846740055171	348	1.28798844121984
"rs2121797"	0.348847892524619	348	1.13500598638943
"rs2121801"	0.348847892524619	348	1.13500598638943
"rs2121804"	0.348847892524619	348	1.13500598638943
"rs2121807"	0.348847892524619	348	1.13500598638943
"rs2121809"	0.348847892524619	348	1.13500598638943
"rs2121812"	0.348847892524619	348	1.13500598638943
"rs2121813"	0.348847892524619	348	1.13500598638943
"rs2121814"	0.348847892524619	348	1.13500598638943
"rs848885"	0.34886380867013	348	0.781452127266196
"rs982788"	0.348894496830748	348	1.16760138013518
"rs409455"	0.348913760262211	348	1.20601315024337
"rs857028"	0.348999685387308	348	0.836148484002056
"rs1741056"	0.349054871621528	348	1.2237611838198
"rs2112456"	0.349070273188417	348	1.18361494394899
"rs1949828"	0.349085636241212	348	0.831386293823132
"rs1949834"	0.349085636241212	348	0.831386293823132
"rs43461"	0.349093334517647	348	1.21372836153384
"rs523548"	0.349098463102099	348	1.14596079553569
"rs827766"	0.349108992658716	348	1.15207654685885
"rs1638489"	0.349132723759643	348	1.21016747123488
"rs1950014"	0.349203585479922	348	1.43643463013769
"rs1950017"	0.349203585479922	348	1.43643463013769
"rs1637406"	0.34932303269002	348	0.824047429381778
"rs1617506"	0.349323418773699	348	0.759060156081959
"rs268250"	0.349340236411835	348	1.20573943734715
"rs2185090"	0.349385700857649	348	0.805525243113085
"rs266832"	0.349399165340848	348	1.23860675253651
"rs1783177"	0.349410066704701	348	1.15109165517108
"rs468488"	0.349444129865044	348	1.18371186804678
"rs1552726"	0.349464931349583	348	0.938987344669392
"rs630541"	0.349505051718995	348	1.26421383806334
"rs1286760"	0.349515959169172	348	0.87057491986369
"rs1287156"	0.349515959169172	348	0.87057491986369
"rs340998"	0.349555430628476	348	0.831087467761914
"rs1621878"	0.349627341327682	348	1.1549739883063
"rs1615724"	0.349634880345234	348	1.18966793981708
"rs2121821"	0.349651692273491	348	1.1348269254575
"rs2121822"	0.349651692273491	348	1.1348269254575
"rs2121826"	0.349651692273491	348	1.1348269254575
"rs2060155"	0.349671996334498	348	0.701876937699289
"rs2060164"	0.349671996334498	348	0.701876937699289
"rs2060170"	0.349671996334498	348	0.701876937699289
"rs743353"	0.349703244116289	348	1.29961551879719
"rs1087471"	0.349730060394551	348	1.26516367339607
"rs790073"	0.349747962341472	348	1.12760384574937
"rs1003950"	0.349902589420889	348	1.23251298940035
"rs565017"	0.349907382642842	348	0.841707257263401
"rs565020"	0.349907382642842	348	0.841707257263401
"rs565027"	0.349907382642842	348	0.841707257263401
"rs565035"	0.349907382642842	348	0.841707257263401
"rs565143"	0.349907382642842	348	0.841707257263401
"rs565548"	0.349907382642842	348	0.841707257263401
"rs565597"	0.349907382642842	348	0.841707257263401
"rs565599"	0.349907382642842	348	0.841707257263401
"rs565602"	0.349907382642842	348	0.841707257263401
"rs565620"	0.349907382642842	348	0.841707257263401
"rs565635"	0.349907382642842	348	0.841707257263401
"rs565638"	0.349907382642842	348	0.841707257263401
"rs565650"	0.349907382642842	348	0.841707257263401
"rs565651"	0.349907382642842	348	0.841707257263401
"rs565659"	0.349907382642842	348	0.841707257263401
"rs565692"	0.349907382642842	348	0.841707257263401
"rs565776"	0.349907382642842	348	0.841707257263401
"rs430724"	0.34995395868302	348	1.21176921115495
"rs1822895"	0.349978847524985	348	1.19028348976427
"rs1950738"	0.349981690834778	348	1.18103991763743
"rs447519"	0.350037235277341	348	0.928175138375523
"rs134083"	0.350071963917942	348	0.904249098131571
"rs1675082"	0.350106857722773	348	0.826855759877193
"rs2021715"	0.350114307451452	348	0.876397585222275
"rs858811"	0.350152004729963	348	1.14190450999063
"rs1081504"	0.350153970116956	348	1.25921028350628
"rs1081631"	0.350153970116956	348	1.25921028350628
"rs1081673"	0.350153970116956	348	1.25921028350628
"rs115029"	0.350179043438851	348	0.824599524062492
"rs1843854"	0.350182024975476	348	0.831298831133888
"rs1652992"	0.350239019301182	348	0.814346375185507
"rs1653025"	0.350239019301182	348	0.814346375185507
"rs1652965"	0.350239019301193	348	0.814346375185509
"rs1652974"	0.350239019301193	348	0.814346375185509
"rs1653001"	0.350239019301193	348	0.814346375185509
"rs1653004"	0.350239019301193	348	0.814346375185509
"rs1125904"	0.35024095832508	348	1.28116368755061
"rs1298867"	0.350264877347235	348	0.865782540313812
"rs1412267"	0.350320077098645	348	1.22411464016446
"rs710186"	0.350455470371358	348	0.80257065622151
"rs129716"	0.350462882511759	348	0.834561520442981
"rs2148898"	0.350509243494511	348	1.16911222963402
"rs2122660"	0.350524529281713	348	1.2123790620378
"rs242853"	0.350565232855033	348	1.1372813611434
"rs484374"	0.350608049253129	348	0.739257546756744
"rs813403"	0.350609218183645	348	0.868618221819363
"rs1659747"	0.350862368522186	348	1.23326262203654
"rs2076119"	0.35087455334456	348	0.75742492307146
"rs806654"	0.350888047517428	348	0.875470903997079
"rs806655"	0.350888047517428	348	0.875470903997079
"rs2159534"	0.350913418338813	348	1.1638170657765
"rs1296133"	0.350916492925204	348	0.917550520368096
"rs705259"	0.350928277400816	348	1.19184687830588
"rs705260"	0.350928277400816	348	1.19184687830588
"rs722681"	0.350929118181385	348	1.20971251715852
"rs304588"	0.350939067600217	348	1.25975449107212
"rs128732"	0.350951002314978	348	0.87576100010117
"rs1533969"	0.350987714117452	348	1.30991399710184
"rs1446262"	0.351018582789375	348	0.844287306298717
"rs1446267"	0.351018582789375	348	0.844287306298717
"rs1618587"	0.351034981697819	348	1.13027780204893
"rs1618619"	0.351034981697819	348	1.13027780204893
"rs857077"	0.351036166690981	348	0.835783028574695
"rs972177"	0.351065464370935	348	0.942676369251568
"rs92980"	0.351098465637055	348	0.83254629595262
"rs1920531"	0.351145570682814	348	0.801004680189795
"rs1001761"	0.351166077114499	348	1.18597944801293
"rs1952244"	0.351176285547013	348	0.823455880193281
"rs858802"	0.351177860780495	348	1.1436749625999
"rs565305"	0.351216277006186	348	0.933139906249829
"rs665303"	0.351237966490032	348	0.743338410999813
"rs447766"	0.351254567695051	348	0.928321471012824
"rs858870"	0.351300550233677	348	0.931865789409082
"rs858872"	0.351300550233677	348	0.931865789409082
"rs858873"	0.351300550233677	348	0.931865789409082
"rs1743104"	0.351334845463253	348	0.813191607739548
"rs1743107"	0.351334845463253	348	0.813191607739548
"rs1743119"	0.351334845463253	348	0.813191607739548
"rs1743125"	0.351334845463253	348	0.813191607739548
"rs1743128"	0.351334845463253	348	0.813191607739548
"rs1743131"	0.351334845463253	348	0.813191607739548
"rs1743126"	0.351334845463254	348	0.813191607739551
"rs287100"	0.35137696031629	348	0.812104745332009
"rs629265"	0.351381145360711	348	0.806942163492874
"rs1581409"	0.351441609456117	348	0.796253250735204
"rs1355982"	0.351446787041614	348	0.676158561113875
"rs533198"	0.351464369562911	348	1.39150565329884
"rs1592547"	0.351474296884601	348	1.17542789958798
"rs409129"	0.351477228942079	348	1.16064717658054
"rs616488"	0.351487279356015	348	0.623149096870361
"rs727089"	0.351488013814014	348	1.40829705415603
"rs2025086"	0.351541236355271	348	0.822367908679777
"rs2025095"	0.351541236355271	348	0.822367908679777
"rs2025098"	0.351541236355271	348	0.822367908679777
"rs2025101"	0.351541236355271	348	0.822367908679777
"rs2025113"	0.351541236355271	348	0.822367908679777
"rs1825809"	0.351572741635581	348	0.740827654659177
"rs1825842"	0.351572741635581	348	0.740827654659177
"rs904000"	0.351594220496236	348	0.700044781553835
"rs265897"	0.351623674025818	348	1.21637620554731
"rs85056"	0.351632150983759	348	0.756144899411708
"rs1352911"	0.351660227562077	348	1.26089989065505
"rs1196954"	0.351661125735054	348	0.883865157649059
"rs1198281"	0.351661125735054	348	0.883865157649059
"rs2122031"	0.351829722102674	348	0.888770541919786
"rs344434"	0.351842044691862	348	0.768892417414208
"rs160304"	0.351855877630292	348	1.2709089309436
"rs1206755"	0.351862621111917	348	0.905962565603596
"rs48715"	0.351906214058581	348	0.726757969144478
"rs145982"	0.351920805080705	348	1.11754635744228
"rs1636041"	0.351927213263969	348	1.19595370219211
"rs1309017"	0.351952604377629	348	0.774031972058463
"rs548990"	0.351997166460139	348	1.1792380610879
"rs354634"	0.352011634306588	348	1.06042138742326
"rs782492"	0.352014814997602	348	1.14918731941676
"rs782495"	0.352014814997602	348	1.14918731941676
"rs782513"	0.352014814997602	348	1.14918731941676
"rs1322701"	0.352022512995492	348	1.35870178586684
"rs225843"	0.352042942874634	348	1.22031049347901
"rs1882664"	0.352046540877455	348	1.05903859921904
"rs182330"	0.352059395521089	348	1.46769496504621
"rs1111610"	0.352093150469236	348	1.17077404358326
"rs566092"	0.352100921865941	348	0.874297239915918
"rs1570474"	0.352148127512894	348	1.18128685228758
"rs84874"	0.352149453890953	348	1.15198191340177
"rs1551425"	0.352201609300272	348	1.06763931334138
"rs330993"	0.35220390807566	348	1.33681699685868
"rs330809"	0.352203908075681	348	1.33681699685863
"rs330817"	0.352203908075681	348	1.33681699685863
"rs330820"	0.352203908075681	348	1.33681699685863
"rs1064237"	0.352218300945742	348	0.860553694659628
"rs1064240"	0.352218300945742	348	0.860553694659628
"rs595848"	0.352225124506529	348	0.745271593906752
"rs595983"	0.352225124506529	348	0.745271593906752
"rs596832"	0.352225124506529	348	0.745271593906752
"rs567759"	0.352309886242442	348	1.18460832225638
"rs567876"	0.352309886242442	348	1.18460832225638
"rs101054"	0.352355395068856	348	0.820193373437524
"rs619890"	0.352368141779474	348	0.753728222875035
"rs396534"	0.352402516912843	348	0.885658575093416
"rs452099"	0.352450169789009	348	0.828384555956967
"rs1471188"	0.352479005894936	348	1.18735721034387
"rs580702"	0.352505921734075	348	0.709228301380669
"rs307084"	0.352526903639978	348	0.820471628587116
"rs1197815"	0.352527794323097	348	0.884872183179598
"rs1655801"	0.352569076524071	348	0.800152404242763
"rs817397"	0.35260564631743	348	0.877007060850214
"rs2101292"	0.352614152008497	348	0.86265326937229
"rs426650"	0.352615280675219	348	1.21770157104418
"rs72638"	0.352632130252377	348	1.29661469916612
"rs2007542"	0.352652574090442	348	0.825615283718106
"rs1780759"	0.35267765848112	348	0.7891442353216
"rs364971"	0.352705424741061	348	0.849606507205597
"rs1823904"	0.352726949759348	348	0.812051426713364
"rs42993"	0.352762010082746	348	1.21021166833339
"rs42996"	0.352762010082746	348	1.21021166833339
"rs43008"	0.352762010082746	348	1.21021166833339
"rs43029"	0.352762010082746	348	1.21021166833339
"rs43107"	0.352762010082746	348	1.21021166833339
"rs43199"	0.352762010082746	348	1.21021166833339
"rs43253"	0.352762010082746	348	1.21021166833339
"rs43259"	0.352762010082746	348	1.21021166833339
"rs43260"	0.352762010082746	348	1.21021166833339
"rs43269"	0.352762010082746	348	1.21021166833339
"rs43272"	0.352762010082746	348	1.21021166833339
"rs43278"	0.352762010082746	348	1.21021166833339
"rs43317"	0.352762010082746	348	1.21021166833339
"rs43320"	0.352762010082746	348	1.21021166833339
"rs43349"	0.352762010082746	348	1.21021166833339
"rs43359"	0.352762010082746	348	1.21021166833339
"rs43368"	0.352762010082746	348	1.21021166833339
"rs1105314"	0.35277408587336	348	1.24979193407306
"rs1852294"	0.352781260123015	348	0.877275042092123
"rs1598841"	0.352792892975063	348	1.37638512489124
"rs1599200"	0.352792892975063	348	1.37638512489124
"rs1599383"	0.352792892975063	348	1.37638512489124
"rs1599386"	0.352792892975063	348	1.37638512489124
"rs1159887"	0.352810361305103	348	1.17686564575063
"rs1159581"	0.352860767545523	348	0.818952704583911
"rs56964"	0.352891849292485	348	0.683539589189123
"rs447906"	0.352903521203163	348	0.928395165852627
"rs127011"	0.352917280367904	348	0.832592454025129
"rs970445"	0.352926975790768	348	0.782551875547719
"rs2094438"	0.352989155025497	348	1.04369348521534
"rs1716780"	0.353022086033862	348	1.18123665195072
"rs1893338"	0.35308922839058	348	1.13877302249264
"rs1289232"	0.353105692090938	348	0.885881572793355
"rs1739620"	0.353109571690052	348	1.17123773248746
"rs1145394"	0.353111073076772	348	1.18943264262249
"rs365521"	0.353115963278965	348	0.816973663897943
"rs365548"	0.353115963278965	348	0.816973663897943
"rs268727"	0.353162244595007	348	0.826386673698232
"rs113435"	0.353198312309271	348	1.10020386100529
"rs405131"	0.353259075012433	348	0.810902340963599
"rs1484692"	0.353333740158536	348	1.18392309485816
"rs1907282"	0.353385193867774	348	1.14437544329321
"rs539582"	0.353386116750371	348	0.792175955871065
"rs815972"	0.353387181997144	348	0.889340341862031
"rs1965057"	0.353424321210843	348	0.766294690499922
"rs1965086"	0.353424321210843	348	0.766294690499922
"rs405297"	0.353447592436227	348	1.15099120779094
"rs330886"	0.353466302013621	348	1.26841911100107
"rs469913"	0.353512194241044	348	1.1967470309859
"rs1860273"	0.353527620853402	348	1.24336866817519
"rs1115905"	0.353570136645278	348	0.864430769215071
"rs392291"	0.35358647083289	348	0.855234531651387
"rs392294"	0.35358647083289	348	0.855234531651387
"rs392297"	0.35358647083289	348	0.855234531651387
"rs392300"	0.35358647083289	348	0.855234531651387
"rs1742071"	0.353600807827068	348	0.633192695795058
"rs1117302"	0.353660856871783	348	0.839458339061107
"rs1117332"	0.353660856871783	348	0.839458339061107
"rs555233"	0.353683821034399	348	0.688129688421264
"rs555956"	0.353683821034399	348	0.688129688421264
"rs557238"	0.353683821034399	348	0.688129688421264
"rs558700"	0.353683821034399	348	0.688129688421264
"rs558911"	0.353683821034399	348	0.688129688421264
"rs559859"	0.353683821034399	348	0.688129688421264
"rs551389"	0.3536838210344	348	0.688129688421264
"rs559117"	0.353683821034401	348	0.688129688421265
"rs959878"	0.353683821034401	348	0.688129688421265
"rs2052545"	0.353704893535739	348	0.824066736949631
"rs146239"	0.353734659194833	348	0.871859677879131
"rs1662555"	0.353794356426512	348	1.32798561730846
"rs1168419"	0.353853579493729	348	0.7676347116501
"rs1130229"	0.353870705705258	348	1.30547808471357
"rs453583"	0.353894727636551	348	1.15623538332825
"rs545796"	0.353924264026515	348	1.17490235867527
"rs545797"	0.353924264026515	348	1.17490235867527
"rs1918800"	0.353926717966026	348	0.800126661553214
"rs91502"	0.353991366146126	348	1.16264958835703
"rs1286990"	0.354067385809715	348	0.891474234402982
"rs1545905"	0.354128249343452	348	0.803512751562083
"rs1965539"	0.354213471741414	348	0.909549122839902
"rs324277"	0.354222301916165	348	0.855193868205655
"rs2058085"	0.354279147989561	348	1.16566990857457
"rs665584"	0.354357831326445	348	0.850018470889507
"rs585367"	0.354443800121013	348	0.786919965984493
"rs1199233"	0.35444494167843	348	0.885148211328202
"rs1397910"	0.354470337459984	348	0.839500475947714
"rs1397913"	0.354470337459984	348	0.839500475947714
"rs1178265"	0.354473219527702	348	0.870160422653438
"rs1178309"	0.354473219527702	348	0.870160422653438
"rs1178384"	0.354473219527702	348	0.870160422653438
"rs1178420"	0.354473219527702	348	0.870160422653438
"rs1178486"	0.354473219527702	348	0.870160422653438
"rs1178579"	0.354473219527702	348	0.870160422653438
"rs1178777"	0.354473219527702	348	0.870160422653438
"rs1178802"	0.354473219527702	348	0.870160422653438
"rs1179474"	0.354473219527702	348	0.870160422653438
"rs1179935"	0.354473219527702	348	0.870160422653438
"rs1179966"	0.354473219527702	348	0.870160422653438
"rs1180344"	0.354473219527702	348	0.870160422653438
"rs1180626"	0.354473219527702	348	0.870160422653438
"rs1180722"	0.354473219527702	348	0.870160422653438
"rs1180856"	0.354473219527702	348	0.870160422653438
"rs1180857"	0.354473219527702	348	0.870160422653438
"rs1180894"	0.354473219527702	348	0.870160422653438
"rs1180956"	0.354473219527702	348	0.870160422653438
"rs1181089"	0.354473219527702	348	0.870160422653438
"rs1181106"	0.354473219527702	348	0.870160422653438
"rs1181145"	0.354473219527702	348	0.870160422653438
"rs1181156"	0.354473219527702	348	0.870160422653438
"rs1181254"	0.354473219527702	348	0.870160422653438
"rs1181299"	0.354473219527702	348	0.870160422653438
"rs1181929"	0.354473219527702	348	0.870160422653438
"rs1181980"	0.354473219527702	348	0.870160422653438
"rs1182074"	0.354473219527702	348	0.870160422653438
"rs1182201"	0.354473219527702	348	0.870160422653438
"rs1182255"	0.354473219527702	348	0.870160422653438
"rs1182350"	0.354473219527702	348	0.870160422653438
"rs1182375"	0.354473219527702	348	0.870160422653438
"rs1182465"	0.354473219527702	348	0.870160422653438
"rs1182470"	0.354473219527702	348	0.870160422653438
"rs1182622"	0.354473219527702	348	0.870160422653438
"rs1182663"	0.354473219527702	348	0.870160422653438
"rs1182724"	0.354473219527702	348	0.870160422653438
"rs1182736"	0.354473219527702	348	0.870160422653438
"rs1182845"	0.354473219527702	348	0.870160422653438
"rs1182927"	0.354473219527702	348	0.870160422653438
"rs1183060"	0.354473219527702	348	0.870160422653438
"rs1183129"	0.354473219527702	348	0.870160422653438
"rs1183374"	0.354473219527702	348	0.870160422653438
"rs1183563"	0.354473219527702	348	0.870160422653438
"rs1183572"	0.354473219527702	348	0.870160422653438
"rs1183678"	0.354473219527702	348	0.870160422653438
"rs1183891"	0.354473219527702	348	0.870160422653438
"rs1184080"	0.354473219527702	348	0.870160422653438
"rs1184188"	0.354473219527702	348	0.870160422653438
"rs1184355"	0.354473219527702	348	0.870160422653438
"rs1184455"	0.354473219527702	348	0.870160422653438
"rs1184632"	0.354473219527702	348	0.870160422653438
"rs1184776"	0.354473219527702	348	0.870160422653438
"rs1184956"	0.354473219527702	348	0.870160422653438
"rs1185020"	0.354473219527702	348	0.870160422653438
"rs1185031"	0.354473219527702	348	0.870160422653438
"rs1185057"	0.354473219527702	348	0.870160422653438
"rs1185211"	0.354473219527702	348	0.870160422653438
"rs1185263"	0.354473219527702	348	0.870160422653438
"rs1185406"	0.354473219527702	348	0.870160422653438
"rs1185427"	0.354473219527702	348	0.870160422653438
"rs1185562"	0.354473219527702	348	0.870160422653438
"rs1185784"	0.354473219527702	348	0.870160422653438
"rs1185972"	0.354473219527702	348	0.870160422653438
"rs1185991"	0.354473219527702	348	0.870160422653438
"rs1186099"	0.354473219527702	348	0.870160422653438
"rs1186220"	0.354473219527702	348	0.870160422653438
"rs1186243"	0.354473219527702	348	0.870160422653438
"rs1186360"	0.354473219527702	348	0.870160422653438
"rs1186666"	0.354473219527702	348	0.870160422653438
"rs1186705"	0.354473219527702	348	0.870160422653438
"rs1186711"	0.354473219527702	348	0.870160422653438
"rs1186752"	0.354473219527702	348	0.870160422653438
"rs1186885"	0.354473219527702	348	0.870160422653438
"rs1187102"	0.354473219527702	348	0.870160422653438
"rs1187121"	0.354473219527702	348	0.870160422653438
"rs1187456"	0.354473219527702	348	0.870160422653438
"rs1187489"	0.354473219527702	348	0.870160422653438
"rs1187836"	0.354473219527702	348	0.870160422653438
"rs1187880"	0.354473219527702	348	0.870160422653438
"rs1187949"	0.354473219527702	348	0.870160422653438
"rs1188012"	0.354473219527702	348	0.870160422653438
"rs1188021"	0.354473219527702	348	0.870160422653438
"rs1188096"	0.354473219527702	348	0.870160422653438
"rs1188107"	0.354473219527702	348	0.870160422653438
"rs1188118"	0.354473219527702	348	0.870160422653438
"rs1188177"	0.354473219527702	348	0.870160422653438
"rs1188254"	0.354473219527702	348	0.870160422653438
"rs1188266"	0.354473219527702	348	0.870160422653438
"rs1188302"	0.354473219527702	348	0.870160422653438
"rs1188414"	0.354473219527702	348	0.870160422653438
"rs1188436"	0.354473219527702	348	0.870160422653438
"rs1188456"	0.354473219527702	348	0.870160422653438
"rs1188471"	0.354473219527702	348	0.870160422653438
"rs1188576"	0.354473219527702	348	0.870160422653438
"rs1188707"	0.354473219527702	348	0.870160422653438
"rs1188728"	0.354473219527702	348	0.870160422653438
"rs1188797"	0.354473219527702	348	0.870160422653438
"rs1189035"	0.354473219527702	348	0.870160422653438
"rs774180"	0.354654777186719	348	1.19293433036158
"rs1206285"	0.354674806170866	348	1.11971543844177
"rs53362"	0.354718499387008	348	1.15654590255802
"rs225407"	0.354724490672701	348	0.74981969544459
"rs470201"	0.35476037446626	348	1.17995426667168
"rs942984"	0.354849279444946	348	1.0963755707096
"rs1399892"	0.354857790640877	348	0.622037985063488
"rs128659"	0.354881422086262	348	0.847642943418477
"rs1286835"	0.354882349562549	348	0.880146177758605
"rs1807839"	0.354903331359958	348	0.72064523062573
"rs546324"	0.35492231240325	348	1.16769681854416
"rs546332"	0.35492231240325	348	1.16769681854416
"rs265575"	0.354930914694295	348	0.868566443711727
"rs265578"	0.354930914694295	348	0.868566443711727
"rs1004974"	0.354939181542401	348	1.21813997439741
"rs1004980"	0.354939181542401	348	1.21813997439741
"rs1005073"	0.354939181542401	348	1.21813997439741
"rs1661644"	0.354946124435628	348	0.70161811289443
"rs870624"	0.3549787005074	348	0.807565633275065
"rs449618"	0.355056977603817	348	1.34247647672554
"rs449741"	0.355056977603817	348	1.34247647672554
"rs544238"	0.355065238832553	348	0.847865206485591
"rs364762"	0.355168753858475	348	1.15439735437164
"rs364777"	0.355168753858476	348	1.15439735437164
"rs2150652"	0.355175856502371	348	1.20112192939321
"rs919031"	0.355187171413283	348	1.2567020550611
"rs1951386"	0.355248939766636	348	0.742475866043723
"rs1606188"	0.355260030742278	348	0.854580849867919
"rs353310"	0.355264532959763	348	0.661645627221666
"rs1318122"	0.355290214060326	348	1.24589756802135
"rs791377"	0.355293220734649	348	1.05159831707145
"rs1488653"	0.355326563948551	348	1.07818172567645
"rs673513"	0.355327196270728	348	0.495194812730462
"rs1318384"	0.35533283013805	348	0.869827550769314
"rs1879382"	0.355387028430722	348	1.2188392429081
"rs1372922"	0.355391730795054	348	0.867994847342946
"rs1529127"	0.35542431986431	348	0.853429859658839
"rs486610"	0.355426771144079	348	1.31514248492613
"rs1480836"	0.355426771144079	348	1.31514248492613
"rs154080"	0.355428144535845	348	0.86041160800232
"rs1831651"	0.355440362533586	348	1.21219613879303
"rs1422788"	0.355447620259245	348	1.16717161393133
"rs1742825"	0.355455548623968	348	0.860064352283136
"rs1991085"	0.355460370618586	348	0.875342629143546
"rs1117791"	0.35547053205378	348	0.82963743760302
"rs1117926"	0.35547053205378	348	0.82963743760302
"rs1118034"	0.35547053205378	348	0.82963743760302
"rs821662"	0.355587995825083	348	0.916257915254914
"rs1650170"	0.355621704100488	348	0.813278279889045
"rs1823605"	0.355685315841896	348	1.17231327307874
"rs858890"	0.355690574760536	348	0.928961798137686
"rs340607"	0.355717859677397	348	0.854860030408184
"rs224453"	0.355754249960815	348	1.21374982730146
"rs189921"	0.355778342926772	348	1.17862455818041
"rs189926"	0.355778342926772	348	1.17862455818041
"rs1743562"	0.355788030371882	348	0.7657663411221
"rs1743574"	0.355788030371882	348	0.7657663411221
"rs1743586"	0.355788030371882	348	0.7657663411221
"rs1743601"	0.355788030371882	348	0.7657663411221
"rs1743604"	0.355788030371882	348	0.7657663411221
"rs1743607"	0.355788030371882	348	0.7657663411221
"rs1743616"	0.355788030371882	348	0.7657663411221
"rs1743628"	0.355788030371882	348	0.7657663411221
"rs1743648"	0.355788030371882	348	0.7657663411221
"rs1743656"	0.355788030371882	348	0.7657663411221
"rs1743662"	0.355788030371882	348	0.7657663411221
"rs1743667"	0.355788030371882	348	0.7657663411221
"rs1743670"	0.355788030371882	348	0.7657663411221
"rs1743673"	0.355788030371882	348	0.7657663411221
"rs1743675"	0.355788030371882	348	0.7657663411221
"rs1743694"	0.355788030371882	348	0.7657663411221
"rs1743720"	0.355788030371882	348	0.7657663411221
"rs1743721"	0.355788030371882	348	0.7657663411221
"rs1743731"	0.355788030371882	348	0.7657663411221
"rs1112952"	0.355794900638521	348	0.856648068733974
"rs1112596"	0.355800024018404	348	0.711418280914378
"rs330172"	0.355817582439267	348	1.15582577550229
"rs2009773"	0.355820657618769	348	1.11358403112747
"rs2210530"	0.355835794141104	348	1.35922067861546
"rs732157"	0.355840900259027	348	1.16896387513036
"rs1155994"	0.355845056536662	348	0.868164609796117
"rs2195058"	0.355857185927277	348	0.818042104956579
"rs552620"	0.355859554357925	348	0.827460911113766
"rs809728"	0.355864111978138	348	1.07468227840284
"rs2151910"	0.355896104771129	348	1.25732483552669
"rs137747"	0.355896783550628	348	1.22222899112574
"rs1742263"	0.355897742312485	348	1.44496287238415
"rs1562291"	0.355905810489617	348	0.666566455004264
"rs126759"	0.355905810489618	348	0.66656645500426
"rs129224"	0.355950957988889	348	1.20855080808766
"rs565827"	0.355975934090727	348	1.11931274988426
"rs341560"	0.355986822978497	348	0.786915792651259
"rs341564"	0.355986822978497	348	0.786915792651259
"rs341566"	0.355986822978497	348	0.786915792651259
"rs152578"	0.356045750198441	348	0.807335099911804
"rs552988"	0.356061201627369	348	1.28565098775567
"rs815764"	0.356084488491577	348	1.15914206059193
"rs1737925"	0.356102092086297	348	1.13160094956158
"rs556600"	0.356116547150282	348	1.12705126829938
"rs847531"	0.356122940399415	348	0.800052843166578
"rs1883431"	0.356188606879879	348	0.903377786030732
"rs1883434"	0.356188606879879	348	0.903377786030732
"rs508339"	0.356195855577335	348	0.802649431945597
"rs492296"	0.356211420585142	348	0.787110837483813
"rs554497"	0.356226748746915	348	1.08709099992856
"rs554500"	0.356226748746915	348	1.08709099992856
"rs673559"	0.356242573266354	348	0.493242067493985
"rs2150975"	0.356266877921579	348	0.887603133686661
"rs870393"	0.356342208628606	348	0.623424914648429
"rs2110891"	0.356390576117116	348	0.867734394614579
"rs791374"	0.356401272890073	348	1.04838044567328
"rs493316"	0.356427718794739	348	1.21121097480151
"rs507807"	0.356456641693748	348	1.16251536280161
"rs1858133"	0.356486546899424	348	0.708118251342714
"rs61072"	0.356487654649362	348	0.750114226190748
"rs1372619"	0.356509746940242	348	0.610024997196254
"rs1373381"	0.356546587146273	348	0.874189462267812
"rs845058"	0.356556782053908	348	1.04789867403696
"rs533985"	0.356574470925842	348	0.787890427527387
"rs2111706"	0.356646391213246	348	1.1904750242719
"rs150665"	0.356707843177376	348	1.22010476007509
"rs150666"	0.356707843177376	348	1.22010476007509
"rs1579626"	0.356791016365124	348	0.84072477780678
"rs492128"	0.356796649584268	348	0.804738227397668
"rs87829"	0.356809522737991	348	0.820897989829898
"rs87839"	0.356809522737991	348	0.820897989829898
"rs745987"	0.356813036048353	348	1.15989405040955
"rs831418"	0.356823186512101	348	0.738171252630809
"rs264978"	0.356839299794755	348	1.18337852888814
"rs1297573"	0.356928128124429	348	0.853144123011516
"rs2134262"	0.356936130029438	348	0.885021749683437
"rs1186317"	0.357004217619814	348	0.871048001697366
"rs1778925"	0.357014008831497	348	1.31307193546524
"rs1778955"	0.357014008831497	348	1.31307193546524
"rs1778967"	0.357014008831497	348	1.31307193546524
"rs1782574"	0.357055496926289	348	1.21163625854906
"rs2144430"	0.357062779313507	348	1.19300183248462
"rs2144433"	0.357062779313507	348	1.19300183248462
"rs216534"	0.357139851625764	348	1.1412937549615
"rs1395390"	0.357151902423236	348	1.15065532555563
"rs1204890"	0.357219838897429	348	0.886157564256128
"rs1166265"	0.357233110103457	348	0.876243610984004
"rs1166266"	0.357233110103457	348	0.876243610984004
"rs1166269"	0.357233110103457	348	0.876243610984004
"rs1048758"	0.357240143062857	348	0.810414674478973
"rs1062413"	0.357270244514939	348	1.30822282705038
"rs2070190"	0.35730440158997	348	0.784824407294378
"rs2184135"	0.357310121286001	348	0.845625498487795
"rs325966"	0.357322827981232	348	0.930926301305595
"rs325967"	0.357322827981232	348	0.930926301305595
"rs325970"	0.357322827981232	348	0.930926301305595
"rs325971"	0.357322827981232	348	0.930926301305595
"rs325972"	0.357322827981232	348	0.930926301305595
"rs93023"	0.357337391864421	348	0.629025308821316
"rs93024"	0.357337391864421	348	0.629025308821316
"rs93025"	0.357337391864421	348	0.629025308821316
"rs868561"	0.357354443253968	348	0.589231930122481
"rs610250"	0.357397827562784	348	1.23833141848034
"rs897094"	0.357403323661823	348	0.947547037184078
"rs523738"	0.357404782774193	348	0.796067323938239
"rs797477"	0.357429235368928	348	1.1217223059629
"rs23092"	0.357431374214159	348	0.90599369330934
"rs1618292"	0.357473784952723	348	1.16581427263605
"rs1618293"	0.357473784952723	348	1.16581427263605
"rs1618294"	0.357473784952723	348	1.16581427263605
"rs147403"	0.357494700096824	348	1.13643315570558
"rs86375"	0.357566244161262	348	1.18582032679454
"rs1814661"	0.357570078559032	348	1.40731722726689
"rs1768239"	0.357615649737595	348	1.21805793627547
"rs1768384"	0.357615649737595	348	1.21805793627547
"rs1768416"	0.357615649737595	348	1.21805793627547
"rs264656"	0.357618396774802	348	1.10957789962814
"rs1653337"	0.35767407577634	348	1.41560380546668
"rs437153"	0.357682416116092	348	0.876998824140211
"rs1953760"	0.357723910244825	348	1.18174142954737
"rs2131118"	0.357725964309577	348	0.864403636539464
"rs1651734"	0.357740671629953	348	1.06050221164706
"rs1789238"	0.357758448540289	348	1.18637843453406
"rs750027"	0.357776657471606	348	1.07682697099745
"rs95442"	0.357790470222427	348	0.62329096620299
"rs793934"	0.357850647205431	348	0.545772736375817
"rs2066248"	0.357874463362872	348	0.851967108618498
"rs101240"	0.357893758869816	348	0.850036784311745
"rs1649264"	0.35790753695496	348	1.27963055779314
"rs1566446"	0.357911469918944	348	1.27010730095544
"rs1044830"	0.357916237437151	348	1.213631487557
"rs786124"	0.357934528700822	348	1.05421438308121
"rs567736"	0.357934848352351	348	0.884654965140956
"rs1562772"	0.357952950791274	348	0.847502481253032
"rs715886"	0.357968592325156	348	1.31269157677432
"rs1204214"	0.3579816326551	348	0.885626192492574
"rs699755"	0.357995087889077	348	0.943722662978556
"rs279250"	0.358017770763347	348	0.821620707759412
"rs818659"	0.35803950946092	348	1.20403590031229
"rs514112"	0.358080027506617	348	1.18432322779508
"rs420003"	0.358107971803094	348	1.0461393379703
"rs890851"	0.358141988652455	348	0.949414880148381
"rs468057"	0.358175403247763	348	1.2105245176056
"rs468097"	0.358175403247763	348	1.2105245176056
"rs1757925"	0.358177477029135	348	1.18320198794606
"rs1758786"	0.358177477029135	348	1.18320198794606
"rs305779"	0.358188291770014	348	0.828343782977578
"rs297699"	0.358190933055693	348	1.12506477274363
"rs1803739"	0.358204735522393	348	1.18136495769357
"rs130215"	0.358265428543134	348	0.920073495890071
"rs620843"	0.358312851827933	348	1.23033110143145
"rs2147008"	0.35835778074703	348	0.869732963936717
"rs1364341"	0.358367604908688	348	1.10370016693169
"rs1982869"	0.358369058228732	348	1.30407714926102
"rs420004"	0.358370931618095	348	1.04611583933546
"rs420005"	0.358370931618095	348	1.04611583933546
"rs1687938"	0.358389207641838	348	1.20351286319659
"rs148969"	0.358404757797137	348	0.857674430116993
"rs149000"	0.358404757797137	348	0.857674430116993
"rs2180883"	0.358416446480704	348	1.15432020783729
"rs631007"	0.358431670029007	348	1.14909009330847
"rs614690"	0.358462208291906	348	0.63739419508117
"rs567763"	0.358466772923951	348	0.855913378890612
"rs221845"	0.358515747741855	348	1.23993075838731
"rs208900"	0.358533326815762	348	1.14933937369077
"rs792047"	0.358547031395194	348	0.909280890586424
"rs491542"	0.358547774276391	348	0.702808300037955
"rs1961643"	0.358581836454886	348	0.928450216482603
"rs758943"	0.358609695061472	348	1.13413933001712
"rs1478683"	0.358619028131308	348	1.19741182005407
"rs801138"	0.358629205451963	348	1.34226658095678
"rs616512"	0.358703921155605	348	0.623419805671304
"rs591928"	0.358709352794081	348	1.18881340932668
"rs591932"	0.358709352794081	348	1.18881340932668
"rs1197885"	0.358714436300921	348	0.886071228082154
"rs1206650"	0.358730144282656	348	0.908552712444381
"rs941820"	0.358739832763691	348	1.09703694839639
"rs894047"	0.358781447516455	348	0.827490217400621
"rs675785"	0.358793145305214	348	0.689037040612812
"rs51679"	0.3588182424532	348	0.785689166696696
"rs782346"	0.358849640809932	348	1.16412715973529
"rs1778180"	0.358849858492902	348	1.28369835699928
"rs818549"	0.358866441387029	348	1.13962057583459
"rs818562"	0.358866441387029	348	1.13962057583459
"rs732395"	0.358868201988979	348	1.22839919481287
"rs1115357"	0.358892618484653	348	1.18108462694597
"rs330721"	0.358914554582445	348	0.680753666975756
"rs1073969"	0.358926000866838	348	0.539266127418733
"rs1073970"	0.358926000866838	348	0.539266127418733
"rs1318233"	0.358926144460192	348	1.1682952153452
"rs1961581"	0.358926280787473	348	1.27918177115126
"rs1834215"	0.358938816840995	348	1.18205659128319
"rs2016295"	0.358954346882659	348	1.3339193689812
"rs1817014"	0.359019195486151	348	1.20275082566027
"rs1817020"	0.359019195486151	348	1.20275082566027
"rs1465332"	0.359021861736368	348	0.84295722561656
"rs1465333"	0.359021861736368	348	0.84295722561656
"rs1465334"	0.359021861736368	348	0.84295722561656
"rs1465336"	0.359021861736368	348	0.84295722561656
"rs1073404"	0.359164163337515	348	0.887438127360513
"rs2033598"	0.359216818196942	348	0.960341664153241
"rs2033599"	0.359216818196942	348	0.960341664153241
"rs1975748"	0.359256257237059	348	0.763483241926534
"rs2047548"	0.359308169790276	348	0.850026685676467
"rs223999"	0.359355864439897	348	0.821955429011022
"rs5496"	0.359490852122812	348	1.34324699335534
"rs5594"	0.359490852122812	348	1.34324699335534
"rs6405"	0.359490852122812	348	1.34324699335534
"rs598154"	0.359522765112186	348	0.746172205474221
"rs598257"	0.359522765112186	348	0.746172205474221
"rs598267"	0.359522765112186	348	0.746172205474221
"rs687527"	0.359529135385889	348	0.8284564388181
"rs687554"	0.359529135385889	348	0.8284564388181
"rs171675"	0.359544258463185	348	1.15192857985792
"rs598476"	0.35955501102076	348	0.750986725351555
"rs1716646"	0.359567435809052	348	1.18840192760409
"rs1397799"	0.359645497343699	348	1.27846356057477
"rs538784"	0.359654366271355	348	0.823551767267132
"rs538859"	0.359654366271355	348	0.823551767267132
"rs538928"	0.359654366271355	348	0.823551767267132
"rs1678111"	0.359754688405553	348	1.21881890081395
"rs808167"	0.359760859855944	348	1.20046431960851
"rs453612"	0.359773727366724	348	0.866201719257255
"rs2079481"	0.359774604474455	348	0.841255723981387
"rs572763"	0.359774604474457	348	0.841255723981387
"rs562250"	0.359813632674837	348	1.21202716256557
"rs808062"	0.359835812870399	348	0.846863702521656
"rs1739623"	0.35983741556112	348	1.1738870778389
"rs1579584"	0.35984883696917	348	0.841564139939971
"rs61921"	0.359913102050982	348	0.851341744350783
"rs841042"	0.359980323914809	348	1.16986984347149
"rs1953701"	0.359981108605121	348	1.23244296744199
"rs1620780"	0.359989659075949	348	0.605171351453897
"rs1197508"	0.36008448457305	348	0.886453461223772
"rs1198598"	0.36008448457305	348	0.886453461223772
"rs97028"	0.360088048909999	348	0.848879493487416
"rs1814544"	0.360168586133663	348	1.46718016698494
"rs1814571"	0.360168586133663	348	1.46718016698494
"rs1814600"	0.360168586133663	348	1.46718016698494
"rs1649284"	0.360170973082717	348	1.27833307988439
"rs1649295"	0.360170973082717	348	1.27833307988439
"rs1488515"	0.360185651697275	348	1.06534160337938
"rs581047"	0.360203107563854	348	1.17877289050632
"rs1321182"	0.360203467989678	348	0.857759478070209
"rs235200"	0.360208193970872	348	1.18918636873149
"rs1618606"	0.360211984515665	348	0.619583058819594
"rs823270"	0.360214578234225	348	0.845743853590481
"rs823273"	0.360214578234225	348	0.845743853590481
"rs823276"	0.360214578234225	348	0.845743853590481
"rs823279"	0.360214578234225	348	0.845743853590481
"rs823288"	0.360214578234225	348	0.845743853590481
"rs823309"	0.360214578234225	348	0.845743853590481
"rs823315"	0.360214578234225	348	0.845743853590481
"rs823321"	0.360214578234225	348	0.845743853590481
"rs823324"	0.360214578234225	348	0.845743853590481
"rs505995"	0.360234468764192	348	1.25551776227693
"rs158686"	0.360250127494911	348	0.712093639116272
"rs1796175"	0.360291273204435	348	1.34063354958671
"rs127577"	0.360308588967458	348	0.876768368345888
"rs928733"	0.360337413482166	348	0.888987867976347
"rs1994245"	0.360341427956625	348	1.15562526120824
"rs1040716"	0.360399040744375	348	0.546323022599117
"rs68261"	0.360470635841288	348	1.17078459406269
"rs1739314"	0.360517199131795	348	1.07115033421347
"rs2175693"	0.360549322846123	348	0.912627881324452
"rs1623314"	0.360605889203466	348	0.618231878157378
"rs811679"	0.360616246067999	348	1.27348963403167
"rs811894"	0.360616246067999	348	1.27348963403167
"rs1305700"	0.360645388966223	348	1.2112190004489
"rs506280"	0.360674168084622	348	1.27657498153626
"rs532725"	0.360723099464163	348	1.38282690697913
"rs226346"	0.360754226977327	348	1.10053756862274
"rs1411421"	0.360805725630571	348	0.73401375101755
"rs795353"	0.360838086437085	348	0.841066168695922
"rs1822559"	0.360858618898152	348	0.890835685608874
"rs1755150"	0.360883820770652	348	1.1810200161144
"rs1756249"	0.360883820770652	348	1.1810200161144
"rs1085970"	0.360941299400389	348	0.775063452832048
"rs1844390"	0.360959152704834	348	1.20546518208533
"rs1169138"	0.360995463142637	348	1.16025518469644
"rs1169141"	0.360995463142637	348	1.16025518469644
"rs1169144"	0.360995463142637	348	1.16025518469644
"rs1169147"	0.360995463142637	348	1.16025518469644
"rs1169154"	0.360995463142637	348	1.16025518469644
"rs272020"	0.361017526566412	348	1.20909467191793
"rs2118628"	0.361059391123089	348	1.15278394007027
"rs831513"	0.361074205932502	348	0.854994910190342
"rs831519"	0.361074205932502	348	0.854994910190342
"rs943854"	0.361077849409793	348	0.784998243126643
"rs943870"	0.361077849409793	348	0.784998243126643
"rs943881"	0.361077849409793	348	0.784998243126643
"rs943884"	0.361077849409793	348	0.784998243126643
"rs225050"	0.361150571005066	348	1.1614790037007
"rs729415"	0.361183595669698	348	1.18895083064146
"rs1824400"	0.361246553563309	348	0.722505991864035
"rs507883"	0.361289115555801	348	1.29784872343831
"rs624308"	0.361354296615131	348	0.784445106605089
"rs467596"	0.361357041286023	348	0.854264559865598
"rs467599"	0.361357041286023	348	0.854264559865598
"rs467614"	0.361357041286023	348	0.854264559865598
"rs499816"	0.361362486072721	348	0.836972271758065
"rs2180823"	0.361371871140365	348	0.887094120244604
"rs1802745"	0.361377878378845	348	0.861153582786579
"rs1830572"	0.361384768164011	348	1.20719758267187
"rs2104190"	0.361398337878249	348	0.867122143902812
"rs794255"	0.361407480402258	348	0.837627146777277
"rs253400"	0.361462101398861	348	0.83991272487913
"rs2127711"	0.361471887130278	348	1.29542673839341
"rs1601019"	0.361481711780048	348	1.18734712201651
"rs1601020"	0.361481711780048	348	1.18734712201651
"rs561486"	0.361488392526459	348	0.89570790982267
"rs2123608"	0.361495396982287	348	0.502801127040397
"rs1182716"	0.361505308320854	348	0.87288595069193
"rs448272"	0.361530727111482	348	0.929700215195567
"rs465338"	0.361544552056959	348	0.857710007226794
"rs465461"	0.361544552056959	348	0.857710007226794
"rs465464"	0.361544552056959	348	0.857710007226794
"rs465470"	0.361544552056959	348	0.857710007226794
"rs1035930"	0.361579660405143	348	0.699514777190604
"rs2054749"	0.361626206166584	348	1.19075002053944
"rs1782230"	0.36169366195226	348	0.875540009775233
"rs993827"	0.361701085359671	348	1.18518725344481
"rs2136119"	0.361742851943671	348	0.841374566919223
"rs2136132"	0.361742851943671	348	0.841374566919223
"rs2136135"	0.361742851943671	348	0.841374566919223
"rs2136266"	0.361742851943671	348	0.841374566919223
"rs1306322"	0.3618141018831	348	1.18430763015037
"rs1552928"	0.361825323891381	348	0.699560128326978
"rs1790658"	0.361844404881793	348	0.920180840995134
"rs1783155"	0.361868249457483	348	1.26621876002265
"rs1739519"	0.361877537984449	348	1.18458051240678
"rs346547"	0.361891755912183	348	0.859852280305432
"rs1907621"	0.361899428080403	348	1.29515258240823
"rs497679"	0.361911228981311	348	0.909051928638447
"rs583146"	0.361928570682815	348	1.20016910932359
"rs2214216"	0.361931607387043	348	1.41319304640362
"rs418939"	0.361932773678539	348	0.773090209198681
"rs2024996"	0.361961250703216	348	1.20242437861688
"rs483075"	0.361979066818122	348	1.17274117725739
"rs62270"	0.361999237547213	348	0.874816963824876
"rs124841"	0.362018522239832	348	0.811203264283021
"rs921714"	0.362065642237731	348	1.22234807512525
"rs921726"	0.362065642237731	348	1.22234807512525
"rs921735"	0.362065642237731	348	1.22234807512525
"rs921741"	0.362065642237731	348	1.22234807512525
"rs921744"	0.362065642237731	348	1.22234807512525
"rs921747"	0.362065642237731	348	1.22234807512525
"rs921750"	0.362065642237731	348	1.22234807512525
"rs1590123"	0.362105256572317	348	0.808275385828688
"rs278285"	0.362154420271807	348	0.817766539506574
"rs2018950"	0.362410159197483	348	1.27456783448805
"rs2115844"	0.362422860643356	348	1.28782845958833
"rs1757695"	0.362436707641626	348	1.17283438882833
"rs129221"	0.362443411545122	348	1.20523583860621
"rs812586"	0.362445147084247	348	1.14334100745349
"rs812596"	0.362445147084247	348	1.14334100745349
"rs816071"	0.362456002887624	348	1.38628833554294
"rs188290"	0.362518665630797	348	0.711780564081694
"rs942733"	0.362543548700425	348	1.30000599933802
"rs1712599"	0.362572047538143	348	1.17652574780433
"rs1712963"	0.362572047538143	348	1.17652574780433
"rs173113"	0.362581304776223	348	1.23772141940814
"rs638189"	0.362628495069401	348	0.868611903790127
"rs271363"	0.362664251938587	348	0.769002974376159
"rs1952236"	0.362683590823869	348	0.819196439315971
"rs1117548"	0.362704166743625	348	0.87066092985136
"rs1117587"	0.362704166743625	348	0.87066092985136
"rs147298"	0.362711402974004	348	0.784408429177042
"rs639670"	0.362725006533281	348	1.14656581019371
"rs466818"	0.362727112688844	348	1.10725839448139
"rs596936"	0.362743490025172	348	0.920150239104061
"rs1291269"	0.362746037853424	348	1.13542656089131
"rs1739001"	0.362876747602996	348	0.859815002969641
"rs2165062"	0.362898665371748	348	1.11312407956703
"rs707781"	0.362911328070827	348	0.845704381312298
"rs1790563"	0.362922775713036	348	1.13759519470066
"rs1884753"	0.362951098357455	348	0.793968331999992
"rs1540879"	0.362956258181875	348	1.16051192603308
"rs116527"	0.36296154662664	348	0.921593544085673
"rs116538"	0.36296154662664	348	0.921593544085673
"rs116540"	0.36296154662664	348	0.921593544085673
"rs116541"	0.36296154662664	348	0.921593544085673
"rs1814766"	0.362961690249024	348	0.853262632898043
"rs1163066"	0.362963154637214	348	1.14366127219586
"rs50188"	0.363048514112868	348	1.15935747532085
"rs464422"	0.363140619157791	348	1.15363399140707
"rs1013908"	0.363155224817846	348	0.882903797815822
"rs1929645"	0.363181357017261	348	1.38335042969301
"rs1929691"	0.363181357017261	348	1.38335042969301
"rs1775600"	0.363197938975363	348	1.27689112826215
"rs1590635"	0.363241733409495	348	1.25348634916434
"rs1450326"	0.363261756323081	348	1.21674182705959
"rs1174814"	0.363320406282478	348	0.873691780579406
"rs610819"	0.363342727522645	348	1.19643734262109
"rs610821"	0.363342727522645	348	1.19643734262109
"rs1774919"	0.363360393423698	348	1.3543755487735
"rs2000383"	0.363387523550814	348	0.832757113106663
"rs794651"	0.363446319380978	348	1.16897250445703
"rs856963"	0.363468140892675	348	0.838142203568393
"rs1293307"	0.363475442517151	348	0.802720394412969
"rs1055585"	0.363477819700069	348	0.853086381019434
"rs1645408"	0.363484485575223	348	0.863851596587634
"rs1942254"	0.363510260620089	348	1.1847789941726
"rs1932885"	0.363517136249426	348	1.18640369421845
"rs941298"	0.363544233405918	348	1.17650245748123
"rs942114"	0.363561473499256	348	1.21507613434121
"rs147171"	0.363565900125741	348	0.785928123662663
"rs856799"	0.363597798385644	348	0.840126129924552
"rs856796"	0.363597798385657	348	0.840126129924556
"rs2047417"	0.363674656776269	348	1.2327864083
"rs1119620"	0.363680366285526	348	0.819707323768184
"rs1840326"	0.363695711750437	348	1.15262985560078
"rs1592842"	0.363712980536037	348	0.830807658301837
"rs280564"	0.363753775827463	348	0.660347341582994
"rs2162675"	0.363782348278549	348	1.12289943192348
"rs2162676"	0.363782348278549	348	1.12289943192348
"rs2162687"	0.363782348278549	348	1.12289943192348
"rs2162690"	0.363782348278549	348	1.12289943192348
"rs2162696"	0.363782348278549	348	1.12289943192348
"rs2162699"	0.363782348278549	348	1.12289943192348
"rs2162711"	0.363782348278549	348	1.12289943192348
"rs598312"	0.363788482741509	348	0.748101524252663
"rs598314"	0.363788482741509	348	0.748101524252663
"rs87648"	0.363796991768263	348	0.727345790969715
"rs1023595"	0.363800331481886	348	0.806124460268841
"rs1291260"	0.363814615228666	348	1.13919583611876
"rs703339"	0.363828087345241	348	0.83403167527064
"rs1962865"	0.363830521776109	348	0.836810490376486
"rs1884584"	0.363875450525191	348	0.79414238100668
"rs1084637"	0.363916413737757	348	1.15693739888268
"rs533945"	0.364018921078446	348	1.25685191385592
"rs1381571"	0.364056616504167	348	1.33204516714254
"rs366082"	0.364057494044608	348	0.842647209262157
"rs471063"	0.364063719651097	348	1.17586764783055
"rs366125"	0.364084764209304	348	0.833581207530269
"rs1264792"	0.364128356365535	348	0.877349724788533
"rs371393"	0.364178231499531	348	1.22156391319111
"rs816481"	0.364186463941196	348	0.888473995021342
"rs562511"	0.364209579916425	348	0.827276713661429
"rs1161333"	0.364239444385139	348	1.18144889418428
"rs1085279"	0.364260888379047	348	1.16499470113034
"rs2110893"	0.364267482395361	348	0.868604592002929
"rs1743108"	0.364285029869508	348	0.817470906073492
"rs466257"	0.364347514944397	348	0.858587963643095
"rs466260"	0.364347514944397	348	0.858587963643095
"rs2091413"	0.364349062429131	348	1.13866470675971
"rs2091416"	0.36434906242914	348	1.13866470675971
"rs1569220"	0.364366377809198	348	1.3865895698656
"rs1569247"	0.364366377809198	348	1.3865895698656
"rs1743142"	0.364368896817093	348	0.817500028292048
"rs1743143"	0.364368896817093	348	0.817500028292048
"rs1743149"	0.364368896817093	348	0.817500028292048
"rs1743158"	0.364368896817093	348	0.817500028292048
"rs1743170"	0.364368896817093	348	0.817500028292048
"rs1743173"	0.364368896817093	348	0.817500028292048
"rs1743188"	0.364368896817093	348	0.817500028292048
"rs253081"	0.364452828189928	348	1.22777694719282
"rs340543"	0.364464725632713	348	0.905528524140943
"rs134192"	0.364554862872313	348	1.14380469681883
"rs1609551"	0.36455520477194	348	0.832369086884604
"rs1609599"	0.364555204771941	348	0.832369086884607
"rs1907659"	0.364566744397931	348	0.874479923899438
"rs1389421"	0.364581345648885	348	0.780776966067854
"rs1389426"	0.364581345648885	348	0.780776966067854
"rs1327187"	0.364602695562307	348	0.799866021444672
"rs1327190"	0.364602695562307	348	0.799866021444672
"rs685551"	0.36461832142217	348	1.17508053003874
"rs992619"	0.364626174021368	348	1.07594001554253
"rs992620"	0.364626174021368	348	1.07594001554253
"rs992623"	0.364626174021368	348	1.07594001554253
"rs992624"	0.364626174021368	348	1.07594001554253
"rs992628"	0.364626174021368	348	1.07594001554253
"rs1876062"	0.36463777585777	348	1.16603105823306
"rs1702536"	0.364758009746374	348	0.852600070298648
"rs1702542"	0.364758009746374	348	0.852600070298648
"rs1743263"	0.364768175189318	348	0.817079296243916
"rs117554"	0.364801428267819	348	0.884487635041086
"rs1464948"	0.364876741483851	348	1.28346801230223
"rs1739447"	0.364897849447697	348	1.15717167782112
"rs1552886"	0.364932598850533	348	1.20910748655334
"rs892554"	0.364938617860611	348	0.813111011316554
"rs784581"	0.364955108611146	348	0.843325644107179
"rs784756"	0.364955108611146	348	0.843325644107179
"rs784656"	0.364955108611156	348	0.843325644107181
"rs784671"	0.364955108611156	348	0.843325644107181
"rs784692"	0.364955108611156	348	0.843325644107181
"rs784713"	0.364955108611156	348	0.843325644107181
"rs784747"	0.364955108611156	348	0.843325644107181
"rs784775"	0.364955108611156	348	0.843325644107181
"rs784794"	0.364955108611156	348	0.843325644107181
"rs784806"	0.364955108611156	348	0.843325644107181
"rs784809"	0.364955108611156	348	0.843325644107181
"rs952081"	0.36495982234223	348	1.30106314889955
"rs565435"	0.364971868762431	348	0.845856925857102
"rs951489"	0.365005575830045	348	0.762456830414907
"rs1316803"	0.365011827791903	348	0.629811881006813
"rs750045"	0.365044794415982	348	1.05417055732516
"rs509937"	0.365069233678017	348	1.07337949971192
"rs1964705"	0.365071630457163	348	0.769197094909287
"rs1964710"	0.365071630457163	348	0.769197094909287
"rs1964739"	0.365071630457163	348	0.769197094909287
"rs1964753"	0.365071630457163	348	0.769197094909287
"rs360066"	0.365152646068489	348	1.20550523882968
"rs1937019"	0.365202879915065	348	0.8189140136866
"rs1937050"	0.365202879915065	348	0.8189140136866
"rs4749"	0.36522417789905	348	1.32307345030615
"rs1204191"	0.365229907309728	348	0.887445715136109
"rs1196918"	0.365229907309735	348	0.407640894536483
"rs1188143"	0.365231639525137	348	0.87386828892554
"rs958178"	0.365249744175469	348	1.31936413003343
"rs2104687"	0.365276032561327	348	1.1788322094385
"rs1014076"	0.36527775056198	348	0.753411443803518
"rs857050"	0.36529832072305	348	1.14579367104297
"rs857053"	0.36529832072305	348	1.14579367104297
"rs857055"	0.36529832072305	348	1.14579367104297
"rs857056"	0.36529832072305	348	1.14579367104297
"rs857062"	0.36529832072305	348	1.14579367104297
"rs770970"	0.365321954532789	348	0.900894853484622
"rs1122478"	0.36532902037036	348	0.767828116571715
"rs552497"	0.365381338454472	348	0.806635925688366
"rs1124978"	0.365409598966677	348	1.10318687606258
"rs452066"	0.365419453574444	348	0.740450097611272
"rs23363"	0.365425943777988	348	1.23580336210006
"rs648433"	0.365432267821301	348	0.907937181456226
"rs129593"	0.365487557927391	348	0.838281681667945
"rs424478"	0.365499760485828	348	1.08342311980053
"rs2202563"	0.365510342610052	348	1.16592700810178
"rs1634489"	0.365558159117746	348	0.800167060261192
"rs2059118"	0.365609550995206	348	1.20945226181434
"rs144617"	0.365636007988671	348	0.629454098577192
"rs2097162"	0.365639246850516	348	1.18598724311885
"rs2097166"	0.365639246850516	348	1.18598724311885
"rs1834655"	0.365640027667204	348	1.43334545048808
"rs1834877"	0.365640027667204	348	1.43334545048808
"rs366017"	0.365652932336478	348	0.842691706224411
"rs1551353"	0.365676464907217	348	0.779027624634291
"rs1535100"	0.365702590616092	348	1.18917811771031
"rs610561"	0.365726634246433	348	1.18740021164199
"rs2119192"	0.365757136273734	348	1.17600645266139
"rs113466"	0.365770206762895	348	1.09365948995377
"rs912268"	0.365814072468628	348	1.18573967205924
"rs912269"	0.365814072468628	348	1.18573967205924
"rs552952"	0.365815689083466	348	1.2794165776867
"rs1795821"	0.365837877247676	348	0.848855122577914
"rs631294"	0.365882366761563	348	1.3712326793982
"rs2193313"	0.36595741226917	348	1.20930108988876
"rs1092213"	0.366022265161846	348	1.32912893602984
"rs808283"	0.366058398002473	348	1.14152777899893
"rs163237"	0.366086536523033	348	0.894852992184048
"rs1805997"	0.366151522427719	348	0.778913093118296
"rs887602"	0.366162279810988	348	1.16120916497551
"rs1383525"	0.366198629712046	348	0.788955611379824
"rs2206244"	0.366235488439037	348	0.801670105404795
"rs793727"	0.366252074691685	348	0.926028658699419
"rs287991"	0.366267116429178	348	0.873958658137454
"rs1667746"	0.366306721893332	348	0.80027516390865
"rs1857628"	0.36631288548232	348	0.668258421833254
"rs1162311"	0.366319038379732	348	1.1427870029501
"rs598468"	0.366350202273006	348	0.753961473859928
"rs484363"	0.366385536111361	348	0.71050108038763
"rs72527"	0.366399211596835	348	0.796458935190901
"rs729929"	0.366527328207096	348	1.48782882338053
"rs295226"	0.366547219154258	348	0.87328952879644
"rs2021819"	0.366561869883388	348	1.20126563242881
"rs1603128"	0.366608789535056	348	1.24695578326859
"rs278097"	0.366633550017153	348	0.874080733978164
"rs1690912"	0.366640777669	348	0.877820946688812
"rs1690914"	0.366640777669	348	0.877820946688812
"rs1690930"	0.366640777669	348	0.877820946688812
"rs1690936"	0.366640777669	348	0.877820946688812
"rs1816537"	0.366681197390233	348	1.27333057823704
"rs32305"	0.366715930442622	348	0.931444954511991
"rs295628"	0.366717126142362	348	0.857108360031697
"rs671193"	0.366732689283147	348	1.19975376823266
"rs2063998"	0.36677546063376	348	1.29026962243184
"rs2094430"	0.366777092543086	348	1.06341697728325
"rs1956675"	0.366789916609859	348	0.774132394308651
"rs1886646"	0.366836743686177	348	0.771568891357556
"rs453906"	0.366862166196759	348	0.55064040138476
"rs2122538"	0.366868579541233	348	0.893171225599348
"rs1798521"	0.366892518257828	348	1.51690432968175
"rs2119952"	0.366904244446407	348	1.15550464402126
"rs1124079"	0.367000176557107	348	0.629146427580198
"rs1124686"	0.367000176557107	348	0.629146427580198
"rs164440"	0.367077886978219	348	1.23383862248068
"rs245178"	0.367100719326904	348	0.858262094618918
"rs1077227"	0.367104953125361	348	1.27915531836899
"rs911993"	0.367147672813708	348	1.25047816795159
"rs354394"	0.367174629265508	348	1.13514163128329
"rs265225"	0.367245788858848	348	0.879478274008292
"rs693089"	0.367274258020214	348	1.32510869833801
"rs1815734"	0.367286276158821	348	1.23123169509973
"rs271316"	0.367306636969881	348	0.770728250518297
"rs2034886"	0.367307413278017	348	1.1464782127905
"rs2034895"	0.367307413278017	348	1.1464782127905
"rs2034901"	0.367307413278017	348	1.1464782127905
"rs2034931"	0.367307413278017	348	1.1464782127905
"rs2034964"	0.367307413278017	348	1.1464782127905
"rs803075"	0.367324739129117	348	0.784138489916132
"rs803077"	0.367324739129117	348	0.784138489916132
"rs803098"	0.367324739129117	348	0.784138489916132
"rs803104"	0.367324739129117	348	0.784138489916132
"rs803107"	0.367324739129117	348	0.784138489916132
"rs803108"	0.367324739129117	348	0.784138489916132
"rs803113"	0.367324739129117	348	0.784138489916132
"rs803116"	0.367324739129117	348	0.784138489916132
"rs803119"	0.367324739129117	348	0.784138489916132
"rs803122"	0.367324739129117	348	0.784138489916132
"rs803125"	0.367324739129117	348	0.784138489916132
"rs480942"	0.367328083899238	348	1.17406100584449
"rs79034"	0.367328949273453	348	1.15670123233857
"rs208338"	0.367359379003862	348	1.15236890442061
"rs2200044"	0.367378200548182	348	1.23679784947867
"rs1197652"	0.367384169130764	348	0.88709016103498
"rs1204679"	0.367384169130764	348	0.88709016103498
"rs988903"	0.367426216319186	348	1.23099825945147
"rs527260"	0.367510576692438	348	1.1702610950819
"rs1946212"	0.367560085106044	348	33.3478104142018
"rs1145115"	0.367577439031419	348	0.862176308265119
"rs1846812"	0.367590884812211	348	0.771083020748584
"rs1964036"	0.367597031610308	348	1.25059339344854
"rs122055"	0.367600663595839	348	0.885759554999262
"rs78771"	0.367608854758909	348	0.725113165038051
"rs307252"	0.36762449624618	348	0.82184999051534
"rs307257"	0.36762449624618	348	0.82184999051534
"rs718802"	0.367637364262639	348	0.813369140505287
"rs718805"	0.367637364262639	348	0.813369140505287
"rs718811"	0.367637364262639	348	0.813369140505287
"rs492026"	0.367641148433373	348	0.781920339627284
"rs304743"	0.367649663745293	348	1.10461498292412
"rs883569"	0.367678964107575	348	1.24151933961026
"rs287949"	0.367680269802189	348	0.868637315156506
"rs839884"	0.367694441108267	348	1.35936794918751
"rs417063"	0.367700464577886	348	1.19495524624237
"rs578215"	0.367718583289504	348	0.826413224553671
"rs631201"	0.367740838857379	348	1.18886763098047
"rs631216"	0.367740838857379	348	1.18886763098047
"rs631241"	0.367740838857379	348	1.18886763098047
"rs1086648"	0.367760462684442	348	1.14321566829281
"rs248044"	0.36777468065336	348	0.86022619549102
"rs264392"	0.367847910938698	348	1.2112574235735
"rs151363"	0.367895678858975	348	1.19950787516465
"rs409491"	0.367911140906456	348	1.19815209837028
"rs388462"	0.367941560740086	348	0.853697360249848
"rs2159011"	0.367987689132607	348	1.15864390285074
"rs466816"	0.36801934548255	348	0.851332047845062
"rs1041094"	0.368025130341571	348	1.31793270629164
"rs565010"	0.368029087496549	348	0.842689654835628
"rs831685"	0.368072341676684	348	0.714710352251507
"rs1358279"	0.368107403990934	348	0.816339503443283
"rs305476"	0.368127708469824	348	0.844945539879101
"rs444974"	0.368134182963662	348	0.817127585371774
"rs1286148"	0.368147543326602	348	0.891138407011144
"rs1286186"	0.368147543326602	348	0.891138407011144
"rs1286253"	0.368147543326602	348	0.891138407011144
"rs1286304"	0.368147543326602	348	0.891138407011144
"rs1286378"	0.368147543326602	348	0.891138407011144
"rs1286406"	0.368147543326602	348	0.891138407011144
"rs1287049"	0.368147543326602	348	0.891138407011144
"rs1880973"	0.368150927506143	348	0.750634920204233
"rs1880976"	0.368150927506143	348	0.750634920204233
"rs1880984"	0.368150927506143	348	0.750634920204233
"rs1880991"	0.368150927506143	348	0.750634920204233
"rs1881014"	0.368150927506143	348	0.750634920204233
"rs1881027"	0.368150927506143	348	0.750634920204233
"rs1881048"	0.368150927506143	348	0.750634920204233
"rs553219"	0.368161976844127	348	0.937043482187939
"rs1757869"	0.368183784537944	348	1.18008286474752
"rs300903"	0.368189601430892	348	0.830415047541922
"rs2156449"	0.368237075211312	348	0.824868376668686
"rs2156450"	0.368237075211312	348	0.824868376668686
"rs203927"	0.368247491249101	348	0.804158602397132
"rs1020049"	0.368304390674066	348	0.824766942978038
"rs926349"	0.368338308787754	348	0.525990149761454
"rs1964158"	0.36837163874852	348	0.835229280868847
"rs1064000"	0.368415476525908	348	0.814646542306494
"rs1064003"	0.368415476525908	348	0.814646542306494
"rs1064018"	0.368415476525908	348	0.814646542306494
"rs546586"	0.368467815839684	348	0.830660592966191
"rs189572"	0.368484439851068	348	0.786603669743835
"rs189575"	0.368484439851068	348	0.786603669743835
"rs181054"	0.368484799004641	348	0.923026882321879
"rs72851"	0.368485467455971	348	1.41614552628518
"rs1598661"	0.36848687522428	348	1.35681123589549
"rs112275"	0.36850195691199	348	0.862772346656256
"rs148672"	0.368511922423541	348	0.910291036452652
"rs1055315"	0.368518608462388	348	1.07112851122412
"rs458423"	0.368530131855311	348	1.24949087267154
"rs546402"	0.368539485100713	348	1.28396010272398
"rs1117521"	0.368543795184505	348	0.85564625097106
"rs2122094"	0.368561983705885	348	0.894767458761408
"rs466765"	0.368575092555004	348	1.08983777369877
"rs2161738"	0.368577185705528	348	0.870506297531158
"rs37720"	0.368585183041417	348	1.24250491351569
"rs37724"	0.368585183041417	348	1.24250491351569
"rs908933"	0.368607656620846	348	0.841500967346406
"rs552844"	0.368624739510804	348	1.08654538945727
"rs1135776"	0.368648201717268	348	1.54370709293719
"rs1136025"	0.368648201717268	348	1.54370709293719
"rs1942200"	0.368649914998356	348	1.19462700741154
"rs1364342"	0.368670446600198	348	1.10138431761997
"rs568747"	0.368679936381611	348	1.21350113984341
"rs903621"	0.368690475674166	348	1.25403038056839
"rs151925"	0.368743253010344	348	0.893916529936703
"rs585023"	0.368759656771399	348	0.680084923777502
"rs688890"	0.368762060207785	348	0.776618188751744
"rs471461"	0.368767770419665	348	1.17541177799644
"rs2087048"	0.368788882840287	348	1.07186072888658
"rs346899"	0.368793983860825	348	1.2018159519396
"rs2164390"	0.368801029107991	348	0.862285607559488
"rs2180865"	0.368813197766464	348	0.871821987454352
"rs1611963"	0.368906566096289	348	0.797973961596198
"rs273421"	0.368936212302527	348	0.680168065710669
"rs2174179"	0.368964774414086	348	0.854849530605226
"rs972918"	0.368973553738096	348	1.09607904446315
"rs2145407"	0.368993186970495	348	1.32966494623859
"rs2145412"	0.368993186970495	348	1.32966494623859
"rs290384"	0.369005230229381	348	1.13854363190169
"rs290389"	0.369005230229381	348	1.13854363190169
"rs367571"	0.369013503233393	348	1.23821992712071
"rs1207005"	0.369038942336744	348	1.10144182078162
"rs1021544"	0.369067231251468	348	0.734039203552112
"rs857060"	0.369101749528566	348	0.840920423340013
"rs284545"	0.369103498072882	348	0.880672732250916
"rs389802"	0.369141912467803	348	1.27125558554992
"rs1328763"	0.369258264313728	348	0.853226000233047
"rs840500"	0.369291067943657	348	0.815888727582512
"rs1739709"	0.369293984481785	348	0.944934702921094
"rs188956"	0.369295170561659	348	0.893956857647884
"rs557358"	0.36933963168346	348	1.14604215299247
"rs565302"	0.369343606266949	348	0.930107185542153
"rs2124890"	0.369345071563219	348	1.32046298876939
"rs378205"	0.369353189853199	348	0.723482908406254
"rs263874"	0.369419715797211	348	1.19313709206901
"rs555036"	0.369469801426876	348	1.27454410041439
"rs410919"	0.369472416869729	348	1.04145201676753
"rs1880467"	0.369509607877698	348	1.11287356980529
"rs2008294"	0.369516142106541	348	0.578315019480822
"rs2008314"	0.369516142106541	348	0.578315019480822
"rs1353054"	0.369518651954486	348	0.849029677537099
"rs770947"	0.369528333721259	348	1.33217934278936
"rs655201"	0.369535875892098	348	0.69440841167072
"rs658941"	0.369535875892098	348	0.69440841167072
"rs1008972"	0.369535875892098	348	0.69440841167072
"rs1008734"	0.369535875892099	348	0.694408411670722
"rs1335865"	0.369535875892099	348	0.694408411670722
"rs1757389"	0.369547816859054	348	1.17635290630034
"rs2089550"	0.369550852573633	348	1.20741261248375
"rs672003"	0.369607888835451	348	0.932349065071113
"rs913185"	0.369623739596802	348	1.21913995401448
"rs2119201"	0.369631377450385	348	1.23310568186327
"rs112172"	0.36963140144896	348	1.17827019371375
"rs808164"	0.369645366346331	348	1.16812459920874
"rs1807730"	0.369651256257779	348	1.18898010349706
"rs729314"	0.369707494112921	348	1.25543735647783
"rs1349698"	0.369724359835681	348	0.841724320251884
"rs1668686"	0.369822377124737	348	1.35774400377596
"rs1559626"	0.369856112185607	348	1.13974291857128
"rs1559650"	0.369856112185609	348	1.13974291857128
"rs1565355"	0.3698609916878	348	1.20816228002653
"rs1035924"	0.369861721579975	348	0.703252548087354
"rs1035933"	0.369861721579975	348	0.703252548087354
"rs1035993"	0.369861721579975	348	0.703252548087354
"rs1036014"	0.369861721579975	348	0.703252548087354
"rs295297"	0.369883164150067	348	0.70566515023642
"rs1120310"	0.369974974922327	348	0.632568260593821
"rs1951152"	0.369985107340516	348	0.816392677440889
"rs356410"	0.370014774698892	348	1.19932708917487
"rs348587"	0.370016926835461	348	0.829346028482714
"rs1807776"	0.370037557503774	348	0.703050949524693
"rs1069340"	0.370041814022456	348	0.840549589516071
"rs366600"	0.370048768751114	348	0.841083358579935
"rs366606"	0.370048768751114	348	0.841083358579935
"rs847841"	0.370058530050063	348	1.19236938134441
"rs736064"	0.370058988864205	348	0.791962564204916
"rs856936"	0.370060715201855	348	0.843202712924191
"rs1307956"	0.370076768525923	348	1.27708378419647
"rs1308175"	0.370076768525923	348	1.27708378419647
"rs1114738"	0.370140469470086	348	0.894361720993297
"rs2196343"	0.370156962755477	348	0.808459556232187
"rs1484546"	0.370177055440586	348	1.25780223977588
"rs1484552"	0.370177055440586	348	1.25780223977588
"rs1485352"	0.370177055440586	348	1.25780223977588
"rs190562"	0.370212707935599	348	0.651157606967523
"rs2118616"	0.370238505055585	348	1.13205654637512
"rs2085374"	0.3702727094539	348	0.869395180333523
"rs1584996"	0.370298316423915	348	0.854120969438274
"rs552847"	0.370338508540634	348	1.08624054451412
"rs336192"	0.370406044813388	348	0.76294325850314
"rs112572"	0.370422043187783	348	0.960264456564269
"rs170988"	0.370478268465774	348	0.810119979549381
"rs607259"	0.37048497396125	348	1.22280659306814
"rs1702611"	0.370545572328803	348	1.22615200114504
"rs1778826"	0.370551806477721	348	0.874611428227687
"rs2047368"	0.370560204828055	348	1.23300288794569
"rs1372605"	0.370561344798154	348	0.918222776858023
"rs1843188"	0.370569727065361	348	1.18937995518632
"rs582066"	0.370578062764523	348	1.17987717040217
"rs577763"	0.370666761902182	348	0.805584186686267
"rs225935"	0.370686596032925	348	0.628494004301146
"rs549204"	0.370686596032925	348	0.628494004301146
"rs549241"	0.370686596032925	348	0.628494004301146
"rs1083127"	0.370686596032925	348	0.628494004301146
"rs1389566"	0.370686596032925	348	0.628494004301146
"rs1607458"	0.370686596032925	348	0.628494004301146
"rs1618531"	0.370686596032925	348	0.628494004301146
"rs1618684"	0.370686596032929	348	0.628494004301141
"rs1306486"	0.370693067600918	348	1.20480627319309
"rs36037"	0.370725482536993	348	0.820995011281449
"rs497048"	0.370742571861496	348	1.25290726098517
"rs1134451"	0.370753858626067	348	1.21175589846621
"rs1687843"	0.370765712679708	348	1.1674115583593
"rs1687846"	0.370765712679708	348	1.1674115583593
"rs546838"	0.370838650965412	348	0.713613104386914
"rs1104218"	0.370849465348832	348	0.855361010198475
"rs1845047"	0.37086778144031	348	0.826834837039441
"rs488987"	0.370878030756821	348	0.78769519104589
"rs488993"	0.370878030756821	348	0.78769519104589
"rs488994"	0.370878030756821	348	0.78769519104589
"rs1598656"	0.370922219138474	348	1.35351350939982
"rs258235"	0.371041227010705	348	0.795234076738132
"rs1580410"	0.371041260499499	348	0.849217374351259
"rs1287677"	0.371078462025421	348	0.819226686792476
"rs2008854"	0.371079649900462	348	0.865839260040741
"rs1691568"	0.371086677426524	348	0.757349051663553
"rs217761"	0.371094593319909	348	1.16088915508604
"rs1206505"	0.371107720686827	348	0.900575206863364
"rs1206518"	0.371107720686827	348	0.900575206863364
"rs943372"	0.371137707306025	348	1.18355158270095
"rs943389"	0.371137707306025	348	1.18355158270095
"rs943390"	0.371137707306025	348	1.18355158270095
"rs943396"	0.371137707306025	348	1.18355158270095
"rs943398"	0.371137707306025	348	1.18355158270095
"rs1488854"	0.371141030559389	348	1.07019542476326
"rs1879880"	0.371145363019285	348	1.20697213508719
"rs425428"	0.371160824313516	348	1.16443122083856
"rs931199"	0.371174209285042	348	0.808889614292563
"rs466366"	0.371219698759727	348	0.859206204615648
"rs466395"	0.371219698759727	348	0.859206204615648
"rs466425"	0.371219698759727	348	0.859206204615648
"rs466572"	0.371219698759727	348	0.859206204615648
"rs460797"	0.371221770914757	348	0.891700902158447
"rs1317653"	0.371226896834488	348	1.15513069527515
"rs1286079"	0.37124935169299	348	0.900662368766627
"rs547174"	0.371275211367679	348	0.821589960524781
"rs486943"	0.37136307913188	348	0.858701702457813
"rs486944"	0.37136307913188	348	0.858701702457813
"rs486958"	0.37136307913188	348	0.858701702457813
"rs864001"	0.371458665617616	348	0.733855359362947
"rs1154456"	0.371492499188486	348	1.36138298525221
"rs1844669"	0.371572478752603	348	0.827053590663047
"rs96501"	0.371598741889973	348	1.0818814876762
"rs295616"	0.37169988257948	348	1.45525457633106
"rs813380"	0.371741811813093	348	0.874249944220315
"rs271422"	0.37181552627307	348	0.772640527397295
"rs271465"	0.37181552627307	348	0.772640527397295
"rs1032225"	0.371828155644132	348	0.700505836761955
"rs1035573"	0.371828155644132	348	0.700505836761955
"rs1035574"	0.371828155644132	348	0.700505836761955
"rs1035575"	0.371828155644132	348	0.700505836761955
"rs1196834"	0.371840175860716	348	0.889044446792798
"rs1197890"	0.371840175860716	348	0.889044446792798
"rs1579340"	0.371863506459952	348	1.32625493573098
"rs1884467"	0.371866827166408	348	0.796700754367025
"rs1586067"	0.371951274646842	348	0.871859925861278
"rs855895"	0.371966401525012	348	1.12467175488112
"rs112568"	0.371970696870567	348	0.963446228370089
"rs407228"	0.372000662839058	348	1.13422337644229
"rs630510"	0.372001885293628	348	2.06119914936033
"rs1311714"	0.372058324885387	348	0.826281167153963
"rs65019"	0.372063778709452	348	1.13392338948895
"rs1390269"	0.372069133280673	348	1.24675344360179
"rs1564008"	0.372178148985272	348	1.24842930948762
"rs1564021"	0.372178148985272	348	1.24842930948762
"rs55792"	0.372191134498332	348	0.731323996971114
"rs55807"	0.372191134498332	348	0.731323996971114
"rs55819"	0.372191134498332	348	0.731323996971114
"rs55831"	0.372191134498332	348	0.731323996971114
"rs55873"	0.372191134498332	348	0.731323996971114
"rs55885"	0.372191134498332	348	0.731323996971114
"rs55889"	0.372191134498332	348	0.731323996971114
"rs55890"	0.372191134498332	348	0.731323996971114
"rs55891"	0.372191134498332	348	0.731323996971114
"rs55892"	0.372191134498332	348	0.731323996971114
"rs55894"	0.372191134498332	348	0.731323996971114
"rs55900"	0.372191134498332	348	0.731323996971114
"rs55921"	0.372191134498332	348	0.731323996971114
"rs55927"	0.372191134498332	348	0.731323996971114
"rs55936"	0.372191134498332	348	0.731323996971114
"rs55963"	0.372191134498332	348	0.731323996971114
"rs55978"	0.372191134498332	348	0.731323996971114
"rs55995"	0.372191134498332	348	0.731323996971114
"rs56017"	0.372191134498332	348	0.731323996971114
"rs56271"	0.372191134498332	348	0.731323996971114
"rs2115379"	0.372196644548125	348	0.62850351569917
"rs41224"	0.372218947944573	348	1.25610573086247
"rs666968"	0.372237667246691	348	1.27781639055177
"rs843662"	0.372242220863328	348	0.802675746383746
"rs3236"	0.372257484740092	348	1.09512445408069
"rs1083754"	0.372272311511698	348	0.813620848480543
"rs507690"	0.372298888728779	348	0.845472698125264
"rs507699"	0.372298888728779	348	0.845472698125264
"rs763154"	0.372329498284313	348	0.815822960328045
"rs544979"	0.372357661147175	348	0.853702092673593
"rs303365"	0.372358295490519	348	0.907926843170103
"rs303363"	0.372358295490521	348	0.448430340632916
"rs806626"	0.372370807981519	348	1.06049500897722
"rs2009868"	0.372378543520572	348	0.780999477231894
"rs83667"	0.372380202059203	348	0.86724709596368
"rs1810132"	0.372386649940469	348	1.23106153981562
"rs2111980"	0.372400575717125	348	0.884344440448711
"rs1433173"	0.372420868932722	348	0.804511820034994
"rs490424"	0.372425099891043	348	1.16209961408353
"rs407052"	0.372437990899109	348	0.846887571192568
"rs407085"	0.372437990899109	348	0.846887571192568
"rs1782906"	0.37245924246747	348	0.834044587639882
"rs1416003"	0.372481376906886	348	0.628123849712402
"rs856837"	0.372484910775179	348	0.843373911614263
"rs856844"	0.372484910775179	348	0.843373911614263
"rs472917"	0.372504615593755	348	0.775656045940803
"rs472924"	0.372504615593755	348	0.775656045940803
"rs1057338"	0.372508298107651	348	1.20980215571831
"rs1057344"	0.372508298107651	348	1.20980215571831
"rs553093"	0.372513762253215	348	1.27274323428641
"rs1933068"	0.372519270047447	348	0.830789385665628
"rs1823069"	0.37252996671273	348	0.811564264205968
"rs365848"	0.372556898627922	348	0.845990464971106
"rs366135"	0.372556898627922	348	0.845990464971106
"rs366180"	0.372556898627922	348	0.845990464971106
"rs1618504"	0.372574263682593	348	1.12978862503916
"rs1957836"	0.372579935897589	348	0.813380054390554
"rs966956"	0.372587017349174	348	0.950903244849287
"rs561983"	0.372595226496562	348	0.817081495186731
"rs561988"	0.372595226496562	348	0.817081495186731
"rs2109073"	0.372615114679341	348	0.872784875324592
"rs135077"	0.372634939098527	348	1.16124157990517
"rs135083"	0.372634939098527	348	1.16124157990517
"rs135086"	0.372634939098527	348	1.16124157990517
"rs998347"	0.372654349632323	348	1.38926426693327
"rs1659576"	0.372665133305955	348	0.849083819190308
"rs563007"	0.372673765828589	348	1.15038141173861
"rs1859091"	0.372675101360967	348	0.507515255000071
"rs1114102"	0.372676031522175	348	1.07564057846822
"rs626509"	0.372685871222841	348	1.21465511205635
"rs650999"	0.37270385372157	348	1.26746823075751
"rs650993"	0.372703853721581	348	1.26746823075751
"rs650978"	0.372703853721586	348	1.2674682307575
"rs650984"	0.372703853721586	348	1.2674682307575
"rs823343"	0.372820493839306	348	1.16368493082664
"rs1071187"	0.372827633752853	348	0.818544945765001
"rs1071193"	0.372827633752853	348	0.818544945765001
"rs2076168"	0.372855751845695	348	1.33353326605382
"rs2077519"	0.372855751845695	348	1.33353326605382
"rs2087414"	0.372855751845695	348	1.33353326605382
"rs1982856"	0.372911316361655	348	0.876462505512032
"rs687414"	0.372912466567187	348	0.839959906411666
"rs131928"	0.37292587482755	348	0.778934836750061
"rs319583"	0.372938209581266	348	1.27330729918789
"rs1884425"	0.372974861386206	348	0.797469826656833
"rs1884438"	0.372974861386206	348	0.797469826656833
"rs1884460"	0.372974861386209	348	0.797469826656834
"rs868485"	0.372976886250271	348	0.844936409756314
"rs1289853"	0.372990660531056	348	1.14977053080124
"rs1687743"	0.373022826067695	348	1.54029382057848
"rs1774124"	0.373158316058402	348	1.12038036942529
"rs698943"	0.37316410622776	348	0.795614564091375
"rs1737987"	0.373167344301495	348	1.11743311132065
"rs712496"	0.373185672242148	348	1.19725074693571
"rs147622"	0.373196224363442	348	0.876476887138803
"rs147624"	0.373196224363442	348	0.876476887138803
"rs123237"	0.373226541366434	348	1.23228879975492
"rs419770"	0.373247416430338	348	1.19719728557715
"rs754952"	0.373260167410381	348	0.81821119358232
"rs1317835"	0.373269668462423	348	1.36423443277389
"rs1371264"	0.373346967687688	348	1.22751455547629
"rs225486"	0.373386117630532	348	1.11386921646584
"rs696430"	0.373387612416658	348	0.770761750439521
"rs226256"	0.373410182435372	348	1.20028912486617
"rs226259"	0.373410182435372	348	1.20028912486617
"rs129740"	0.373424505460349	348	1.14694302518125
"rs809763"	0.373431939071829	348	1.10618646512384
"rs857017"	0.373452712739655	348	0.843196493794051
"rs1564120"	0.37346227192902	348	1.24389595438347
"rs252814"	0.373472368194546	348	0.554990345625375
"rs1198160"	0.373499079181354	348	0.889288687824694
"rs1815774"	0.373538635112313	348	1.2480893434693
"rs380964"	0.373656294789653	348	1.31058828571328
"rs2089346"	0.373716561774238	348	0.84702560717938
"rs1300550"	0.373753259830472	348	1.15520022326404
"rs2152379"	0.373822929358496	348	1.29454447334249
"rs1180239"	0.373868651996007	348	0.874987593912607
"rs1180319"	0.373868651996007	348	0.874987593912607
"rs1415643"	0.373885477989627	348	1.17084971404956
"rs2156409"	0.373888878555844	348	1.30268580982166
"rs1134062"	0.373981219094205	348	0.862562090070727
"rs305257"	0.373992153859556	348	0.948282241534326
"rs1952061"	0.374025669033121	348	1.16692102534764
"rs590117"	0.374087588514424	348	1.28117994843975
"rs300369"	0.374098743769721	348	1.13819783248817
"rs1006418"	0.374118866352548	348	0.845396797891531
"rs1720210"	0.374138747755669	348	1.17858905683931
"rs553192"	0.37415633147259	348	0.919987870088795
"rs420628"	0.374159498340794	348	1.26750732623954
"rs2085910"	0.374262003386984	348	1.25111968257757
"rs1954513"	0.374344837464228	348	1.20023269471762
"rs30790"	0.374361332049531	348	0.804371889543962
"rs286582"	0.374384584872286	348	0.887591735550747
"rs546345"	0.374391713976256	348	1.14328847057691
"rs60418"	0.374429873411045	348	0.803008468165821
"rs60427"	0.374429873411045	348	0.803008468165821
"rs60442"	0.374429873411045	348	0.803008468165821
"rs60445"	0.374429873411045	348	0.803008468165821
"rs61150"	0.374429873411045	348	0.803008468165821
"rs1743190"	0.37447416852596	348	0.820868204563396
"rs1488893"	0.374476186781297	348	0.938648227959592
"rs1778068"	0.374508438292597	348	1.22169687960404
"rs1418240"	0.374531848389851	348	0.695938421549896
"rs2069213"	0.374609854707218	348	1.19995797010889
"rs1597091"	0.374621059533171	348	0.804429250637411
"rs855521"	0.374646239504791	348	0.889539854616438
"rs1880326"	0.374674199529649	348	0.852609537912863
"rs464405"	0.374718268245572	348	0.855067418247322
"rs140966"	0.374725118019541	348	0.841446079080382
"rs1964078"	0.374753531752436	348	0.81190581625138
"rs2159020"	0.374774279591795	348	1.1557405633253
"rs1806705"	0.374803628243134	348	0.765531131376832
"rs573317"	0.374814710117846	348	0.876117319552669
"rs1962967"	0.374824270943722	348	0.860532735333303
"rs127985"	0.374832616454286	348	0.815791820845245
"rs458805"	0.374917646043734	348	1.19027401165901
"rs662725"	0.37492771755637	348	0.730971210787021
"rs663166"	0.37492771755637	348	0.730971210787021
"rs113029"	0.374928555976698	348	1.06473864415017
"rs1005328"	0.374931251847066	348	1.33638412337478
"rs1006272"	0.374931251847066	348	1.33638412337478
"rs1007178"	0.374931251847073	348	1.33638412337478
"rs1007957"	0.374931251847073	348	1.33638412337478
"rs1008400"	0.374931251847073	348	1.33638412337478
"rs1008566"	0.374931251847073	348	1.33638412337478
"rs1322031"	0.374931251847073	348	1.33638412337478
"rs1323661"	0.374931251847073	348	1.33638412337478
"rs191804"	0.374953415274997	348	0.833669601412648
"rs1085342"	0.374984377759712	348	1.19419081843398
"rs1287344"	0.375025139723602	348	0.894382892604217
"rs565830"	0.375030595283876	348	1.11448448880647
"rs2117863"	0.37504515171885	348	0.865587921596009
"rs1923126"	0.375075970996803	348	1.25981112098122
"rs972238"	0.375181634468868	348	1.05259873075402
"rs574643"	0.375182857571503	348	0.786589545549158
"rs566603"	0.375218284826275	348	1.14887364784992
"rs572196"	0.375241487822842	348	0.774181921672465
"rs572553"	0.375241487822842	348	0.774181921672465
"rs2013908"	0.375286491855489	348	0.687169197957461
"rs2019781"	0.375286491855499	348	0.687169197957462
"rs1327087"	0.375290916259565	348	1.18554605390219
"rs754262"	0.375301178829143	348	1.54728377385522
"rs1543694"	0.375386950712076	348	1.51735852046217
"rs1545479"	0.375386950712076	348	1.51735852046217
"rs1545865"	0.375386950712076	348	1.51735852046217
"rs419066"	0.375387681778083	348	0.833952046034908
"rs2035023"	0.375423661738121	348	1.13837791121862
"rs49180"	0.375474427070176	348	1.20550242706146
"rs1291785"	0.375481728123664	348	1.28534240428178
"rs1679402"	0.375521511967582	348	0.793756102515243
"rs466943"	0.375528939277432	348	0.877959666212458
"rs463207"	0.375545558259902	348	1.17485891164793
"rs732253"	0.375570523334042	348	1.39334325624221
"rs202690"	0.375585273249001	348	0.839656830855239
"rs121243"	0.375591550503652	348	0.64591920955832
"rs376157"	0.375591684469297	348	0.811829373720624
"rs1308245"	0.375633779352396	348	0.853313630790811
"rs1973762"	0.375649971114011	348	1.13959635948108
"rs1973764"	0.375649971114011	348	1.13959635948108
"rs704917"	0.375650286088702	348	1.45836458207227
"rs1313721"	0.375650286088702	348	1.45836458207227
"rs687197"	0.375654862327535	348	0.833347383701984
"rs1196260"	0.375661713211536	348	0.838735727890091
"rs1412999"	0.375667821546845	348	0.891153083027217
"rs1005424"	0.375681234911507	348	1.19138913956074
"rs1884018"	0.375696724891791	348	1.07952092598211
"rs1206804"	0.375720610817409	348	1.09451508739575
"rs24056"	0.375737880357206	348	0.740808776129199
"rs1779375"	0.375741354813443	348	1.14150010210086
"rs1039402"	0.375760161004351	348	1.2923166743159
"rs2072023"	0.375798102121476	348	0.78805453007466
"rs305339"	0.37580181495706	348	1.23225745401219
"rs305341"	0.37580181495706	348	1.23225745401219
"rs305345"	0.37580181495706	348	1.23225745401219
"rs419519"	0.375834425719999	348	1.17290562356644
"rs1067826"	0.375882232093306	348	1.27589665494871
"rs1739549"	0.37588917126495	348	0.842715289362255
"rs1951571"	0.375893439771703	348	0.847679622507123
"rs1113032"	0.37592566988525	348	0.841659656909837
"rs1113065"	0.37592566988525	348	0.841659656909837
"rs2170962"	0.375969813482937	348	1.07061530656429
"rs1948912"	0.375984234654202	348	0.839075659381324
"rs857569"	0.375986123768183	348	0.712337724578464
"rs42840"	0.375991730821447	348	1.18382920800169
"rs883964"	0.376044307747221	348	1.14786515644979
"rs902401"	0.37605965632062	348	1.1719257303704
"rs532938"	0.376074150888489	348	1.36993140479127
"rs533254"	0.376074150888489	348	1.36993140479127
"rs533297"	0.376074150888489	348	1.36993140479127
"rs130079"	0.376080941319533	348	1.16318620690091
"rs863245"	0.376094702799827	348	1.31734559041867
"rs842981"	0.376098940130287	348	1.23773739702563
"rs984797"	0.376161827832321	348	1.19290422145451
"rs699932"	0.376202786397893	348	0.737019741997784
"rs308366"	0.376245836928837	348	0.819954738913527
"rs1326931"	0.37625481991156	348	1.20764995737922
"rs1682695"	0.376303365749573	348	1.20010710602152
"rs1884448"	0.376363859115755	348	0.798195250944622
"rs83066"	0.376374785283104	348	1.16717040133008
"rs411883"	0.376383477404906	348	0.925158885049342
"rs1378038"	0.376394737224148	348	0.773241354037335
"rs552811"	0.376403708379167	348	0.824125639390797
"rs1068346"	0.376412916469124	348	0.822035435460735
"rs122423"	0.376425417023968	348	0.888849827324867
"rs882143"	0.376447215793116	348	0.725036163641718
"rs909716"	0.376466721519753	348	1.23426205331643
"rs909725"	0.376466721519753	348	1.23426205331643
"rs2023187"	0.376470076728197	348	0.821808261457502
"rs597279"	0.376474680516732	348	1.15504244451551
"rs132397"	0.376489757730272	348	1.14385718849575
"rs933557"	0.376503451567091	348	0.839184939743854
"rs1151099"	0.376516203430035	348	0.865024605986948
"rs1823026"	0.376516690112863	348	0.792996030621585
"rs820618"	0.37657293414421	348	0.872658509519728
"rs820629"	0.37657293414421	348	0.872658509519728
"rs820632"	0.37657293414421	348	0.872658509519728
"rs552865"	0.376589693650063	348	0.834324112876341
"rs938675"	0.376591378130661	348	0.798977837390492
"rs857043"	0.376595916723317	348	0.84510431740357
"rs1308738"	0.376622849489546	348	0.765264725786897
"rs1583739"	0.376624111258697	348	0.846422315324763
"rs2159350"	0.376650313783153	348	1.15322283291583
"rs62110"	0.376664201903863	348	0.830519912316158
"rs63420"	0.376685543166097	348	1.18005940366325
"rs551526"	0.3767080984314	348	0.815787492304086
"rs1336550"	0.37676205510972	348	1.16294933922556
"rs1198790"	0.376769371320305	348	0.888569456527502
"rs1198796"	0.376769371320305	348	0.888569456527502
"rs1716938"	0.376782767654548	348	1.18605854871706
"rs302729"	0.376796332391166	348	1.34817527484769
"rs127639"	0.376805300353868	348	0.870038831339577
"rs772887"	0.376807683879708	348	1.31802263428761
"rs1735907"	0.376909478348685	348	1.20984999807137
"rs1735915"	0.376909478348685	348	1.20984999807137
"rs322404"	0.376917177835941	348	1.19890312773929
"rs1689856"	0.376923695539018	348	1.24136747775511
"rs306907"	0.376941190671647	348	0.823438157023665
"rs835955"	0.376993765878795	348	1.17615300644627
"rs951472"	0.377023693453216	348	0.541155542590109
"rs1079091"	0.377035705840336	348	1.18914919523858
"rs1754318"	0.377120252746303	348	1.32386560811687
"rs1754385"	0.377120252746303	348	1.32386560811687
"rs445607"	0.377165059828133	348	1.08805948847064
"rs1993093"	0.377171403217311	348	1.20115591620753
"rs1345274"	0.37717763010582	348	0.84467744440253
"rs235812"	0.377282031549299	348	1.38655921563846
"rs560740"	0.377340712692893	348	1.26586682618602
"rs561223"	0.377340712692893	348	1.26586682618602
"rs561312"	0.377340712692893	348	1.26586682618602
"rs31596"	0.377353726735535	348	0.909672313493386
"rs1047436"	0.377419057627636	348	1.22484417397713
"rs1922982"	0.377440519487491	348	1.23136494545589
"rs1436143"	0.377447145779636	348	1.25083148961299
"rs276706"	0.377469017552083	348	0.85164789579542
"rs1977733"	0.377554492237871	348	0.852504575352016
"rs1880730"	0.377627408246814	348	0.847319327867332
"rs1372916"	0.377637453214731	348	0.886857538178503
"rs2171162"	0.377654823855563	348	0.921394996178711
"rs369876"	0.377668017505008	348	1.35818834483413
"rs327979"	0.377730157022386	348	0.855080477231969
"rs1163336"	0.377795825989244	348	1.14667636459915
"rs1104407"	0.377796360516958	348	1.21153438192391
"rs270271"	0.377914025928708	348	0.915454288366683
"rs1478950"	0.377969563637123	348	1.14547895110005
"rs138054"	0.377974603582391	348	1.12016899807289
"rs1161372"	0.378010064760259	348	1.16419651464832
"rs1598963"	0.378053359810332	348	0.693596820094639
"rs1599005"	0.378053359810332	348	0.693596820094639
"rs466180"	0.378066922702753	348	0.864516206327649
"rs132366"	0.378100874659197	348	1.13162431880533
"rs1546951"	0.37814717272194	348	1.16308854698053
"rs1546954"	0.37814717272194	348	1.16308854698053
"rs678143"	0.378180443181343	348	0.852852981480131
"rs500741"	0.378195784355349	348	1.4265282356442
"rs305296"	0.378266158829783	348	0.803792698627237
"rs1739432"	0.378291981624117	348	1.15432531401093
"rs1739435"	0.378291981624117	348	1.15432531401093
"rs55996"	0.3783242677932	348	0.734180635043963
"rs993596"	0.378368203178507	348	0.853981511468381
"rs993641"	0.378368203178507	348	0.853981511468381
"rs993677"	0.378368203178507	348	0.853981511468381
"rs993683"	0.378368203178507	348	0.853981511468381
"rs1561693"	0.378441832751628	348	0.93716554116293
"rs951194"	0.378461643476874	348	0.185560578847851
"rs424721"	0.37846362268632	348	0.712577396483351
"rs426231"	0.37846362268632	348	0.712577396483351
"rs908570"	0.378481591316617	348	0.837900504499037
"rs305347"	0.378492596458073	348	1.23098386521479
"rs818715"	0.378492842881703	348	1.13741638475036
"rs818718"	0.378492842881703	348	1.13741638475036
"rs818814"	0.378492842881703	348	1.13741638475036
"rs818742"	0.378492842881706	348	1.13741638475036
"rs1782823"	0.378496735375216	348	0.874008302914386
"rs1308207"	0.378527452559018	348	1.16698116255102
"rs1308225"	0.378527452559022	348	1.16698116255102
"rs1758175"	0.378532115794609	348	1.14005094440878
"rs951533"	0.378534497004653	348	0.878479830075579
"rs1884426"	0.378555959350916	348	0.799366376583135
"rs1884430"	0.378555959350916	348	0.799366376583135
"rs1884433"	0.378555959350916	348	0.799366376583135
"rs1884437"	0.378555959350916	348	0.799366376583135
"rs1884443"	0.378555959350916	348	0.799366376583135
"rs1884461"	0.378555959350916	348	0.799366376583135
"rs1884463"	0.378555959350916	348	0.799366376583135
"rs1884468"	0.378555959350916	348	0.799366376583135
"rs1884470"	0.378555959350916	348	0.799366376583135
"rs1884472"	0.378555959350916	348	0.799366376583135
"rs1884484"	0.378555959350916	348	0.799366376583135
"rs1884486"	0.378555959350916	348	0.799366376583135
"rs1884490"	0.378555959350916	348	0.799366376583135
"rs1884492"	0.378555959350916	348	0.799366376583135
"rs1884504"	0.378555959350916	348	0.799366376583135
"rs1884515"	0.378555959350916	348	0.799366376583135
"rs1884524"	0.378555959350916	348	0.799366376583135
"rs1884526"	0.378555959350916	348	0.799366376583135
"rs1884527"	0.378555959350916	348	0.799366376583135
"rs716627"	0.378576877007636	348	0.836516244134196
"rs1204602"	0.378578339306901	348	0.884051575316121
"rs2178836"	0.378640496943899	348	0.859330200817656
"rs1070806"	0.378661614628727	348	1.17854949312714
"rs1070821"	0.378661614628727	348	1.17854949312714
"rs1070830"	0.378661614628727	348	1.17854949312714
"rs1645304"	0.378704015618596	348	0.854914469452391
"rs1645319"	0.378704015618596	348	0.854914469452391
"rs1204838"	0.378705281925638	348	0.890289271954782
"rs1889881"	0.378772418058022	348	1.16052531232376
"rs1055582"	0.378778165320137	348	0.850849999988291
"rs1804909"	0.37878768878671	348	1.35964193489713
"rs1734658"	0.378804842440413	348	1.19951853019042
"rs1734667"	0.378804842440413	348	1.19951853019042
"rs117432"	0.378820981527708	348	0.884670940765474
"rs515307"	0.378829149401847	348	1.14297682921707
"rs2167944"	0.378853474617442	348	0.82692662694459
"rs559976"	0.378857487778531	348	0.844372538143525
"rs2090871"	0.378862523417666	348	0.808896518115415
"rs1884509"	0.378876026317586	348	0.79947989319283
"rs506056"	0.378895538419262	348	1.41327228028608
"rs530019"	0.378895538419266	348	1.41327228028608
"rs95817"	0.378916663191448	348	1.17264321226223
"rs95820"	0.378916663191448	348	1.17264321226223
"rs336972"	0.378922611124703	348	0.831313094286273
"rs662177"	0.378925673905633	348	0.788636733411881
"rs2135221"	0.379090066802534	348	1.14434892307162
"rs1384157"	0.37909657244632	348	1.30933082331347
"rs525252"	0.37910461248293	348	0.822090741345692
"rs939094"	0.379128836338867	348	1.24342028090692
"rs939100"	0.379128836338867	348	1.24342028090692
"rs939110"	0.379128836338867	348	1.24342028090692
"rs939120"	0.379128836338867	348	1.24342028090692
"rs552699"	0.379133685202758	348	1.25646849157005
"rs552706"	0.379133685202758	348	1.25646849157005
"rs552727"	0.379133685202758	348	1.25646849157005
"rs1598759"	0.379171413584447	348	1.40136895726959
"rs1204821"	0.379239009590286	348	0.890472098751929
"rs1671501"	0.379248938689695	348	0.842055798892748
"rs466902"	0.379299778957369	348	0.921638839596791
"rs2215213"	0.379319785744072	348	1.19868825836622
"rs1655614"	0.379437744542372	348	0.854856451661921
"rs994817"	0.379447365046057	348	0.772075178953687
"rs994829"	0.379447365046057	348	0.772075178953687
"rs2009919"	0.37947984198642	348	0.860755536254296
"rs2200666"	0.379492177699126	348	1.20815643605213
"rs1308580"	0.379501881064943	348	1.11040338216792
"rs264598"	0.379501987371156	348	1.17166618323477
"rs60349"	0.379515001936347	348	0.804965032250482
"rs854233"	0.379541762796135	348	0.788913155055179
"rs911691"	0.379563454627033	348	1.35542943914916
"rs1889457"	0.379590266981851	348	0.845799975285322
"rs1047083"	0.37962019586609	348	0.814538046807671
"rs1182722"	0.379645037065111	348	0.879233040474538
"rs214841"	0.379700512734472	348	1.26469195069119
"rs1995443"	0.379732537423592	348	0.802895466411352
"rs1603753"	0.379799329247985	348	1.32720650773447
"rs409779"	0.379809709531748	348	0.818204266507586
"rs409782"	0.379809709531748	348	0.818204266507586
"rs409881"	0.379809709531748	348	0.818204266507586
"rs409896"	0.379809709531748	348	0.818204266507586
"rs912053"	0.379834620248307	348	0.834598910148058
"rs246755"	0.379942258300085	348	1.37189761887642
"rs1840074"	0.379944021661219	348	0.853970177836507
"rs453645"	0.379946488621086	348	0.806441025792854
"rs453919"	0.379946488621086	348	0.806441025792854
"rs1874556"	0.379963606513758	348	0.83772714987432
"rs547895"	0.379966527026162	348	1.16563323044713
"rs474744"	0.379975361483069	348	1.2574597575634
"rs562376"	0.380016003992063	348	1.15505365197993
"rs303377"	0.380057813957519	348	0.908330015086091
"rs303381"	0.380057813957519	348	0.908330015086091
"rs1647128"	0.380113957508316	348	1.37525446676704
"rs568856"	0.380122401487178	348	1.23783104482793
"rs1884435"	0.380139245817941	348	0.800235312566821
"rs1819340"	0.380149868993203	348	1.26771424525415
"rs1316056"	0.380159249926466	348	1.16926448753626
"rs1864189"	0.380167603797529	348	1.21726399389806
"rs633451"	0.380256753045378	348	1.06097515617581
"rs2159795"	0.380334148909281	348	1.16173069791718
"rs324808"	0.380367649463363	348	0.831770400175628
"rs639029"	0.380383486774277	348	1.17829504085153
"rs585096"	0.380436625989532	348	0.813494222138816
"rs133999"	0.380516729561989	348	1.20709625892555
"rs1675062"	0.380520139568277	348	0.691339714294717
"rs1675032"	0.38052013956828	348	0.691339714294718
"rs467355"	0.380563752328208	348	1.2213029394267
"rs467356"	0.380563752328208	348	1.2213029394267
"rs1106580"	0.380573908441376	348	0.85082962768736
"rs146928"	0.380576015330157	348	0.828830842385863
"rs159437"	0.380585706458629	348	1.2271595836658
"rs869175"	0.380594895157117	348	0.879075412273897
"rs2163586"	0.380608371774717	348	0.900358733889338
"rs1559459"	0.380651655183616	348	0.854445503037517
"rs1559464"	0.380651655183616	348	0.854445503037517
"rs1559467"	0.380651655183616	348	0.854445503037517
"rs1559484"	0.380651655183616	348	0.854445503037517
"rs1578316"	0.38067284312786	348	0.822008622938956
"rs1578373"	0.38067284312786	348	0.822008622938956
"rs73305"	0.380714393469837	348	0.817692374620746
"rs1467300"	0.380719756498202	348	1.25129539000636
"rs1467302"	0.380719756498202	348	1.25129539000636
"rs1467307"	0.380719756498202	348	1.25129539000636
"rs1467310"	0.380719756498202	348	1.25129539000636
"rs1467312"	0.380719756498202	348	1.25129539000636
"rs1467320"	0.380719756498202	348	1.25129539000636
"rs1467321"	0.380719756498202	348	1.25129539000636
"rs1467324"	0.380719756498202	348	1.25129539000636
"rs1467398"	0.380719756498202	348	1.25129539000636
"rs43470"	0.380748371746511	348	1.29812238574334
"rs1120001"	0.380755042638226	348	1.21203998165763
"rs490976"	0.380765570744605	348	0.720167755302672
"rs490979"	0.380765570744605	348	0.720167755302672
"rs491018"	0.380765570744605	348	0.720167755302672
"rs50350"	0.380773523135595	348	0.787020121610715
"rs2119288"	0.380784863920502	348	0.897619996378311
"rs1207363"	0.380807249798663	348	0.881198407670314
"rs561112"	0.380843396907699	348	1.26468580829227
"rs1964449"	0.380868711723398	348	1.07345960708007
"rs1964453"	0.380868711723398	348	1.07345960708007
"rs1293948"	0.380880885727516	348	1.16589028881236
"rs1293950"	0.380880885727516	348	1.16589028881236
"rs1415112"	0.380913061790551	348	1.39557646302913
"rs858579"	0.380933913461563	348	0.637816656904901
"rs1593072"	0.38097687925014	348	0.807012139103655
"rs2021710"	0.380991202760732	348	0.790577301268429
"rs478362"	0.380998101412622	348	1.24431321279191
"rs1999298"	0.381027701194302	348	1.40824258219868
"rs1999403"	0.381027701194302	348	1.40824258219868
"rs1999749"	0.381027701194308	348	1.40824258219867
"rs22582"	0.381041567756189	348	0.897622966607794
"rs2024626"	0.381044771161748	348	1.11290488758392
"rs2066561"	0.38109126952985	348	0.821416742208188
"rs1442263"	0.381097492649052	348	0.840607547756889
"rs1115870"	0.38109812648449	348	0.835595389537789
"rs2148148"	0.381104296353218	348	1.17654879318675
"rs582141"	0.381154034597482	348	1.17464485260691
"rs57231"	0.381206254250782	348	0.798484050810681
"rs57234"	0.381206254250782	348	0.798484050810681
"rs133142"	0.381279355578051	348	1.18594248376532
"rs453572"	0.381291459709112	348	1.15517675130574
"rs354640"	0.381312912765161	348	1.05579626466059
"rs1295742"	0.381317403378867	348	1.15818580300969
"rs1793423"	0.381344339132298	348	1.17064064817625
"rs1020644"	0.381361697352801	348	1.37802403892076
"rs1575942"	0.381391331311125	348	1.20708779976752
"rs1904800"	0.381396155522552	348	1.16330249483876
"rs264671"	0.381405229329536	348	1.08601142207412
"rs264673"	0.381405229329536	348	1.08601142207412
"rs1372618"	0.38140654489707	348	0.884577123251913
"rs135431"	0.381552636825515	348	0.87618969037701
"rs702654"	0.381560162163418	348	0.770079284713351
"rs702657"	0.381560162163418	348	0.770079284713351
"rs702666"	0.381560162163418	348	0.770079284713351
"rs702687"	0.381560162163418	348	0.770079284713351
"rs702696"	0.381560162163418	348	0.770079284713351
"rs702698"	0.381560162163418	348	0.770079284713351
"rs702702"	0.381560162163418	348	0.770079284713351
"rs702705"	0.381560162163418	348	0.770079284713351
"rs1103221"	0.381578798601761	348	0.628447284931486
"rs93017"	0.381619469186904	348	0.641956392567618
"rs1932389"	0.381653545390592	348	0.789842205647173
"rs473991"	0.381686666617757	348	1.15291236804242
"rs327334"	0.381697922575518	348	1.34608902755767
"rs1478963"	0.381699876266485	348	0.800883191818371
"rs212720"	0.381705969821562	348	1.2904548611458
"rs1608762"	0.381785920110717	348	0.502903748849554
"rs1608888"	0.381785920110717	348	0.502903748849554
"rs1609182"	0.381785920110717	348	0.502903748849554
"rs2170862"	0.381795777412418	348	0.89973048606606
"rs1594594"	0.381808679790477	348	1.16095182820071
"rs1752573"	0.381826804432318	348	1.1305481728999
"rs424505"	0.381828303117518	348	1.13129813523764
"rs134566"	0.381842439737365	348	0.880271339353687
"rs225880"	0.381869332408484	348	0.853666196902794
"rs225882"	0.381869332408484	348	0.853666196902794
"rs307865"	0.381887837136372	348	0.826177471640517
"rs307990"	0.381887837136372	348	0.826177471640517
"rs271403"	0.381901521910805	348	0.776735561991522
"rs418120"	0.381919691541446	348	0.720786356920411
"rs2159391"	0.381922063343743	348	1.15381810089814
"rs163834"	0.381928863915245	348	1.22094871697442
"rs163835"	0.381928863915245	348	1.22094871697442
"rs163837"	0.381928863915245	348	1.22094871697442
"rs1606695"	0.38207405772989	348	1.19574815284136
"rs1167481"	0.382077664790561	348	1.08628738524693
"rs1962136"	0.382086315854543	348	1.43821437609602
"rs1962182"	0.382086315854543	348	1.43821437609602
"rs819111"	0.382091561050844	348	1.14870626213067
"rs526743"	0.382093304932982	348	0.687141982799074
"rs303309"	0.382119287141826	348	0.916870307221704
"rs2000314"	0.382130548475944	348	1.15051546316712
"rs224808"	0.382131570800466	348	1.41461530178936
"rs1532828"	0.382164171956803	348	1.19530205911984
"rs1532877"	0.382164171956803	348	1.19530205911984
"rs1366390"	0.382165683622444	348	1.30123199051741
"rs277292"	0.382211585957693	348	0.818100371174651
"rs1296558"	0.382227108114388	348	0.812400271595759
"rs1073671"	0.38222865528235	348	0.742118699719369
"rs1353282"	0.382260870942349	348	0.771156184072836
"rs2118763"	0.382271020214847	348	1.12188893014802
"rs2118769"	0.382271020214847	348	1.12188893014802
"rs2089642"	0.382286036630672	348	1.11323969453647
"rs151399"	0.382319990354496	348	0.799162167399149
"rs816516"	0.382324743750872	348	1.13241625353872
"rs1879427"	0.38233166494244	348	1.17607766154669
"rs1879430"	0.38233166494244	348	1.17607766154669
"rs1879433"	0.38233166494244	348	1.17607766154669
"rs633786"	0.382371679032027	348	0.860556968637949
"rs1371387"	0.382379247466969	348	1.19790394453146
"rs134075"	0.38239979463892	348	0.899217095562629
"rs1583583"	0.38247171059618	348	1.17804378966467
"rs1690189"	0.382488420375258	348	1.14720444498043
"rs389872"	0.382514594688812	348	1.26730444073439
"rs1783117"	0.382619873916048	348	0.85963855921476
"rs300131"	0.382627408235275	348	1.13463452366646
"rs779045"	0.382646442844072	348	0.821262924942225
"rs693162"	0.382659394058822	348	1.22806289616381
"rs693165"	0.382659394058822	348	1.22806289616381
"rs693333"	0.382659394058822	348	1.22806289616381
"rs693363"	0.382659394058822	348	1.22806289616381
"rs693365"	0.382659394058822	348	1.22806289616381
"rs693368"	0.382659394058822	348	1.22806289616381
"rs693385"	0.382659394058822	348	1.22806289616381
"rs88129"	0.382706119438816	348	0.870076724696892
"rs1018212"	0.382817743699995	348	0.807007953730914
"rs1161681"	0.38282556020951	348	1.17542499019636
"rs869512"	0.38288909820547	348	0.819278407187919
"rs1018625"	0.382898107031301	348	1.18923508745268
"rs429710"	0.382941641172469	348	0.785934041682635
"rs1164217"	0.382958502235422	348	1.21724288797446
"rs1704310"	0.382996073876335	348	1.17341926018431
"rs1709448"	0.382996073876335	348	1.17341926018431
"rs1719705"	0.382996073876335	348	1.17341926018431
"rs1719863"	0.382996073876335	348	1.17341926018431
"rs1720205"	0.382996073876335	348	1.17341926018431
"rs780280"	0.382997580628389	348	0.816528024254102
"rs1753207"	0.383027395112629	348	1.13532767550746
"rs1753208"	0.383027395112629	348	1.13532767550746
"rs1753221"	0.383027395112629	348	1.13532767550746
"rs1886579"	0.383033748002457	348	0.822536270023355
"rs347539"	0.383039497257545	348	0.865491317467693
"rs679107"	0.383045076158238	348	0.683847031065406
"rs1344591"	0.383071015725745	348	0.82209531774658
"rs307193"	0.383084177975353	348	0.805328516942214
"rs254318"	0.383087096018145	348	1.12842342381783
"rs1136423"	0.383094997425783	348	1.23605655165876
"rs1996739"	0.383111918986701	348	0.798821404237244
"rs537446"	0.383111977432531	348	0.871355123013479
"rs726396"	0.383132053402593	348	1.15159917286887
"rs711000"	0.383189540075773	348	1.45051772024828
"rs1609299"	0.383246876833348	348	1.21894758073824
"rs1609308"	0.383246876833348	348	1.21894758073824
"rs246548"	0.383331021880693	348	1.19586277932874
"rs476326"	0.383356051138155	348	1.24989476879693
"rs1104233"	0.383422536681179	348	0.862034084567251
"rs2058418"	0.38343782319182	348	0.745858604004852
"rs1666968"	0.383508210090247	348	0.865122838807231
"rs550598"	0.383532184390737	348	0.74118645517148
"rs1316471"	0.383538775556718	348	0.709036514896219
"rs1316591"	0.383538775556718	348	0.709036514896219
"rs1316594"	0.383538775556718	348	0.709036514896219
"rs1316603"	0.383538775556718	348	0.709036514896219
"rs1316612"	0.383538775556718	348	0.709036514896219
"rs830093"	0.383589729961049	348	1.24542987451826
"rs1939648"	0.383591303551578	348	1.16921543973287
"rs1999195"	0.38362615241621	348	0.840210590715289
"rs445616"	0.38362902227913	348	0.953999667617041
"rs845564"	0.383650557857681	348	0.897068133321923
"rs1198291"	0.383658992786585	348	0.89376247119438
"rs1351687"	0.383665584655101	348	0.523171817032068
"rs510475"	0.383669647763046	348	1.06871342651932
"rs510477"	0.383669647763046	348	1.06871342651932
"rs928761"	0.383671742288788	348	0.887814462369927
"rs759639"	0.383678944522351	348	0.687248761501745
"rs1458600"	0.383678944522351	348	0.687248761501746
"rs1481609"	0.383678944522351	348	0.687248761501746
"rs1141500"	0.383680413241889	348	1.24168069304275
"rs942787"	0.383697590265832	348	0.866965036676368
"rs1814830"	0.383723799972	348	1.53925982486987
"rs1286814"	0.383727150756197	348	0.882609664371284
"rs1199563"	0.383755124734956	348	0.894310725186872
"rs301701"	0.383768039521598	348	0.848509621787699
"rs445610"	0.383786729642502	348	0.954017176581141
"rs445614"	0.383786729642502	348	0.954017176581141
"rs1897575"	0.383787919439347	348	0.790096702045852
"rs2163329"	0.383796310869051	348	1.11630926015951
"rs344051"	0.383843463484513	348	1.18123503599642
"rs1673942"	0.383854441336131	348	1.26337602251174
"rs1673943"	0.383854441336131	348	1.26337602251174
"rs372051"	0.383859523425302	348	0.734442787523391
"rs1933741"	0.383869222507493	348	0.845180498156934
"rs824227"	0.383877101265128	348	1.12994730912151
"rs544859"	0.38398434413475	348	0.862887966516316
"rs306870"	0.384043580709553	348	0.826954758829494
"rs1735426"	0.384048411284919	348	1.19549613591959
"rs2012738"	0.38407192417497	348	1.19964349816807
"rs459008"	0.38416867229583	348	1.17798049050746
"rs346217"	0.384169361536246	348	1.21612840233307
"rs126921"	0.384199827149167	348	0.873630217108574
"rs1068194"	0.384200295404371	348	1.17005442437255
"rs1634437"	0.384211234216572	348	0.720873059860804
"rs1964033"	0.384220843949854	348	0.72281558821296
"rs1197964"	0.384224216908218	348	0.89250825983207
"rs1874334"	0.384260514373788	348	0.927929765770587
"rs1637041"	0.384288103012323	348	0.929081904099251
"rs568503"	0.384374862260267	348	1.2127843578983
"rs1828267"	0.384393682193875	348	1.20547145929465
"rs745618"	0.384401093966988	348	0.861505294699118
"rs2203434"	0.384428275493828	348	0.852594879071424
"rs239416"	0.384470490180876	348	1.20002301531505
"rs1896532"	0.384478484904939	348	0.670368151465495
"rs501501"	0.384486820354501	348	1.17816443919829
"rs2089757"	0.384489594225043	348	1.18363051286554
"rs846313"	0.384496781785552	348	1.17919353627122
"rs847729"	0.384496781785552	348	1.17919353627122
"rs848089"	0.384496781785552	348	1.17919353627122
"rs1961562"	0.384621217418086	348	1.07307669694041
"rs769226"	0.384648954334341	348	1.20322839168199
"rs1579698"	0.384697931428505	348	0.848849766535341
"rs1579680"	0.384697931428507	348	0.848849766535342
"rs1579719"	0.384697931428507	348	0.848849766535342
"rs145198"	0.384767665088301	348	1.12372743974373
"rs51974"	0.38477430540849	348	0.776047355595853
"rs72839"	0.384783768240974	348	1.40087852005562
"rs407453"	0.384788823428532	348	1.21087731503281
"rs407456"	0.384788823428532	348	1.21087731503281
"rs407462"	0.384788823428532	348	1.21087731503281
"rs407485"	0.384788823428532	348	1.21087731503281
"rs407492"	0.384788823428532	348	1.21087731503281
"rs407501"	0.384788823428532	348	1.21087731503281
"rs855786"	0.384825276590142	348	0.79208480209062
"rs835524"	0.384834759851666	348	1.21848600114506
"rs1372622"	0.384862693164854	348	0.885550708769577
"rs1372623"	0.384862693164854	348	0.885550708769577
"rs306376"	0.384897180660807	348	0.844188259899178
"rs2089765"	0.384950799951884	348	1.18387466066156
"rs1561550"	0.384963383789778	348	0.907205594030709
"rs1561555"	0.384963383789778	348	0.907205594030709
"rs1964912"	0.384968271400326	348	0.49486197579696
"rs476381"	0.38499565126687	348	1.164214187244
"rs1879989"	0.385012378465657	348	1.06336800837331
"rs1920543"	0.385013302253718	348	0.800298164317852
"rs988973"	0.385045552080276	348	1.21052173476724
"rs988974"	0.385045552080276	348	1.21052173476724
"rs988975"	0.385045552080276	348	1.21052173476724
"rs396502"	0.385096672648034	348	0.827492185199445
"rs1286381"	0.385115472829118	348	0.89723701292377
"rs1286390"	0.385115472829118	348	0.89723701292377
"rs1286408"	0.385115472829118	348	0.89723701292377
"rs1286424"	0.385115472829118	348	0.89723701292377
"rs1286439"	0.385115472829118	348	0.89723701292377
"rs1286543"	0.385115472829118	348	0.89723701292377
"rs1286679"	0.385115472829118	348	0.89723701292377
"rs1286884"	0.385115472829118	348	0.89723701292377
"rs1286961"	0.385115472829118	348	0.89723701292377
"rs363503"	0.385141841233677	348	0.869610375757418
"rs2060176"	0.385189732630005	348	0.848487146668739
"rs2060178"	0.385189732630005	348	0.848487146668739
"rs1691199"	0.385201200568323	348	1.19243502274939
"rs225969"	0.385212311481205	348	0.822612631041676
"rs1056363"	0.385245444845522	348	0.702870641026847
"rs157322"	0.385273871689358	348	1.09314178258421
"rs601098"	0.385274776218807	348	2.03826656515174
"rs143713"	0.385393847125757	348	1.31556626751185
"rs554609"	0.385410696538516	348	1.15378439877916
"rs554610"	0.385410696538516	348	1.15378439877916
"rs1591359"	0.385427874174232	348	0.838981434174503
"rs1591379"	0.385427874174232	348	0.838981434174503
"rs744028"	0.385455453322496	348	0.831336490680947
"rs1488845"	0.385465377418348	348	1.06922184755071
"rs217728"	0.385502164140199	348	1.15211680898064
"rs217730"	0.385502164140199	348	1.15211680898064
"rs544928"	0.385518289259714	348	0.861949830623946
"rs2115201"	0.385532764413236	348	1.25246729104702
"rs2100431"	0.38553901747444	348	1.18313373186096
"rs121117"	0.385581395341043	348	0.878614491620175
"rs1706172"	0.385591579080163	348	1.16412719323178
"rs1199541"	0.385599019297721	348	0.890131162377668
"rs483950"	0.385599697909742	348	0.783721183611404
"rs835880"	0.38563693273836	348	1.19801977943516
"rs1106040"	0.385648270367466	348	0.861805562868156
"rs671675"	0.385671624277434	348	1.36887465619204
"rs72755"	0.385675925954789	348	1.3942048490955
"rs426403"	0.385720392361748	348	1.23057757254138
"rs2021706"	0.385720535453524	348	0.792370637327242
"rs1399082"	0.385754423412522	348	1.23769152013058
"rs912233"	0.385767036766633	348	0.807658153379331
"rs912239"	0.385767036766633	348	0.807658153379331
"rs855628"	0.385778241127289	348	1.17761149791315
"rs855638"	0.385778241127289	348	1.17761149791315
"rs855639"	0.385778241127289	348	1.17761149791315
"rs1628636"	0.385809274995909	348	1.20021266191257
"rs938324"	0.385865740482057	348	0.93782391885256
"rs615602"	0.385878626883928	348	1.20481092526025
"rs83851"	0.385883401097393	348	0.857214453499429
"rs123162"	0.385890191340884	348	0.864027235292651
"rs1720098"	0.385907449309529	348	1.17792861884573
"rs2167758"	0.385970564097116	348	0.879431640043159
"rs404846"	0.38601959284662	348	1.27988473022269
"rs1541506"	0.386019956984458	348	0.752456020892678
"rs1952013"	0.38602181268488	348	1.31167419903188
"rs1952038"	0.38602181268488	348	1.31167419903188
"rs845270"	0.386041914475703	348	1.14561733581319
"rs2115616"	0.386069528618532	348	0.899794001264597
"rs1795837"	0.386093794402071	348	1.19190226021749
"rs2134154"	0.386139898581173	348	0.811839562279473
"rs806668"	0.386142225009327	348	0.884521927192568
"rs806669"	0.386142225009327	348	0.884521927192568
"rs806670"	0.386142225009327	348	0.884521927192568
"rs616458"	0.386267999736253	348	0.718540659250916
"rs616461"	0.386267999736253	348	0.718540659250916
"rs616867"	0.386267999736253	348	0.718540659250916
"rs613542"	0.386330417840179	348	1.18888397263793
"rs1206492"	0.386342888190283	348	0.903155687149901
"rs304589"	0.386345656624483	348	1.23777338144188
"rs2087047"	0.386351160186871	348	1.10073058736823
"rs1044601"	0.386363737944294	348	0.736199247591587
"rs1078194"	0.386375722644783	348	1.33606856747674
"rs1079308"	0.386375722644783	348	1.33606856747674
"rs843330"	0.386429044108231	348	0.810265784590346
"rs1579087"	0.386439858956008	348	1.17042771402926
"rs416025"	0.386483277870943	348	1.19133135834256
"rs55915"	0.386498634195133	348	0.840659229772127
"rs580662"	0.386516966853646	348	1.18149729686807
"rs1357687"	0.38652316188221	348	1.25578335985686
"rs2171105"	0.386571017216184	348	1.07482181583536
"rs896833"	0.38657299969625	348	0.8706422235825
"rs149315"	0.386573905376362	348	0.687843357024438
"rs582732"	0.386578075970022	348	0.756269720645145
"rs1117797"	0.386584372075621	348	0.820133006425938
"rs1117916"	0.386584372075621	348	0.820133006425938
"rs1117929"	0.386584372075621	348	0.820133006425938
"rs1117953"	0.386584372075621	348	0.820133006425938
"rs1117977"	0.386584372075621	348	0.820133006425938
"rs1117998"	0.386584372075621	348	0.820133006425938
"rs1118007"	0.386584372075621	348	0.820133006425938
"rs1118013"	0.386584372075621	348	0.820133006425938
"rs1118049"	0.386584372075621	348	0.820133006425938
"rs1118103"	0.386584372075621	348	0.820133006425938
"rs134054"	0.386626973005579	348	1.11976377027294
"rs2007180"	0.386644330826261	348	0.825916631191302
"rs389784"	0.386648819218363	348	1.25956669769167
"rs437663"	0.386724707790684	348	0.84490259767804
"rs458868"	0.386725938053013	348	1.15405223985671
"rs179355"	0.386728435138228	348	1.17185219020958
"rs793767"	0.386733657582621	348	0.9219660850429
"rs1035986"	0.386736570834357	348	0.799853650213021
"rs1329727"	0.386748335670823	348	0.66950321118117
"rs1329766"	0.386748335670823	348	0.66950321118117
"rs1329770"	0.386748335670823	348	0.66950321118117
"rs842679"	0.386761943101012	348	1.15943004586627
"rs1103620"	0.386786608110638	348	1.29778943076821
"rs225867"	0.386821911908228	348	0.767973816541555
"rs1354508"	0.386867720705021	348	1.32057989574002
"rs989106"	0.386901535860224	348	1.22013616312242
"rs1365463"	0.386933058482972	348	1.17864069418371
"rs971276"	0.386963773592012	348	1.21811516638747
"rs1234381"	0.386974798380833	348	0.840650383775973
"rs718781"	0.387085363615625	348	0.750095523217178
"rs434780"	0.387099703190925	348	1.24416945101261
"rs603913"	0.387134776808361	348	0.761405723516115
"rs1964958"	0.387142671992587	348	0.49606253679608
"rs2170645"	0.387181788458805	348	1.10459140771654
"rs466794"	0.387185606016638	348	1.13147702329493
"rs466797"	0.387185606016638	348	1.13147702329493
"rs1952427"	0.387221532320519	348	1.30251649444912
"rs1579868"	0.387245014350063	348	1.20113287366343
"rs926611"	0.387247599850556	348	0.772555713783816
"rs2045727"	0.387250721793689	348	1.14758548809314
"rs1162461"	0.387255584250892	348	0.868885193839028
"rs846407"	0.387272182177322	348	0.834558609450634
"rs2016974"	0.38728499535948	348	0.812770929762933
"rs1003999"	0.387360795012942	348	1.22402948923387
"rs754294"	0.387367729259847	348	0.854137001593111
"rs1897565"	0.387370434714341	348	0.791619385112374
"rs355734"	0.387433376759178	348	0.930443548330124
"rs492409"	0.387434061698744	348	1.27017601849773
"rs989062"	0.387458909754886	348	1.21674592274499
"rs182304"	0.387464332134616	348	0.864850474103313
"rs1478749"	0.387475764729112	348	0.860190372113805
"rs302256"	0.387491074580337	348	1.21961180387499
"rs133742"	0.387502436723574	348	0.790788147562826
"rs1136669"	0.387503479695484	348	1.16374830754508
"rs1136726"	0.387503479695484	348	1.16374830754508
"rs1884718"	0.387525048775185	348	0.802663189267005
"rs1702959"	0.387541416483253	348	1.18622424519192
"rs1667321"	0.387545321764241	348	1.21618549419781
"rs225838"	0.387562131156382	348	1.19084477800262
"rs763370"	0.387580698298781	348	0.940242961847859
"rs2160042"	0.387647898011955	348	1.15022775020835
"rs1918953"	0.387651966319789	348	0.801543631497916
"rs970784"	0.387685987825202	348	1.38203681414676
"rs502251"	0.387685987825202	348	1.38203681414677
"rs513477"	0.387685987825202	348	1.38203681414677
"rs1078492"	0.387685987825202	348	1.38203681414677
"rs1827819"	0.387685987825202	348	1.38203681414677
"rs1852834"	0.387685987825202	348	1.38203681414677
"rs1075325"	0.387685987825208	348	1.38203681414676
"rs1075595"	0.387685987825208	348	1.38203681414676
"rs148080"	0.387691535865435	348	0.869368015716263
"rs632300"	0.387707378968193	348	0.760713034420234
"rs1702943"	0.387715855148646	348	1.18627731347423
"rs1702944"	0.387715855148646	348	1.18627731347423
"rs1702962"	0.387715855148646	348	1.18627731347423
"rs1702965"	0.387715855148646	348	1.18627731347423
"rs1702970"	0.387715855148646	348	1.18627731347423
"rs1702977"	0.387715855148646	348	1.18627731347423
"rs292464"	0.387733334451587	348	1.12274977653117
"rs552700"	0.387794713592234	348	0.830919015666484
"rs1965450"	0.387795900804995	348	0.709797032614719
"rs1071566"	0.387806545359135	348	1.28794184038904
"rs1437981"	0.387827632352013	348	1.2605531043515
"rs534724"	0.387829300986425	348	0.838135734341912
"rs1702967"	0.387888083163643	348	1.18632952109597
"rs1702968"	0.387888083163643	348	1.18632952109597
"rs145748"	0.387893953608257	348	1.16146637991186
"rs145753"	0.387893953608257	348	1.16146637991186
"rs587793"	0.38790545892055	348	0.936406514175284
"rs148054"	0.38791280410046	348	0.864347217765486
"rs148059"	0.38791280410046	348	0.864347217765486
"rs148071"	0.38791280410046	348	0.864347217765486
"rs148077"	0.38791280410046	348	0.864347217765486
"rs189888"	0.387918043801154	348	0.835727655620956
"rs597321"	0.38799000610043	348	1.15644609872873
"rs576046"	0.388002164245204	348	0.826378757499143
"rs1952939"	0.388033639697697	348	0.849425732646864
"rs1562146"	0.388047066306984	348	0.854398091904536
"rs1562149"	0.388047066306984	348	0.854398091904536
"rs1562153"	0.388047066306984	348	0.854398091904536
"rs1562165"	0.388047066306984	348	0.854398091904536
"rs1562213"	0.388047066306984	348	0.854398091904536
"rs1562246"	0.388047066306984	348	0.854398091904536
"rs1562148"	0.388047066306989	348	0.854398091904537
"rs1562210"	0.388047066306989	348	0.854398091904537
"rs1562258"	0.388047066306989	348	0.854398091904537
"rs869152"	0.388096747128263	348	0.876511345467313
"rs93016"	0.388119652725832	348	0.64463953563476
"rs532571"	0.388129463210048	348	1.35825129702765
"rs1923099"	0.388139028587789	348	0.774903333894733
"rs2024640"	0.388161761793797	348	1.16235774514193
"rs1547284"	0.388205759423553	348	0.853029057519927
"rs2044972"	0.388214398372266	348	0.727906441963947
"rs282033"	0.388238630217001	348	0.869176519680407
"rs1439478"	0.388240047482171	348	1.22614904009235
"rs265365"	0.3882723167569	348	0.870651304704381
"rs225530"	0.388282202502687	348	1.19865835422229
"rs1113001"	0.388292723293796	348	0.862981299375139
"rs702894"	0.388307515674346	348	0.850345692383137
"rs642473"	0.388319570610605	348	0.770688154361943
"rs642530"	0.388319570610605	348	0.770688154361943
"rs1898499"	0.388369219645877	348	1.11093716394414
"rs271005"	0.388440101256242	348	0.806438402282028
"rs1907369"	0.388442207501783	348	1.29091471007672
"rs673542"	0.388459452433852	348	0.523131512168782
"rs175257"	0.388526788054786	348	1.22632998736481
"rs911882"	0.388555362609723	348	1.26172003721708
"rs911909"	0.388555362609723	348	1.26172003721708
"rs911918"	0.388555362609723	348	1.26172003721708
"rs148884"	0.388575573393208	348	1.08880362206908
"rs148887"	0.388575573393208	348	1.08880362206908
"rs937993"	0.388594876101573	348	0.771988311151671
"rs938094"	0.388594876101573	348	0.771988311151671
"rs1897548"	0.388772334540927	348	0.792160175946933
"rs1610855"	0.388816531772688	348	1.25887339933049
"rs616541"	0.388849653911385	348	0.808627734822503
"rs1139384"	0.388914156735888	348	1.22281263160796
"rs915656"	0.388929117819483	348	1.173567545787
"rs915723"	0.388929117819483	348	1.173567545787
"rs915683"	0.388929117819488	348	1.173567545787
"rs915704"	0.388929117819488	348	1.173567545787
"rs915725"	0.388929117819488	348	1.173567545787
"rs1939274"	0.388931075946863	348	0.813185813014073
"rs322560"	0.388935249398805	348	0.822511717478466
"rs1115374"	0.388971129420592	348	1.11871597054242
"rs1115371"	0.388971129420594	348	1.11871597054242
"rs331202"	0.388989979570649	348	0.777759608838459
"rs1884745"	0.388994000273844	348	0.803763598617398
"rs1609371"	0.389022558762569	348	0.816150877057419
"rs1884556"	0.389041286714479	348	0.802911706437556
"rs1962162"	0.389107824813919	348	1.43624976317371
"rs304782"	0.389153669157161	348	1.22596055501369
"rs304795"	0.389153669157161	348	1.22596055501369
"rs304821"	0.389153669157173	348	1.22596055501368
"rs304824"	0.389153669157173	348	1.22596055501368
"rs1017600"	0.389160816221316	348	1.29645313159143
"rs1017603"	0.389160816221316	348	1.29645313159143
"rs1017606"	0.389160816221316	348	1.29645313159143
"rs2070978"	0.389189270696525	348	1.18046333072974
"rs55012"	0.389238853031055	348	0.862843260964174
"rs950997"	0.389300552536996	348	0.891414878217796
"rs1975001"	0.389346830784416	348	1.24294924509688
"rs821922"	0.389373412676804	348	1.08994196534345
"rs1397523"	0.389418069591425	348	1.17598414160216
"rs1299463"	0.389446113126781	348	1.18761166987336
"rs1739409"	0.389478489481908	348	1.15075723262628
"rs1739599"	0.389478489481908	348	1.15075723262628
"rs2180991"	0.389523607480009	348	0.868321047094215
"rs702245"	0.389568263388846	348	0.811868435774134
"rs1204801"	0.389645516024288	348	0.892902995449771
"rs2152059"	0.389718914743141	348	0.796873287541683
"rs275033"	0.389724335600936	348	0.687617528906216
"rs2170387"	0.389737702490087	348	1.13388060757298
"rs1000420"	0.389740940509489	348	1.18586558956584
"rs1779875"	0.389767370981307	348	0.839667648985696
"rs1646144"	0.38977244294859	348	1.13765437543785
"rs937527"	0.389800641206408	348	0.824509090675244
"rs346893"	0.389824391452624	348	0.792384140062368
"rs552520"	0.389842094608493	348	0.816668590901952
"rs904219"	0.389923430686021	348	1.17710032138401
"rs212752"	0.389941943285244	348	1.27458284646634
"rs439486"	0.389990584479679	348	1.24034434285124
"rs929080"	0.390022403743367	348	0.737229898369992
"rs1135883"	0.390061522906732	348	1.6607962915953
"rs705590"	0.390173978427348	348	1.17736870142893
"rs705471"	0.390173978427381	348	1.17736870142891
"rs705475"	0.390173978427381	348	1.17736870142891
"rs705488"	0.390173978427381	348	1.17736870142891
"rs705491"	0.390173978427381	348	1.17736870142891
"rs705494"	0.390173978427381	348	1.17736870142891
"rs705495"	0.390173978427381	348	1.17736870142891
"rs705497"	0.390173978427381	348	1.17736870142891
"rs705505"	0.390173978427381	348	1.17736870142891
"rs705568"	0.390173978427381	348	1.17736870142891
"rs705586"	0.390173978427381	348	1.17736870142891
"rs705591"	0.390173978427381	348	1.17736870142891
"rs191388"	0.390192347983408	348	1.45282301662712
"rs565044"	0.390193640346358	348	1.07521451793229
"rs1660385"	0.390202617087814	348	1.19410869629882
"rs843310"	0.390257221721751	348	0.809688723048726
"rs1752792"	0.390263665129098	348	1.2939907547534
"rs2180859"	0.390269932329618	348	0.86445762237005
"rs2180862"	0.390269932329618	348	0.86445762237005
"rs843325"	0.390279605013609	348	0.717169064432855
"rs1103461"	0.390297683637069	348	0.728620263442217
"rs1103478"	0.390297683637069	348	0.728620263442217
"rs405528"	0.390300683769989	348	0.769991926262434
"rs405806"	0.390300683769989	348	0.769991926262434
"rs1830387"	0.390374029282778	348	1.25716796178209
"rs1374116"	0.390387176519599	348	0.834641963209918
"rs1118128"	0.390405610557659	348	0.824621638024258
"rs667727"	0.39044128707981	348	1.27202854303088
"rs1937268"	0.390489113469057	348	1.22081153798458
"rs1937272"	0.390489113469057	348	1.22081153798458
"rs1600382"	0.390519288451674	348	1.22992066311228
"rs1600466"	0.390519288451674	348	1.22992066311228
"rs2111583"	0.390571325848586	348	0.954083421357785
"rs1458195"	0.390592464954836	348	1.16843682556542
"rs419081"	0.390596178895169	348	0.838684218899436
"rs1689318"	0.390629038231604	348	1.29042333301057
"rs1689907"	0.390629038231604	348	1.29042333301057
"rs837586"	0.390653408467377	348	0.889873104768507
"rs473237"	0.390656458651981	348	0.855048890084677
"rs473239"	0.390656458651981	348	0.855048890084677
"rs974678"	0.390656713187657	348	1.25604896571023
"rs2178830"	0.390658214600406	348	0.862175244026697
"rs547554"	0.390776410091319	348	1.35162717383781
"rs547555"	0.390776410091319	348	1.35162717383781
"rs305472"	0.390944973097123	348	0.853069124455684
"rs1439583"	0.390945830418193	348	1.15381885521167
"rs1411327"	0.390950078265659	348	1.22193769056956
"rs1952415"	0.391025716829261	348	0.855526850274722
"rs288719"	0.391042466408672	348	0.864112255424052
"rs92972"	0.391054032010859	348	0.798248071043384
"rs172527"	0.391074938586197	348	0.703114266497166
"rs190319"	0.391082221554332	348	1.39653665305294
"rs489063"	0.391162885129105	348	0.829926335108326
"rs1579705"	0.391172790771341	348	0.850792415663001
"rs1162227"	0.391229688321173	348	1.13056809302148
"rs367367"	0.39126008293884	348	0.758484435436053
"rs1735508"	0.391274077837747	348	1.17920489024631
"rs772065"	0.391329282344534	348	1.41386163282793
"rs1635143"	0.391351858012212	348	0.873208623406448
"rs2159678"	0.391355729217346	348	1.16153868587701
"rs60376"	0.391365645803269	348	0.837845034901774
"rs580982"	0.391377864595369	348	0.843376065381255
"rs1943182"	0.391433933666616	348	0.850502347164218
"rs1943185"	0.391433933666616	348	0.850502347164218
"rs1943188"	0.391433933666616	348	0.850502347164218
"rs1943194"	0.391433933666616	348	0.850502347164218
"rs1943197"	0.391433933666616	348	0.850502347164218
"rs908865"	0.391438893042136	348	0.83918877196441
"rs908867"	0.391438893042136	348	0.83918877196441
"rs908880"	0.391438893042136	348	0.83918877196441
"rs908882"	0.391438893042136	348	0.83918877196441
"rs908884"	0.391438893042136	348	0.83918877196441
"rs908888"	0.391438893042136	348	0.83918877196441
"rs908890"	0.391438893042136	348	0.83918877196441
"rs1151343"	0.391452190287472	348	0.814439687938491
"rs732459"	0.391473804701147	348	0.818474390135707
"rs993764"	0.391519248661324	348	1.23226926684255
"rs993767"	0.391519248661324	348	1.23226926684255
"rs993770"	0.391519248661324	348	1.23226926684255
"rs129734"	0.391557087537492	348	1.32936559218679
"rs1998588"	0.391581008479502	348	1.20185506105197
"rs2089709"	0.391581787146839	348	1.35510613860165
"rs2089710"	0.391581787146839	348	1.35510613860165
"rs877725"	0.391590662937056	348	0.704884594976563
"rs1424667"	0.391618693413363	348	0.819373358130898
"rs1424670"	0.391618693413363	348	0.819373358130898
"rs116523"	0.391625044764528	348	0.92473568628663
"rs145420"	0.391626554919302	348	0.913745262987132
"rs145450"	0.391626554919302	348	0.913745262987132
"rs1126870"	0.391695150088452	348	0.764958648994923
"rs1126906"	0.391695150088452	348	0.764958648994923
"rs1126909"	0.391695150088452	348	0.764958648994923
"rs1126912"	0.391695150088452	348	0.764958648994923
"rs1126914"	0.391695150088452	348	0.764958648994923
"rs1126915"	0.391695150088452	348	0.764958648994923
"rs1126963"	0.391695150088452	348	0.764958648994923
"rs1126975"	0.391695150088452	348	0.764958648994923
"rs1127002"	0.391695150088452	348	0.764958648994923
"rs1975166"	0.391704088364722	348	1.26428772124947
"rs1884866"	0.391708968665976	348	0.804176804646136
"rs840071"	0.391714914185529	348	0.786437206395624
"rs1117866"	0.39172327559179	348	0.861274815451009
"rs1817864"	0.391723865820003	348	1.2069867637555
"rs62093"	0.391755324518409	348	0.810126929724996
"rs62057"	0.391755324518413	348	0.810126929724996
"rs62060"	0.391755324518413	348	0.810126929724996
"rs62076"	0.391755324518413	348	0.810126929724996
"rs62133"	0.391755324518413	348	0.810126929724996
"rs62138"	0.391755324518413	348	0.810126929724996
"rs62142"	0.391755324518413	348	0.810126929724996
"rs62171"	0.391755324518413	348	0.810126929724996
"rs62180"	0.391755324518413	348	0.810126929724996
"rs62201"	0.391755324518413	348	0.810126929724996
"rs62202"	0.391755324518413	348	0.810126929724996
"rs62216"	0.391755324518413	348	0.810126929724996
"rs62219"	0.391755324518413	348	0.810126929724996
"rs62234"	0.391755324518413	348	0.810126929724996
"rs62237"	0.391755324518413	348	0.810126929724996
"rs62239"	0.391755324518413	348	0.810126929724996
"rs62240"	0.391755324518413	348	0.810126929724996
"rs562291"	0.391776342316349	348	1.19598677131613
"rs2124677"	0.391959984615071	348	1.19933449537685
"rs1783855"	0.391973141321101	348	1.11453466997632
"rs391776"	0.391983523341828	348	0.817805125111732
"rs1119860"	0.39206071007806	348	0.874842085003668
"rs565212"	0.392066258617393	348	0.942204142628506
"rs1061126"	0.39219723657276	348	0.824228160178947
"rs1365163"	0.392263835121492	348	0.875272353915853
"rs823877"	0.39230038597827	348	0.806762436916414
"rs1103797"	0.392305112051994	348	1.20039951157033
"rs308483"	0.392311652256509	348	1.12585236223206
"rs634476"	0.392323720706468	348	0.75530732834471
"rs1962151"	0.392356104753661	348	1.42554374080127
"rs1962158"	0.392356104753661	348	1.42554374080127
"rs1962161"	0.392356104753661	348	1.42554374080127
"rs1204913"	0.392368036398069	348	0.893583795661103
"rs297935"	0.392404962313217	348	0.758619591274102
"rs250465"	0.392445462476001	348	1.19746867373947
"rs166844"	0.392453333461711	348	0.844108606763561
"rs1816122"	0.392454406221392	348	1.26743183386345
"rs774083"	0.392598134617068	348	1.36259892181108
"rs1120981"	0.39260985035374	348	1.38766193110364
"rs466512"	0.39264521070768	348	0.8188721846777
"rs1010558"	0.392700996321249	348	0.641058319835663
"rs1010644"	0.392700996321249	348	0.641058319835663
"rs490406"	0.392800464856067	348	1.17285322299876
"rs388860"	0.392812162017955	348	0.81690127846521
"rs2084713"	0.392813465113136	348	0.833202085710768
"rs915545"	0.392826072520263	348	1.16118439089144
"rs835996"	0.392833863606609	348	1.22693072752283
"rs1672987"	0.392900304085679	348	0.867433915414682
"rs1623830"	0.392929458680656	348	0.88529624848818
"rs1197772"	0.392935530704231	348	0.893084501010848
"rs1198289"	0.392935530704231	348	0.893084501010848
"rs1483565"	0.392938836545228	348	1.1558436599839
"rs932239"	0.392997574411938	348	0.647895635064775
"rs1609959"	0.393006229564471	348	0.85309924727839
"rs500793"	0.393008868071543	348	0.849802616671513
"rs673734"	0.393031217369637	348	0.520107123921734
"rs2018057"	0.393049235703565	348	0.71578859520642
"rs1918684"	0.393093131359612	348	0.803234333007485
"rs1372781"	0.39311796214342	348	1.14000136745361
"rs1372785"	0.39311796214342	348	1.14000136745361
"rs1126951"	0.393120648977218	348	0.76562059709252
"rs1814821"	0.393129061746292	348	0.84524082703755
"rs1382075"	0.393153056451493	348	1.32590933949617
"rs175644"	0.393202498761583	348	0.860057814926066
"rs631034"	0.393225499673846	348	0.78566373096445
"rs631186"	0.393225499673846	348	0.78566373096445
"rs1004509"	0.393273403578226	348	1.25287155545818
"rs1548108"	0.393308892883833	348	1.19466200556292
"rs1548111"	0.393308892883833	348	1.19466200556292
"rs1548112"	0.393308892883833	348	1.19466200556292
"rs1548114"	0.393308892883833	348	1.19466200556292
"rs1548120"	0.393308892883833	348	1.19466200556292
"rs1548132"	0.393308892883833	348	1.19466200556292
"rs2167101"	0.393317368257312	348	1.17650027705131
"rs161416"	0.39335854453122	348	0.864702597966028
"rs1653175"	0.393436112655116	348	0.824789999658709
"rs1653178"	0.393436112655116	348	0.824789999658709
"rs83911"	0.393441873887402	348	0.855245880822247
"rs83906"	0.393441873887405	348	0.855245880822248
"rs83935"	0.393441873887405	348	0.855245880822248
"rs1820422"	0.393450699259184	348	0.764553576333414
"rs1351710"	0.393451040452428	348	0.547915785055003
"rs1587117"	0.393474584271354	348	0.882091748050037
"rs552880"	0.393505794974168	348	0.847059005927302
"rs408287"	0.393530792639796	348	0.857998742659363
"rs950917"	0.393563933851277	348	0.875940764722054
"rs719267"	0.393578599479157	348	0.846323212898075
"rs719270"	0.393578599479157	348	0.846323212898075
"rs719271"	0.393578599479157	348	0.846323212898075
"rs719276"	0.393578599479157	348	0.846323212898075
"rs719303"	0.393578599479157	348	0.846323212898075
"rs799535"	0.393590371817855	348	1.31800692625145
"rs508698"	0.393620160902935	348	1.37636185050628
"rs475157"	0.393652393225651	348	0.853735415004907
"rs1951138"	0.393666944505605	348	0.828889547429659
"rs2163974"	0.393753811214643	348	1.1143197469766
"rs460331"	0.393806795910626	348	1.10036028815787
"rs904296"	0.393816969843223	348	0.835550334265482
"rs507906"	0.393851504188495	348	1.19200089803013
"rs722786"	0.393882824676579	348	0.863678341137625
"rs1619285"	0.393921552756161	348	0.869595307889917
"rs629445"	0.393932837804599	348	0.865775020885214
"rs1327553"	0.393935693603225	348	1.17978706555951
"rs1327555"	0.393935693603225	348	1.17978706555951
"rs1327564"	0.393935693603225	348	1.17978706555951
"rs1327607"	0.393935693603225	348	1.17978706555951
"rs1327610"	0.393935693603225	348	1.17978706555951
"rs1327616"	0.393935693603225	348	1.17978706555951
"rs1327625"	0.393935693603225	348	1.17978706555951
"rs1327661"	0.393935693603225	348	1.17978706555951
"rs1204910"	0.393986823158048	348	0.894071374130656
"rs2182422"	0.394030329442878	348	1.1351102624498
"rs1579694"	0.394047185138484	348	0.849998460115578
"rs1739711"	0.394054166908911	348	0.946619988014326
"rs342383"	0.39407371078969	348	0.775552570393848
"rs524984"	0.394075293151313	348	1.2815842738643
"rs148978"	0.39413992893948	348	0.866948472142906
"rs2038262"	0.394203632053542	348	0.789183159649335
"rs640013"	0.39424155599905	348	0.768612311472429
"rs1662102"	0.394397208677699	348	1.16505682379807
"rs1198556"	0.394433119869	348	0.892276216606159
"rs1198583"	0.394433119869	348	0.892276216606159
"rs1198601"	0.394433119869	348	0.892276216606159
"rs2089918"	0.394452193256533	348	1.06707988743523
"rs978880"	0.394468154410594	348	1.21063350105625
"rs499894"	0.394483604639501	348	0.833890069333676
"rs499895"	0.394483604639501	348	0.833890069333676
"rs544352"	0.394497865568642	348	0.871009832005981
"rs764690"	0.39450781628373	348	1.06505278122468
"rs254668"	0.394556114517376	348	1.06645249262093
"rs116498"	0.39462684781564	348	0.813008898001652
"rs701026"	0.394639345884176	348	0.818122734375204
"rs1889049"	0.394649477806925	348	1.24042333224805
"rs1309270"	0.394662156635628	348	1.14794524966787
"rs829921"	0.394667385958668	348	1.24959884482927
"rs1860801"	0.394684094205875	348	0.830034839413663
"rs673610"	0.394706839309806	348	0.531890094929951
"rs122282"	0.394754287675095	348	0.777900831993468
"rs1884748"	0.394765199609621	348	0.805564311298103
"rs579578"	0.394807946958649	348	0.814535530980299
"rs1948800"	0.394870576829813	348	0.802932655750617
"rs470421"	0.394905904920312	348	1.19836892702344
"rs520491"	0.394930652852859	348	1.25531542147968
"rs1917594"	0.394992712636656	348	1.2549974265991
"rs1938526"	0.395038574043241	348	1.14417667353369
"rs223001"	0.395042042429376	348	0.692166190711419
"rs1883299"	0.395043200196096	348	1.2199314197392
"rs1883305"	0.395043200196096	348	1.2199314197392
"rs1883314"	0.395043200196096	348	1.2199314197392
"rs1883332"	0.395043200196096	348	1.2199314197392
"rs1883338"	0.395043200196096	348	1.2199314197392
"rs1204194"	0.395085599243835	348	0.887737707338592
"rs578930"	0.39509447385169	348	0.742976143241569
"rs87709"	0.395095742191058	348	0.799117083829803
"rs87785"	0.395095742191058	348	0.799117083829803
"rs87837"	0.395095742191058	348	0.799117083829803
"rs87842"	0.395095742191058	348	0.799117083829803
"rs2122071"	0.395119127590036	348	0.885914190884992
"rs803629"	0.395142937980502	348	1.44673651090219
"rs459007"	0.395165831576475	348	1.18668732083257
"rs349547"	0.39519968015803	348	0.780037775031731
"rs349697"	0.39519968015803	348	0.780037775031731
"rs2120559"	0.395200224524295	348	1.19693116255289
"rs903841"	0.395204474895539	348	1.14642511847764
"rs571455"	0.395244191936085	348	0.881571668975139
"rs214109"	0.395261360962579	348	0.876310824772196
"rs704665"	0.395265511361452	348	1.56814634413481
"rs747024"	0.395309884974017	348	0.862794016468931
"rs460703"	0.395319539629534	348	0.896322868523585
"rs722254"	0.395336314307254	348	1.58593869145454
"rs1122578"	0.395336314307402	348	7078.63605467635
"rs1204668"	0.395365145386515	348	0.887774617828878
"rs1739550"	0.395386430033539	348	0.849699524524886
"rs331189"	0.395394733935645	348	0.77884946448063
"rs1003966"	0.395398530915184	348	1.2248518228592
"rs1288514"	0.395399967958173	348	0.862775679729239
"rs472823"	0.395406186480488	348	1.11487524076088
"rs1608509"	0.395407806126823	348	1.21721294198695
"rs1608512"	0.395407806126823	348	1.21721294198695
"rs1608513"	0.395407806126823	348	1.21721294198695
"rs1608522"	0.395407806126823	348	1.21721294198695
"rs506518"	0.395471111465463	348	1.27421178279555
"rs845543"	0.395481108486051	348	1.11159610633726
"rs818535"	0.395484204760853	348	1.14876982090925
"rs702107"	0.395490460477826	348	1.11573904683712
"rs84753"	0.395499892670704	348	0.818814372541624
"rs84770"	0.395499892670704	348	0.818814372541624
"rs84772"	0.395499892670704	348	0.818814372541624
"rs1023000"	0.395552481569512	348	1.21207178939039
"rs717692"	0.395565885112104	348	1.25903387312943
"rs1157367"	0.395576434676482	348	1.17398623716916
"rs756334"	0.395683149007784	348	0.856466788213275
"rs223415"	0.395694301707411	348	1.28000050376763
"rs1767992"	0.395701539011553	348	1.1981290796052
"rs92491"	0.395739801446716	348	0.811588001014733
"rs125840"	0.395838484206209	348	1.12480227345595
"rs125831"	0.39583848420621	348	1.12480227345594
"rs125839"	0.39583848420621	348	1.12480227345594
"rs125843"	0.39583848420621	348	1.12480227345594
"rs1363511"	0.395839872910425	348	1.2602958279458
"rs109421"	0.395877899475807	348	1.21846083930861
"rs470881"	0.395919121370555	348	1.14266945799872
"rs1767770"	0.395932521707656	348	1.19802563992323
"rs466153"	0.396032010603021	348	0.867406955898033
"rs466162"	0.396032010603021	348	0.867406955898033
"rs802990"	0.396046073842646	348	0.80345310868482
"rs802991"	0.396046073842646	348	0.80345310868482
"rs802995"	0.396046073842646	348	0.80345310868482
"rs803002"	0.396046073842646	348	0.80345310868482
"rs803003"	0.396046073842646	348	0.80345310868482
"rs803005"	0.396046073842646	348	0.80345310868482
"rs803029"	0.396046073842646	348	0.80345310868482
"rs803030"	0.396046073842646	348	0.80345310868482
"rs1158621"	0.396072339783988	348	0.856067318979505
"rs129596"	0.396104620390618	348	0.846203640393026
"rs657841"	0.396114625056496	348	1.21597448103422
"rs453910"	0.396124567101304	348	0.852144500213504
"rs1648455"	0.396145558073856	348	0.841635702199344
"rs972259"	0.39615204512645	348	0.93308801447977
"rs1734176"	0.396152099799247	348	1.10200734585574
"rs2147436"	0.396156580230174	348	0.87282625532619
"rs1649446"	0.396173325786316	348	0.85209207357396
"rs2159691"	0.396232380049224	348	1.13923412282113
"rs2159705"	0.396232380049224	348	1.13923412282113
"rs2159712"	0.396232380049224	348	1.13923412282113
"rs79408"	0.396243332067578	348	0.754448624856695
"rs2130945"	0.396244338132836	348	1.18626128311654
"rs1571099"	0.39634033420599	348	1.32675680232471
"rs1571592"	0.39634033420599	348	1.32675680232471
"rs1922022"	0.396366071320568	348	1.3318853477725
"rs87639"	0.396431280364298	348	0.739534789445827
"rs87641"	0.396431280364298	348	0.739534789445827
"rs1670113"	0.396432135103107	348	0.836247703206136
"rs642293"	0.39646267701889	348	0.774452715463116
"rs508038"	0.396466762035172	348	1.14087695817233
"rs242692"	0.396477290263537	348	1.12509176541153
"rs1427675"	0.396501603971149	348	0.676237207526583
"rs542476"	0.396536664791847	348	0.786762110545724
"rs4273"	0.396561879041461	348	1.30426412643579
"rs419052"	0.396623615428765	348	0.840612674975807
"rs171443"	0.396644354965753	348	1.21798430365061
"rs722951"	0.396682101475788	348	0.844734015691845
"rs225468"	0.396693501534323	348	1.18555730652059
"rs790067"	0.396714472045441	348	1.10551211558269
"rs123781"	0.396714894125467	348	1.62551799640662
"rs1292093"	0.396759913865612	348	1.17112076993268
"rs148925"	0.396772838563756	348	1.0762920074347
"rs723761"	0.396788346522691	348	1.24217917068768
"rs1035996"	0.396834374884894	348	0.790821875318192
"rs1035999"	0.396834374884894	348	0.790821875318192
"rs42915"	0.396922726803792	348	1.19285977451502
"rs1880206"	0.396924186212125	348	1.17226121660719
"rs301275"	0.396960407297616	348	1.14278094475124
"rs1946942"	0.397058967896566	348	0.844840036207453
"rs1946939"	0.397058967896571	348	0.844840036207455
"rs1809288"	0.397102135691376	348	1.20502475821
"rs695562"	0.397150185543436	348	1.16463247645487
"rs433283"	0.397176882661746	348	1.19026049072188
"rs1589858"	0.397214775197702	348	0.838775282390133
"rs823813"	0.397309545739074	348	1.08214881050135
"rs1598174"	0.397417251187764	348	0.846104914603089
"rs1608257"	0.397421706459227	348	1.17342061851606
"rs821668"	0.397437443962746	348	0.869783848603799
"rs1096094"	0.397473060244792	348	0.843436452688263
"rs298174"	0.397484040880809	348	1.13227191677794
"rs994568"	0.397497488836276	348	0.86644398643729
"rs420327"	0.397508293175526	348	1.25436601208782
"rs81498"	0.397540187496992	348	1.20837319491249
"rs435004"	0.397577150668692	348	0.647699603622168
"rs869172"	0.397598150372142	348	0.882025151441878
"rs503723"	0.397599138121012	348	0.878548240209093
"rs210468"	0.397603958901078	348	0.731767021430628
"rs210498"	0.397603958901078	348	0.731767021430628
"rs304816"	0.397615159866171	348	1.22573490968912
"rs1801199"	0.397663735809917	348	1.15357160855755
"rs1580718"	0.397676626685381	348	0.840374964534414
"rs410735"	0.397688098097451	348	0.648330009480155
"rs1288358"	0.39769725661524	348	0.83324237778881
"rs467200"	0.397778617266433	348	0.864463260821157
"rs835244"	0.397784269334823	348	1.22605003823397
"rs1992465"	0.397860254965674	348	0.788126900661929
"rs131310"	0.397865841810266	348	0.73094088172683
"rs131319"	0.397865841810266	348	0.73094088172683
"rs131322"	0.397865841810266	348	0.73094088172683
"rs131325"	0.397865841810266	348	0.73094088172683
"rs131328"	0.397865841810266	348	0.73094088172683
"rs23190"	0.397941628339398	348	0.803315860946965
"rs465720"	0.398013115561975	348	0.852834330130489
"rs1554341"	0.398013578003027	348	0.7302602119316
"rs832286"	0.398035935868094	348	0.794074710270229
"rs1478091"	0.398046705069116	348	0.650235959440822
"rs2149462"	0.398052298464394	348	0.893774994501953
"rs510059"	0.398098576621289	348	1.1968144465366
"rs510060"	0.398098576621289	348	1.1968144465366
"rs510075"	0.398098576621289	348	1.1968144465366
"rs846425"	0.398102067951225	348	1.16247285410253
"rs846437"	0.398102067951225	348	1.16247285410253
"rs1427225"	0.398132865815614	348	0.832679058602003
"rs1322977"	0.39817299032931	348	1.18997061476638
"rs1635649"	0.398195454557963	348	1.21668950428883
"rs2048023"	0.398257615799809	348	1.2439370590036
"rs343084"	0.398277596675726	348	0.761769153001721
"rs584807"	0.3982934094698	348	1.24963900108098
"rs329618"	0.398347026328934	348	1.26536287177558
"rs1610896"	0.398357757693851	348	0.828978771192071
"rs105480"	0.398359670638202	348	1.15116848717214
"rs2071530"	0.398393686047344	348	1.27237224038588
"rs2131771"	0.398421224849907	348	0.9204930994829
"rs2010012"	0.398421650523384	348	0.921320448119595
"rs362590"	0.398423119704379	348	1.1448836223672
"rs156358"	0.398442514173579	348	0.90311681726672
"rs594184"	0.398498795538018	348	1.16277588152952
"rs324793"	0.398499753102806	348	1.36497311418217
"rs819047"	0.398515011573942	348	0.861840438552911
"rs1640225"	0.398571151167407	348	1.2554191428048
"rs324748"	0.398597819673287	348	1.17221977674157
"rs831754"	0.39860144757869	348	0.726365787187628
"rs831775"	0.39860144757869	348	0.726365787187628
"rs831783"	0.39860144757869	348	0.726365787187628
"rs770734"	0.398627002072511	348	1.10331010972711
"rs518037"	0.398646017697322	348	1.16044117600716
"rs151959"	0.398653851911028	348	0.900179823536372
"rs2067522"	0.398737692595902	348	0.841251528389159
"rs147342"	0.398766465668453	348	0.797725998854674
"rs1151229"	0.398784274092175	348	0.7804255358651
"rs582639"	0.398789890317652	348	0.734821323977965
"rs583101"	0.398789890317652	348	0.734821323977965
"rs583168"	0.398789890317652	348	0.734821323977965
"rs46367"	0.398789890317652	348	0.734821323977965
"rs1933467"	0.398851104547137	348	1.21047457792875
"rs1137230"	0.398904688044911	348	0.830891149653806
"rs1544663"	0.398918722926253	348	1.37218170314008
"rs151953"	0.398999335471594	348	0.895039584260045
"rs151956"	0.398999335471594	348	0.895039584260045
"rs275366"	0.399040259910202	348	0.870177202783227
"rs267859"	0.399063171945736	348	0.964429920609151
"rs1664814"	0.399112610078983	348	0.739022105336873
"rs1761193"	0.399147647695493	348	0.714018281070107
"rs1332688"	0.399147647695495	348	0.714018281070108
"rs73859"	0.399171348278703	348	0.813669258002545
"rs1013640"	0.39919464246994	348	0.881568483187218
"rs117720"	0.399198736312177	348	0.757945222165248
"rs802702"	0.399237114147176	348	0.827551137603805
"rs802720"	0.399237114147176	348	0.827551137603805
"rs802747"	0.399237114147176	348	0.827551137603805
"rs802765"	0.399237114147176	348	0.827551137603805
"rs802798"	0.399237114147176	348	0.827551137603805
"rs802801"	0.399237114147176	348	0.827551137603805
"rs802802"	0.399237114147176	348	0.827551137603805
"rs802810"	0.399237114147176	348	0.827551137603805
"rs802813"	0.399237114147176	348	0.827551137603805
"rs802821"	0.399237114147176	348	0.827551137603805
"rs2033640"	0.399247354764708	348	1.13491751899332
"rs927936"	0.399282969070003	348	0.665355205774868
"rs812575"	0.399329933791541	348	0.807650241142326
"rs21616"	0.39934158583432	348	1.06127436455227
"rs1352943"	0.399358246728669	348	1.25012813368292
"rs150859"	0.399360131578845	348	1.13722464363084
"rs299193"	0.399431779964396	348	0.770441487750041
"rs1698525"	0.399435859772802	348	0.92844489454083
"rs1456737"	0.399477332683724	348	0.776091217195943
"rs1738010"	0.399484227000034	348	1.23522470693527
"rs950915"	0.399502533658319	348	0.875537158465717
"rs577128"	0.399537264529416	348	0.688416985382424
"rs577259"	0.399537264529416	348	0.688416985382424
"rs1716762"	0.399623256607589	348	1.15822554107125
"rs1292239"	0.399631492207727	348	0.893917940937541
"rs1716604"	0.399662678150675	348	1.18491987277019
"rs81574"	0.399726560463719	348	0.879929016833128
"rs856775"	0.39975438488181	348	0.918569742353762
"rs127719"	0.399756427249137	348	0.838597503161488
"rs412112"	0.399758668849809	348	1.06054894441979
"rs1288524"	0.399771918467487	348	0.578938099457183
"rs832290"	0.399798366415279	348	0.851313889516507
"rs1952187"	0.39981717825911	348	1.21161122276626
"rs2019370"	0.399844027148738	348	1.17971844807423
"rs617749"	0.399889500092087	348	1.43571886623888
"rs820668"	0.399900321878411	348	0.875341475624094
"rs1816951"	0.399902924082465	348	0.749056066929459
"rs182295"	0.399904035723127	348	0.868935426111542
"rs182297"	0.399904035723127	348	0.868935426111542
"rs182298"	0.399904035723127	348	0.868935426111542
"rs182314"	0.399904035723127	348	0.868935426111542
"rs182317"	0.399904035723127	348	0.868935426111542
"rs182320"	0.399904035723127	348	0.868935426111542
"rs182323"	0.399904035723127	348	0.868935426111542
"rs182325"	0.399904035723127	348	0.868935426111542
"rs2003199"	0.399970492739009	348	0.863725050762157
"rs2003139"	0.39997049273901	348	0.863725050762158
"rs2003157"	0.39997049273901	348	0.863725050762158
"rs2003163"	0.39997049273901	348	0.863725050762158
"rs189813"	0.399977874381831	348	1.25886124007618
"rs1330575"	0.400013834924502	348	0.87265071903255
"rs1964788"	0.400053971215689	348	0.836018469026281
"rs1205023"	0.400085845093451	348	0.889446633013999
"rs869043"	0.40011779008845	348	0.81673885226438
"rs869262"	0.40011779008845	348	0.81673885226438
"rs1807527"	0.400118158039031	348	1.28655646624718
"rs1774119"	0.400123209379462	348	1.31318575177128
"rs337968"	0.400131909363494	348	0.858794180540108
"rs1699612"	0.400172690397964	348	1.17911102410586
"rs120803"	0.40026047069415	348	1.07205244601677
"rs1636468"	0.400278517047266	348	1.16291374376019
"rs2159165"	0.400320285491044	348	1.14646611911165
"rs114603"	0.400334985051464	348	1.06926387102404
"rs114606"	0.400334985051464	348	1.06926387102404
"rs1128334"	0.400357971305803	348	0.895555761327867
"rs785022"	0.400396275613176	348	0.892345818767313
"rs466976"	0.400412994683981	348	0.818489364992151
"rs868728"	0.40041891713109	348	0.6093276867741
"rs1813869"	0.400418917131092	348	1.64115306378772
"rs112506"	0.400432162123257	348	0.89556666897804
"rs110907"	0.400450141914549	348	1.28285139614202
"rs319288"	0.400459966527992	348	1.43482645188844
"rs319513"	0.400469906095375	348	1.24043412051154
"rs319532"	0.400469906095375	348	1.24043412051154
"rs938258"	0.400476645933007	348	0.810683284526978
"rs470918"	0.400561315727776	348	1.16129352561783
"rs470919"	0.400561315727776	348	1.16129352561783
"rs302178"	0.400567281105099	348	0.8754645801898
"rs470066"	0.400582522629659	348	1.22145886928821
"rs526125"	0.40061714027338	348	0.860728350850956
"rs1124367"	0.400624299403545	348	0.881516299045628
"rs1365469"	0.400625872322605	348	1.17921378468511
"rs1365474"	0.400625872322605	348	1.17921378468511
"rs1295652"	0.400638600220017	348	0.861075628089124
"rs465035"	0.400669628092263	348	0.868426973644041
"rs465078"	0.400669628092263	348	0.868426973644041
"rs465080"	0.400669628092263	348	0.868426973644041
"rs465083"	0.400669628092263	348	0.868426973644041
"rs352227"	0.400675649555325	348	0.827593794456096
"rs1641731"	0.400680008023698	348	0.775052785485944
"rs71236"	0.400700175025534	348	0.793815905202791
"rs262764"	0.400741926469049	348	0.884019743680005
"rs122057"	0.400778475678537	348	0.849742108385231
"rs1427258"	0.400859367431244	348	1.46218320661655
"rs1715589"	0.400901879614521	348	1.20066455372679
"rs1461433"	0.400929203646424	348	1.18928488615557
"rs1261346"	0.400949491761551	348	0.847710965193223
"rs954314"	0.4009679818488	348	0.844385773688576
"rs646418"	0.400974986950507	348	0.82024562349741
"rs1527809"	0.401018796008381	348	0.873672633994713
"rs488118"	0.401036708134857	348	1.32017161855636
"rs1688706"	0.401048847708105	348	1.27560045374138
"rs1412974"	0.401070803190194	348	0.881762008399558
"rs172174"	0.401093681033699	348	0.840693568456578
"rs339303"	0.401111412128783	348	1.26655305412105
"rs2214152"	0.401116436136254	348	1.52202328738109
"rs1124962"	0.401116853171308	348	0.924475106320737
"rs338715"	0.401135695082239	348	1.14949842541088
"rs1532823"	0.401170941853723	348	1.24931362086897
"rs1532971"	0.401170941853723	348	1.24931362086897
"rs1532983"	0.401170941853723	348	1.24931362086897
"rs1532993"	0.401170941853723	348	1.24931362086897
"rs1532995"	0.401170941853723	348	1.24931362086897
"rs851962"	0.401221516021749	348	1.16222295842178
"rs851985"	0.401221516021749	348	1.16222295842178
"rs134266"	0.401258202476321	348	0.824850193063815
"rs134302"	0.401258202476321	348	0.824850193063815
"rs609864"	0.401288136766858	348	0.834298605985053
"rs855002"	0.401375724773177	348	0.796990606148914
"rs855029"	0.401375724773177	348	0.796990606148914
"rs787814"	0.40145519305365	348	1.13913052248115
"rs570202"	0.401486199621394	348	0.881407863095343
"rs264649"	0.401496575253892	348	1.14138844376452
"rs1156279"	0.401498869973188	348	1.20655081360461
"rs936913"	0.401503190270275	348	0.72471126824426
"rs937042"	0.401503190270275	348	0.72471126824426
"rs347044"	0.401518240457169	348	1.27218406696124
"rs895514"	0.401583874837022	348	1.16849428656797
"rs895529"	0.401583874837022	348	1.16849428656797
"rs895532"	0.401583874837022	348	1.16849428656797
"rs895535"	0.401583874837022	348	1.16849428656797
"rs895526"	0.401583874837024	348	1.16849428656797
"rs895502"	0.401583874837025	348	1.16849428656797
"rs63492"	0.401655867058066	348	1.2079451012061
"rs944338"	0.401666720108882	348	0.796375430770316
"rs944348"	0.401666720108882	348	0.796375430770316
"rs944355"	0.401666720108882	348	0.796375430770316
"rs944356"	0.401666720108882	348	0.796375430770316
"rs944365"	0.401666720108882	348	0.796375430770316
"rs944367"	0.401666720108882	348	0.796375430770316
"rs944378"	0.401666720108882	348	0.796375430770316
"rs944399"	0.401666720108882	348	0.796375430770316
"rs944495"	0.401666720108882	348	0.796375430770316
"rs31533"	0.401679112995481	348	0.909339563428381
"rs1896909"	0.40168358072487	348	0.77683149776145
"rs163865"	0.401685895914315	348	1.16784988543543
"rs462855"	0.401707794157071	348	1.22912853881261
"rs999072"	0.40171315528223	348	0.869403058998017
"rs967509"	0.401772686213117	348	1.19287593825665
"rs344536"	0.401794241590309	348	0.78849723227375
"rs740813"	0.401810249791478	348	1.18428022968296
"rs128900"	0.401837465139649	348	1.22427025192522
"rs128927"	0.401837465139649	348	1.22427025192522
"rs128930"	0.401837465139649	348	1.22427025192522
"rs128942"	0.401837465139649	348	1.22427025192522
"rs1088254"	0.401840209696235	348	0.781556620586387
"rs1876507"	0.401866991503325	348	1.12492088202442
"rs576209"	0.401873232441984	348	1.149978592495
"rs1964884"	0.401880736703219	348	0.770483258954828
"rs503481"	0.401886005789417	348	1.18049909968362
"rs503490"	0.401886005789417	348	1.18049909968362
"rs509997"	0.401899410359855	348	1.1258037465194
"rs939316"	0.401899627981057	348	0.811611899282046
"rs1073043"	0.401982029807875	348	0.918457992591469
"rs1813461"	0.401988246962293	348	0.830206906352244
"rs1715040"	0.401989729742207	348	1.15868423331396
"rs1175547"	0.402020730074087	348	0.884744889133765
"rs1049324"	0.402045080707683	348	0.763053265448617
"rs1343618"	0.402054131965663	348	224.713561539181
"rs297045"	0.402054131965689	348	1.67356266181317
"rs116570"	0.402118817301036	348	0.923041965287352
"rs1672936"	0.402126672190467	348	1.08434652631692
"rs239629"	0.402134911574898	348	0.847483045537335
"rs1169033"	0.40213575463059	348	0.696548586867753
"rs1169036"	0.40213575463059	348	0.696548586867753
"rs1169042"	0.40213575463059	348	0.696548586867753
"rs1169054"	0.40213575463059	348	0.696548586867753
"rs1169099"	0.40213575463059	348	0.696548586867753
"rs1488458"	0.402143717300327	348	0.941604847849787
"rs1488461"	0.402143717300327	348	0.941604847849787
"rs143339"	0.402231273514543	348	0.850229456417116
"rs1964447"	0.402239261793172	348	1.0685947867149
"rs1389852"	0.402254839236086	348	1.44400342030429
"rs225489"	0.402289665799621	348	1.12579397865587
"rs445628"	0.402293668735949	348	0.932016300811474
"rs786440"	0.402316991096106	348	0.828548104629998
"rs2081422"	0.402317338594978	348	0.727757953359154
"rs302540"	0.402322767999316	348	0.819330206368504
"rs2046829"	0.402329612394868	348	0.820860659644782
"rs2046831"	0.402329612394868	348	0.820860659644782
"rs2046837"	0.402329612394868	348	0.820860659644782
"rs2046843"	0.402329612394868	348	0.820860659644782
"rs2046846"	0.402329612394868	348	0.820860659644782
"rs1030383"	0.402423457942177	348	0.811380047105971
"rs1030435"	0.402423457942177	348	0.811380047105971
"rs1030607"	0.402423457942177	348	0.811380047105971
"rs450027"	0.402549366179452	348	1.30839067085378
"rs450917"	0.402549366179452	348	1.30839067085378
"rs826650"	0.402557053668136	348	0.868540572511928
"rs826651"	0.402557053668136	348	0.868540572511928
"rs826677"	0.402557053668136	348	0.868540572511928
"rs826704"	0.402557053668136	348	0.868540572511928
"rs826713"	0.402557053668136	348	0.868540572511928
"rs826728"	0.402557053668136	348	0.868540572511928
"rs826644"	0.402557053668139	348	0.868540572511929
"rs826647"	0.402557053668139	348	0.868540572511929
"rs826665"	0.402557053668139	348	0.868540572511929
"rs826707"	0.402557053668139	348	0.868540572511929
"rs826710"	0.402557053668139	348	0.868540572511929
"rs826719"	0.402557053668139	348	0.868540572511929
"rs826725"	0.402557053668139	348	0.868540572511929
"rs2156376"	0.402574188806738	348	1.18419459428799
"rs1693504"	0.402581181722491	348	1.16681306913237
"rs2118285"	0.402595391795782	348	0.766175470087944
"rs459011"	0.402596004714807	348	1.15069287253185
"rs620164"	0.402626761388166	348	0.828377651876059
"rs2081647"	0.402668278449507	348	0.834457132162095
"rs136118"	0.402685893599226	348	1.16700802086352
"rs84059"	0.402697472499077	348	0.851456405255257
"rs84061"	0.402697472499077	348	0.851456405255257
"rs84069"	0.402697472499077	348	0.851456405255257
"rs84082"	0.402697472499077	348	0.851456405255257
"rs325075"	0.402698636786399	348	0.856185136365501
"rs856145"	0.40270296279485	348	1.19131220962936
"rs570421"	0.402731409525157	348	1.13847801415075
"rs499318"	0.402775282011586	348	1.3234959063621
"rs1342813"	0.402797939176043	348	1.26276480215164
"rs1662120"	0.402853084692848	348	0.861939959972138
"rs1662115"	0.402853084692861	348	0.86193995997214
"rs2122949"	0.402872487057603	348	1.26955936661871
"rs1739869"	0.402880323693699	348	1.15718863537771
"rs1739970"	0.402880323693699	348	1.15718863537771
"rs1713378"	0.402899603775937	348	1.18343610811168
"rs944264"	0.402911375231873	348	0.796903971931123
"rs944270"	0.402911375231873	348	0.796903971931123
"rs944271"	0.402911375231873	348	0.796903971931123
"rs944274"	0.402911375231873	348	0.796903971931123
"rs944292"	0.402911375231873	348	0.796903971931123
"rs944300"	0.402911375231873	348	0.796903971931123
"rs944321"	0.402911375231873	348	0.796903971931123
"rs1893312"	0.40291223922462	348	0.955448221625518
"rs616545"	0.402915016698358	348	0.663626479723899
"rs1095662"	0.402952281898365	348	1.25672001813015
"rs304765"	0.402954482817824	348	1.31952649481769
"rs1406438"	0.402961568328744	348	0.901965953375125
"rs609010"	0.403002643097403	348	0.774224643463401
"rs609094"	0.403002643097403	348	0.774224643463401
"rs608896"	0.403002643097406	348	0.774224643463401
"rs608899"	0.403002643097406	348	0.774224643463401
"rs608923"	0.403002643097406	348	0.774224643463401
"rs608971"	0.403002643097406	348	0.774224643463401
"rs802525"	0.403053399204093	348	0.806948731519261
"rs802528"	0.403053399204093	348	0.806948731519261
"rs339057"	0.403067652371105	348	0.828879101380029
"rs181569"	0.403076515951187	348	0.86206351757643
"rs944155"	0.4030810872665	348	0.796975681867363
"rs944174"	0.4030810872665	348	0.796975681867363
"rs944182"	0.4030810872665	348	0.796975681867363
"rs944190"	0.4030810872665	348	0.796975681867363
"rs944191"	0.4030810872665	348	0.796975681867363
"rs944213"	0.4030810872665	348	0.796975681867363
"rs944233"	0.4030810872665	348	0.796975681867363
"rs944234"	0.4030810872665	348	0.796975681867363
"rs944243"	0.4030810872665	348	0.796975681867363
"rs944256"	0.4030810872665	348	0.796975681867363
"rs265572"	0.403085410005143	348	0.881003134402678
"rs545096"	0.403108909375604	348	1.19365547756963
"rs189391"	0.403124892363249	348	0.643138763081805
"rs1635452"	0.403146035336397	348	0.83739195357879
"rs369201"	0.403149769498454	348	1.21581306296975
"rs842755"	0.403162958116037	348	0.835258006704751
"rs557204"	0.403172403104487	348	0.876573502982203
"rs1064708"	0.403228942324992	348	1.19948804113327
"rs1064723"	0.403228942324992	348	1.19948804113327
"rs1064729"	0.403228942324992	348	1.19948804113327
"rs178522"	0.403238440546185	348	0.815948136981953
"rs987164"	0.403281243878333	348	1.13721601255287
"rs488528"	0.403339313817242	348	1.21585834051191
"rs559379"	0.403345948248089	348	1.26454360056957
"rs1321797"	0.403357788952675	348	0.856309126036396
"rs433410"	0.4033787962203	348	1.16062743959322
"rs591836"	0.403391350875114	348	0.94153322246753
"rs11007"	0.40345034839247	348	0.524599099792737
"rs11151"	0.40345034839247	348	0.524599099792737
"rs11237"	0.40345034839247	348	0.524599099792737
"rs56727"	0.40345034839247	348	0.524599099792737
"rs56739"	0.40345034839247	348	0.524599099792737
"rs56766"	0.40345034839247	348	0.524599099792737
"rs56773"	0.40345034839247	348	0.524599099792737
"rs56778"	0.40345034839247	348	0.524599099792737
"rs56850"	0.40345034839247	348	0.524599099792737
"rs57036"	0.40345034839247	348	0.524599099792737
"rs57039"	0.40345034839247	348	0.524599099792737
"rs57054"	0.40345034839247	348	0.524599099792737
"rs109522"	0.40345034839247	348	0.524599099792737
"rs469782"	0.40345034839247	348	0.524599099792737
"rs475099"	0.40345034839247	348	0.524599099792737
"rs486517"	0.40345034839247	348	0.524599099792737
"rs487767"	0.40345034839247	348	0.524599099792737
"rs1442604"	0.40345034839247	348	0.524599099792737
"rs1450513"	0.40345034839247	348	0.524599099792737
"rs2035130"	0.40345034839247	348	0.524599099792737
"rs2036536"	0.40345034839247	348	0.524599099792737
"rs2036853"	0.40345034839247	348	0.524599099792737
"rs2037201"	0.40345034839247	348	0.524599099792737
"rs2039306"	0.40345034839247	348	0.524599099792737
"rs2055396"	0.40345034839247	348	0.524599099792737
"rs951647"	0.403450348392476	348	0.52459909979274
"rs951928"	0.403450348392476	348	0.52459909979274
"rs677290"	0.403450348392477	348	0.524599099792744
"rs1697481"	0.40345034839248	348	0.52459909979274
"rs33929"	0.403450348392482	348	0.524599099792747
"rs36757"	0.403450348392482	348	0.524599099792747
"rs54543"	0.403450348392482	348	0.524599099792747
"rs57004"	0.403450348392482	348	0.524599099792747
"rs57006"	0.403450348392482	348	0.524599099792747
"rs57024"	0.403450348392482	348	0.524599099792747
"rs57258"	0.403450348392482	348	0.524599099792747
"rs198716"	0.403450348392482	348	0.524599099792746
"rs639066"	0.403450348392482	348	0.524599099792747
"rs810155"	0.403450348392482	348	0.524599099792747
"rs954140"	0.403450348392482	348	0.524599099792747
"rs955310"	0.403450348392482	348	0.524599099792747
"rs957911"	0.403450348392482	348	0.524599099792747
"rs961709"	0.403450348392482	348	0.524599099792747
"rs963381"	0.403450348392482	348	0.524599099792747
"rs963889"	0.403450348392482	348	0.524599099792747
"rs981275"	0.403450348392482	348	0.524599099792747
"rs1043673"	0.403450348392482	348	0.524599099792747
"rs1043854"	0.403450348392482	348	0.524599099792747
"rs1451017"	0.403450348392482	348	0.524599099792747
"rs1457725"	0.403450348392482	348	0.524599099792747
"rs1461338"	0.403450348392482	348	0.524599099792747
"rs1461922"	0.403450348392482	348	0.524599099792747
"rs1473707"	0.403450348392482	348	0.524599099792747
"rs1475354"	0.403450348392482	348	0.524599099792747
"rs1484072"	0.403450348392482	348	0.524599099792747
"rs1528172"	0.403450348392482	348	0.524599099792747
"rs1528300"	0.403450348392482	348	0.524599099792747
"rs1571047"	0.403450348392482	348	0.524599099792747
"rs1572726"	0.403450348392482	348	0.524599099792747
"rs1593373"	0.403450348392482	348	0.524599099792747
"rs1594624"	0.403450348392482	348	0.524599099792747
"rs1688216"	0.403450348392482	348	0.524599099792747
"rs1783113"	0.403450348392482	348	0.524599099792747
"rs1928581"	0.403450348392482	348	0.524599099792747
"rs1941775"	0.403450348392482	348	0.524599099792747
"rs2056050"	0.403450348392482	348	0.524599099792747
"rs2056171"	0.403450348392482	348	0.524599099792747
"rs2056416"	0.403450348392482	348	0.524599099792747
"rs2062898"	0.403450348392482	348	0.524599099792747
"rs2183679"	0.403450348392482	348	0.524599099792747
"rs2185463"	0.403450348392482	348	0.524599099792747
"rs2188369"	0.403450348392482	348	0.524599099792747
"rs2198571"	0.403450348392482	348	0.524599099792747
"rs2199452"	0.403450348392482	348	0.524599099792747
"rs2200343"	0.403450348392482	348	0.524599099792747
"rs2200433"	0.403450348392482	348	0.524599099792747
"rs2203426"	0.403450348392482	348	0.524599099792747
"rs2204812"	0.403450348392482	348	0.524599099792747
"rs2213036"	0.403450348392482	348	0.524599099792747
"rs676335"	0.403450348392483	348	0.524599099792745
"rs654048"	0.403450348392485	348	0.52459909979275
"rs127677"	0.403450348392488	348	0.524599099792746
"rs135132"	0.403450348392488	348	0.524599099792746
"rs135782"	0.403450348392488	348	0.524599099792746
"rs136211"	0.403450348392488	348	0.524599099792746
"rs136432"	0.403450348392488	348	0.524599099792746
"rs136830"	0.403450348392488	348	0.524599099792746
"rs138376"	0.403450348392488	348	0.524599099792746
"rs161597"	0.403450348392488	348	0.524599099792746
"rs161600"	0.403450348392488	348	0.524599099792746
"rs162946"	0.403450348392488	348	0.524599099792746
"rs164725"	0.403450348392488	348	0.524599099792746
"rs185944"	0.403450348392488	348	0.524599099792746
"rs187642"	0.403450348392488	348	0.524599099792746
"rs187879"	0.403450348392488	348	0.524599099792746
"rs189464"	0.403450348392488	348	0.524599099792746
"rs190411"	0.403450348392488	348	0.524599099792746
"rs202936"	0.403450348392488	348	0.524599099792746
"rs336552"	0.403450348392488	348	0.524599099792746
"rs391601"	0.403450348392488	348	0.524599099792746
"rs392095"	0.403450348392488	348	0.524599099792746
"rs502003"	0.403450348392488	348	0.524599099792746
"rs506589"	0.403450348392488	348	0.524599099792746
"rs507052"	0.403450348392488	348	0.524599099792746
"rs507627"	0.403450348392488	348	0.524599099792746
"rs588984"	0.403450348392488	348	0.524599099792746
"rs604553"	0.403450348392488	348	0.524599099792746
"rs605249"	0.403450348392488	348	0.524599099792746
"rs605672"	0.403450348392488	348	0.524599099792746
"rs606304"	0.403450348392488	348	0.524599099792746
"rs607117"	0.403450348392488	348	0.524599099792746
"rs611237"	0.403450348392488	348	0.524599099792746
"rs612075"	0.403450348392488	348	0.524599099792746
"rs635343"	0.403450348392488	348	0.524599099792746
"rs635806"	0.403450348392488	348	0.524599099792746
"rs636126"	0.403450348392488	348	0.524599099792746
"rs637231"	0.403450348392488	348	0.524599099792746
"rs637481"	0.403450348392488	348	0.524599099792746
"rs658811"	0.403450348392488	348	0.524599099792746
"rs658974"	0.403450348392488	348	0.524599099792746
"rs659771"	0.403450348392488	348	0.524599099792746
"rs670052"	0.403450348392488	348	0.524599099792746
"rs670139"	0.403450348392488	348	0.524599099792746
"rs673457"	0.403450348392488	348	0.524599099792746
"rs673979"	0.403450348392488	348	0.524599099792746
"rs674044"	0.403450348392488	348	0.524599099792746
"rs674509"	0.403450348392488	348	0.524599099792746
"rs675736"	0.403450348392488	348	0.524599099792746
"rs678841"	0.403450348392488	348	0.524599099792746
"rs679148"	0.403450348392488	348	0.524599099792746
"rs681911"	0.403450348392488	348	0.524599099792746
"rs682408"	0.403450348392488	348	0.524599099792746
"rs682957"	0.403450348392488	348	0.524599099792746
"rs683140"	0.403450348392488	348	0.524599099792746
"rs684624"	0.403450348392488	348	0.524599099792746
"rs684890"	0.403450348392488	348	0.524599099792746
"rs708162"	0.403450348392488	348	0.524599099792746
"rs716084"	0.403450348392488	348	0.524599099792746
"rs818428"	0.403450348392488	348	0.524599099792746
"rs968404"	0.403450348392488	348	0.524599099792746
"rs974257"	0.403450348392488	348	0.524599099792746
"rs986310"	0.403450348392488	348	0.524599099792746
"rs1087792"	0.403450348392488	348	0.524599099792746
"rs1296068"	0.403450348392488	348	0.524599099792746
"rs1296452"	0.403450348392488	348	0.524599099792746
"rs1324797"	0.403450348392488	348	0.524599099792746
"rs1444044"	0.403450348392488	348	0.524599099792746
"rs1806122"	0.403450348392488	348	0.524599099792746
"rs1826251"	0.403450348392488	348	0.524599099792746
"rs1827673"	0.403450348392488	348	0.524599099792746
"rs1827919"	0.403450348392488	348	0.524599099792746
"rs1828155"	0.403450348392488	348	0.524599099792746
"rs1828186"	0.403450348392488	348	0.524599099792746
"rs1828207"	0.403450348392488	348	0.524599099792746
"rs1902305"	0.403450348392488	348	0.524599099792746
"rs1972764"	0.403450348392488	348	0.524599099792746
"rs1973702"	0.403450348392488	348	0.524599099792746
"rs1991629"	0.403450348392488	348	0.524599099792746
"rs1992691"	0.403450348392488	348	0.524599099792746
"rs1992693"	0.403450348392488	348	0.524599099792746
"rs1992922"	0.403450348392488	348	0.524599099792746
"rs1994131"	0.403450348392488	348	0.524599099792746
"rs1995092"	0.403450348392488	348	0.524599099792746
"rs1995226"	0.403450348392488	348	0.524599099792746
"rs1995682"	0.403450348392488	348	0.524599099792746
"rs2005519"	0.403450348392488	348	0.524599099792746
"rs2015470"	0.403450348392488	348	0.524599099792746
"rs2122678"	0.403450348392488	348	0.524599099792746
"rs2129782"	0.403450348392488	348	0.524599099792746
"rs2203681"	0.403450348392488	348	0.524599099792746
"rs191386"	0.403450348392489	348	0.524599099792744
"rs673635"	0.40345034839249	348	0.524599099792746
"rs967742"	0.403450348392491	348	0.524599099792743
"rs633760"	0.403450348392492	348	0.524599099792743
"rs60437"	0.403450348392492	348	0.524599099792747
"rs61066"	0.403450348392492	348	0.524599099792747
"rs61090"	0.403450348392492	348	0.524599099792747
"rs61114"	0.403450348392492	348	0.524599099792747
"rs61139"	0.403450348392492	348	0.524599099792747
"rs61144"	0.403450348392492	348	0.524599099792747
"rs367009"	0.403450348392492	348	0.524599099792747
"rs626101"	0.403450348392492	348	0.524599099792747
"rs769123"	0.403450348392492	348	0.524599099792747
"rs774242"	0.403450348392492	348	0.524599099792747
"rs780436"	0.403450348392492	348	0.524599099792747
"rs781269"	0.403450348392492	348	0.524599099792747
"rs795232"	0.403450348392492	348	0.524599099792747
"rs800735"	0.403450348392492	348	0.524599099792747
"rs811423"	0.403450348392492	348	0.524599099792747
"rs814722"	0.403450348392492	348	0.524599099792747
"rs814992"	0.403450348392492	348	0.524599099792747
"rs815239"	0.403450348392492	348	0.524599099792747
"rs819000"	0.403450348392492	348	0.524599099792747
"rs819068"	0.403450348392492	348	0.524599099792747
"rs819078"	0.403450348392492	348	0.524599099792747
"rs819079"	0.403450348392492	348	0.524599099792747
"rs819099"	0.403450348392492	348	0.524599099792747
"rs832114"	0.403450348392492	348	0.524599099792747
"rs832115"	0.403450348392492	348	0.524599099792747
"rs832159"	0.403450348392492	348	0.524599099792747
"rs832412"	0.403450348392492	348	0.524599099792747
"rs832990"	0.403450348392492	348	0.524599099792747
"rs834918"	0.403450348392492	348	0.524599099792747
"rs835761"	0.403450348392492	348	0.524599099792747
"rs1536068"	0.403450348392492	348	0.524599099792747
"rs1549613"	0.403450348392492	348	0.524599099792747
"rs1608418"	0.403450348392492	348	0.524599099792747
"rs1609701"	0.403450348392492	348	0.524599099792747
"rs1610162"	0.403450348392492	348	0.524599099792747
"rs1695265"	0.403450348392492	348	0.524599099792747
"rs1695847"	0.403450348392492	348	0.524599099792747
"rs1696023"	0.403450348392492	348	0.524599099792747
"rs1696032"	0.403450348392492	348	0.524599099792747
"rs1696096"	0.403450348392492	348	0.524599099792747
"rs1737108"	0.403450348392492	348	0.524599099792747
"rs1741643"	0.403450348392492	348	0.524599099792747
"rs1830800"	0.403450348392492	348	0.524599099792747
"rs1832086"	0.403450348392492	348	0.524599099792747
"rs1832107"	0.403450348392492	348	0.524599099792747
"rs1836498"	0.403450348392492	348	0.524599099792747
"rs1839233"	0.403450348392492	348	0.524599099792747
"rs1842526"	0.403450348392492	348	0.524599099792747
"rs1844011"	0.403450348392492	348	0.524599099792747
"rs1962803"	0.403450348392492	348	0.524599099792747
"rs1962834"	0.403450348392492	348	0.524599099792747
"rs2104652"	0.403450348392492	348	0.524599099792747
"rs2112489"	0.403450348392492	348	0.524599099792747
"rs2112492"	0.403450348392492	348	0.524599099792747
"rs2113035"	0.403450348392492	348	0.524599099792747
"rs2115232"	0.403450348392492	348	0.524599099792747
"rs2120338"	0.403450348392492	348	0.524599099792747
"rs2120343"	0.403450348392492	348	0.524599099792747
"rs2120652"	0.403450348392492	348	0.524599099792747
"rs2120672"	0.403450348392492	348	0.524599099792747
"rs2120691"	0.403450348392492	348	0.524599099792747
"rs2124342"	0.403450348392492	348	0.524599099792747
"rs2056234"	0.403450348392495	348	0.524599099792746
"rs2058445"	0.403450348392502	348	0.524599099792753
"rs2063638"	0.403450348392502	348	0.524599099792753
"rs2064067"	0.403450348392502	348	0.524599099792753
"rs810393"	0.403450348392506	348	0.524599099792764
"rs627688"	0.40345034839255	348	0.524599099793383
"rs1688868"	0.403450348392564	348	0.524599099792807
"rs2182091"	0.403450348392564	348	0.524599099792807
"rs70157"	0.403460060040251	348	1.04282621081545
"rs581565"	0.403561457153377	348	0.839698791578595
"rs2035126"	0.403597532916122	348	0.844745214314745
"rs225546"	0.40361740992089	348	0.716473877066489
"rs1288747"	0.403618635233425	348	0.827099404660617
"rs474010"	0.403655301762205	348	1.14182233418638
"rs1038409"	0.403655428243024	348	1.21225851512836
"rs448517"	0.403667144875955	348	0.961937424849405
"rs1750621"	0.403670013691327	348	1.19390793335429
"rs565158"	0.403697984775958	348	0.907940344114271
"rs565161"	0.403697984775958	348	0.907940344114271
"rs1629178"	0.403707460383065	348	1.17377867136774
"rs722719"	0.403708061450224	348	0.941367368321536
"rs1790214"	0.403720426862398	348	1.12397365470143
"rs127669"	0.403744750863912	348	0.896752584581789
"rs127670"	0.403744750863912	348	0.896752584581789
"rs1748236"	0.403769520347934	348	0.837502188426161
"rs124704"	0.403787594408717	348	1.12613102374167
"rs742651"	0.403804117944062	348	0.856122003702747
"rs742667"	0.403804117944062	348	0.856122003702747
"rs742691"	0.403804117944062	348	0.856122003702747
"rs742703"	0.403804117944062	348	0.856122003702747
"rs742709"	0.403804117944062	348	0.856122003702747
"rs742718"	0.403804117944062	348	0.856122003702747
"rs742730"	0.403804117944062	348	0.856122003702747
"rs742658"	0.40380411794407	348	0.856122003702748
"rs466251"	0.403854099890297	348	0.868668273189567
"rs620168"	0.403878661040314	348	0.8272372399741
"rs809332"	0.403884314306372	348	1.12188793202786
"rs533256"	0.403902517584906	348	1.34582832642129
"rs960349"	0.40393620399661	348	1.19018565750973
"rs648776"	0.403961435946054	348	0.941972249652644
"rs2118640"	0.404015652874232	348	1.1569059218603
"rs1739448"	0.404097866054427	348	1.14593727385092
"rs2034615"	0.404100168536669	348	0.820110831817047
"rs1014838"	0.40410442854309	348	0.72391304704524
"rs2035276"	0.404107385988061	348	1.20119771532909
"rs2035306"	0.404107385988061	348	1.20119771532909
"rs1907705"	0.404123948486322	348	0.909717307471723
"rs688165"	0.404147368331786	348	1.36861708583004
"rs1964080"	0.40419600719436	348	1.16899447515229
"rs413246"	0.404202075559994	348	0.86133132224729
"rs471086"	0.404220499074032	348	1.1637983915638
"rs1767161"	0.404222298654489	348	1.19421926265611
"rs1092826"	0.404237547064154	348	1.41672531617469
"rs1092836"	0.404237547064154	348	1.41672531617469
"rs1371379"	0.404244409487514	348	1.18812149397606
"rs850271"	0.404257405414246	348	0.731516071975037
"rs635841"	0.404296943027889	348	0.777722606617219
"rs463484"	0.404308886943279	348	1.23734555593002
"rs2159549"	0.40431735915136	348	1.1431900788837
"rs2154487"	0.404325715651671	348	1.18173663862659
"rs1296192"	0.404378539781977	348	0.928536827964358
"rs62186"	0.404403646067973	348	1.23828957968281
"rs62311"	0.404403646067973	348	1.23828957968281
"rs62741"	0.404403646067973	348	1.23828957968281
"rs898269"	0.404405350125664	348	1.17178231862587
"rs295818"	0.404475704872797	348	1.35852962625332
"rs84031"	0.404498306242491	348	0.874321648964429
"rs84038"	0.404498306242491	348	0.874321648964429
"rs84040"	0.404498306242491	348	0.874321648964429
"rs1623505"	0.404549738891694	348	1.20010339858227
"rs1962185"	0.404671611989029	348	1.41857180011712
"rs492820"	0.404680116462226	348	0.954505351722578
"rs1995315"	0.404688248247003	348	0.781065605559026
"rs393530"	0.404690535657041	348	0.694858468559382
"rs395584"	0.404690535657041	348	0.694858468559382
"rs1576627"	0.404690535657041	348	0.694858468559382
"rs196944"	0.404706446115902	348	0.849067695362711
"rs849947"	0.404713775438338	348	1.14875935916641
"rs1939831"	0.404759446080112	348	1.25345311229112
"rs1940070"	0.404759446080112	348	1.25345311229112
"rs1940623"	0.404759446080112	348	1.25345311229112
"rs651497"	0.404791493493888	348	1.34572746109705
"rs1090662"	0.404804248940221	348	1.15599939355524
"rs81751"	0.404808694143305	348	1.09792529820795
"rs1464883"	0.404813095684197	348	1.25869504255057
"rs1570141"	0.404849984917269	348	0.781140575130447
"rs1570192"	0.404849984917269	348	0.781140575130447
"rs544451"	0.404888165619336	348	1.16234086050664
"rs1074563"	0.404902131090177	348	1.17688725904259
"rs435999"	0.404903264850332	348	0.884188032711777
"rs1132783"	0.404943607655088	348	0.83620651737937
"rs1132837"	0.404943607655088	348	0.83620651737937
"rs1132767"	0.404943607655088	348	0.83620651737937
"rs1132771"	0.404943607655088	348	0.83620651737937
"rs835568"	0.404945190644912	348	1.21886872961318
"rs2089699"	0.404958708378297	348	1.29526045216262
"rs524376"	0.404962354821274	348	0.753613316072305
"rs1348102"	0.404983457209778	348	0.858051935861695
"rs812029"	0.405041368221168	348	0.788548613028643
"rs812071"	0.405041368221168	348	0.788548613028643
"rs812074"	0.405041368221168	348	0.788548613028643
"rs812185"	0.405041368221168	348	0.788548613028643
"rs812188"	0.405041368221168	348	0.788548613028643
"rs812197"	0.405041368221168	348	0.788548613028643
"rs812199"	0.405041368221168	348	0.788548613028643
"rs812203"	0.405041368221168	348	0.788548613028643
"rs812212"	0.405041368221168	348	0.788548613028643
"rs812233"	0.405041368221168	348	0.788548613028643
"rs812248"	0.405041368221168	348	0.788548613028643
"rs812260"	0.405041368221168	348	0.788548613028643
"rs812292"	0.405041368221168	348	0.788548613028643
"rs812296"	0.405041368221168	348	0.788548613028643
"rs812301"	0.405041368221168	348	0.788548613028643
"rs812323"	0.405041368221168	348	0.788548613028643
"rs812341"	0.405041368221168	348	0.788548613028643
"rs812397"	0.405041368221168	348	0.788548613028643
"rs812398"	0.405041368221168	348	0.788548613028643
"rs1561349"	0.405107896603417	348	0.888566838353982
"rs1085744"	0.405108294045391	348	1.22341201582339
"rs393016"	0.405110361921426	348	1.21426611919902
"rs815235"	0.405155986786622	348	1.18275965506458
"rs815238"	0.405155986786622	348	1.18275965506458
"rs815241"	0.405155986786622	348	1.18275965506458
"rs815253"	0.405155986786622	348	1.18275965506458
"rs815256"	0.405155986786622	348	1.18275965506458
"rs815274"	0.405155986786622	348	1.18275965506458
"rs815283"	0.405155986786622	348	1.18275965506458
"rs815286"	0.405155986786622	348	1.18275965506458
"rs429693"	0.405319469759135	348	1.207703664986
"rs533949"	0.40532104630986	348	0.841549118682743
"rs1389228"	0.405376231021234	348	1.25093378709503
"rs1004140"	0.405427653974672	348	1.2143142982557
"rs8151"	0.405434116851324	348	0.834553853079045
"rs856947"	0.405497447541826	348	0.851934645411833
"rs1713441"	0.405564715246228	348	1.21969590860294
"rs1713444"	0.405564715246228	348	1.21969590860294
"rs1713471"	0.405564715246228	348	1.21969590860294
"rs326206"	0.40559554108515	348	1.21036290549362
"rs308037"	0.405621118593784	348	1.24667043111348
"rs754342"	0.405674821765297	348	0.809839841203111
"rs843522"	0.405675811879097	348	0.815059335158358
"rs1106363"	0.4056800092961	348	0.866719579915787
"rs669665"	0.405700999919791	348	0.828740420051976
"rs1371477"	0.405716199751745	348	1.18530686459271
"rs494313"	0.405733967414254	348	1.27353847383673
"rs322555"	0.405767416875962	348	0.818443821699389
"rs624816"	0.405823810846939	348	0.797152601973514
"rs646085"	0.405864467361569	348	0.820247412785086
"rs1082412"	0.405884771593466	348	1.16192661087934
"rs1752897"	0.405887039393778	348	1.15202895515785
"rs2132850"	0.405907266010345	348	0.844814210531575
"rs1828366"	0.405924075041659	348	1.21992540409146
"rs1828383"	0.405924075041659	348	1.21992540409146
"rs1828404"	0.405924075041659	348	1.21992540409146
"rs867319"	0.405935738215009	348	1.13823264849514
"rs2130835"	0.405955595910512	348	0.817931895628899
"rs1761733"	0.405988055493118	348	1.22193543148667
"rs1691410"	0.405995874963255	348	1.13140641923462
"rs663724"	0.405999296881313	348	1.19895650708095
"rs1394242"	0.406003711913373	348	1.20582931805612
"rs1394271"	0.406003711913374	348	1.20582931805612
"rs1394280"	0.406003711913374	348	1.20582931805612
"rs1394217"	0.406003711913381	348	1.20582931805612
"rs1394244"	0.406003711913381	348	1.20582931805612
"rs1394251"	0.406003711913381	348	1.20582931805612
"rs1394220"	0.406003711913381	348	1.20582931805612
"rs577152"	0.40602060870892	348	0.843098747977732
"rs577200"	0.40602060870892	348	0.843098747977732
"rs53728"	0.406035460029528	348	0.887325785057013
"rs2147478"	0.406075017771322	348	0.591815874012208
"rs1895706"	0.406132792329671	348	1.18907209345545
"rs862437"	0.406140994058012	348	0.780701580433276
"rs1439939"	0.4061527623031	348	0.791067348861167
"rs259249"	0.406176344379186	348	1.29431245144751
"rs499927"	0.40621896169316	348	0.876712922348617
"rs1900540"	0.406234313596437	348	1.32732470971491
"rs1079045"	0.406245481416872	348	1.17560425770876
"rs1452022"	0.406271486517253	348	1.21596282877821
"rs1452037"	0.406271486517253	348	1.21596282877821
"rs1452064"	0.406271486517253	348	1.21596282877821
"rs1452073"	0.406271486517253	348	1.21596282877821
"rs1452094"	0.406271486517253	348	1.21596282877821
"rs1452105"	0.406271486517253	348	1.21596282877821
"rs1452109"	0.406271486517253	348	1.21596282877821
"rs145086"	0.406293203133751	348	0.90236231297051
"rs703486"	0.406336608262783	348	1.06662254753182
"rs1357943"	0.40635934502437	348	1.30239835747453
"rs1053993"	0.406364364104822	348	1.10755425467523
"rs1976406"	0.406380646045642	348	1.161100178777
"rs1976415"	0.406380646045642	348	1.161100178777
"rs1976424"	0.406380646045642	348	1.161100178777
"rs1976425"	0.406380646045642	348	1.161100178777
"rs1976429"	0.406380646045642	348	1.161100178777
"rs1976430"	0.406380646045642	348	1.161100178777
"rs1976437"	0.406380646045642	348	1.161100178777
"rs1976442"	0.406380646045642	348	1.161100178777
"rs1976451"	0.406380646045642	348	1.161100178777
"rs1976459"	0.406380646045642	348	1.161100178777
"rs1976483"	0.406380646045642	348	1.161100178777
"rs1976520"	0.406380646045642	348	1.161100178777
"rs1976521"	0.406380646045642	348	1.161100178777
"rs1976523"	0.406380646045642	348	1.161100178777
"rs343157"	0.406420073448717	348	0.777699341704161
"rs1884429"	0.406423288062284	348	0.801825855734185
"rs1839802"	0.406446424044893	348	0.783032233620608
"rs1839843"	0.406446424044893	348	0.783032233620608
"rs1839867"	0.406446424044893	348	0.783032233620608
"rs1117424"	0.406463947561659	348	1.20692383576366
"rs612398"	0.406480569977115	348	1.20678553218964
"rs605003"	0.406489174822418	348	1.19389558090505
"rs1151294"	0.406560835600999	348	0.850156358668949
"rs325195"	0.406564325401693	348	1.16879285580286
"rs1433053"	0.406666237232147	348	0.940156065116756
"rs618334"	0.40670429085457	348	0.828970511618246
"rs50647"	0.406709926436976	348	0.847142296067231
"rs2189140"	0.406726115676924	348	0.838211489400354
"rs941214"	0.406727345634459	348	1.33749560994132
"rs1671597"	0.406808857523769	348	0.828112480132656
"rs2099043"	0.406817493523658	348	0.883319288694374
"rs1710811"	0.406818223310426	348	1.19749238292764
"rs938285"	0.406839234449338	348	0.179325860233743
"rs911193"	0.406850541628927	348	1.22397089660185
"rs1167767"	0.406869294100222	348	0.930801446084081
"rs1183621"	0.406891422068741	348	0.889304670532324
"rs81575"	0.406893329655815	348	1.09902372011677
"rs1547533"	0.406895899163896	348	0.853955815709843
"rs1618919"	0.406901720749899	348	0.817974645248969
"rs130156"	0.406931513185399	348	1.09494286784047
"rs97091"	0.406933043471922	348	1.13392752801271
"rs222677"	0.406945461891877	348	1.18311545561793
"rs2136373"	0.406948171224166	348	0.862391283225839
"rs290439"	0.40697684562276	348	1.13507533693715
"rs1065507"	0.406990569838259	348	0.876978553471194
"rs1065510"	0.406990569838259	348	0.876978553471194
"rs1065513"	0.406990569838259	348	0.876978553471194
"rs1906785"	0.406993598096546	348	0.792020939076272
"rs1906829"	0.406993598096546	348	0.792020939076272
"rs1706052"	0.407001517304172	348	1.16090411303626
"rs1205065"	0.407037034850116	348	0.896956068774684
"rs630300"	0.407119696974867	348	1.15493134744932
"rs630303"	0.407119696974867	348	1.15493134744932
"rs1599170"	0.407128235933423	348	1.12588448525754
"rs1036944"	0.407146724287867	348	0.827176803333799
"rs408256"	0.407211473397326	348	1.21578023796448
"rs491546"	0.40722548958132	348	0.728064211757168
"rs491555"	0.40722548958132	348	0.728064211757168
"rs150877"	0.407227401265891	348	1.1344062407564
"rs492002"	0.407241448736323	348	0.937906092733187
"rs1113030"	0.407270094601628	348	0.875637837431285
"rs308078"	0.407308144653595	348	1.24566749706233
"rs308108"	0.407308144653595	348	1.24566749706233
"rs1681637"	0.407312528545403	348	0.808691297330812
"rs282738"	0.407353855047972	348	1.14540802009589
"rs1445423"	0.407363346175256	348	133.832784043739
"rs315565"	0.407363346176337	348	0.00118025553984534
"rs315567"	0.407363346176337	348	0.00118025553984534
"rs315576"	0.407363346176337	348	0.00118025553984534
"rs315123"	0.407363346176407	348	898.58475242331
"rs315136"	0.407363346176407	348	898.58475242331
"rs315137"	0.407363346176407	348	898.58475242331
"rs459767"	0.407367941183832	348	0.841443782923882
"rs459769"	0.407367941183832	348	0.841443782923882
"rs2147421"	0.407399166587486	348	0.892396192192624
"rs37776"	0.40740461694126	348	1.24127495003001
"rs515299"	0.407408507329854	348	1.1335478933375
"rs757067"	0.407455887854647	348	1.28281314107358
"rs126142"	0.407464055673288	348	0.817052302842628
"rs507633"	0.407481560352605	348	0.818946045987287
"rs93019"	0.407514245672692	348	0.659256587534588
"rs1712011"	0.407570231155805	348	1.17167537399319
"rs722961"	0.407619554130033	348	0.837143830390254
"rs722963"	0.407619554130033	348	0.837143830390254
"rs376753"	0.407633888867963	348	0.812936092580602
"rs819993"	0.407651235013777	348	0.849276018616972
"rs591724"	0.407713925493554	348	0.946327161557711
"rs1013641"	0.407817660892298	348	0.864750068184211
"rs732465"	0.407936421724418	348	0.795108213382406
"rs1304881"	0.407953549207334	348	0.8516401371951
"rs1016400"	0.407983362093605	348	0.738206360153463
"rs1942205"	0.40801936823613	348	1.18317913124034
"rs1942206"	0.40801936823613	348	1.18317913124034
"rs1942209"	0.40801936823613	348	1.18317913124034
"rs1942218"	0.40801936823613	348	1.18317913124034
"rs1942230"	0.40801936823613	348	1.18317913124034
"rs2054006"	0.408057412061861	348	1.19678999316685
"rs329530"	0.408114378534802	348	1.14535331195036
"rs705435"	0.408133199244539	348	1.16269040147499
"rs508350"	0.408169221772784	348	0.820155702393657
"rs1197073"	0.408215063353267	348	0.895746102579934
"rs1564097"	0.408221896130991	348	1.21050735387412
"rs2084154"	0.408234209011863	348	1.06608039621037
"rs1833686"	0.408242846588502	348	0.785175226682592
"rs1601462"	0.408251227155373	348	0.739110230203282
"rs817250"	0.408292372067746	348	0.896826480285697
"rs449684"	0.408298779450104	348	1.30264095181915
"rs785046"	0.408303481444815	348	0.854946193650686
"rs785049"	0.408303481444815	348	0.854946193650686
"rs785052"	0.408303481444815	348	0.854946193650686
"rs785055"	0.408303481444815	348	0.854946193650686
"rs785064"	0.408303481444815	348	0.854946193650686
"rs785067"	0.408303481444815	348	0.854946193650686
"rs2087167"	0.408338156118249	348	0.954184404280262
"rs2189767"	0.408366396866272	348	0.688729455128745
"rs2157688"	0.408381308115411	348	1.20002700404495
"rs2157694"	0.408381308115411	348	1.20002700404495
"rs46102"	0.408429175787402	348	1.15009759687316
"rs579097"	0.408461247156575	348	1.14464437300021
"rs547940"	0.408462427974409	348	1.18144702264087
"rs863752"	0.408462504593838	348	0.94773315016538
"rs14031"	0.408552220167655	348	0.829132331040282
"rs1942542"	0.40856514021155	348	1.14045612928575
"rs2089674"	0.408568885630583	348	1.29186587788923
"rs1120975"	0.40857593628824	348	0.748947077801963
"rs1121089"	0.40857593628824	348	0.748947077801963
"rs1121243"	0.40857593628824	348	0.748947077801963
"rs411249"	0.408630474808369	348	0.905853750980118
"rs667354"	0.408658545258911	348	1.12780199985155
"rs2059157"	0.408670374300337	348	0.776705164634685
"rs2059144"	0.408670374300338	348	0.776705164634685
"rs2059145"	0.408670374300338	348	0.776705164634685
"rs2059148"	0.408670374300338	348	0.776705164634685
"rs2059618"	0.408670374300338	348	0.776705164634685
"rs2059036"	0.408670374300341	348	0.776705164634686
"rs392459"	0.408690796144603	348	1.17429239410335
"rs720695"	0.408775829283758	348	1.358338567849
"rs1481970"	0.408799271517414	348	1.13864751071402
"rs1331894"	0.408809421232061	348	1.18674690411006
"rs1637682"	0.408869643719766	348	0.789098139130744
"rs1325412"	0.408889445179184	348	1.10397811115589
"rs958375"	0.408906999118042	348	1.21590400164322
"rs1483009"	0.408999248219977	348	1.16277117970852
"rs160726"	0.409005014504556	348	1.16539493543661
"rs357552"	0.409039333969946	348	1.18290384619826
"rs1454924"	0.409071235623586	348	1.20477253512054
"rs976118"	0.409190396011207	348	0.802801452747468
"rs835101"	0.409228176676612	348	0.819921742788509
"rs869229"	0.409234883119231	348	0.876992904446028
"rs211172"	0.409256401172437	348	1.46012553524136
"rs787607"	0.409282205080044	348	0.825960996631905
"rs2026047"	0.409330097217659	348	1.18315345143788
"rs1153906"	0.409338428878558	348	0.580780823178504
"rs1132827"	0.409386077774328	348	0.858390756325489
"rs1576098"	0.40938879232399	348	0.797600769658366
"rs341443"	0.409478775452456	348	1.14354656865955
"rs1775039"	0.409530912328485	348	1.37990399542702
"rs2027003"	0.409530912328485	348	1.37990399542702
"rs2210767"	0.409545886673954	348	1.23348558549106
"rs687426"	0.409552657364904	348	0.838187257273029
"rs420375"	0.409584094066272	348	1.32988618509423
"rs420381"	0.409584094066272	348	1.32988618509423
"rs420384"	0.409584094066272	348	1.32988618509423
"rs533451"	0.409639101396584	348	1.14521647663813
"rs1353005"	0.409713219491402	348	0.839643548819893
"rs1963725"	0.409757254621191	348	1.36477068423987
"rs1965576"	0.409762689145112	348	1.180193207069
"rs333652"	0.409774442613888	348	1.43867665143918
"rs1139020"	0.409774442613888	348	1.43867665143918
"rs570985"	0.409774442613891	348	1.43867665143918
"rs1937843"	0.409801499895969	348	0.878847595661366
"rs1937852"	0.409801499895969	348	0.878847595661366
"rs1937873"	0.409801499895969	348	0.878847595661366
"rs1151320"	0.40983067509814	348	0.785736123938887
"rs855775"	0.409834513292391	348	1.13551206479641
"rs843802"	0.409859969926476	348	0.92626760181625
"rs758477"	0.409865926607532	348	1.13916005602663
"rs1961542"	0.409896678185539	348	0.900986420799044
"rs1708987"	0.40995971555175	348	1.17234782154644
"rs1742837"	0.409972703189838	348	0.792683047354007
"rs1742840"	0.409972703189838	348	0.792683047354007
"rs361611"	0.409981369960087	348	1.17972155535233
"rs1160860"	0.409991801168246	348	0.869871179982879
"rs942111"	0.410001960225506	348	1.20336247408623
"rs596991"	0.410080951991652	348	1.04250709682038
"rs240961"	0.410093457789611	348	0.847951971017597
"rs1559568"	0.410149063211372	348	0.867724362348295
"rs1559574"	0.410149063211372	348	0.867724362348295
"rs1559581"	0.410149063211372	348	0.867724362348295
"rs1559584"	0.410149063211372	348	0.867724362348295
"rs1559587"	0.410149063211372	348	0.867724362348295
"rs1559596"	0.410149063211372	348	0.867724362348295
"rs1559602"	0.410149063211372	348	0.867724362348295
"rs1559608"	0.410149063211372	348	0.867724362348295
"rs1742885"	0.410178453856949	348	0.808748675420376
"rs835469"	0.410179444814474	348	1.21530155987919
"rs81298"	0.410208300953197	348	0.92841782072201
"rs1710103"	0.410215929304567	348	1.17143292745651
"rs1415997"	0.410221704441597	348	0.653986635802846
"rs1415998"	0.410221704441597	348	0.653986635802846
"rs1129976"	0.410240540378804	348	1.20452921017773
"rs2121932"	0.410244395679581	348	0.896675452988399
"rs2121948"	0.410244395679581	348	0.896675452988399
"rs2214090"	0.410246081616598	348	1.49834951969995
"rs2214184"	0.410246081616598	348	1.49834951969995
"rs2167541"	0.410256488741942	348	0.794974100111036
"rs986428"	0.410264650384701	348	0.771310871234621
"rs1739561"	0.410278483218427	348	1.16463059900136
"rs1739563"	0.410278483218427	348	1.16463059900136
"rs1739565"	0.410278483218427	348	1.16463059900136
"rs1739569"	0.410278483218427	348	1.16463059900136
"rs1739571"	0.410278483218427	348	1.16463059900136
"rs1351785"	0.410321117117427	348	0.550713620773793
"rs1840800"	0.410321117117427	348	0.550713620773793
"rs854686"	0.410337727105559	348	0.819964693534526
"rs2217885"	0.410359763608902	348	1.42672961860078
"rs842532"	0.410365217858394	348	1.21937122130202
"rs2008824"	0.410367911118784	348	0.87378960653202
"rs2008825"	0.410367911118784	348	0.87378960653202
"rs101857"	0.410369073358443	348	0.800695140116971
"rs2089753"	0.410370934626996	348	1.15120995428628
"rs93210"	0.410376623044743	348	1.18367946607279
"rs155965"	0.410385840000772	348	1.18095900789432
"rs820087"	0.410432151391842	348	0.847103680805306
"rs2004746"	0.410486535299733	348	1.27532236518483
"rs902119"	0.4105197748684	348	1.23824652747415
"rs902121"	0.4105197748684	348	1.23824652747415
"rs173825"	0.410524694336997	348	1.13214538321174
"rs156062"	0.410588889723083	348	0.825703555587257
"rs684879"	0.410598728282473	348	1.21498664814807
"rs1876113"	0.410654892144495	348	1.73444698129666
"rs1735527"	0.410660360302364	348	1.17622520912877
"rs1735098"	0.410663891500317	348	1.18024000738122
"rs552695"	0.410693971471348	348	1.2499022553183
"rs1326991"	0.410728121992568	348	1.17196852925342
"rs236495"	0.410750666713923	348	1.16846813299098
"rs236507"	0.410750666713923	348	1.16846813299098
"rs236513"	0.410750666713923	348	1.16846813299098
"rs842589"	0.410751946078332	348	1.16813467212137
"rs842601"	0.410751946078332	348	1.16813467212137
"rs842652"	0.410751946078332	348	1.16813467212137
"rs838343"	0.410769383632598	348	0.835148695631173
"rs1963366"	0.410770549162556	348	1.080134378049
"rs922586"	0.410784309538692	348	1.2050513112198
"rs468382"	0.4108167627414	348	0.839254146371148
"rs2045878"	0.410881260184715	348	0.786106264421569
"rs1952412"	0.41090657392848	348	0.854435102388305
"rs1204811"	0.410912367417514	348	0.897127800487173
"rs1383888"	0.410916626672524	348	0.809972133000503
"rs923360"	0.41100314429766	348	0.74378013580301
"rs942208"	0.411010210395117	348	1.19791559822539
"rs984592"	0.411025128266066	348	0.709916150512888
"rs568838"	0.411077060634111	348	1.22488522059375
"rs568883"	0.411077060634111	348	1.22488522059375
"rs882407"	0.41108824505548	348	0.708946885924834
"rs1358363"	0.411204247772029	348	0.60947921920631
"rs88338"	0.41122276491584	348	1.16183970037718
"rs1893417"	0.411232073427349	348	0.830290993374523
"rs1790692"	0.411240308594312	348	1.18158000552886
"rs1790697"	0.411240308594312	348	1.18158000552886
"rs1790700"	0.411240308594312	348	1.18158000552886
"rs1790706"	0.411240308594312	348	1.18158000552886
"rs330680"	0.41125209804427	348	1.1426888279863
"rs2171040"	0.411269824892581	348	0.808460939705853
"rs2171041"	0.411269824892581	348	0.808460939705853
"rs704485"	0.41128697771269	348	1.10923893469175
"rs704488"	0.41128697771269	348	1.10923893469175
"rs704489"	0.41128697771269	348	1.10923893469175
"rs129314"	0.411377288179772	348	1.12557943866708
"rs858910"	0.41140157852619	348	1.12282981658992
"rs857752"	0.411409454334704	348	1.14748564186072
"rs1329761"	0.411421626924131	348	0.556940561134033
"rs146024"	0.411423558614993	348	1.10220607493897
"rs2106892"	0.41147047783505	348	1.0685946409172
"rs919928"	0.411500413394673	348	1.16826269837088
"rs919934"	0.411500413394673	348	1.16826269837088
"rs919967"	0.411500413394673	348	1.16826269837088
"rs919973"	0.411500413394673	348	1.16826269837088
"rs919979"	0.411500413394673	348	1.16826269837088
"rs919980"	0.411500413394673	348	1.16826269837088
"rs919986"	0.411500413394673	348	1.16826269837088
"rs919994"	0.411500413394673	348	1.16826269837088
"rs920015"	0.411500413394673	348	1.16826269837088
"rs920018"	0.411500413394673	348	1.16826269837088
"rs553042"	0.411517229107652	348	0.857049504879269
"rs898172"	0.411561235003724	348	1.03658014930484
"rs288161"	0.411687704534329	348	1.31581724907222
"rs935288"	0.411810705399922	348	0.857678159499495
"rs1627373"	0.411858720032461	348	0.86590660820282
"rs1627374"	0.411858720032461	348	0.86590660820282
"rs2060807"	0.411865020405059	348	1.16281013050919
"rs2060819"	0.411865020405059	348	1.16281013050919
"rs577427"	0.411908436624883	348	0.824449471710463
"rs548594"	0.411937633121505	348	1.15804759387597
"rs1609521"	0.411946046664131	348	1.15226580901155
"rs775541"	0.411950282961152	348	0.850050444826647
"rs1104094"	0.412009727924051	348	0.639008776237618
"rs1286131"	0.412031034185497	348	0.901600418301312
"rs1286135"	0.412031034185497	348	0.901600418301312
"rs1286136"	0.412031034185497	348	0.901600418301312
"rs1286138"	0.412031034185497	348	0.901600418301312
"rs1286179"	0.412031034185497	348	0.901600418301312
"rs46985"	0.412042528287052	348	1.08512539217855
"rs565047"	0.41208372381698	348	1.07194676662556
"rs1691336"	0.412095007174005	348	0.871679024696058
"rs465638"	0.412104457577756	348	1.16649036050747
"rs465643"	0.412104457577756	348	1.16649036050747
"rs465728"	0.412104457577756	348	1.16649036050747
"rs465729"	0.412104457577756	348	1.16649036050747
"rs465748"	0.412104457577756	348	1.16649036050747
"rs465777"	0.412104457577756	348	1.16649036050747
"rs465798"	0.412104457577756	348	1.16649036050747
"rs465801"	0.412104457577756	348	1.16649036050747
"rs465848"	0.412104457577756	348	1.16649036050747
"rs465860"	0.412104457577756	348	1.16649036050747
"rs465862"	0.412104457577756	348	1.16649036050747
"rs465930"	0.412104457577756	348	1.16649036050747
"rs465947"	0.412104457577756	348	1.16649036050747
"rs1024734"	0.412128757991227	348	1.35342881198642
"rs1024788"	0.412128757991227	348	1.35342881198642
"rs1695253"	0.412164857366887	348	0.669398921918004
"rs1695581"	0.412164857366887	348	0.669398921918004
"rs230931"	0.412176847370623	348	0.870031518689654
"rs1798442"	0.412183958674721	348	1.34380595449352
"rs406354"	0.412189988013657	348	1.08816821267812
"rs59955"	0.412202644378519	348	1.14102121836713
"rs636514"	0.412206078246789	348	0.848480391223498
"rs2087127"	0.412219284283096	348	0.924137940961146
"rs1739390"	0.412348356822044	348	1.14207484640823
"rs1739394"	0.412348356822044	348	1.14207484640823
"rs1739514"	0.412348356822044	348	1.14207484640823
"rs1739538"	0.412348356822044	348	1.14207484640823
"rs1739567"	0.412348356822044	348	1.14207484640823
"rs224531"	0.412365670407551	348	1.17427709130765
"rs139158"	0.412371487915204	348	0.791704754238625
"rs1810144"	0.412380056733516	348	0.935789933869984
"rs121494"	0.412381760976997	348	0.880222909911372
"rs806742"	0.412397872026454	348	0.845576330742551
"rs1946871"	0.412432451586115	348	1.18826407120915
"rs1949879"	0.412511372197627	348	1.17979872008354
"rs1807178"	0.412681003313165	348	0.826837984786303
"rs615812"	0.412692370146389	348	0.862039189657231
"rs26320"	0.412708817649961	348	1.17059389626487
"rs26324"	0.412708817649961	348	1.17059389626487
"rs1782820"	0.412708820004416	348	0.879830614868036
"rs1782826"	0.412708820004416	348	0.879830614868036
"rs265909"	0.41275255107953	348	1.16310108296441
"rs1741755"	0.412774544214031	348	1.24999912119559
"rs1117409"	0.412784463178967	348	0.866889735619766
"rs1706198"	0.412789140765335	348	1.16703230869593
"rs1706206"	0.412789140765335	348	1.16703230869593
"rs699710"	0.412860193046208	348	0.951159653709457
"rs696933"	0.412899918504854	348	1.16972757169768
"rs497348"	0.41292121366741	348	0.779013517021575
"rs616768"	0.412928821393986	348	0.635937370593447
"rs213855"	0.412928821393989	348	0.635937370593448
"rs1109887"	0.412928821393989	348	0.635937370593448
"rs1874824"	0.412928821393989	348	0.635937370593448
"rs1890568"	0.412947828066833	348	1.43226080809575
"rs609076"	0.412957880729232	348	0.841973825061915
"rs1004206"	0.412959052443565	348	1.21162938271197
"rs35364"	0.412959782875433	348	0.78028626347822
"rs35367"	0.412959782875433	348	0.78028626347822
"rs35370"	0.412959782875433	348	0.78028626347822
"rs35376"	0.412959782875433	348	0.78028626347822
"rs35382"	0.412959782875433	348	0.78028626347822
"rs224963"	0.412994360399513	348	1.15327532271032
"rs132420"	0.413018596182815	348	1.13652259183833
"rs1954032"	0.413023927964287	348	1.31842009220134
"rs2043020"	0.413028644346289	348	1.23374892434734
"rs854621"	0.413030891864099	348	0.876252593076866
"rs1610082"	0.413037475144548	348	0.862475121136245
"rs1321056"	0.413199377867998	348	0.811997609318929
"rs1964189"	0.413201207370444	348	1.13980395157213
"rs1681373"	0.413207506003049	348	1.14396845978214
"rs2025654"	0.413218746104451	348	0.80941243933006
"rs877064"	0.413234614178396	348	1.17063336069888
"rs128828"	0.413257808486586	348	0.830327156317974
"rs911321"	0.413275013715851	348	1.94980218001698
"rs129171"	0.413282846716526	348	1.26217727674852
"rs1962184"	0.413290165959703	348	1.4124489760132
"rs784832"	0.41330664637493	348	0.861529627025128
"rs784840"	0.41330664637493	348	0.861529627025128
"rs784842"	0.41330664637493	348	0.861529627025128
"rs784845"	0.41330664637493	348	0.861529627025128
"rs784866"	0.41330664637493	348	0.861529627025128
"rs1659567"	0.413311711810499	348	1.15429894656221
"rs875493"	0.413317600275925	348	0.86253656535701
"rs304776"	0.413330958933842	348	1.21341519813308
"rs2144943"	0.413347341623305	348	1.17036899293799
"rs1114823"	0.413383875268379	348	1.22397743462085
"rs1358127"	0.413388259705649	348	0.828984648110258
"rs23178"	0.413394918424702	348	0.77959173764578
"rs684616"	0.413505565570432	348	0.850731723342985
"rs684619"	0.413505565570432	348	0.850731723342985
"rs684621"	0.413505565570432	348	0.850731723342985
"rs684622"	0.413505565570432	348	0.850731723342985
"rs684628"	0.413505565570432	348	0.850731723342985
"rs684631"	0.413505565570432	348	0.850731723342985
"rs1104423"	0.413527410485458	348	1.23038029421711
"rs1399039"	0.413527970505249	348	0.881775451310725
"rs843307"	0.413567524101373	348	0.817725977046572
"rs1878506"	0.413576762222124	348	1.24456367694105
"rs123737"	0.413609864743676	348	1.14641184045836
"rs845514"	0.41362598828057	348	1.08322532318072
"rs1064477"	0.41365678629755	348	1.08106569139204
"rs1815516"	0.413658832214575	348	0.81755190854624
"rs343937"	0.413671264250674	348	0.778007665653399
"rs344579"	0.413671264250674	348	0.778007665653399
"rs968017"	0.413677637594898	348	0.78582080530931
"rs1488353"	0.413689907700648	348	1.07087735236194
"rs1488354"	0.413689907700648	348	1.07087735236194
"rs417077"	0.413703180890174	348	1.1804530524218
"rs1858383"	0.413712213591036	348	0.776652351415032
"rs1062612"	0.413717784276066	348	1.19179986376221
"rs880701"	0.413734297578703	348	0.80005434596576
"rs887783"	0.413782322208786	348	1.33107908680258
"rs1964165"	0.413783865894372	348	0.864571593338901
"rs1897593"	0.413806801578347	348	0.801829147841801
"rs973576"	0.413819839160861	348	0.811060280564784
"rs1108184"	0.413864026961987	348	1.14061235757463
"rs258553"	0.413876657603208	348	0.86419337447265
"rs328670"	0.413886596642672	348	1.48075474474018
"rs328672"	0.413886596642672	348	1.48075474474018
"rs328675"	0.413886596642672	348	1.48075474474018
"rs1694815"	0.413916770925533	348	1.23035630852738
"rs491531"	0.413940427319365	348	0.743819730458179
"rs585036"	0.41403143417246	348	0.704620685034928
"rs1721093"	0.414031885191029	348	1.2165780215827
"rs1721094"	0.414031885191029	348	1.2165780215827
"rs1440734"	0.414053383112588	348	0.718730434905318
"rs1441062"	0.414053383112588	348	0.718730434905318
"rs1441158"	0.414053383112588	348	0.718730434905318
"rs468473"	0.414059205634601	348	0.753754944984612
"rs264869"	0.414101743341132	348	1.14485379246717
"rs1328129"	0.414140609857124	348	1.17663720629092
"rs1328131"	0.414140609857124	348	1.17663720629092
"rs460658"	0.414146572981837	348	0.883009730944873
"rs1167188"	0.414170989053999	348	1.07727966775005
"rs1070070"	0.414179766797822	348	1.14131007210653
"rs1777502"	0.41418371976866	348	0.87000794994127
"rs2095135"	0.414244440055331	348	0.783769877303033
"rs823333"	0.414246193131604	348	0.868953659110543
"rs823339"	0.414246193131604	348	0.868953659110543
"rs823363"	0.414246193131604	348	0.868953659110543
"rs823366"	0.414246193131604	348	0.868953659110543
"rs873840"	0.414336598451465	348	1.17281092846356
"rs545967"	0.414379080215717	348	0.870877388127004
"rs1609419"	0.41442759552951	348	0.868415096668715
"rs304881"	0.414454362926016	348	0.84186120698398
"rs1406079"	0.41460089582249	348	1.22177149405097
"rs1833791"	0.414628255513497	348	0.861157258388256
"rs1953722"	0.414648160531028	348	1.25638336810238
"rs419050"	0.414686778137351	348	0.843528994364703
"rs1828095"	0.414721924117477	348	0.847474193296364
"rs613327"	0.414723161333338	348	0.664556873046723
"rs608788"	0.414728566689316	348	1.16954017703065
"rs1906655"	0.414749056623728	348	0.922408399962222
"rs1979767"	0.414790663086812	348	1.14659409413603
"rs1618789"	0.414791563054768	348	0.851154115865559
"rs1813269"	0.414797605686715	348	0.907664214888977
"rs1136774"	0.414811707286628	348	0.862195487736953
"rs1696556"	0.414830249518005	348	0.876631215629831
"rs1774147"	0.414847670921153	348	1.20147510236033
"rs1738420"	0.414870930584652	348	0.881651368492201
"rs565323"	0.414874083387615	348	0.859350347911105
"rs565350"	0.414874083387615	348	0.859350347911105
"rs565374"	0.414874083387615	348	0.859350347911105
"rs565395"	0.414874083387615	348	0.859350347911105
"rs1004180"	0.414952843088675	348	1.20859456288065
"rs1618872"	0.414983175500128	348	1.12607043205421
"rs857736"	0.414991602041182	348	1.1352774068283
"rs489186"	0.415003432213151	348	0.933329787199754
"rs63002"	0.415013962467648	348	0.83396152949311
"rs2120243"	0.415025143034737	348	1.11813782352828
"rs956682"	0.415090799404111	348	0.8148368630309
"rs956794"	0.415090799404111	348	0.8148368630309
"rs811007"	0.415110354919412	348	0.889120322335882
"rs466743"	0.415110470936849	348	1.10340779965904
"rs678236"	0.415123878096729	348	0.62640110020154
"rs1002140"	0.415181565656296	348	1.19268029304646
"rs1293038"	0.415256103810999	348	0.894075091738439
"rs580781"	0.415264429240077	348	1.18301991283476
"rs133481"	0.415268224891602	348	1.25959162179754
"rs1790649"	0.415271123375262	348	1.09477857667096
"rs1551023"	0.415311637036141	348	1.22632236123338
"rs227484"	0.415316203161757	348	1.09459342044324
"rs552813"	0.415327876456657	348	0.828870779477464
"rs1876130"	0.41534128959065	348	1.75751596277652
"rs1645559"	0.415419591282105	348	1.17312453635463
"rs1717265"	0.415429264512724	348	0.864540983939224
"rs1717286"	0.415429264512724	348	0.864540983939224
"rs297966"	0.415466801794193	348	0.768706129139611
"rs2076507"	0.415482736540537	348	1.14092171275576
"rs535304"	0.415485934771164	348	1.2339449195195
"rs1117875"	0.415550640718826	348	0.866441344493091
"rs1696770"	0.415564571646447	348	0.868989243333008
"rs1933746"	0.415613101458895	348	0.859152113913164
"rs571461"	0.415616464837781	348	0.886201969862273
"rs853968"	0.415782398474081	348	1.1506152041607
"rs473059"	0.415802335567184	348	1.1484473372027
"rs622436"	0.415819642912966	348	1.32558998475937
"rs1858300"	0.415821450405963	348	0.76952575601561
"rs420340"	0.415835625745914	348	0.856807248377517
"rs1233956"	0.415893954001231	348	0.814937076827859
"rs1233962"	0.415893954001231	348	0.814937076827859
"rs1233964"	0.415893954001231	348	0.814937076827859
"rs1233968"	0.415893954001231	348	0.814937076827859
"rs1233969"	0.415893954001231	348	0.814937076827859
"rs1233972"	0.415893954001231	348	0.814937076827859
"rs1249886"	0.415893954001231	348	0.814937076827859
"rs1250042"	0.415893954001231	348	0.814937076827859
"rs1259494"	0.415893954001231	348	0.814937076827859
"rs1259647"	0.415893954001231	348	0.814937076827859
"rs1260379"	0.415893954001231	348	0.814937076827859
"rs1261141"	0.415893954001231	348	0.814937076827859
"rs276114"	0.415932153722686	348	0.895549871562687
"rs2159313"	0.415950489644156	348	1.14316915562842
"rs2159370"	0.415950489644156	348	1.14316915562842
"rs2159374"	0.415950489644156	348	1.14316915562842
"rs2159418"	0.415950489644156	348	1.14316915562842
"rs2159455"	0.415950489644156	348	1.14316915562842
"rs2159482"	0.415950489644156	348	1.14316915562842
"rs1829410"	0.415969241307267	348	0.80888111165034
"rs467527"	0.415984247791092	348	1.16309869055275
"rs749611"	0.415993271536843	348	0.884763306672875
"rs938184"	0.416001029081056	348	0.813031442518389
"rs938185"	0.416001029081056	348	0.813031442518389
"rs938186"	0.416001029081056	348	0.813031442518389
"rs1752957"	0.416004433949691	348	1.27329734621228
"rs272612"	0.41601680880609	348	0.586575586921248
"rs272676"	0.41601680880609	348	0.586575586921248
"rs1615814"	0.416032226887825	348	1.05081870685375
"rs868143"	0.416041417697178	348	1.12226732350249
"rs642446"	0.416045851454755	348	1.20014337829546
"rs2119057"	0.416066908568078	348	1.15723064523443
"rs2009895"	0.416126731492428	348	0.851965879671352
"rs653988"	0.416127844475892	348	1.95399245619709
"rs1264549"	0.416179931955073	348	1.14105468795251
"rs2135963"	0.416211449378755	348	0.856790906605412
"rs2135964"	0.416211449378755	348	0.856790906605412
"rs1739642"	0.416257315556482	348	1.14158124318576
"rs936509"	0.416259340937749	348	0.844829426180146
"rs302536"	0.4162634166411	348	0.833707074959261
"rs839858"	0.416340027804108	348	0.792394038515802
"rs2126278"	0.416349181294736	348	0.888676575579433
"rs344443"	0.41635197811183	348	0.793917253315704
"rs145948"	0.416356656270608	348	1.10760023074139
"rs568923"	0.416444996428299	348	1.07599157382809
"rs237413"	0.416467248988221	348	1.23415768647525
"rs1897943"	0.416469657676124	348	0.845954884771518
"rs1993021"	0.416475291888581	348	1.14987522908834
"rs1372774"	0.416537349241866	348	1.10632185856733
"rs942346"	0.416571208569863	348	1.27579828147533
"rs942374"	0.416571208569863	348	1.27579828147533
"rs942378"	0.416571208569863	348	1.27579828147533
"rs942435"	0.416571208569863	348	1.27579828147533
"rs1162251"	0.416591167937096	348	1.12572206654312
"rs140790"	0.416623259967878	348	1.24849764825627
"rs140382"	0.416623259967882	348	1.24849764825627
"rs1687916"	0.416652270520202	348	1.24323467399368
"rs1687917"	0.416652270520202	348	1.24323467399368
"rs1687921"	0.416652270520202	348	1.24323467399368
"rs1687922"	0.416652270520202	348	1.24323467399368
"rs1778697"	0.416660649426007	348	0.890073870868
"rs1381041"	0.416671056873934	348	1.16099723755072
"rs1166307"	0.416672054081601	348	0.891563326086103
"rs2003562"	0.416675188235523	348	1.07873241618593
"rs1655185"	0.416688807335066	348	0.781320787927006
"rs409383"	0.416712345050044	348	1.13118196907695
"rs84085"	0.416722629042206	348	0.850437096312761
"rs84088"	0.416722629042206	348	0.850437096312761
"rs723394"	0.416728832213369	348	1.18186210312615
"rs109374"	0.416730108746334	348	0.906074453531556
"rs1964216"	0.416811802710775	348	0.793423009425844
"rs1133019"	0.416832790678664	348	0.833428856813414
"rs1964306"	0.416881665332655	348	0.832446812775825
"rs1105389"	0.416916426846912	348	1.27426780488992
"rs722647"	0.416929482750973	348	0.865961424766158
"rs1385131"	0.416981294803548	348	0.843778411801348
"rs1820315"	0.416983648674856	348	0.822349189095333
"rs1820341"	0.416983648674856	348	0.822349189095333
"rs1749327"	0.417023818127091	348	1.1270515771949
"rs2097044"	0.417027649448111	348	0.784765153526875
"rs666602"	0.417044676149935	348	0.85493264563613
"rs1630068"	0.417048023617138	348	0.741230028747981
"rs2007723"	0.417069391166659	348	0.594400173658648
"rs751333"	0.417088431127605	348	0.891280739995543
"rs1767354"	0.417121017073934	348	1.1889430354363
"rs806998"	0.41712193592539	348	1.27711332533882
"rs807008"	0.41712193592539	348	1.27711332533882
"rs1779384"	0.417136874488519	348	1.2010095028318
"rs1779387"	0.417136874488519	348	1.2010095028318
"rs1961407"	0.417163285456366	348	0.802378254340994
"rs1993531"	0.417231553401226	348	1.21493531192452
"rs1323995"	0.417269385666229	348	0.861070000712683
"rs1950102"	0.417271199119228	348	0.781618172017441
"rs680484"	0.417288589543327	348	1.10615714579725
"rs1585120"	0.417298820657772	348	0.861238144773292
"rs1002343"	0.417299652482546	348	1.18485785533947
"rs1716136"	0.417303033853615	348	1.17051488761636
"rs1716157"	0.417303033853615	348	1.17051488761636
"rs1716165"	0.417303033853615	348	1.17051488761636
"rs211395"	0.417306112654303	348	1.31222817180352
"rs92188"	0.417310247203661	348	0.878513127035106
"rs1113594"	0.417316266928062	348	0.890808987999582
"rs35909"	0.417343881350324	348	0.836184468248552
"rs1359308"	0.417361057471914	348	1.2828379541925
"rs450432"	0.41739556076252	348	1.29456299409259
"rs802477"	0.417447020397409	348	0.786296934101934
"rs319567"	0.417453248438977	348	1.26258066372154
"rs1880751"	0.417494464403065	348	0.856889313496125
"rs1880754"	0.417494464403065	348	0.856889313496125
"rs1880757"	0.417494464403065	348	0.856889313496125
"rs1880760"	0.417494464403065	348	0.856889313496125
"rs1776919"	0.417522684969352	348	1.17961428019161
"rs1699764"	0.417533370364811	348	1.16131452442097
"rs1699811"	0.417533370364811	348	1.16131452442097
"rs1420170"	0.417546564160257	348	0.821027939903467
"rs1420176"	0.417546564160257	348	0.821027939903467
"rs242747"	0.417566376891575	348	1.1189394993532
"rs242760"	0.417566376891575	348	1.1189394993532
"rs2089821"	0.417596837474811	348	1.06608570203386
"rs449627"	0.417625320359953	348	1.29615317926244
"rs450916"	0.417625320359953	348	1.29615317926244
"rs450029"	0.417625320359955	348	1.29615317926244
"rs2121375"	0.417649110089868	348	1.12309340382369
"rs2121386"	0.417649110089868	348	1.12309340382369
"rs2121392"	0.417649110089868	348	1.12309340382369
"rs473884"	0.417657365843822	348	1.18517985621732
"rs424477"	0.417717337800127	348	1.07452180951275
"rs1928145"	0.417728380634309	348	0.862087101310378
"rs1986353"	0.417774898132648	348	1.14219200146124
"rs856791"	0.417798688612328	348	0.85064747960532
"rs1801196"	0.417813040005562	348	0.863479863220533
"rs499798"	0.417816186756943	348	0.855186382489581
"rs1439759"	0.41781650886846	348	1.16002907378436
"rs1439760"	0.41781650886846	348	1.16002907378436
"rs1439772"	0.41781650886846	348	1.16002907378436
"rs1439775"	0.41781650886846	348	1.16002907378436
"rs1439776"	0.41781650886846	348	1.16002907378436
"rs1439777"	0.41781650886846	348	1.16002907378436
"rs1740696"	0.417818854670118	348	1.15164040339222
"rs1767829"	0.417834432542161	348	1.18793410706786
"rs2171136"	0.417838492137816	348	1.09480709253362
"rs840599"	0.417851025468157	348	1.14502612658137
"rs1375871"	0.417854930523452	348	0.84326142159468
"rs2066552"	0.417904912552582	348	0.827928536212234
"rs407567"	0.417928883278944	348	1.28634232593004
"rs1406673"	0.417963517045189	348	0.8620176734624
"rs867411"	0.418023762381703	348	1.14490269609516
"rs49126"	0.418068347262518	348	1.1942677328471
"rs49558"	0.418068347262518	348	1.1942677328471
"rs943975"	0.418069158935437	348	0.806993128878378
"rs1159708"	0.418086292728498	348	0.845240468950423
"rs623015"	0.418100264872495	348	1.23933409525993
"rs1161156"	0.41810610532575	348	0.830467251330452
"rs1162536"	0.418111714846802	348	1.17394871709668
"rs951124"	0.418120435386557	348	0.849615539075627
"rs605060"	0.418151973534444	348	0.816796228694185
"rs1162701"	0.418183647713743	348	0.877956354573384
"rs1775125"	0.418213087840573	348	0.88238646775116
"rs608878"	0.418218092618802	348	27.0834262193014
"rs764739"	0.418234048465782	348	1.10393142240927
"rs2089795"	0.418255272486488	348	1.0866476405577
"rs1645442"	0.418294404841496	348	0.858934085178103
"rs1699227"	0.418310796961217	348	0.846537944181547
"rs354574"	0.418314162979177	348	1.05150442075689
"rs1329573"	0.418348608091302	348	0.867206993857933
"rs1329651"	0.418348608091302	348	0.867206993857933
"rs834901"	0.418401565303712	348	1.22857799318495
"rs838985"	0.418409101862243	348	1.17607486651783
"rs1875041"	0.418509859997297	348	0.860814273438285
"rs1875066"	0.418509859997297	348	0.860814273438285
"rs1875069"	0.418509859997297	348	0.860814273438285
"rs1875075"	0.418509859997297	348	0.860814273438285
"rs895416"	0.41851784606052	348	0.812566351509166
"rs856935"	0.418539644794334	348	0.856502073410951
"rs1818152"	0.418550975750103	348	1.16488958879881
"rs1595134"	0.418573725110086	348	0.851466713328279
"rs1479457"	0.418581882216894	348	1.14845606441253
"rs1068579"	0.418628462158901	348	0.86862678404479
"rs597335"	0.418675973279532	348	1.14693055173468
"rs414298"	0.418679417897172	348	1.13784076645128
"rs1372910"	0.418687899418202	348	0.88213305953233
"rs139215"	0.418692315120336	348	0.792876006578798
"rs1123537"	0.4187082801245	348	1.15054072411495
"rs1591803"	0.418733036351022	348	0.689372423965108
"rs1422111"	0.418733036351028	348	0.689372423965109
"rs63458"	0.418753416277644	348	1.16699037428428
"rs493315"	0.418756912508115	348	1.18149728370797
"rs134320"	0.41878583227202	348	0.854498250124854
"rs1570069"	0.418800433905121	348	1.29965203643947
"rs166069"	0.418818077233284	348	1.20855270504588
"rs465767"	0.418833344819867	348	1.15177094159951
"rs1117792"	0.418907324314913	348	1.1786474523239
"rs1441314"	0.418955430397841	348	1.16203303236237
"rs1742505"	0.419033609475337	348	0.833896558597165
"rs1742664"	0.419033609475337	348	0.833896558597165
"rs1814946"	0.419102643057001	348	1.33575656445376
"rs1815042"	0.419102643057001	348	1.33575656445376
"rs1815069"	0.419102643057001	348	1.33575656445376
"rs1419103"	0.419125026911204	348	0.881492307637687
"rs1814860"	0.419127548999168	348	0.842579476495894
"rs931063"	0.419132617209717	348	0.795804110985866
"rs42347"	0.419203277068067	348	1.11733943391288
"rs2170771"	0.419221970798695	348	0.914155725647731
"rs387664"	0.419229860614694	348	0.803499583976187
"rs482085"	0.419234735130375	348	1.25939611889619
"rs831357"	0.419264130821892	348	0.73641808774706
"rs705281"	0.419264765470737	348	1.16671655435747
"rs475010"	0.419284403519429	348	0.862181253029293
"rs1369648"	0.419385808779453	348	1.13123685523711
"rs1372819"	0.419416664658259	348	1.12606996293773
"rs147015"	0.419422422683456	348	0.809722585241658
"rs1743266"	0.41953194961003	348	0.863213391644885
"rs1715244"	0.419554397425411	348	1.15805824409156
"rs301140"	0.419610363145604	348	1.14778706630787
"rs2192281"	0.419648432469124	348	5.29410257289611
"rs1440553"	0.419682366645174	348	1.21955645659266
"rs1440556"	0.419682366645174	348	1.21955645659266
"rs1739404"	0.4196892272982	348	1.17415027432069
"rs294572"	0.419693214129799	348	1.10071445668859
"rs553066"	0.419719251315806	348	1.20375106856821
"rs1444185"	0.419794659707686	348	0.815652851570731
"rs1444310"	0.419794659707686	348	0.815652851570731
"rs2176827"	0.419819152719581	348	1.1327642421373
"rs839946"	0.419824913067071	348	0.792162528632986
"rs839951"	0.419824913067071	348	0.792162528632986
"rs839958"	0.419824913067071	348	0.792162528632986
"rs839982"	0.419824913067071	348	0.792162528632986
"rs839994"	0.419824913067071	348	0.792162528632986
"rs2212143"	0.419833401733839	348	1.2216943681952
"rs1954235"	0.419833416840801	348	1.1854491406899
"rs554614"	0.419845519090171	348	1.14364837744145
"rs1713429"	0.419845971778471	348	1.19620755861517
"rs1626384"	0.419862680054596	348	0.8007481574587
"rs1116576"	0.419878925609948	348	1.20488096763469
"rs1116654"	0.419878925609948	348	1.20488096763469
"rs1116657"	0.419878925609948	348	1.20488096763469
"rs1116663"	0.419878925609948	348	1.20488096763469
"rs845861"	0.419904015051193	348	0.845691127683329
"rs845867"	0.419904015051193	348	0.845691127683329
"rs1062309"	0.419910391723071	348	1.25567182954921
"rs1020260"	0.419962558689227	348	1.19113071163735
"rs1020263"	0.419962558689227	348	1.19113071163735
"rs1020266"	0.419962558689227	348	1.19113071163735
"rs793771"	0.41998427639528	348	0.928302515940502
"rs1755617"	0.420008840853867	348	1.1775289303607
"rs120961"	0.420030854217743	348	0.873389213835838
"rs1752246"	0.420102187661851	348	0.867325568948155
"rs1360827"	0.420120544209496	348	1.14514028686191
"rs304539"	0.420158486577261	348	1.21578392501022
"rs1397034"	0.420187860184262	348	0.835556724078797
"rs552769"	0.420204809056748	348	0.760284573825867
"rs854380"	0.420205405464722	348	0.8021901312115
"rs1906687"	0.420211097635017	348	1.11427645826362
"rs1292966"	0.420327355433892	348	1.14539057425808
"rs964257"	0.420353000358562	348	1.16201975386172
"rs462202"	0.42039937257545	348	0.85316204607973
"rs1720522"	0.420486676993636	348	1.15396318104004
"rs1721175"	0.42051657884126	348	1.17057485146265
"rs1116468"	0.420517626441273	348	1.22825382325301
"rs1116492"	0.420517626441273	348	1.22825382325301
"rs88042"	0.420529701066537	348	0.87907222839869
"rs546505"	0.420533120275362	348	0.830896739328197
"rs1987551"	0.420539483375373	348	0.898281408196681
"rs1860825"	0.420554234248846	348	1.27034355377733
"rs1108367"	0.420611253290171	348	0.912824925948771
"rs307283"	0.420619130709808	348	0.834251097950617
"rs307321"	0.420619130709808	348	0.834251097950617
"rs307429"	0.420619130709808	348	0.834251097950617
"rs307478"	0.420619130709808	348	0.834251097950617
"rs307506"	0.420619130709808	348	0.834251097950617
"rs307632"	0.420619130709808	348	0.834251097950617
"rs307964"	0.420619130709808	348	0.834251097950617
"rs307991"	0.420619130709808	348	0.834251097950617
"rs308376"	0.420619130709808	348	0.834251097950617
"rs1543874"	0.420635168366574	348	1.2787065798819
"rs972193"	0.420652511952173	348	0.951267674803061
"rs1003953"	0.420654533674639	348	1.20878899364168
"rs356193"	0.420658854595933	348	1.19148379906698
"rs1634884"	0.42068704325365	348	0.820422211059808
"rs973732"	0.420689764759105	348	1.22891990467793
"rs147190"	0.420710789480735	348	1.13914675937726
"rs1356832"	0.420721850180674	348	0.771239157208517
"rs81754"	0.420768799648338	348	1.09341028063949
"rs1397288"	0.420775295908114	348	1.21503461310399
"rs1883353"	0.420796822112117	348	1.1917089615358
"rs1883359"	0.420796822112117	348	1.1917089615358
"rs1883374"	0.420796822112117	348	1.1917089615358
"rs1883392"	0.420796822112117	348	1.1917089615358
"rs560948"	0.420830952105354	348	0.870662994957849
"rs1906837"	0.420831906348866	348	0.796672868672184
"rs1737784"	0.420833461881324	348	1.30512489836386
"rs304632"	0.420836373461336	348	1.15249099615089
"rs304635"	0.420836373461336	348	1.15249099615089
"rs2162624"	0.420854321949532	348	1.11010350520212
"rs41783"	0.420862762549735	348	0.846925948857744
"rs242729"	0.420873649200561	348	1.12060164108845
"rs238723"	0.420954182779841	348	0.844051807799834
"rs1422407"	0.420960788506484	348	1.19322085523878
"rs2142829"	0.420973061534019	348	1.15443465113548
"rs1359042"	0.420974060095596	348	1.05519506359351
"rs1963549"	0.420995540901412	348	0.680717847411821
"rs1981364"	0.421083247587143	348	0.832675163863876
"rs1981652"	0.421083247587143	348	0.832675163863876
"rs1743464"	0.421198437604892	348	0.815140449342548
"rs1743510"	0.421198437604892	348	0.815140449342548
"rs1743514"	0.421198437604892	348	0.815140449342548
"rs1743529"	0.421198437604892	348	0.815140449342548
"rs1743532"	0.421198437604892	348	0.815140449342548
"rs1743535"	0.421198437604892	348	0.815140449342548
"rs1743540"	0.421198437604892	348	0.815140449342548
"rs1743553"	0.421198437604892	348	0.815140449342548
"rs1743826"	0.421198437604892	348	0.815140449342548
"rs1743829"	0.421198437604892	348	0.815140449342548
"rs1743853"	0.421198437604892	348	0.815140449342548
"rs1743856"	0.421198437604892	348	0.815140449342548
"rs1743866"	0.421198437604892	348	0.815140449342548
"rs1743876"	0.421198437604892	348	0.815140449342548
"rs1743883"	0.421198437604892	348	0.815140449342548
"rs1743895"	0.421198437604892	348	0.815140449342548
"rs1614135"	0.421234017532704	348	1.27449436036734
"rs790786"	0.421241855507516	348	1.07412869664496
"rs568535"	0.4212792824157	348	1.16887374030375
"rs355890"	0.421308622246236	348	1.19122964557448
"rs360213"	0.421308622246236	348	1.19122964557448
"rs361270"	0.421308622246236	348	1.19122964557448
"rs361588"	0.421308622246236	348	1.19122964557448
"rs361686"	0.421308622246236	348	1.19122964557448
"rs1535055"	0.421324711578633	348	1.1656462423636
"rs1440568"	0.421330250516804	348	0.808911727705343
"rs1645268"	0.421331868196555	348	0.856242472080417
"rs1645292"	0.421331868196555	348	0.856242472080417
"rs2159715"	0.421354595847314	348	1.13138673442605
"rs48894"	0.42137211131886	348	1.1833132944539
"rs2085110"	0.421381986053788	348	0.807480841632825
"rs460366"	0.421382077469672	348	0.906807225148882
"rs764771"	0.421404273468127	348	1.16525071716143
"rs350020"	0.421404527065112	348	1.3378656728796
"rs1954025"	0.421446365251107	348	1.31289555432082
"rs1713452"	0.421473615565472	348	1.21177648405051
"rs1713453"	0.421473615565472	348	1.21177648405051
"rs1713459"	0.421473615565472	348	1.21177648405051
"rs121499"	0.421475118318255	348	0.881859610177441
"rs902945"	0.421504474763763	348	0.866420733438602
"rs902976"	0.421504474763763	348	0.866420733438602
"rs1961413"	0.421519375863764	348	0.835397989280323
"rs1645889"	0.421575415459102	348	0.836196598134754
"rs1003994"	0.421593976581278	348	1.20834348239568
"rs844373"	0.421625461055211	348	0.959180035912324
"rs305602"	0.421644422673943	348	0.834651484852488
"rs1621212"	0.421661725134776	348	0.818654129339422
"rs1621218"	0.421661725134776	348	0.818654129339422
"rs81746"	0.421745841295119	348	1.09314165087834
"rs1078230"	0.42175045337533	348	0.846993922312921
"rs225861"	0.421767360729906	348	0.758707662273904
"rs225984"	0.421767360729906	348	0.758707662273904
"rs226029"	0.421767360729906	348	0.758707662273904
"rs2177559"	0.421809918967054	348	1.11119784585674
"rs2062822"	0.421822683162315	348	1.21602096040018
"rs792998"	0.421843998555252	348	0.918370031149261
"rs408832"	0.421847299431142	348	1.21209798895397
"rs83941"	0.421851783435983	348	0.85923294522257
"rs135092"	0.421930612356786	348	1.15507865501388
"rs614702"	0.421940217519013	348	0.777535762941282
"rs2151203"	0.421979762231868	348	1.11097519127234
"rs212126"	0.422021719209247	348	1.17960299351583
"rs2048766"	0.422030397649841	348	0.760129032702472
"rs1741683"	0.422075328351085	348	1.19064653037
"rs217692"	0.422076593568224	348	1.14467157820923
"rs2141373"	0.422081918888999	348	0.848550163077971
"rs1102829"	0.422086470358095	348	0.564059284465797
"rs1102982"	0.422086470358095	348	0.564059284465797
"rs1102991"	0.422086470358095	348	0.564059284465797
"rs1103010"	0.422086470358095	348	0.564059284465797
"rs1103123"	0.422086470358095	348	0.564059284465797
"rs562362"	0.422099686649752	348	1.1611092914787
"rs775416"	0.422108414899877	348	0.914792113592758
"rs764722"	0.422116070851354	348	1.05812834163886
"rs813425"	0.422141975918075	348	0.929624690375746
"rs113649"	0.422162532043195	348	1.0825119709639
"rs523593"	0.42220930680695	348	0.870925139083322
"rs1423171"	0.422256083833317	348	1.18377718283604
"rs306308"	0.42227722755278	348	0.834898294505399
"rs306336"	0.42227722755278	348	0.834898294505399
"rs306608"	0.42227722755278	348	0.834898294505399
"rs1782669"	0.42229828334622	348	0.849078895691715
"rs1946987"	0.422309157358541	348	0.874957432471233
"rs1813881"	0.42231149730665	348	0.837006079520325
"rs1118619"	0.422326333023068	348	0.822491951635587
"rs1118656"	0.422326333023068	348	0.822491951635587
"rs1120531"	0.422326333023068	348	0.822491951635587
"rs1128364"	0.422342096223774	348	1.13368481550605
"rs1972858"	0.422360422856256	348	1.14005379411333
"rs1951223"	0.422374747415763	348	0.8594385091264
"rs1951225"	0.422374747415763	348	0.8594385091264
"rs1951228"	0.422374747415763	348	0.8594385091264
"rs1951233"	0.422374747415763	348	0.8594385091264
"rs1951236"	0.422374747415763	348	0.8594385091264
"rs1559320"	0.42239429997002	348	1.11656774346264
"rs1777439"	0.422424666408143	348	0.870340751723414
"rs189632"	0.422426798312733	348	1.29166396127029
"rs1194653"	0.422517748533973	348	0.871109041730841
"rs1950177"	0.42251825852079	348	1.08098151215475
"rs869089"	0.422521358735647	348	0.886153966585241
"rs1371236"	0.422571312257473	348	1.16884329199679
"rs861200"	0.422576074858445	348	1.14284809916724
"rs466080"	0.422584020622295	348	1.15291627966365
"rs466086"	0.422584020622295	348	1.15291627966365
"rs466096"	0.422584020622295	348	1.15291627966365
"rs354338"	0.422613927223719	348	1.18524877231609
"rs351599"	0.422616565145506	348	0.868169633918668
"rs858517"	0.422637083842597	348	0.746287796524334
"rs1807962"	0.422666067488933	348	1.20616738584422
"rs518003"	0.422691647022707	348	1.14048850071316
"rs518004"	0.422691647022707	348	1.14048850071316
"rs518005"	0.422691647022707	348	1.14048850071316
"rs1992398"	0.422700084228647	348	0.54302175254524
"rs1992402"	0.422700084228647	348	0.54302175254524
"rs1992403"	0.422700084228647	348	0.54302175254524
"rs1992518"	0.422700084228647	348	0.54302175254524
"rs1652350"	0.422705224158839	348	0.87499017412388
"rs1127228"	0.422768114326381	348	1.16615616019609
"rs33042"	0.422779553441764	348	1.21462015569899
"rs1740606"	0.422804379117126	348	1.13042421324248
"rs778969"	0.422846815381378	348	0.766499240908758
"rs780731"	0.422846815381378	348	0.766499240908758
"rs552252"	0.422867740596378	348	0.828867709090925
"rs1899916"	0.422880870730831	348	1.35320601339244
"rs147240"	0.422911671912859	348	0.806966256237688
"rs8257"	0.422913659876209	348	1.248554812363
"rs129371"	0.422945941388999	348	0.902969745680733
"rs1055660"	0.422980093564414	348	0.881449521962562
"rs1055663"	0.422980093564414	348	0.881449521962562
"rs1694762"	0.423093276222572	348	1.14506790093656
"rs127254"	0.423099515597377	348	1.43844637036548
"rs226160"	0.423114052594222	348	0.855851559675055
"rs226161"	0.423114052594222	348	0.855851559675055
"rs226181"	0.423114052594222	348	0.855851559675055
"rs858855"	0.42313667745222	348	1.06127479261508
"rs1991680"	0.423147904969295	348	0.792304585535024
"rs958708"	0.423206163832402	348	1.26768588488152
"rs597033"	0.423208740370282	348	0.645363961679652
"rs1101157"	0.423214231675135	348	0.671970111271324
"rs33867"	0.423214231675136	348	0.671970111271328
"rs365187"	0.423214231675136	348	0.671970111271328
"rs506018"	0.423214231675136	348	0.671970111271328
"rs609620"	0.423214231675136	348	0.671970111271328
"rs786614"	0.423214231675136	348	0.671970111271328
"rs1068992"	0.423214231675136	348	0.671970111271328
"rs1148960"	0.423214231675136	348	0.671970111271328
"rs1554080"	0.423214231675136	348	0.671970111271328
"rs1554109"	0.423214231675136	348	0.671970111271328
"rs1613974"	0.423214231675136	348	0.671970111271328
"rs597239"	0.423214231675138	348	0.671970111271329
"rs597240"	0.423214231675138	348	0.671970111271329
"rs597165"	0.423214231675139	348	0.67197011127133
"rs1313196"	0.423214231675144	348	0.671970111271327
"rs1101633"	0.423214231675146	348	0.671970111271328
"rs2092919"	0.423340266556025	348	1.09432315626493
"rs764740"	0.423389261119717	348	1.10560074311888
"rs1125346"	0.423406253825528	348	0.766928481937803
"rs1637125"	0.423411191547943	348	1.05186194433537
"rs566496"	0.423421296721577	348	1.10032429042807
"rs71455"	0.42344490955574	348	0.866835837876336
"rs100491"	0.423471351798736	348	1.04944538292295
"rs623016"	0.423566992252114	348	1.59604327506364
"rs623726"	0.423566992252114	348	1.59604327506364
"rs1699656"	0.423580600734804	348	1.18269299403423
"rs1699668"	0.423580600734804	348	1.18269299403423
"rs1699669"	0.423580600734804	348	1.18269299403423
"rs1699671"	0.423580600734804	348	1.18269299403423
"rs1734729"	0.423580600734804	348	1.18269299403423
"rs2084183"	0.42360279923935	348	1.09931243786278
"rs1093187"	0.42361752988945	348	0.881907782717544
"rs1823092"	0.423644818907575	348	0.862492305236626
"rs2169149"	0.423695108691885	348	0.803246045559256
"rs46030"	0.423716919646813	348	1.141670134255
"rs967969"	0.423748805102019	348	0.878385031447494
"rs968050"	0.423748805102019	348	0.878385031447494
"rs968062"	0.423748805102019	348	0.878385031447494
"rs1527513"	0.423783346745429	348	0.798136670112511
"rs175700"	0.423794182304118	348	0.863393040239621
"rs83107"	0.423819327627239	348	1.04809102996782
"rs2204406"	0.42384671703324	348	1.2413848260028
"rs1665145"	0.42385172709296	348	1.05453219652848
"rs132372"	0.423854927679958	348	0.576770880504407
"rs575189"	0.423871232350715	348	1.09257288287309
"rs575192"	0.423871232350715	348	1.09257288287309
"rs575198"	0.423871232350715	348	1.09257288287309
"rs575207"	0.423871232350715	348	1.09257288287309
"rs575210"	0.423871232350715	348	1.09257288287309
"rs575227"	0.423871232350715	348	1.09257288287309
"rs466275"	0.423902927500669	348	0.82781337727445
"rs1632890"	0.423906622490365	348	0.966187180344875
"rs802894"	0.423937307232267	348	1.1732179252119
"rs1878407"	0.424007044620962	348	1.20560000788393
"rs857157"	0.424026117110141	348	0.573072803658025
"rs253514"	0.424029078464658	348	0.872866892449524
"rs1168458"	0.42407775722417	348	0.797743531056035
"rs706180"	0.424078000720463	348	1.41482165068474
"rs706201"	0.424078000720463	348	1.41482165068474
"rs706205"	0.424078000720463	348	1.41482165068474
"rs706227"	0.424078000720463	348	1.41482165068474
"rs706234"	0.424078000720463	348	1.41482165068474
"rs706255"	0.424078000720463	348	1.41482165068474
"rs706258"	0.424078000720463	348	1.41482165068474
"rs706261"	0.424078000720463	348	1.41482165068474
"rs706267"	0.424078000720463	348	1.41482165068474
"rs706270"	0.424078000720463	348	1.41482165068474
"rs706276"	0.424078000720463	348	1.41482165068474
"rs706291"	0.424078000720463	348	1.41482165068474
"rs706315"	0.424078000720463	348	1.41482165068474
"rs706321"	0.424078000720463	348	1.41482165068474
"rs706342"	0.424078000720463	348	1.41482165068474
"rs706360"	0.424078000720463	348	1.41482165068474
"rs706366"	0.424078000720463	348	1.41482165068474
"rs706381"	0.424078000720463	348	1.41482165068474
"rs706486"	0.424078000720463	348	1.41482165068474
"rs706489"	0.424078000720463	348	1.41482165068474
"rs706495"	0.424078000720463	348	1.41482165068474
"rs706504"	0.424078000720463	348	1.41482165068474
"rs706882"	0.424078000720463	348	1.41482165068474
"rs1739355"	0.424116811849068	348	1.13786717693655
"rs1739361"	0.424116811849068	348	1.13786717693655
"rs837540"	0.42416750308639	348	1.28615924404854
"rs535889"	0.424178945167707	348	0.80013029083157
"rs1609226"	0.424188052354823	348	0.820104374250031
"rs661434"	0.424207880989468	348	0.851941709116708
"rs661314"	0.424207880989475	348	0.851941709116711
"rs1897673"	0.424210909411625	348	1.07472558227201
"rs636805"	0.424317112559566	348	1.37268379895584
"rs636806"	0.424317112559566	348	1.37268379895584
"rs636807"	0.424317112559566	348	1.37268379895584
"rs1390835"	0.424336228276678	348	1.14991875851009
"rs2164463"	0.424363985778953	348	0.860350801629703
"rs102139"	0.424419573222499	348	0.822037266585776
"rs261092"	0.424446158917315	348	1.16272363334041
"rs2166678"	0.424449225604597	348	1.1807683725862
"rs605258"	0.424452309011153	348	1.20677236185368
"rs552745"	0.424499438988991	348	0.827364836906121
"rs1469033"	0.424502286111464	348	1.20043506176051
"rs176325"	0.424521723389484	348	1.1905627390869
"rs1199116"	0.424584507609473	348	0.900197590693048
"rs1105507"	0.424629173936861	348	1.26790028734686
"rs1105526"	0.424629173936861	348	1.26790028734686
"rs459055"	0.424654924221467	348	1.14550894481413
"rs943148"	0.424673283830715	348	0.936295981523366
"rs118828"	0.424673949598874	348	1.10661695624337
"rs329290"	0.424675402770494	348	0.743753118179155
"rs212406"	0.424682999051499	348	1.16279670169884
"rs663372"	0.424700899224921	348	1.10433653628735
"rs362893"	0.424725559166558	348	0.748356173871693
"rs818451"	0.42472990513686	348	1.14240826016989
"rs818454"	0.42472990513686	348	1.14240826016989
"rs98400"	0.424759784551878	348	1.16123303687554
"rs98406"	0.424759784551878	348	1.16123303687554
"rs1611504"	0.424798539487945	348	0.818171677338308
"rs1612047"	0.424798539487945	348	0.818171677338308
"rs361084"	0.424829906726785	348	1.22265380009489
"rs858363"	0.424874974394591	348	0.822343902233102
"rs1715747"	0.424883723851063	348	1.14749349031949
"rs1299443"	0.424910627132734	348	1.18080489542217
"rs1299459"	0.424910627132734	348	1.18080489542217
"rs833087"	0.42492068896482	348	1.13238043555439
"rs915642"	0.424925730719923	348	0.843826823911362
"rs2103839"	0.424947376406433	348	0.895764993443752
"rs1321652"	0.424986122471082	348	0.804318764211691
"rs1767950"	0.425030712453164	348	1.18283928857792
"rs1671150"	0.425037059270143	348	1.29047783191386
"rs1671176"	0.425037059270144	348	1.29047783191386
"rs1671178"	0.425037059270144	348	1.29047783191386
"rs1764016"	0.425203215746562	348	0.761708646166743
"rs1040471"	0.425241264282782	348	0.785736178733378
"rs1160220"	0.425258653057834	348	0.847905836832393
"rs2088952"	0.425264996697543	348	1.15835004665085
"rs227232"	0.42526689335016	348	1.21264383599272
"rs227233"	0.42526689335016	348	1.21264383599272
"rs1004186"	0.425281447340862	348	1.20636499755849
"rs451317"	0.42528662359353	348	0.809084995467987
"rs817610"	0.425320418469851	348	1.14061771734539
"rs49872"	0.42534512971519	348	1.18642372447082
"rs1402945"	0.425356969241068	348	0.817903680504578
"rs1403053"	0.425356969241068	348	0.817903680504578
"rs449690"	0.425376554025583	348	1.29024920014262
"rs1019163"	0.425447521508316	348	1.25221150536251
"rs1364711"	0.425461087973181	348	1.40291620800971
"rs821888"	0.425468185810676	348	0.882859794455263
"rs530675"	0.425481597812311	348	0.601893892560825
"rs853406"	0.425502525829986	348	0.883504325161906
"rs853409"	0.425502525829986	348	0.883504325161906
"rs853413"	0.425502525829986	348	0.883504325161906
"rs853419"	0.425502525829986	348	0.883504325161906
"rs853420"	0.425502525829986	348	0.883504325161906
"rs853421"	0.425502525829986	348	0.883504325161906
"rs853424"	0.425502525829986	348	0.883504325161906
"rs2115414"	0.425503033482141	348	1.16149038615407
"rs2218710"	0.425583491565633	348	0.800985256792713
"rs73330"	0.42559642232055	348	0.884448556717797
"rs40143"	0.425624063154665	348	1.22443602462357
"rs1690565"	0.425713281604067	348	0.801554412053321
"rs896919"	0.425745743844295	348	0.941797113225799
"rs492832"	0.425771731255147	348	0.939636122860832
"rs135600"	0.425783478761903	348	1.17189819885005
"rs2089672"	0.425788564249905	348	1.26028974364269
"rs145891"	0.425794249209977	348	0.919960537589868
"rs1878788"	0.425811626547133	348	0.745615503951693
"rs1621968"	0.425815773047057	348	0.823386854190871
"rs545770"	0.425884436807057	348	0.929109229594562
"rs141846"	0.425895914192199	348	0.851491336163685
"rs939059"	0.425953419068451	348	1.23507395926473
"rs570001"	0.426034078380154	348	0.900579058625546
"rs1163052"	0.426081676334174	348	1.11506783941919
"rs938311"	0.426122644387416	348	1.07527336668326
"rs1651181"	0.426125802557213	348	0.857463372245704
"rs1883076"	0.42612872672286	348	0.801032842840801
"rs1883237"	0.42612872672286	348	0.801032842840801
"rs634116"	0.426134705981308	348	1.26998638656872
"rs282589"	0.426152082471631	348	0.8841247118495
"rs1714926"	0.426159610272374	348	1.13558315047538
"rs1548672"	0.426165841259809	348	1.26572640164573
"rs406349"	0.42623019198935	348	0.943070421839997
"rs972048"	0.426253937769652	348	0.807299554424222
"rs1489256"	0.426289899275949	348	0.896181464636169
"rs1737380"	0.426311639856412	348	1.30301410406076
"rs2044600"	0.426314444668103	348	1.16715813910701
"rs1081676"	0.426362465865346	348	1.19124734043147
"rs1952361"	0.426472422361944	348	0.84585844912309
"rs539880"	0.426479631938562	348	1.36435782610438
"rs207199"	0.426487218408992	348	0.84973039256218
"rs436726"	0.426487218408992	348	0.84973039256218
"rs436727"	0.426487218408992	348	0.84973039256218
"rs1661958"	0.426488439774993	348	1.14961603255034
"rs126132"	0.426495813474552	348	0.848396051386541
"rs2163008"	0.426546530910685	348	0.910296432632595
"rs32670"	0.426557201660298	348	0.942322608469975
"rs2071808"	0.42655810018718	348	0.742985501524109
"rs836011"	0.426565059566206	348	1.22139365861847
"rs836025"	0.426565059566206	348	1.22139365861847
"rs836067"	0.426565059566265	348	1.22139365861844
"rs836117"	0.426565059566265	348	1.22139365861844
"rs2100881"	0.426568925007241	348	1.17252591879221
"rs1486181"	0.426573889612641	348	0.83484800626632
"rs843396"	0.4265894849401	348	0.82160051544636
"rs134858"	0.426637628448492	348	0.799955322130809
"rs363070"	0.426649650483662	348	1.13661091975694
"rs2104084"	0.42666509524535	348	1.10039847695424
"rs2104085"	0.42666509524535	348	1.10039847695424
"rs1893806"	0.426754333176195	348	1.16988309936801
"rs2193212"	0.426766485172313	348	1.11290285465893
"rs371451"	0.426792405637269	348	0.865159233546831
"rs1855325"	0.426801576452194	348	1.18672359677823
"rs1200241"	0.426804238558953	348	1.1830092940756
"rs556833"	0.426810275058533	348	0.835728475024625
"rs1115410"	0.426921944970897	348	1.11773002400752
"rs1708576"	0.426944460048625	348	1.16364477851473
"rs1708579"	0.426944460048625	348	1.16364477851473
"rs1708582"	0.426944460048625	348	1.16364477851473
"rs523595"	0.426961464778486	348	0.871885268886716
"rs523598"	0.426961464778486	348	0.871885268886716
"rs472593"	0.426994809534719	348	1.05990694141205
"rs1093391"	0.427051782321555	348	1.23226633851411
"rs397041"	0.427052006188441	348	0.701244794594642
"rs784680"	0.427066963091259	348	0.833357356814874
"rs885750"	0.427097554217848	348	1.22120685464421
"rs1369721"	0.427161300073405	348	1.12862785692075
"rs722989"	0.427171602236424	348	0.834337443016708
"rs791424"	0.427197924570273	348	1.04196849257148
"rs1397730"	0.427233920882901	348	1.25820078044575
"rs455262"	0.427258257017013	348	0.854933038513563
"rs1153137"	0.427343610949817	348	1.16679079176223
"rs2059224"	0.427375992883255	348	0.751149172063184
"rs1814650"	0.427404128481114	348	1.39689496864598
"rs1814556"	0.427404128481365	348	1.39689496864561
"rs1814574"	0.427404128481365	348	1.39689496864561
"rs1814667"	0.427404128481365	348	1.39689496864561
"rs1887607"	0.427427549559706	348	1.2580925037336
"rs1440030"	0.427427604739212	348	1.25064279932934
"rs1803409"	0.42745805251552	348	0.885588207718849
"rs1621580"	0.427483612972474	348	0.809997451429663
"rs1357885"	0.427523312737694	348	0.881801567520428
"rs1707430"	0.427594073507666	348	1.2910296048848
"rs127766"	0.427621553986594	348	1.1462369478549
"rs763352"	0.427637490642358	348	1.07494362678715
"rs1533190"	0.427662319069244	348	1.26124599165663
"rs1680797"	0.427684905648903	348	0.83141307131997
"rs1777640"	0.427687417507381	348	1.13735776359214
"rs1381267"	0.42770048345937	348	1.17555361810987
"rs1364750"	0.427715001252999	348	1.11380279421588
"rs1364753"	0.427715001252999	348	1.11380279421588
"rs1364756"	0.427715001252999	348	1.11380279421588
"rs816212"	0.427734031871568	348	1.1625329065582
"rs1758121"	0.427894309776339	348	1.12205819146365
"rs855766"	0.427903953639825	348	0.884924307729609
"rs827449"	0.427907517584181	348	0.757151097205132
"rs1163073"	0.427970813715445	348	1.12151528466634
"rs473910"	0.427972458706677	348	1.13407098356151
"rs473915"	0.427972458706677	348	1.13407098356151
"rs1550644"	0.428017225731151	348	0.654561062792548
"rs2024669"	0.428025287363424	348	0.833005956946048
"rs2024678"	0.428025287363424	348	0.833005956946048
"rs1976261"	0.428034962307343	348	1.14958807824956
"rs2135288"	0.428042206493805	348	1.07743263785983
"rs736421"	0.428098352192683	348	0.841618259429775
"rs324889"	0.428185328222333	348	1.16129813542803
"rs982615"	0.428187222215559	348	1.14905785676447
"rs880571"	0.428201465301402	348	1.04881382020094
"rs1155272"	0.428264879879387	348	1.21957163595292
"rs458081"	0.428331005448332	348	1.23594338069872
"rs1548201"	0.428335006575642	348	1.18350747241428
"rs2182492"	0.428373412131177	348	0.792016498690563
"rs616792"	0.428376080648874	348	1.21957072446396
"rs1634735"	0.428377668163159	348	0.822742670953132
"rs1169522"	0.42842798731056	348	0.776547284163991
"rs575345"	0.428433619816303	348	1.17942811501762
"rs575405"	0.428433619816305	348	1.17942811501762
"rs328729"	0.428493883823957	348	0.827864072123492
"rs1537901"	0.428508781618549	348	0.721935569340814
"rs1537918"	0.428508781618549	348	0.721935569340814
"rs31620"	0.428514029624524	348	0.932165579256413
"rs31623"	0.428514029624524	348	0.932165579256413
"rs361293"	0.428523054711014	348	1.18889227287089
"rs581342"	0.428600807979914	348	0.855563498535427
"rs821637"	0.428630581994449	348	0.934515446163802
"rs962338"	0.428636634884285	348	0.810585425741962
"rs962339"	0.428636634884285	348	0.810585425741962
"rs962340"	0.428636634884285	348	0.810585425741962
"rs974756"	0.428641365642348	348	1.37298116718634
"rs1819398"	0.428701711836545	348	0.862643950756682
"rs847240"	0.428737847687867	348	1.14179443782608
"rs1958744"	0.428846453421469	348	1.22892714326797
"rs366011"	0.4288986528743	348	0.854051455469729
"rs558052"	0.428997338469231	348	0.894158982212906
"rs1369717"	0.429000519043474	348	1.12811489585086
"rs492257"	0.42904215624691	348	1.12807816586842
"rs1563463"	0.429060710952467	348	1.41635861819385
"rs2098595"	0.429066029209441	348	0.841700438656573
"rs2008324"	0.42909111725316	348	0.613811652776948
"rs556388"	0.429129382636591	348	0.892427197843987
"rs467968"	0.429163591261952	348	1.14570343841243
"rs1654738"	0.429164350773828	348	1.155061895733
"rs568601"	0.429179653571122	348	1.19476974706129
"rs886217"	0.42921910095531	348	1.26387312020304
"rs1398249"	0.429394488096491	348	0.865634493312311
"rs1398261"	0.429394488096491	348	0.865634493312311
"rs2169842"	0.429417746979047	348	1.1089489803449
"rs1862674"	0.429462156877895	348	1.20613498132463
"rs1749257"	0.429474706142263	348	0.759609069532007
"rs83822"	0.429476627562507	348	0.876439194921982
"rs83823"	0.429476627562507	348	0.876439194921982
"rs708253"	0.42947741156045	348	1.16461020220332
"rs302582"	0.429490748648776	348	1.41801632283788
"rs302602"	0.429490748648776	348	1.41801632283788
"rs629739"	0.429493765428918	348	1.13048374021088
"rs851076"	0.429497881107618	348	1.16677198267641
"rs2033596"	0.429503066453062	348	0.966049841247644
"rs891718"	0.429578416460248	348	0.805727750544935
"rs305675"	0.429642529070888	348	0.842284454056727
"rs305689"	0.429642529070888	348	0.842284454056727
"rs305867"	0.429642529070888	348	0.842284454056727
"rs137117"	0.429653274860535	348	1.13840507027753
"rs452028"	0.429669733194418	348	0.740949810509349
"rs456226"	0.429701485566242	348	1.18796093143124
"rs1389135"	0.429725110818365	348	1.36558812674515
"rs1825815"	0.429766740242321	348	0.846572361039247
"rs49231"	0.429800181486403	348	1.18821846696782
"rs1422467"	0.429802855570175	348	1.1876157541147
"rs1369647"	0.429805257003527	348	1.12785567449014
"rs658438"	0.429806740971842	348	1.25365806492664
"rs942748"	0.429850757498529	348	1.17605126828638
"rs512410"	0.429892356745262	348	0.842564473207947
"rs650589"	0.429901321296229	348	0.840723920726275
"rs475848"	0.429909498901776	348	0.813107744121539
"rs1824048"	0.429954269509804	348	0.79439139871588
"rs1199267"	0.429982322353302	348	0.901120105290117
"rs1042758"	0.429985150244059	348	0.843529508950214
"rs1205598"	0.430011204430591	348	0.901132777492717
"rs1564791"	0.430081144998774	348	0.820904757402992
"rs591707"	0.430081383849329	348	1.16563299186552
"rs865899"	0.430090134482635	348	1.16308461708696
"rs305745"	0.430110510610212	348	0.842449072751269
"rs1734083"	0.430163562360378	348	1.08570309799079
"rs1774146"	0.430185007782876	348	1.18574872128257
"rs702133"	0.430202206991731	348	0.908187232839155
"rs702134"	0.430202206991731	348	0.908187232839155
"rs1807414"	0.430223776529695	348	1.1969818859317
"rs1688486"	0.430319976832886	348	0.834389511710235
"rs1688579"	0.430319976832886	348	0.834389511710235
"rs1854411"	0.430321744623266	348	1.34332850864037
"rs1114910"	0.430326064696394	348	0.865044806496187
"rs356239"	0.430339625723291	348	1.16698998724764
"rs168805"	0.430342191181876	348	1.13549546138442
"rs1004147"	0.430357523948177	348	1.20356673427184
"rs1004149"	0.430357523948177	348	1.20356673427184
"rs1004150"	0.430357523948177	348	1.20356673427184
"rs1549107"	0.430386845535307	348	1.20218502575817
"rs1944089"	0.430389420811635	348	0.814140383744331
"rs1126147"	0.430398474537863	348	1.15693745601008
"rs556042"	0.430401267213713	348	1.13904437876899
"rs811400"	0.43041503234797	348	1.29731411751912
"rs1326436"	0.430453717734283	348	0.866464461465984
"rs1637350"	0.43046203520164	348	0.926517770947983
"rs1991197"	0.430504891040709	348	1.20692104504189
"rs63109"	0.430542316767773	348	1.16137033445852
"rs63112"	0.430542316767773	348	1.16137033445852
"rs63113"	0.430542316767773	348	1.16137033445852
"rs1845941"	0.430572533525568	348	0.825887946170965
"rs1191492"	0.430619795984873	348	0.940499267450521
"rs133054"	0.430626862470626	348	0.579057018770143
"rs2174435"	0.430710723184782	348	0.912515348881723
"rs1024180"	0.430762254124672	348	1.19920566679308
"rs986832"	0.430769331800643	348	1.15802938307113
"rs508744"	0.430772090520612	348	0.816512705363265
"rs1976500"	0.430778061213113	348	1.15161577244436
"rs1973284"	0.430801917979125	348	1.19896552422262
"rs1609272"	0.43086865688147	348	1.13530726965587
"rs1609275"	0.43086865688147	348	1.13530726965587
"rs2162996"	0.430877599844635	348	0.903701809093198
"rs2163004"	0.430877599844635	348	0.903701809093198
"rs1157266"	0.430896047170718	348	0.87636568601796
"rs1055276"	0.430899696940542	348	0.89573685434586
"rs466083"	0.430929571156787	348	1.14946324635963
"rs1952430"	0.430963586144581	348	1.27262181377041
"rs628644"	0.430970495078227	348	0.810270037507245
"rs1661921"	0.430971346161114	348	1.15756968670312
"rs1004031"	0.430973042910572	348	1.2036791018179
"rs263946"	0.430975402898384	348	1.03043166221301
"rs360436"	0.430982158369208	348	0.837543451231137
"rs1806031"	0.430983958826301	348	1.28618435574845
"rs264226"	0.431012702010255	348	1.04415651638406
"rs1998563"	0.431046065812613	348	1.11918285832851
"rs1004167"	0.431049889674113	348	1.20394287853501
"rs1897886"	0.431058369282413	348	0.872103722190079
"rs1594439"	0.431102463871698	348	0.798630045428945
"rs127661"	0.431108842453539	348	0.898819861512132
"rs127664"	0.431108842453539	348	0.898819861512132
"rs1293858"	0.431116090142656	348	1.14415310379631
"rs1293860"	0.431116090142656	348	1.14415310379631
"rs1293864"	0.431116090142656	348	1.14415310379631
"rs1293885"	0.431116090142656	348	1.14415310379631
"rs1293909"	0.431116090142656	348	1.14415310379631
"rs1293912"	0.431116090142656	348	1.14415310379631
"rs1293920"	0.431116090142656	348	1.14415310379631
"rs1293941"	0.431116090142656	348	1.14415310379631
"rs1579714"	0.431117459701448	348	1.14140794994726
"rs818604"	0.431117788243249	348	0.902153036840429
"rs167202"	0.431125624243692	348	0.863701461628333
"rs2115358"	0.431126250045972	348	0.661299099721169
"rs685582"	0.431138081629438	348	1.2558818780145
"rs1288170"	0.431153551678485	348	0.814583449811854
"rs867266"	0.431218362009249	348	1.12659623358973
"rs1019390"	0.431241535139138	348	0.852307303903246
"rs1790673"	0.431246488802937	348	1.09733666717241
"rs966052"	0.431333834372822	348	0.848011261775322
"rs2207340"	0.431386837580638	348	0.732130931914975
"rs769235"	0.431408999288947	348	1.26134292561184
"rs354464"	0.431411311322005	348	0.912573120873116
"rs1287560"	0.431427922647926	348	1.19613167763579
"rs1959277"	0.43143850939429	348	1.17863941717767
"rs782552"	0.431455521660318	348	0.948722882530263
"rs458306"	0.431488027505968	348	0.904260795164732
"rs1611722"	0.431517635518824	348	1.15852900279177
"rs1951834"	0.43156103391735	348	0.780393890672143
"rs1952007"	0.43156103391735	348	0.780393890672143
"rs1952085"	0.43156103391735	348	0.780393890672143
"rs1952646"	0.43156103391735	348	0.780393890672143
"rs1955640"	0.43156103391735	348	0.780393890672143
"rs1953470"	0.431579675283762	348	1.26167525538146
"rs265924"	0.431605933688688	348	1.13171154373803
"rs2187126"	0.431623989696717	348	0.878958557930477
"rs1907656"	0.431634923178365	348	1.23594108416161
"rs1341309"	0.431639521470033	348	1.34113145546642
"rs2021156"	0.431639735285443	348	1.31213827215106
"rs129746"	0.431661288077398	348	1.14944830127573
"rs1701582"	0.431699991570242	348	1.17260574797323
"rs817430"	0.431730308829142	348	0.892135214943212
"rs817448"	0.431730308829142	348	0.892135214943212
"rs817454"	0.431730308829142	348	0.892135214943212
"rs817460"	0.431730308829142	348	0.892135214943212
"rs817470"	0.431730308829142	348	0.892135214943212
"rs817472"	0.431730308829142	348	0.892135214943212
"rs817475"	0.431730308829142	348	0.892135214943212
"rs1757653"	0.431731648068581	348	1.1715335352212
"rs610955"	0.431756180295073	348	0.830297918043836
"rs723697"	0.431784060117493	348	0.851557204657841
"rs585019"	0.431826466367791	348	0.71318259854618
"rs1115470"	0.431852767335687	348	1.10953184546217
"rs225816"	0.431865032691986	348	0.831804048205723
"rs225858"	0.431865032691986	348	0.831804048205723
"rs1939870"	0.431872572304916	348	1.21548921286981
"rs544508"	0.431882234590943	348	0.85527027409099
"rs849770"	0.431888776997432	348	1.13650551906338
"rs1617607"	0.431993861434774	348	0.869089543202424
"rs1617643"	0.431993861434774	348	0.869089543202424
"rs1294045"	0.431997473022061	348	0.817771831840598
"rs1621782"	0.431999372551123	348	0.748211467211132
"rs9620"	0.431999823106101	348	1.21428307928487
"rs846620"	0.432067520123771	348	1.15619715730765
"rs133850"	0.432077480664113	348	1.16365763995377
"rs1311935"	0.432092535542333	348	0.834094432157709
"rs1839371"	0.432105737014255	348	1.3559648326423
"rs1960295"	0.432106641405059	348	1.15971312213768
"rs1138543"	0.432111042513442	348	1.23120739146932
"rs831321"	0.432123806490439	348	1.13330331815717
"rs916465"	0.432136869783501	348	0.871016161215129
"rs418586"	0.432148306914656	348	1.17176756181594
"rs1739493"	0.432150923521208	348	1.13750929044213
"rs392501"	0.432172399782394	348	0.879705851384289
"rs1720550"	0.432181805023451	348	1.1613977403663
"rs226468"	0.432280575677765	348	0.919553861945353
"rs2148310"	0.432294904921793	348	0.763985603588195
"rs1233341"	0.432298176238737	348	1.16685138125379
"rs1769083"	0.432375596830576	348	1.17928010010954
"rs2008113"	0.432396384679646	348	0.615543948393756
"rs2008190"	0.432396384679646	348	0.615543948393756
"rs127820"	0.432420937592908	348	0.870266234535389
"rs996794"	0.432447827022448	348	1.4322662412089
"rs1560830"	0.43248152851735	348	1.23360946559146
"rs427116"	0.43253810603767	348	1.37534346602413
"rs427128"	0.43253810603767	348	1.37534346602413
"rs427134"	0.43253810603767	348	1.37534346602413
"rs427108"	0.432538106037674	348	1.37534346602412
"rs366069"	0.43255952988345	348	0.860250014456387
"rs2001208"	0.43256100209444	348	0.837666004737855
"rs2001221"	0.43256100209444	348	0.837666004737855
"rs1412881"	0.432588422811667	348	1.22143713338049
"rs167670"	0.432614096446755	348	0.799625413649899
"rs2121326"	0.432630278792686	348	1.12181364805199
"rs1655880"	0.432634901593667	348	1.16026273934233
"rs104900"	0.432638545014783	348	1.29516016187946
"rs1963779"	0.432648785851062	348	0.80671889009633
"rs1963870"	0.432648785851062	348	0.80671889009633
"rs1963613"	0.432648785851074	348	0.806718890096331
"rs60499"	0.432672831322453	348	0.843185404847221
"rs1590798"	0.432707367590218	348	0.80493359173356
"rs1388497"	0.432733808768518	348	1.27876132905963
"rs1104097"	0.43274062176655	348	0.649073053526496
"rs741762"	0.432740934252469	348	1.20511274442508
"rs352119"	0.432770983401323	348	0.79489680054092
"rs2171058"	0.432790879701937	348	1.06634340825653
"rs573278"	0.432805238086704	348	1.11189292731236
"rs65043"	0.43282990492498	348	1.03474632722493
"rs1116948"	0.432876126074686	348	1.16196682104646
"rs1116951"	0.432876126074686	348	1.16196682104646
"rs1116953"	0.432876126074686	348	1.16196682104646
"rs1116975"	0.432876126074686	348	1.16196682104646
"rs1116980"	0.432876126074686	348	1.16196682104646
"rs1433467"	0.432887265584995	348	0.874158636037106
"rs523578"	0.432918867183033	348	0.896900534197243
"rs605405"	0.432989323582355	348	1.21594569954757
"rs306522"	0.433000024682703	348	0.852039347355183
"rs113047"	0.433005131614919	348	1.06111565332289
"rs824124"	0.433044042133318	348	0.925589787739265
"rs2080529"	0.433063436794361	348	0.755274441739315
"rs1286033"	0.433170413861307	348	0.914023871649468
"rs1963308"	0.433184843996153	348	0.850883411924245
"rs360830"	0.433197528702335	348	0.836204579419619
"rs272860"	0.433199808334043	348	1.19316495797308
"rs272899"	0.433199808334043	348	1.19316495797308
"rs273142"	0.433199808334043	348	1.19316495797308
"rs273172"	0.433199808334043	348	1.19316495797308
"rs273196"	0.433199808334043	348	1.19316495797308
"rs273268"	0.433199808334043	348	1.19316495797308
"rs273319"	0.433199808334043	348	1.19316495797308
"rs273531"	0.433199808334043	348	1.19316495797308
"rs273532"	0.433199808334043	348	1.19316495797308
"rs273577"	0.433199808334043	348	1.19316495797308
"rs1691256"	0.433248875265472	348	1.22850019456655
"rs154144"	0.433300158869345	348	0.827866364230605
"rs1790406"	0.433327086785825	348	0.919063901251743
"rs1630902"	0.433393962795472	348	1.29889307301697
"rs826590"	0.433448242695472	348	1.16125320573853
"rs2168609"	0.43345867337171	348	1.1107334795081
"rs1600763"	0.43353177444265	348	1.15718979039779
"rs1160650"	0.433565186106573	348	34.1664340823387
"rs1633235"	0.433565186106837	348	12.7113521696668
"rs1963429"	0.433610269991194	348	1.12341884800729
"rs343690"	0.433629639498435	348	0.792147489646344
"rs149844"	0.433648191195012	348	0.825598754756513
"rs240436"	0.433673576858622	348	0.796775093181253
"rs240439"	0.433673576858622	348	0.796775093181253
"rs240441"	0.433673576858622	348	0.796775093181253
"rs240442"	0.433673576858622	348	0.796775093181253
"rs240453"	0.433673576858622	348	0.796775093181253
"rs35244"	0.433692709481838	348	1.30550425779293
"rs35247"	0.433692709481838	348	1.30550425779293
"rs35259"	0.433692709481838	348	1.30550425779293
"rs35295"	0.433692709481838	348	1.30550425779293
"rs35310"	0.433692709481838	348	1.30550425779293
"rs1405573"	0.433692764053707	348	1.03855798134247
"rs1553514"	0.433714903012305	348	0.835008085647745
"rs1350350"	0.433719093466703	348	0.780634027436676
"rs938136"	0.433774314644564	348	0.841438200559511
"rs1976433"	0.433788171255635	348	1.15037957938489
"rs353709"	0.43378846821359	348	1.1814416457737
"rs356072"	0.43378846821359	348	1.1814416457737
"rs356085"	0.43378846821359	348	1.1814416457737
"rs356118"	0.43378846821359	348	1.1814416457737
"rs356439"	0.43378846821359	348	1.1814416457737
"rs357460"	0.43378846821359	348	1.1814416457737
"rs357476"	0.43378846821359	348	1.1814416457737
"rs358406"	0.43378846821359	348	1.1814416457737
"rs358672"	0.43378846821359	348	1.1814416457737
"rs361722"	0.43378846821359	348	1.1814416457737
"rs361872"	0.43378846821359	348	1.1814416457737
"rs361906"	0.43378846821359	348	1.1814416457737
"rs955391"	0.433804550947613	348	1.18404380739846
"rs2131769"	0.43389967473862	348	0.925590187906675
"rs2131770"	0.43389967473862	348	0.925590187906675
"rs389855"	0.43400590333983	348	1.23187135252766
"rs2068533"	0.434010498946969	348	1.25204563841928
"rs1551423"	0.434024186940204	348	1.05163972145331
"rs1826048"	0.434043913192771	348	0.662019149363082
"rs1862212"	0.43406041366761	348	0.882086083245858
"rs1323384"	0.434090822401545	348	1.1470764153665
"rs2118619"	0.434096007472642	348	1.12072106735446
"rs25574"	0.434101803334767	348	0.933648326296195
"rs1783273"	0.434111642737331	348	0.887852813887979
"rs1742067"	0.434123892921736	348	0.890860595277528
"rs393387"	0.434196746416471	348	1.23901537105724
"rs393410"	0.434196746416471	348	1.23901537105724
"rs393413"	0.434196746416471	348	1.23901537105724
"rs393634"	0.434196746416471	348	1.23901537105724
"rs940343"	0.434205936774097	348	1.26097702140774
"rs466285"	0.434215780212471	348	1.17055293420074
"rs466419"	0.434215780212471	348	1.17055293420074
"rs1120488"	0.434230991907765	348	1.14375291686599
"rs1677548"	0.434234936485493	348	0.874061404775052
"rs1375913"	0.434249372106162	348	1.2564347890419
"rs321528"	0.434274799069256	348	1.36040491830887
"rs881149"	0.434363167095115	348	1.25807834150707
"rs1014151"	0.434366282216594	348	0.907366930485712
"rs1169619"	0.434391501905792	348	0.782556717933173
"rs2060068"	0.434406903748055	348	1.56293980928378
"rs597808"	0.43440690374806	348	0.639819904810187
"rs328893"	0.434406903748064	348	1.56293980928377
"rs328897"	0.434406903748064	348	1.56293980928377
"rs328900"	0.434406903748064	348	1.56293980928377
"rs2133030"	0.434406903748066	348	1.56293980928377
"rs2133610"	0.434406903748066	348	1.56293980928377
"rs1487431"	0.434406903748069	348	1.56293980928377
"rs2135399"	0.434406903748069	348	1.56293980928377
"rs562085"	0.434467503659837	348	1.16230739436028
"rs2106055"	0.43449881953522	348	1.12148283491174
"rs426804"	0.434515082311221	348	1.1706536703169
"rs426807"	0.434515082311221	348	1.1706536703169
"rs426834"	0.434515082311221	348	1.1706536703169
"rs426843"	0.434515082311221	348	1.1706536703169
"rs426852"	0.434515082311221	348	1.1706536703169
"rs1633256"	0.434534555916925	348	30.702060356404
"rs324373"	0.434536138960217	348	0.835045530538157
"rs629829"	0.4345379606787	348	0.852110801468612
"rs629832"	0.4345379606787	348	0.852110801468612
"rs651909"	0.434577182802472	348	1.38630072478528
"rs652293"	0.434577182802472	348	1.38630072478528
"rs653402"	0.434577182802472	348	1.38630072478528
"rs1108372"	0.434598667911561	348	0.886804010919194
"rs1108373"	0.434598667911561	348	0.886804010919194
"rs1044928"	0.434636569582016	348	0.735943585487098
"rs1322768"	0.43464728727089	348	0.877452338373105
"rs87438"	0.434669531679792	348	0.943801567519144
"rs249108"	0.434683112409095	348	1.23681148605968
"rs530211"	0.43468752912312	348	1.13790167369358
"rs2147133"	0.434690931752246	348	0.75528941043453
"rs608248"	0.434753953566062	348	0.858611012886854
"rs1548463"	0.434770537381352	348	0.840205107635784
"rs596935"	0.43478099037465	348	0.929705504234056
"rs1659560"	0.434842185289345	348	1.18579242111411
"rs545811"	0.434842432615165	348	1.12777799221776
"rs381516"	0.434855607968375	348	0.816753996481813
"rs1946179"	0.434882299102749	348	4.97760082487756
"rs304701"	0.434892079084502	348	0.870462406741097
"rs1823309"	0.434908313969052	348	0.861515333953732
"rs1823315"	0.434908313969052	348	0.861515333953732
"rs1823318"	0.434908313969052	348	0.861515333953732
"rs584233"	0.434922799547613	348	0.843576473222921
"rs466571"	0.434949751801415	348	0.869380174701459
"rs503529"	0.434989451406336	348	1.17233492388363
"rs1363427"	0.43502072665029	348	1.21463149858728
"rs1551424"	0.435124758631484	348	1.05852320122579
"rs724124"	0.435129232258294	348	0.62962417163536
"rs394487"	0.435144799460245	348	0.872416148485373
"rs1720182"	0.435145282178418	348	1.15846309347817
"rs2147184"	0.435175364720406	348	0.755354191791435
"rs436601"	0.435178520779689	348	0.771213596574388
"rs898103"	0.435206434302803	348	1.03988196677711
"rs1976440"	0.435252708273896	348	1.14976237406639
"rs1447955"	0.43528704316934	348	1.13182453759371
"rs465639"	0.435369667276878	348	0.867905532301036
"rs465924"	0.435369667276878	348	0.867905532301036
"rs450581"	0.435396907922677	348	1.28720995525966
"rs2148201"	0.435404583251477	348	0.882397829941449
"rs282281"	0.435446597290405	348	1.17923607122754
"rs1369643"	0.435449982364609	348	1.12644722393242
"rs590715"	0.435453455591456	348	1.18608287362938
"rs407549"	0.43557673997921	348	1.19391649982662
"rs835455"	0.435586724877949	348	1.19905516457777
"rs149838"	0.435591824276046	348	0.826469640380857
"rs149847"	0.435591824276046	348	0.826469640380857
"rs1733751"	0.435613285547521	348	1.07335886909076
"rs2145936"	0.43564812501091	348	1.36341702606531
"rs1638923"	0.435653111174196	348	0.953317345266425
"rs894695"	0.435684506806555	348	1.15037832090579
"rs952651"	0.435713670301557	348	0.80926724702917
"rs48041"	0.43573543880485	348	0.84141429368973
"rs48042"	0.43573543880485	348	0.84141429368973
"rs48043"	0.43573543880485	348	0.84141429368973
"rs48057"	0.43573543880485	348	0.84141429368973
"rs48060"	0.43573543880485	348	0.84141429368973
"rs48066"	0.43573543880485	348	0.84141429368973
"rs48067"	0.43573543880485	348	0.84141429368973
"rs1175176"	0.435743748271456	348	0.892441428293049
"rs1181409"	0.435743748271456	348	0.892441428293049
"rs473260"	0.435806804352895	348	1.07444416366949
"rs413453"	0.435807990519818	348	1.19968102488743
"rs1345786"	0.435819589450121	348	0.836062361814826
"rs1479769"	0.43583745682581	348	1.16144221205814
"rs1900129"	0.435838551052113	348	0.838923894808583
"rs118148"	0.435851888121052	348	1.05162123881343
"rs845140"	0.435867794200399	348	0.943100832010271
"rs139544"	0.435884236830858	348	0.79859097933474
"rs201935"	0.43588423683086	348	0.798590979334741
"rs205183"	0.43588423683086	348	0.798590979334741
"rs1896539"	0.435913017416783	348	0.810478246481816
"rs450843"	0.435931852115852	348	1.28220287571601
"rs2170981"	0.435955145494167	348	1.07184489815431
"rs556063"	0.43595600694667	348	1.14235664484519
"rs896582"	0.436126388269469	348	0.926207874352006
"rs497315"	0.436136736122412	348	0.794876129740432
"rs1938383"	0.436156978784383	348	1.14796753567371
"rs1938385"	0.436156978784383	348	1.14796753567371
"rs36952"	0.436168008161292	348	1.16127336081857
"rs1783847"	0.43618653271997	348	1.10511262128713
"rs1650701"	0.436202646293683	348	0.847184410434562
"rs1115451"	0.43621550064048	348	1.12775971705113
"rs1286983"	0.436218201146652	348	0.901705108454013
"rs1383534"	0.43622232444343	348	1.16863587344489
"rs1383543"	0.43622232444343	348	1.16863587344489
"rs1974459"	0.436269953234827	348	1.35458107424471
"rs1618599"	0.436279794419144	348	1.19703348966028
"rs72708"	0.436291262514575	348	0.863047775883103
"rs556343"	0.436348122760129	348	0.878913727054879
"rs134186"	0.436358712617877	348	1.12049174261723
"rs470821"	0.436379645127287	348	0.931659391081557
"rs1741890"	0.436385045482426	348	0.729902773432387
"rs1719489"	0.436410063274073	348	1.13537777324411
"rs451023"	0.436434403779025	348	1.28219080577101
"rs602540"	0.436436434892831	348	0.779974544949109
"rs497613"	0.436492380076697	348	1.19321759217194
"rs2163002"	0.436532633475378	348	0.904917780540318
"rs348769"	0.43654459740395	348	0.873979843867674
"rs1807435"	0.436564644899775	348	1.167261717109
"rs1472995"	0.436581714418906	348	1.1820882890514
"rs212506"	0.436610226991896	348	0.691584980456533
"rs685248"	0.436610226991896	348	0.691584980456533
"rs686310"	0.436610226991896	348	0.691584980456533
"rs687598"	0.436610226991896	348	0.691584980456533
"rs1839594"	0.436615178266929	348	0.833415891065464
"rs798704"	0.436620224664202	348	0.870519693132415
"rs787725"	0.436628311394835	348	0.855882496017751
"rs787735"	0.436628311394835	348	0.855882496017751
"rs787736"	0.436628311394835	348	0.855882496017751
"rs787739"	0.436628311394835	348	0.855882496017751
"rs787742"	0.436628311394835	348	0.855882496017751
"rs787764"	0.436628311394835	348	0.855882496017751
"rs859994"	0.436632225715374	348	1.32021561387761
"rs72432"	0.436649876862168	348	0.820853158722364
"rs427192"	0.436666880718144	348	0.783195283847528
"rs570879"	0.436669088638664	348	1.29485008086015
"rs651512"	0.436698117005589	348	1.31848269720559
"rs651521"	0.436698117005589	348	1.31848269720559
"rs651526"	0.436698117005589	348	1.31848269720559
"rs651536"	0.436698117005589	348	1.31848269720559
"rs1197135"	0.436728813518144	348	0.90281584905442
"rs2159874"	0.436730010689121	348	1.13795110998934
"rs2159883"	0.436730010689121	348	1.13795110998934
"rs2159898"	0.436730010689121	348	1.13795110998934
"rs1360633"	0.436825237227899	348	35.6619546744926
"rs1360701"	0.436825237228697	348	14.9938439870912
"rs159355"	0.436867493492624	348	0.828525266708004
"rs621970"	0.436899883094134	348	0.855229532896248
"rs558061"	0.436902280982312	348	0.895952148233879
"rs1611176"	0.436928373474802	348	0.822331179024749
"rs2094215"	0.437003691708615	348	0.948884746870143
"rs2214098"	0.437050815350218	348	1.47036652816495
"rs394810"	0.437050815350223	348	1.47036652816495
"rs757887"	0.437050815350223	348	1.47036652816495
"rs758178"	0.437050815350223	348	1.47036652816495
"rs2212863"	0.437050815350223	348	1.47036652816495
"rs2214784"	0.437050815350223	348	1.47036652816495
"rs2214028"	0.437050815350223	348	1.47036652816495
"rs1005227"	0.437074780595753	348	1.2191761072836
"rs223822"	0.437078448987529	348	0.823726247547064
"rs1403347"	0.437089457926456	348	1.13178884458369
"rs508326"	0.437128359108609	348	0.830870602888627
"rs785118"	0.437132578549691	348	0.884096635738851
"rs1884273"	0.437137956345346	348	4023.99746505596
"rs1884278"	0.437137956345346	348	4023.99746505596
"rs1014985"	0.437139873277333	348	0.722562487501861
"rs466854"	0.437146179368585	348	0.844090319541594
"rs466861"	0.437146179368585	348	0.844090319541594
"rs959760"	0.437169098546577	348	0.822484414265137
"rs499419"	0.437229672329545	348	1.19782235347854
"rs843793"	0.437318292218631	348	0.888172965560028
"rs940353"	0.437367988375741	348	0.791252288893857
"rs827232"	0.437370156005475	348	0.861753263780338
"rs2202585"	0.43737027902955	348	1.14198076552717
"rs633667"	0.437378188171573	348	1.07871498152335
"rs343715"	0.437410413731429	348	0.861723227714164
"rs839913"	0.437412887810196	348	0.800985044825753
"rs839914"	0.437412887810196	348	0.800985044825753
"rs1291256"	0.437428902639797	348	1.18790869466675
"rs1840500"	0.437443759341605	348	1.32992237102954
"rs1780848"	0.437493829263307	348	1.1563489760703
"rs1742091"	0.437522244875179	348	1.23819829850192
"rs1962560"	0.437533537025033	348	1.20377944731697
"rs224423"	0.437589303067754	348	1.30042019788999
"rs224468"	0.437589303067754	348	1.30042019788999
"rs224723"	0.437589303067754	348	1.30042019788999
"rs1736290"	0.437595132212266	348	1.19509556805983
"rs595842"	0.437605187143496	348	0.799210889524709
"rs595986"	0.437605187143496	348	0.799210889524709
"rs492737"	0.437661882613363	348	0.768931142233546
"rs412178"	0.437709375022207	348	0.885489328233675
"rs2124016"	0.437750835146413	348	1.11539515652993
"rs572089"	0.437768544951554	348	0.876258024629719
"rs492467"	0.437774393716922	348	0.68068258103784
"rs78581"	0.437799164099725	348	0.814854009376927
"rs1654816"	0.4377998799657	348	1.19639222454507
"rs1162011"	0.437827900503254	348	0.758217763452598
"rs1162104"	0.437827900503254	348	0.758217763452598
"rs1782793"	0.437838684199103	348	0.899683049422762
"rs285069"	0.43785362400297	348	1.29543998068365
"rs723709"	0.437854055391771	348	1.31443587569935
"rs910968"	0.437865999006996	348	1.22316718841585
"rs911062"	0.437865999006996	348	1.22316718841585
"rs911064"	0.437865999006996	348	1.22316718841585
"rs911070"	0.437865999006996	348	1.22316718841585
"rs911091"	0.437865999006996	348	1.22316718841585
"rs1963020"	0.437903726854025	348	1.17019095515953
"rs1963030"	0.437903726854025	348	1.17019095515953
"rs1757381"	0.43793028785336	348	1.14741184607292
"rs2024978"	0.437955894719074	348	0.730979656692541
"rs2024769"	0.437955894719077	348	0.73097965669254
"rs36559"	0.437962375763991	348	1.26776258356772
"rs2103194"	0.437967791693832	348	1.14279749125683
"rs125822"	0.437976875952173	348	1.11158894242363
"rs1415990"	0.438061469340807	348	1.0935036195357
"rs1415992"	0.438061469340807	348	1.0935036195357
"rs1358737"	0.438067565091062	348	1.0923821017179
"rs1919251"	0.438068076653407	348	0.879433109711589
"rs503798"	0.43807686048844	348	0.887932378921977
"rs1003955"	0.438077660129205	348	0.847061500556177
"rs1003958"	0.438077660129205	348	0.847061500556177
"rs1038453"	0.438146531832907	348	1.18306154297579
"rs1117224"	0.43815697426828	348	0.875775313968682
"rs1065705"	0.438157570607783	348	0.86776858620184
"rs485209"	0.43815940753024	348	1.18950840598506
"rs875165"	0.438160966351874	348	0.878871414478355
"rs2139057"	0.438177455673497	348	1.13336779084093
"rs326257"	0.438227406292402	348	1.179355227315
"rs1020203"	0.438265327961493	348	1.19389394019589
"rs1020206"	0.438265327961493	348	1.19389394019589
"rs1020281"	0.438265327961493	348	1.19389394019589
"rs1020287"	0.438265327961493	348	1.19389394019589
"rs1020290"	0.438265327961493	348	1.19389394019589
"rs722387"	0.438268437445459	348	1.33473758937473
"rs692823"	0.43827531611669	348	0.936965432643955
"rs272062"	0.438387554901564	348	0.57660731861784
"rs707122"	0.438414336731835	348	0.866321816480519
"rs545735"	0.438419316521624	348	1.2502798622562
"rs2170357"	0.438441507428185	348	1.12553716117814
"rs2170359"	0.438441507428185	348	1.12553716117814
"rs628600"	0.438528259065082	348	1.26801979403367
"rs929855"	0.438589040826597	348	1.27546261046272
"rs1739522"	0.438589630222418	348	1.15376089831392
"rs842535"	0.438624157743035	348	1.282968917853
"rs701811"	0.438636653312826	348	0.877040925798628
"rs329851"	0.438698524639642	348	0.833157542210374
"rs319558"	0.438722596779964	348	1.23179479454916
"rs1702821"	0.438730603628066	348	1.17528152749399
"rs942323"	0.438742318821282	348	0.8360689412496
"rs942325"	0.438742318821282	348	0.8360689412496
"rs226271"	0.438803295552066	348	1.08387752588754
"rs1118337"	0.438810422616463	348	0.792048720986599
"rs1635752"	0.43886378935779	348	1.41856600672692
"rs440084"	0.438869174243803	348	0.670187342799294
"rs1808753"	0.438869174243803	348	0.670187342799294
"rs2189025"	0.438869174243803	348	0.670187342799294
"rs2189682"	0.438869174243803	348	0.670187342799294
"rs2190165"	0.438869174243803	348	0.670187342799294
"rs1688286"	0.438869174243804	348	0.670187342799295
"rs1688304"	0.438869174243804	348	0.670187342799295
"rs1688322"	0.438869174243804	348	0.670187342799295
"rs1688331"	0.438869174243804	348	0.670187342799295
"rs1688343"	0.438869174243804	348	0.670187342799295
"rs1688391"	0.438869174243804	348	0.670187342799295
"rs1688393"	0.438869174243804	348	0.670187342799295
"rs1362108"	0.438914690018277	348	0.60075366867407
"rs1056357"	0.438921032006066	348	0.86553088331469
"rs1702782"	0.438959643171977	348	1.17521202014931
"rs1703163"	0.438959643171977	348	1.17521202014931
"rs877460"	0.439009892651192	348	0.725318989170188
"rs473777"	0.43902231868385	348	1.17226175023078
"rs1316668"	0.439055402252339	348	1.13444619521317
"rs673756"	0.439078069122753	348	0.552867067246466
"rs366928"	0.439109318427154	348	0.889084579708129
"rs497195"	0.439155191576094	348	0.794698895936426
"rs373914"	0.439159781716709	348	1.16709459525699
"rs913089"	0.439171030604396	348	1.18609439931616
"rs548810"	0.439174241937078	348	1.18997033103122
"rs548816"	0.439174241937078	348	1.18997033103122
"rs548819"	0.439174241937078	348	1.18997033103122
"rs2086239"	0.439191001701865	348	1.22315859800008
"rs226932"	0.439196520821433	348	1.13684280402276
"rs1767213"	0.439210192986182	348	1.17730291862621
"rs1300922"	0.439212655339546	348	1.15815010478122
"rs1445560"	0.439219902747239	348	1.8900073866688
"rs1366770"	0.439235820132428	348	1.18282761669883
"rs2118291"	0.439242738506193	348	0.896935193097025
"rs420007"	0.439255296194895	348	0.962611621101054
"rs892550"	0.439264425368538	348	1.13178109982837
"rs1603873"	0.439275182005824	348	1.22595448483842
"rs2171160"	0.439318832393725	348	0.930608696631676
"rs758749"	0.439320108423961	348	0.858448039416219
"rs1345949"	0.439324402440272	348	1.22444660776815
"rs193584"	0.439325502140969	348	1.15458499394828
"rs139750"	0.439350607524451	348	0.730985993925203
"rs1961419"	0.439363416053929	348	0.834641463808915
"rs1961377"	0.439363416053936	348	0.834641463808916
"rs1808488"	0.439387116898647	348	0.825976689781279
"rs562165"	0.439406777669732	348	1.14733010550989
"rs1065603"	0.439461413694345	348	0.881912517669862
"rs132674"	0.439506617866622	348	1.14121709189076
"rs799457"	0.43950910572344	348	1.14830335023837
"rs1880727"	0.439594974799781	348	1.16830029827435
"rs1336808"	0.439624092317817	348	1.13910577786375
"rs408065"	0.439665454820869	348	1.18783773611742
"rs408068"	0.439665454820869	348	1.18783773611742
"rs1548153"	0.439698900030926	348	1.17556344992785
"rs1548155"	0.439698900030926	348	1.17556344992785
"rs1548156"	0.439698900030926	348	1.17556344992785
"rs1548162"	0.439698900030926	348	1.17556344992785
"rs1548165"	0.439698900030926	348	1.17556344992785
"rs1548168"	0.439698900030926	348	1.17556344992785
"rs1548171"	0.439698900030926	348	1.17556344992785
"rs1548174"	0.439698900030926	348	1.17556344992785
"rs1548177"	0.439698900030926	348	1.17556344992785
"rs1548180"	0.439698900030926	348	1.17556344992785
"rs1548186"	0.439698900030926	348	1.17556344992785
"rs1548204"	0.439698900030926	348	1.17556344992785
"rs1548207"	0.439698900030926	348	1.17556344992785
"rs1548210"	0.439698900030926	348	1.17556344992785
"rs1548216"	0.439698900030926	348	1.17556344992785
"rs1548231"	0.439698900030926	348	1.17556344992785
"rs1548259"	0.439698900030926	348	1.17556344992785
"rs1548270"	0.439698900030926	348	1.17556344992785
"rs1548274"	0.439698900030926	348	1.17556344992785
"rs1548300"	0.439698900030926	348	1.17556344992785
"rs1548306"	0.439698900030926	348	1.17556344992785
"rs1548315"	0.439698900030926	348	1.17556344992785
"rs1548327"	0.439698900030938	348	1.17556344992784
"rs1548339"	0.439698900030938	348	1.17556344992784
"rs1548072"	0.439698900030945	348	1.17556344992784
"rs509535"	0.439746587861702	348	0.862210632598256
"rs1148832"	0.439803563465473	348	0.868088196508085
"rs926219"	0.43980892046427	348	0.674618738027708
"rs649893"	0.43986496259745	348	0.806488097265833
"rs1898875"	0.439897146429304	348	1.34707662189858
"rs1775228"	0.439934677071043	348	1.10081966946543
"rs1739467"	0.439966621533897	348	1.13650680774965
"rs1708786"	0.439974151841491	348	0.893589492145659
"rs518085"	0.439986300416052	348	1.13892645041098
"rs494980"	0.440059728562895	348	0.885496979331126
"rs248001"	0.440079221085164	348	1.16105871809443
"rs2000352"	0.440100699280183	348	0.881392642770836
"rs136772"	0.440115024593803	348	0.835194479511022
"rs1704668"	0.440118016325727	348	1.17228616477197
"rs2185749"	0.440130728144189	348	1.19051486534698
"rs2011069"	0.440214738015562	348	0.86187917928383
"rs741232"	0.440215479168717	348	0.80371924966049
"rs405176"	0.440230411732823	348	1.14395044172517
"rs1161744"	0.440240623981999	348	1.12429612449722
"rs27382"	0.440248465474845	348	1.28542585619576
"rs491462"	0.440319848239249	348	0.929541618407053
"rs633597"	0.440328805710337	348	0.935645913628375
"rs1741746"	0.440362703677865	348	1.25513059241039
"rs1741761"	0.440362703677865	348	1.25513059241039
"rs566499"	0.440384061720446	348	0.892916582868705
"rs1790598"	0.440387364343436	348	1.11229738407361
"rs1790610"	0.440387364343436	348	1.11229738407361
"rs1616333"	0.440388696026888	348	1.15121640296493
"rs1616348"	0.440388696026888	348	1.15121640296493
"rs2008368"	0.440389523155965	348	1.12012418988596
"rs42517"	0.440430787823911	348	1.08318139783483
"rs350419"	0.440442304966584	348	1.21848801286184
"rs522709"	0.440445904088492	348	0.854908880134637
"rs421130"	0.440458527794488	348	1.12296280613979
"rs150871"	0.44046955925351	348	1.12434480898507
"rs787873"	0.440472779531959	348	0.829404632655316
"rs101300"	0.440487981946608	348	1.3134242843231
"rs474764"	0.440489650804979	348	1.13967573314358
"rs1964243"	0.44049303260758	348	0.840859725839866
"rs575723"	0.440495427808255	348	1.1595777314821
"rs2024363"	0.440506764961876	348	1.17864692361616
"rs2024372"	0.440506764961876	348	1.17864692361616
"rs2024443"	0.440506764961876	348	1.17864692361616
"rs2024444"	0.440506764961876	348	1.17864692361616
"rs702157"	0.440536254926942	348	0.920211442454986
"rs1199127"	0.440556397485861	348	0.902818481335347
"rs558144"	0.440591001486404	348	1.12870973716479
"rs376366"	0.440597630386205	348	0.858522701687916
"rs376648"	0.440597630386205	348	0.858522701687916
"rs578829"	0.440607323516287	348	0.773507135634045
"rs466008"	0.440639050262714	348	1.15188292076392
"rs466029"	0.440639050262714	348	1.15188292076392
"rs466036"	0.440639050262714	348	1.15188292076392
"rs1790517"	0.44064822929991	348	1.11222990040634
"rs1790520"	0.44064822929991	348	1.11222990040634
"rs1790542"	0.44064822929991	348	1.11222990040634
"rs1790543"	0.44064822929991	348	1.11222990040634
"rs1790544"	0.44064822929991	348	1.11222990040634
"rs1790547"	0.44064822929991	348	1.11222990040634
"rs1790559"	0.44064822929991	348	1.11222990040634
"rs1790580"	0.44064822929991	348	1.11222990040634
"rs1790583"	0.44064822929991	348	1.11222990040634
"rs1790589"	0.44064822929991	348	1.11222990040634
"rs1790592"	0.44064822929991	348	1.11222990040634
"rs677869"	0.440662660326728	348	0.80988272791591
"rs1078097"	0.440682018669828	348	1.21874342638132
"rs1040584"	0.44071172172827	348	1.15024931650896
"rs525467"	0.440729907460654	348	1.22509715898625
"rs805104"	0.440767516886218	348	0.88988449302334
"rs2164592"	0.440773621323736	348	1.09928394949237
"rs2164598"	0.440773621323736	348	1.09928394949237
"rs1783441"	0.440801785199964	348	1.20516326963322
"rs223532"	0.440808140338324	348	1.47893529731185
"rs223685"	0.440808140338324	348	1.47893529731185
"rs354508"	0.440826166609718	348	0.954672860741695
"rs1303263"	0.440858517716699	348	1.17081353665243
"rs1366834"	0.440864737552324	348	1.28351261616699
"rs1367940"	0.440864737552324	348	1.28351261616699
"rs1331339"	0.44086492118125	348	0.866421555942564
"rs883913"	0.440866155530083	348	0.801507861880561
"rs1198053"	0.440910615674518	348	0.903474306358599
"rs547911"	0.440935222870075	348	1.1442510082879
"rs547913"	0.440935222870075	348	1.1442510082879
"rs547925"	0.440935222870075	348	1.1442510082879
"rs547929"	0.440935222870075	348	1.1442510082879
"rs547931"	0.440935222870075	348	1.1442510082879
"rs172671"	0.440974393289	348	1.43962546961973
"rs172848"	0.440974393289007	348	1.43962546961971
"rs986154"	0.441035149516449	348	0.913151502427108
"rs1546591"	0.441055930966455	348	0.867647964180586
"rs1546606"	0.441055930966455	348	0.867647964180586
"rs1546660"	0.441055930966455	348	0.867647964180586
"rs1546661"	0.441055930966455	348	0.867647964180586
"rs1546667"	0.441055930966455	348	0.867647964180586
"rs1546681"	0.441055930966455	348	0.867647964180586
"rs1330608"	0.441112774599112	348	0.880365623885834
"rs1330623"	0.441112774599112	348	0.880365623885834
"rs1330632"	0.441112774599112	348	0.880365623885834
"rs226472"	0.441130322413944	348	1.08429359771258
"rs226473"	0.441130322413944	348	1.08429359771258
"rs189947"	0.441159824071667	348	1.16113955483
"rs74622"	0.441170321025384	348	1.15573922687358
"rs1077807"	0.441200357946695	348	1.53952245257107
"rs1077863"	0.441200357946695	348	1.53952245257107
"rs492853"	0.441213754485045	348	0.804757222953785
"rs492854"	0.441213754485045	348	0.804757222953785
"rs1783861"	0.441303567897584	348	1.10006694736435
"rs1583930"	0.441308006702352	348	1.17145548281069
"rs649012"	0.441319797537657	348	1.09044326999456
"rs1311428"	0.44133107887607	348	1.19534849062865
"rs544477"	0.441371944894472	348	1.1466939559519
"rs544478"	0.441371944894472	348	1.1466939559519
"rs1654800"	0.441417423248827	348	0.776316351655522
"rs52468"	0.441444191087061	348	0.872545908231062
"rs675932"	0.441459451388834	348	0.734489431865317
"rs661605"	0.44145945138884	348	0.734489431865317
"rs661746"	0.44145945138884	348	0.734489431865317
"rs675188"	0.44145945138884	348	0.734489431865318
"rs1488839"	0.441473692496979	348	1.05266174632795
"rs923427"	0.441475304750493	348	0.882741840561167
"rs2099703"	0.441574026223529	348	1.1612060088208
"rs2170346"	0.441591414725382	348	1.12456498456956
"rs614475"	0.441683260209592	348	1.24104665774176
"rs1716606"	0.441683844931727	348	1.17212877075071
"rs1888961"	0.441716089273629	348	1.13002879256471
"rs2119928"	0.441787810447694	348	0.909861728533889
"rs988902"	0.441803834451554	348	1.19542337806112
"rs974011"	0.441815698656764	348	0.790821600801169
"rs1113853"	0.441816228956083	348	1.16699694605925
"rs1335144"	0.441832265313725	348	1.16927970347352
"rs2012106"	0.441876046586641	348	1.13892578203135
"rs1933152"	0.441878428529857	348	0.722254720283253
"rs1962966"	0.441879966415725	348	0.874963616970404
"rs148879"	0.441886095690095	348	1.08342245081179
"rs148880"	0.441886095690095	348	1.08342245081179
"rs148881"	0.441886095690095	348	1.08342245081179
"rs184681"	0.441923214676573	348	0.685360295129395
"rs2059364"	0.441925940817984	348	1.20889889353999
"rs341575"	0.441958161531287	348	0.785477663405955
"rs724348"	0.44201730668983	348	0.632968073763841
"rs953711"	0.44201730668983	348	0.632968073763841
"rs954900"	0.44201730668983	348	0.632968073763841
"rs1899305"	0.44201730668983	348	0.632968073763841
"rs1900259"	0.44201730668983	348	0.632968073763841
"rs2025806"	0.44201730668983	348	0.632968073763841
"rs531899"	0.442017306689867	348	0.632968073763869
"rs511564"	0.442017925792198	348	0.777711913812418
"rs2114582"	0.442021547557351	348	0.767831442534289
"rs326677"	0.442027985425341	348	1.11197813308413
"rs235059"	0.442031929690283	348	0.782835473006831
"rs2152865"	0.442083447632974	348	0.848109979737568
"rs930794"	0.442113932495032	348	0.728700286069704
"rs2147010"	0.442119626190328	348	1.10493582561036
"rs1004046"	0.442161783293114	348	1.19622560905046
"rs2170866"	0.442252500409096	348	0.911870546605564
"rs1196989"	0.442263114330649	348	0.904067942299144
"rs867003"	0.44227050806633	348	0.859567420645497
"rs487627"	0.442280604810281	348	1.38050539596811
"rs487743"	0.442280604810281	348	1.38050539596811
"rs763342"	0.442309187620182	348	1.07311292574923
"rs629658"	0.442360413762255	348	1.12991648327688
"rs1308290"	0.44236135797811	348	1.13508885476883
"rs1157479"	0.442372890782601	348	0.839404303002854
"rs226451"	0.442401780212954	348	0.927360849949191
"rs628542"	0.442413459517603	348	0.823596374593849
"rs2146298"	0.44241429422164	348	1.3448812558264
"rs938824"	0.442429575496683	348	0.83682824766748
"rs2026342"	0.442433627232641	348	0.764658781579071
"rs561967"	0.44244132814923	348	1.16720822767879
"rs130512"	0.442461928083095	348	1.13891820033782
"rs1758100"	0.442482278084238	348	1.11804332673459
"rs1758106"	0.442482278084241	348	1.11804332673459
"rs1464144"	0.442561757507478	348	0.86708854426741
"rs558045"	0.442645391681999	348	0.897146258942943
"rs733077"	0.44265429916392	348	0.784000607618291
"rs2164787"	0.442665210955758	348	1.13710939258697
"rs977415"	0.442676995445287	348	1.17451699164486
"rs977418"	0.442676995445287	348	1.17451699164486
"rs977421"	0.442676995445287	348	1.17451699164486
"rs848255"	0.442700741353202	348	1.15249086724341
"rs846130"	0.44270074135323	348	1.1524908672434
"rs2076225"	0.442770628195699	348	0.880808375198501
"rs801708"	0.442771303974669	348	1.17452843547632
"rs665246"	0.442778844507152	348	1.25819143762195
"rs341281"	0.44278824845825	348	1.1281627109447
"rs1357259"	0.44281557073701	348	0.815729156562866
"rs652907"	0.442831990815316	348	1.84543687026917
"rs1144614"	0.442856661444511	348	1.15964947086287
"rs1691032"	0.442896086659693	348	0.863652105086811
"rs1782813"	0.442916337533204	348	0.881511576348711
"rs2002846"	0.442938170066181	348	0.805354061951237
"rs2002847"	0.442938170066181	348	0.805354061951237
"rs2002852"	0.442938170066181	348	0.805354061951237
"rs2002859"	0.442938170066181	348	0.805354061951237
"rs2002869"	0.442938170066181	348	0.805354061951237
"rs2002897"	0.442938170066181	348	0.805354061951237
"rs1806539"	0.44294140680978	348	0.836759028952689
"rs347530"	0.442981130154096	348	1.133994239838
"rs347532"	0.442981130154096	348	1.133994239838
"rs1768024"	0.443015491813392	348	1.17716382917821
"rs257131"	0.443030324238765	348	0.804082715504877
"rs685260"	0.443053910445524	348	1.19215469384208
"rs1763492"	0.44311447897455	348	0.875738450986305
"rs465664"	0.443122826454663	348	1.14755802852982
"rs465665"	0.443122826454663	348	1.14755802852982
"rs465669"	0.443122826454663	348	1.14755802852982
"rs951167"	0.443130582913408	348	0.82324330069897
"rs951187"	0.443130582913408	348	0.82324330069897
"rs951277"	0.443130582913408	348	0.82324330069897
"rs951278"	0.443130582913408	348	0.82324330069897
"rs1720587"	0.443145712068436	348	1.18235829211624
"rs850664"	0.443149811341482	348	0.860850972136434
"rs63782"	0.443232292815198	348	0.844761577236087
"rs63824"	0.443232292815198	348	0.844761577236087
"rs63875"	0.443232292815198	348	0.844761577236087
"rs63878"	0.443232292815198	348	0.844761577236087
"rs769974"	0.44324202398247	348	0.785741255471169
"rs1964138"	0.443249890255674	348	0.841474099720346
"rs331454"	0.443261183668844	348	1.17556575717723
"rs2051435"	0.44327506248771	348	1.14750480345826
"rs558193"	0.443288237780203	348	1.1889632694955
"rs794000"	0.443348921101364	348	0.824096809897085
"rs1475958"	0.443353753405607	348	0.868136660636191
"rs1547488"	0.443386268006579	348	0.844736407361518
"rs2213512"	0.443390844942866	348	0.583504369566871
"rs1820585"	0.443488724697553	348	0.825495851659605
"rs494666"	0.443511498162417	348	1.16763902011024
"rs55795"	0.443519800377156	348	0.829076463169415
"rs1014903"	0.443523723714297	348	0.748106210104576
"rs838298"	0.443603502390765	348	0.863957787904637
"rs147450"	0.443669204189983	348	0.898116627955123
"rs2211870"	0.443683717205207	348	1.17923709189268
"rs1050001"	0.443707102326386	348	0.563978118205249
"rs177959"	0.443708522515078	348	0.832838950177912
"rs984791"	0.443716731142419	348	1.15846048689729
"rs1125052"	0.44383178128951	348	1.15207761389487
"rs1846733"	0.443835922183674	348	0.814791046994534
"rs573800"	0.443852219725223	348	1.1554126149192
"rs818644"	0.443894755387146	348	1.13719836042279
"rs240950"	0.443921018267942	348	0.574147584254549
"rs783267"	0.443927389550597	348	0.820030600585736
"rs417087"	0.443956609799497	348	1.16598695067061
"rs417106"	0.443956609799497	348	1.16598695067061
"rs579910"	0.444001353537658	348	0.866817761687188
"rs510281"	0.44408220216458	348	1.11155313773906
"rs510293"	0.44408220216458	348	1.11155313773906
"rs1114137"	0.444149887413507	348	1.06170067258706
"rs1117767"	0.444182497654972	348	0.829980693228136
"rs53590"	0.444208824141043	348	0.897904616115258
"rs130820"	0.444278193785688	348	0.824291149524812
"rs132427"	0.444278416975149	348	1.12867931346732
"rs1417956"	0.444339896428876	348	0.792834744460397
"rs1050211"	0.444381344827488	348	0.750242271046461
"rs2070199"	0.444391200791981	348	0.831106562588524
"rs1466230"	0.44445653485785	348	1.34348060581526
"rs1466272"	0.44445653485785	348	1.34348060581526
"rs1117494"	0.444464210062302	348	0.8702864921533
"rs1078698"	0.444476406570482	348	1.12499861369002
"rs2147187"	0.44448783302619	348	0.759348343794137
"rs132584"	0.44449718679531	348	0.593856303095017
"rs557976"	0.444504230243443	348	0.897561734563317
"rs1102493"	0.444515878459904	348	1.1640381512361
"rs147969"	0.444537438119408	348	0.860052531848237
"rs1196770"	0.444540940548628	348	0.903507898169705
"rs1296180"	0.444541094284775	348	0.933316968642061
"rs1676978"	0.444547697230915	348	1.15803501063159
"rs850283"	0.444551466008457	348	1.24577822234602
"rs1855815"	0.444569923378031	348	1.13121536160731
"rs133019"	0.444593607632878	348	0.599205381200783
"rs994709"	0.444638197801037	348	0.861160618555773
"rs416117"	0.444667355349311	348	1.15735017008013
"rs1530883"	0.44467174550605	348	1.14633691415877
"rs1833725"	0.444683135158524	348	0.868765733270852
"rs2062776"	0.444684959986825	348	0.823347883932575
"rs2085934"	0.444763925600324	348	0.874473347938569
"rs1561622"	0.444812328106979	348	1.15190137714039
"rs1561628"	0.444812328106979	348	1.15190137714039
"rs1561625"	0.444812328106981	348	1.15190137714038
"rs1561631"	0.444812328106981	348	1.15190137714038
"rs1013901"	0.444817664267589	348	0.905068172039955
"rs1076946"	0.444849171844639	348	0.788814203297346
"rs1945077"	0.44486417399284	348	1.17514213080173
"rs854857"	0.444877006276918	348	1.14142195793008
"rs1351271"	0.444879241185865	348	0.870239766675901
"rs56913"	0.444940615165948	348	0.886229263306323
"rs557970"	0.444995117180637	348	0.897746463767311
"rs347707"	0.445044223549949	348	1.22097095470794
"rs1039674"	0.445118506152687	348	1.29165882077518
"rs812149"	0.445129761553006	348	1.09869154054917
"rs417827"	0.445132082987456	348	1.07589037887462
"rs1072035"	0.445260001659739	348	1.15968564661368
"rs1359768"	0.44526157367574	348	0.872164704845695
"rs1627118"	0.445282585514635	348	0.788684753845737
"rs1004315"	0.445302551965524	348	1.19823912200887
"rs536499"	0.445374039346446	348	0.830179975048268
"rs536774"	0.445374039346453	348	0.830179975048267
"rs408575"	0.445404660304476	348	0.819506681271018
"rs408581"	0.445404660304476	348	0.819506681271018
"rs408587"	0.445404660304476	348	0.819506681271018
"rs968307"	0.445417233980551	348	1.2256739680793
"rs968930"	0.445417233980559	348	1.2256739680793
"rs1057683"	0.445498020512507	348	1.16377491147307
"rs92991"	0.445514651019333	348	1.19322828537911
"rs876815"	0.44554208014733	348	1.25111092370287
"rs545069"	0.445556834923342	348	0.884620708912326
"rs2019296"	0.445557896056372	348	1.24866113380714
"rs395899"	0.445563577873819	348	1.17391020730794
"rs906963"	0.445569863338714	348	0.788590816488826
"rs125830"	0.445758271290659	348	1.11368760422381
"rs424102"	0.445779612265619	348	0.87803087475622
"rs1031178"	0.445791790828461	348	1.15677318074812
"rs2193297"	0.445819835271429	348	1.15198891468022
"rs854352"	0.445846870936593	348	0.81171888661465
"rs854361"	0.445846870936593	348	0.81171888661465
"rs854379"	0.445846870936593	348	0.81171888661465
"rs854417"	0.445846870936593	348	0.81171888661465
"rs854418"	0.445846870936593	348	0.81171888661465
"rs469634"	0.445887006662809	348	0.832811674861287
"rs435867"	0.445899917337277	348	1.04121185269461
"rs1572771"	0.445954074851097	348	1.20648309832637
"rs326790"	0.445995865273493	348	0.839103727698755
"rs1883482"	0.446004312990536	348	0.826891923777327
"rs522607"	0.446004815325711	348	0.832040839156732
"rs522608"	0.446004815325711	348	0.832040839156732
"rs522645"	0.446004815325711	348	0.832040839156732
"rs1922880"	0.446007561510258	348	1.15803355004118
"rs364429"	0.446008770321481	348	0.821432290445594
"rs1907772"	0.446015977727454	348	1.04047579368206
"rs61105"	0.446037723980274	348	0.845965449169044
"rs61108"	0.446037723980274	348	0.845965449169044
"rs1857389"	0.446045867517456	348	1.29117207167963
"rs1857410"	0.446045867517456	348	1.29117207167963
"rs2060879"	0.446060841599186	348	0.826416691606338
"rs307470"	0.446071375403271	348	0.85498841778538
"rs307532"	0.446071375403271	348	0.85498841778538
"rs307940"	0.446071375403271	348	0.85498841778538
"rs308345"	0.446071375403271	348	0.85498841778538
"rs1205589"	0.446114855737638	348	0.90462437232875
"rs2147495"	0.446128277842328	348	0.932008920382004
"rs1801130"	0.446136372819649	348	1.3643492616354
"rs1286427"	0.446176112164496	348	0.898005715305184
"rs1286568"	0.446176112164496	348	0.898005715305184
"rs1790725"	0.446198508991773	348	1.16714234438089
"rs2080568"	0.446201932347422	348	0.839335454223953
"rs466025"	0.446207020176601	348	1.147584221781
"rs466050"	0.446207020176601	348	1.147584221781
"rs466053"	0.446207020176601	348	1.147584221781
"rs1698587"	0.446215103182565	348	1.08073311909537
"rs562802"	0.446311972426182	348	1.16850105617439
"rs562803"	0.446311972426182	348	1.16850105617439
"rs1742020"	0.446353371183462	348	0.912664345634971
"rs1055680"	0.446375500308067	348	0.896249095001383
"rs497184"	0.446406742299436	348	0.791180794696827
"rs668885"	0.446440489089856	348	1.13373747471298
"rs495621"	0.446476808747536	348	1.10165704422684
"rs1650488"	0.44647863043038	348	0.851884213083614
"rs1650489"	0.44647863043038	348	0.851884213083614
"rs2003385"	0.446499291216036	348	1.10756551752739
"rs2003388"	0.446499291216036	348	1.10756551752739
"rs128324"	0.446507154535917	348	0.881481588608905
"rs2195624"	0.446508186936736	348	1.14841472692681
"rs1609809"	0.446509270183405	348	0.888470202392148
"rs121502"	0.446570246933314	348	0.888577215821131
"rs354598"	0.446572359500857	348	1.0465624132319
"rs616198"	0.446573729758954	348	1.44697881953008
"rs627429"	0.446573729758954	348	1.44697881953008
"rs634684"	0.446573729758954	348	1.44697881953008
"rs636220"	0.446573729758954	348	1.44697881953008
"rs639085"	0.446573729758954	348	1.44697881953008
"rs639343"	0.446573729758954	348	1.44697881953008
"rs631257"	0.446573729758959	348	1.44697881953008
"rs673551"	0.446601645343684	348	0.568165801308648
"rs687958"	0.446626820010077	348	0.823125529060303
"rs476636"	0.446627183259365	348	1.21638440055376
"rs851017"	0.446637823539329	348	0.80114733224907
"rs42789"	0.446648430063037	348	1.19166782490892
"rs816014"	0.446664171147233	348	1.10139685650007
"rs1880408"	0.446700632705893	348	0.921793888537056
"rs696850"	0.446722832658392	348	1.18343305774945
"rs1365080"	0.44672736997297	348	1.15886235065981
"rs351668"	0.446744051951128	348	1.30762756643744
"rs357116"	0.446828605824593	348	1.17744169999457
"rs357345"	0.446828605824593	348	1.17744169999457
"rs856324"	0.446918317199638	348	1.20230072114757
"rs1815783"	0.446928823727381	348	1.20739020879485
"rs1815786"	0.446928823727381	348	1.20739020879485
"rs1815795"	0.446928823727381	348	1.20739020879485
"rs2213938"	0.446949370720066	348	1.44818129189236
"rs2214022"	0.446949370720066	348	1.44818129189236
"rs2214025"	0.446949370720066	348	1.44818129189236
"rs2214034"	0.446949370720066	348	1.44818129189236
"rs2214043"	0.446949370720066	348	1.44818129189236
"rs2214096"	0.446949370720066	348	1.44818129189236
"rs2214117"	0.446949370720066	348	1.44818129189236
"rs2214132"	0.446949370720066	348	1.44818129189236
"rs639770"	0.446967192905373	348	0.883557101169797
"rs2109610"	0.447002825438022	348	0.578433965085147
"rs1309923"	0.447039435980665	348	0.874370916019895
"rs2123321"	0.447059558577758	348	0.894613479631631
"rs2123322"	0.447059558577758	348	0.894613479631631
"rs558673"	0.447078270487985	348	0.812824955187993
"rs909773"	0.447088081927422	348	1.17921664764393
"rs1134575"	0.447104175221232	348	1.17760935784661
"rs1317176"	0.447137228842462	348	0.858643826414577
"rs845738"	0.447186494973586	348	1.12485997312802
"rs1784138"	0.447188545681982	348	1.11876174466214
"rs307922"	0.447201338943057	348	1.25152816644484
"rs307928"	0.447201338943057	348	1.25152816644484
"rs1432038"	0.447238909165199	348	0.878439239067595
"rs791418"	0.447265342895901	348	1.06354745512112
"rs1055558"	0.447266320636513	348	0.893060492486345
"rs2061069"	0.4472674299934	348	1.36075661891322
"rs2061689"	0.4472674299934	348	1.36075661891322
"rs2062359"	0.4472674299934	348	1.36075661891322
"rs2061203"	0.447267429993408	348	1.36075661891322
"rs2061236"	0.447267429993408	348	1.36075661891322
"rs2061239"	0.447267429993408	348	1.36075661891322
"rs617366"	0.447338873724235	348	1.27951176503665
"rs1893305"	0.447355264232091	348	1.1587382086654
"rs159416"	0.447436818826386	348	0.90858998950714
"rs1558009"	0.447446130841691	348	0.82916435542688
"rs1358040"	0.447456091376752	348	1.27241053431901
"rs1742936"	0.447514593555071	348	0.805211757341292
"rs1742939"	0.447514593555071	348	0.805211757341292
"rs870633"	0.44752996622916	348	0.880834704389502
"rs425230"	0.44758246375793	348	1.20559383868225
"rs247068"	0.447582601626947	348	1.36546186535339
"rs2013086"	0.447732083314923	348	0.705584942834921
"rs2013092"	0.447732083314924	348	0.705584942834924
"rs2013095"	0.447732083314924	348	0.705584942834924
"rs2013100"	0.447732083314924	348	0.705584942834924
"rs2013101"	0.447732083314924	348	0.705584942834924
"rs361085"	0.447827832880679	348	1.1781233098454
"rs466329"	0.447843008737096	348	1.12776772893317
"rs1481059"	0.447895200553648	348	0.753607530725377
"rs591721"	0.447909426934091	348	0.938293556333512
"rs1003980"	0.447998297906398	348	1.19414510782876
"rs1003982"	0.447998297906398	348	1.19414510782876
"rs2092174"	0.448026991333766	348	1.14383327727759
"rs544055"	0.448088248681558	348	0.789762284929352
"rs544058"	0.448088248681558	348	0.789762284929352
"rs544064"	0.448088248681558	348	0.789762284929352
"rs1667300"	0.448095156153662	348	0.811184820486418
"rs604402"	0.448131518799986	348	0.677178783734194
"rs1712044"	0.448136114695614	348	1.16170187798518
"rs1712046"	0.448136114695614	348	1.16170187798518
"rs1712047"	0.448136114695614	348	1.16170187798518
"rs1712059"	0.448136114695614	348	1.16170187798518
"rs1712102"	0.448136114695614	348	1.16170187798518
"rs591713"	0.448158219815108	348	1.15938915650354
"rs591718"	0.448158219815108	348	1.15938915650354
"rs300691"	0.448191219838316	348	1.11706801992365
"rs300695"	0.448191219838316	348	1.11706801992365
"rs305440"	0.448212720252963	348	0.877538366059122
"rs305436"	0.448212720252965	348	0.877538366059123
"rs1637138"	0.448220286590616	348	0.95598650372132
"rs2131690"	0.448237072412194	348	0.942319619527545
"rs1790454"	0.448278181863135	348	1.10690859752567
"rs55334"	0.448310257117487	348	0.812957967955462
"rs1050670"	0.448329314925713	348	0.569027243295406
"rs303408"	0.448329874408657	348	0.90585161495754
"rs813244"	0.448367293465643	348	1.10189989110271
"rs320179"	0.448370391028662	348	1.26373521925829
"rs1353078"	0.448430990288987	348	0.844197545753884
"rs1889662"	0.448460475467202	348	1.40742702581051
"rs1889755"	0.448460475467202	348	1.40742702581051
"rs1890126"	0.448460475467202	348	1.40742702581051
"rs1766137"	0.44847280275426	348	0.870586490469326
"rs459092"	0.448476163860796	348	1.1359255706597
"rs70426"	0.448484990962949	348	1.03923296528531
"rs636635"	0.448500761420599	348	1.36371003460369
"rs636639"	0.448500761420599	348	1.36371003460369
"rs636640"	0.448500761420599	348	1.36371003460369
"rs1860542"	0.448523633631061	348	1.15171258451785
"rs939374"	0.448598913523588	348	1.25071139077493
"rs939375"	0.448598913523588	348	1.25071139077493
"rs1191171"	0.44864210754998	348	0.882200277078137
"rs2110988"	0.448681421713447	348	1.07241361585897
"rs703184"	0.448685065302084	348	0.846049153621824
"rs273419"	0.448686286378969	348	1.25796739720778
"rs585042"	0.448716246238107	348	1.23795456712068
"rs24063"	0.44871953393445	348	0.837258423641052
"rs243949"	0.448784394730332	348	1.22009334559369
"rs244345"	0.448784394730336	348	1.22009334559368
"rs1415844"	0.448786519679427	348	1.14061937311889
"rs2188600"	0.44881629698615	348	0.83969814269899
"rs1896937"	0.448820620355019	348	0.729682970884086
"rs2082045"	0.448832772091495	348	0.842245550555662
"rs628877"	0.448899921463012	348	1.18874382282875
"rs1898149"	0.448922169517323	348	0.826444593236313
"rs802738"	0.448936483836055	348	0.838516285983695
"rs679762"	0.448937838130793	348	0.558721971577183
"rs143932"	0.448955036017995	348	0.903591408630135
"rs1981448"	0.448966072705883	348	0.829703495335958
"rs510237"	0.448973154801543	348	1.18302583893423
"rs492134"	0.449029450536789	348	0.833239990278939
"rs492140"	0.449029450536789	348	0.833239990278939
"rs492145"	0.449029450536789	348	0.833239990278939
"rs1488782"	0.449083577116862	348	1.07046542145287
"rs266641"	0.449083786181482	348	0.814864058531052
"rs1418278"	0.449084546417687	348	1.22607692967542
"rs473233"	0.449125415727019	348	1.07541371387234
"rs2130948"	0.44912834716804	348	0.854609234515228
"rs2059253"	0.449132605702877	348	0.836593615281294
"rs2059256"	0.449132605702877	348	0.836593615281294
"rs2059259"	0.449132605702877	348	0.836593615281294
"rs2059263"	0.449132605702877	348	0.836593615281294
"rs2059265"	0.449132605702877	348	0.836593615281294
"rs460664"	0.449141183303292	348	0.889649960770057
"rs138043"	0.449156248820963	348	1.11342669750221
"rs1444245"	0.449169941797044	348	0.831385596732207
"rs785205"	0.449204741360971	348	0.961263085804891
"rs2175548"	0.449211705711339	348	1.28768648963501
"rs638466"	0.449246291050072	348	0.840475153159841
"rs807571"	0.449254101483202	348	0.678044496724588
"rs1765487"	0.449256908058136	348	1.17381608897941
"rs238665"	0.44927713000578	348	0.883592437517727
"rs139559"	0.449288252517909	348	0.676499622800044
"rs2057332"	0.449334872534442	348	1.15461422420766
"rs929548"	0.449339838096137	348	0.694029506398256
"rs1823336"	0.449355603969536	348	0.868983206946358
"rs1823339"	0.449355603969536	348	0.868983206946358
"rs1363707"	0.449402449376904	348	1.14827579496256
"rs224507"	0.449490107219312	348	1.46886410484074
"rs224774"	0.449490107219312	348	1.46886410484074
"rs1488938"	0.449530814180139	348	1.07613013070724
"rs434876"	0.449541989648241	348	1.1320339046547
"rs911987"	0.449554906344087	348	1.17075013907426
"rs578712"	0.449579365479844	348	0.853659480946913
"rs2102672"	0.44962932538532	348	1.12898304213384
"rs1321107"	0.449658016973335	348	0.862450807083902
"rs43781"	0.449708514273183	348	1.18677519857592
"rs497496"	0.449710099518402	348	1.20189705094006
"rs353876"	0.44973152071728	348	1.22392665521557
"rs1669603"	0.449747445871491	348	0.756181418299687
"rs1404189"	0.449754452853435	348	0.732338835647662
"rs1404193"	0.449754452853435	348	0.732338835647662
"rs1404273"	0.449754452853435	348	0.732338835647662
"rs552922"	0.449809344498271	348	0.862372046044286
"rs2131539"	0.449847918137935	348	0.864795948194536
"rs52225"	0.449873570677904	348	1.25579198554785
"rs648730"	0.449886256358667	348	0.942879415187488
"rs548066"	0.449907800732454	348	1.13952054902377
"rs148776"	0.449923576045367	348	1.06097668418512
"rs500027"	0.449938166932212	348	0.702938872150746
"rs2172657"	0.449950557502693	348	1.11322352065406
"rs295272"	0.44996872404847	348	0.745605213911876
"rs1204656"	0.450045384481508	348	0.904490547096728
"rs1739362"	0.45007350552905	348	1.13095025458015
"rs1739457"	0.45007350552905	348	1.13095025458015
"rs1739461"	0.45007350552905	348	1.13095025458015
"rs1739555"	0.45007350552905	348	1.13095025458015
"rs1898263"	0.450098091571507	348	1.05043234348198
"rs132921"	0.450165757622233	348	0.867633850060887
"rs1766839"	0.450193414651086	348	1.17476420165142
"rs1810146"	0.450221485538258	348	0.940064963066992
"rs222275"	0.450236181437778	348	1.18708401211318
"rs2121951"	0.450267200050816	348	0.910134497390897
"rs720773"	0.45028650833301	348	0.8283380097401
"rs468623"	0.450299399233594	348	0.880945518394985
"rs37763"	0.450336496352625	348	1.13377031494303
"rs2009273"	0.450381798202128	348	0.779167664244765
"rs343785"	0.450391319488576	348	0.797112949039583
"rs932727"	0.450408545721767	348	0.876069420616731
"rs1618957"	0.450473023420736	348	0.84348025565437
"rs1130452"	0.450516052934499	348	0.883263687642982
"rs1633103"	0.450517411567279	348	1.12194460511557
"rs1633104"	0.450517411567279	348	1.12194460511557
"rs1863922"	0.450533053558074	348	1.16334566097692
"rs1754429"	0.450640491916776	348	0.892657015039895
"rs1591726"	0.450716453380582	348	0.812722720273382
"rs87532"	0.450732528061674	348	1.06304967643556
"rs98709"	0.450749581342746	348	0.870376265479933
"rs98715"	0.450749581342746	348	0.870376265479933
"rs575229"	0.450768232725035	348	1.08719728273128
"rs1750495"	0.450792851532304	348	1.10876423678565
"rs1815750"	0.450842992590564	348	1.16644481775288
"rs950951"	0.450869981154619	348	0.867580045677873
"rs950956"	0.450869981154619	348	0.867580045677873
"rs950959"	0.450869981154619	348	0.867580045677873
"rs950962"	0.450869981154619	348	0.867580045677873
"rs950974"	0.450869981154619	348	0.867580045677873
"rs950976"	0.450869981154619	348	0.867580045677873
"rs950977"	0.450869981154619	348	0.867580045677873
"rs950984"	0.450869981154619	348	0.867580045677873
"rs950986"	0.450869981154619	348	0.867580045677873
"rs950989"	0.450869981154619	348	0.867580045677873
"rs950992"	0.450869981154619	348	0.867580045677873
"rs950995"	0.450869981154619	348	0.867580045677873
"rs927427"	0.450881489833592	348	0.749908106490073
"rs986149"	0.450896184172827	348	0.912154644764041
"rs1188212"	0.450902343556312	348	0.897587982174124
"rs787886"	0.450904247535782	348	0.832985629302749
"rs886951"	0.450917851216399	348	0.859198007709845
"rs2160421"	0.45095172213889	348	0.927557539386506
"rs152722"	0.450955492497822	348	1.13224154888901
"rs911486"	0.450977793832467	348	1.20777844614305
"rs631042"	0.451002835530106	348	1.12664728526496
"rs631045"	0.451002835530106	348	1.12664728526496
"rs1882649"	0.451003723304059	348	0.81886360207878
"rs303450"	0.451010858007276	348	0.939963299381703
"rs857739"	0.451027565714051	348	1.12186500636602
"rs63140"	0.451055270895446	348	0.848883471051488
"rs1693737"	0.451086656751875	348	1.114869026278
"rs323603"	0.451089308829104	348	1.10507102965032
"rs2054275"	0.451094809695406	348	1.1636455622025
"rs818724"	0.451145121922627	348	1.14016892494086
"rs2131669"	0.451197496790508	348	0.93996084324413
"rs1031189"	0.451216784785334	348	1.1624176977805
"rs730606"	0.451241907810599	348	0.858173856861574
"rs730609"	0.451241907810599	348	0.858173856861574
"rs730591"	0.451241907810605	348	0.858173856861575
"rs730651"	0.451241907810605	348	0.858173856861575
"rs730687"	0.451241907810605	348	0.858173856861575
"rs730699"	0.451241907810605	348	0.858173856861575
"rs730723"	0.451241907810605	348	0.858173856861575
"rs730741"	0.451241907810605	348	0.858173856861575
"rs730780"	0.451241907810605	348	0.858173856861575
"rs2071851"	0.451306241200384	348	1.15550854379015
"rs100125"	0.451306274382094	348	0.83864106648362
"rs1348114"	0.451342227138941	348	1.82901170538134
"rs277193"	0.451361633564884	348	1.35852116515497
"rs278265"	0.451361633564884	348	1.35852116515497
"rs1398325"	0.451386007084178	348	0.920162521711746
"rs679500"	0.451398250559396	348	0.560653551834941
"rs967696"	0.451410792667818	348	1.13639490780438
"rs1438728"	0.451412641546715	348	0.80861039666383
"rs170778"	0.451446350513289	348	1.12065017864032
"rs1417951"	0.451475371308835	348	0.795621277614117
"rs1417880"	0.451475371308838	348	0.795621277614116
"rs145974"	0.451493789989771	348	1.09372252751516
"rs1715163"	0.451518259367347	348	1.13313150384509
"rs741441"	0.451549320472667	348	1.16278279574487
"rs236388"	0.45154972997845	348	0.703007491360275
"rs1776521"	0.45155702155125	348	1.16529800589999
"rs1776687"	0.45155702155125	348	1.16529800589999
"rs1372952"	0.451578726741321	348	0.796694406807679
"rs2176971"	0.451580227101067	348	0.88570654124336
"rs1197379"	0.45159785786703	348	0.900512605229106
"rs977333"	0.451602185908509	348	0.806121549856343
"rs122757"	0.451723472137302	348	1.15871885998664
"rs942938"	0.451753918601818	348	1.07607346411261
"rs304519"	0.45177026613827	348	0.849057600485199
"rs552937"	0.451772097033872	348	0.791524312976103
"rs942973"	0.451782373559554	348	1.13911222104652
"rs486503"	0.451801792625656	348	0.761388787487788
"rs486877"	0.451801792625656	348	0.761388787487788
"rs1562879"	0.451809695196642	348	0.855492524249528
"rs1324568"	0.451822130677884	348	1.13822645936662
"rs810101"	0.451832501739775	348	1.12887816171871
"rs492470"	0.451840231685669	348	0.659085461995818
"rs305930"	0.451938447975089	348	0.850063397057276
"rs305993"	0.451938447975089	348	0.850063397057276
"rs306059"	0.451938447975089	348	0.850063397057276
"rs306169"	0.451938447975089	348	0.850063397057276
"rs1163945"	0.451938910177821	348	0.894740901048135
"rs1928461"	0.451969644516786	348	0.846839314791516
"rs1900447"	0.451992141981538	348	1.22337011538845
"rs1093822"	0.452063188801966	348	1.17896997710077
"rs1974164"	0.452079281332151	348	0.856108457697363
"rs1974200"	0.452079281332151	348	0.856108457697363
"rs1974263"	0.452079281332151	348	0.856108457697363
"rs91044"	0.452153611451634	348	0.863388706158978
"rs824353"	0.452164176565958	348	1.13058610475343
"rs461215"	0.452218161012187	348	0.876767608129191
"rs1599113"	0.45222677723232	348	1.11324527319618
"rs648800"	0.452287446538887	348	1.10615327972162
"rs1712221"	0.452333150861354	348	1.15994244063517
"rs1712223"	0.452333150861354	348	1.15994244063517
"rs1712236"	0.452333150861354	348	1.15994244063517
"rs1712243"	0.452333150861354	348	1.15994244063517
"rs1712244"	0.452333150861354	348	1.15994244063517
"rs1712246"	0.452333150861354	348	1.15994244063517
"rs1712260"	0.452333150861354	348	1.15994244063517
"rs1712269"	0.452333150861354	348	1.15994244063517
"rs490949"	0.452352722363226	348	0.862861198178833
"rs1019041"	0.452354901007939	348	0.842277094834968
"rs1615810"	0.452376529777116	348	1.05147652975012
"rs1369724"	0.452386349846427	348	1.12143583792733
"rs1777494"	0.452394479491971	348	1.14822450192845
"rs485036"	0.452444672975989	348	0.890725623766596
"rs1472568"	0.452460446576698	348	0.87467609627396
"rs383351"	0.45249034504947	348	1.14131167829907
"rs972161"	0.452495511947514	348	0.945635504913859
"rs861641"	0.452510035442651	348	0.806578778197015
"rs474813"	0.452510520314521	348	1.21537075010828
"rs474866"	0.452510520314522	348	1.21537075010828
"rs474883"	0.452510520314522	348	1.21537075010828
"rs475055"	0.452510520314522	348	1.21537075010828
"rs475056"	0.452510520314522	348	1.21537075010828
"rs475086"	0.452510520314522	348	1.21537075010828
"rs475118"	0.452510520314522	348	1.21537075010828
"rs475131"	0.452510520314522	348	1.21537075010828
"rs475215"	0.452510520314522	348	1.21537075010828
"rs475228"	0.452510520314522	348	1.21537075010828
"rs475232"	0.452510520314522	348	1.21537075010828
"rs475277"	0.452510520314522	348	1.21537075010828
"rs475313"	0.452510520314522	348	1.21537075010828
"rs475316"	0.452510520314522	348	1.21537075010828
"rs475319"	0.452510520314522	348	1.21537075010828
"rs475322"	0.452510520314522	348	1.21537075010828
"rs475331"	0.452510520314522	348	1.21537075010828
"rs475338"	0.452510520314522	348	1.21537075010828
"rs475394"	0.452510520314522	348	1.21537075010828
"rs475396"	0.452510520314522	348	1.21537075010828
"rs475308"	0.452510520314524	348	1.21537075010828
"rs475310"	0.452510520314524	348	1.21537075010828
"rs474824"	0.452510520314529	348	1.21537075010828
"rs271888"	0.452520026132344	348	1.17795330214687
"rs271943"	0.452520026132344	348	1.17795330214687
"rs271945"	0.452520026132344	348	1.17795330214687
"rs2160662"	0.452542146657513	348	1.09530415877405
"rs1964027"	0.452562588346574	348	0.837967777248677
"rs942841"	0.452618264450646	348	1.34771410550485
"rs336409"	0.452638722752358	348	1.39391582894263
"rs73221"	0.452656249950403	348	0.799417106166901
"rs1085192"	0.452657472374129	348	1.13944958627971
"rs1039940"	0.452735735444942	348	1.2759348562551
"rs1040220"	0.452735735444942	348	1.2759348562551
"rs987283"	0.452764788009079	348	1.12803896642571
"rs1715103"	0.4527703161421	348	1.13283209947239
"rs802840"	0.452788394972378	348	0.844809478244417
"rs417074"	0.452805517221057	348	1.16150231330065
"rs544076"	0.452822004472763	348	0.860063724683436
"rs544082"	0.452822004472763	348	0.860063724683436
"rs544085"	0.452822004472763	348	0.860063724683436
"rs544157"	0.452822004472766	348	0.860063724683437
"rs2039044"	0.452837630396222	348	1.22476712304975
"rs406343"	0.452858398793812	348	0.813658600415962
"rs145669"	0.452889900357839	348	1.08161267379743
"rs1167524"	0.452901504849182	348	1.13065950187071
"rs1167249"	0.452921860886027	348	0.891650673800434
"rs566370"	0.452939996800525	348	0.904046289300417
"rs341864"	0.452945479724412	348	0.789959340364157
"rs1014812"	0.452957315014115	348	0.754406238284131
"rs1862011"	0.453001400230008	348	1.13368338869942
"rs339018"	0.453066488201396	348	0.85391793457094
"rs1862576"	0.45307155860923	348	0.882839027226364
"rs1117881"	0.453080369174166	348	1.14973323212326
"rs1092899"	0.453087126394115	348	1.15276964773556
"rs171446"	0.453096438793085	348	1.1846015042686
"rs842706"	0.453118774988618	348	1.15482076355239
"rs729157"	0.453177055162976	348	1.20949132685344
"rs43443"	0.453195070430345	348	1.15915566172855
"rs43449"	0.453195070430345	348	1.15915566172855
"rs967231"	0.453233832884803	348	1.15012135541911
"rs1763926"	0.453250137603347	348	1.28179524808824
"rs740078"	0.453269789907127	348	0.819356969151128
"rs1768367"	0.453289329126433	348	1.17127197749898
"rs372761"	0.453381212616597	348	1.24762884279111
"rs361082"	0.453405520262951	348	1.18071354780193
"rs2118655"	0.453406624000014	348	1.1205627331582
"rs1398042"	0.453483345213626	348	0.874510531304359
"rs1398075"	0.453483345213626	348	0.874510531304359
"rs1398089"	0.453483345213626	348	0.874510531304359
"rs1398090"	0.453483345213626	348	0.874510531304359
"rs1398091"	0.453483345213626	348	0.874510531304359
"rs1398093"	0.453483345213626	348	0.874510531304359
"rs1398292"	0.453483345213626	348	0.874510531304359
"rs2159205"	0.453490720295327	348	1.12241015111816
"rs2159228"	0.453490720295327	348	1.12241015111816
"rs1798401"	0.45349177907657	348	0.842444365354488
"rs1588473"	0.45349518822312	348	1.18402286029297
"rs2040675"	0.453588170218892	348	0.881355569607365
"rs1691937"	0.453624270161975	348	0.796954921924965
"rs1791585"	0.453683550725192	348	0.860292906361259
"rs1288531"	0.453694792648792	348	0.852940914227907
"rs225348"	0.453716975510168	348	1.13810901280736
"rs225357"	0.453716975510168	348	1.13810901280736
"rs225358"	0.453716975510168	348	1.13810901280736
"rs128837"	0.453723389602321	348	0.867453077589396
"rs277575"	0.453778226247335	348	0.90899741865712
"rs670573"	0.453935138429753	348	0.797608313774467
"rs2066361"	0.453959594682708	348	1.16075884916235
"rs1694532"	0.453963093772873	348	0.837971892548724
"rs585107"	0.453998172515428	348	0.832110032478817
"rs1425819"	0.454005952972803	348	1.13656486343357
"rs221215"	0.454021177313046	348	1.21935372290127
"rs838418"	0.454022503634072	348	1.20158004754589
"rs928270"	0.454025647983045	348	0.877521564364537
"rs1820958"	0.454060547997596	348	0.754777319522208
"rs2009148"	0.45410098603782	348	0.870991074375011
"rs1882416"	0.454104627100811	348	0.826874767121158
"rs1882426"	0.454104627100811	348	0.826874767121158
"rs1882438"	0.454104627100811	348	0.826874767121158
"rs1882441"	0.454104627100811	348	0.826874767121158
"rs1882477"	0.454104627100811	348	0.826874767121158
"rs1681211"	0.454106412368897	348	1.14314827685597
"rs553191"	0.454144031947071	348	0.956628789623224
"rs1609338"	0.45416727302089	348	1.12289164742064
"rs1609341"	0.45416727302089	348	1.12289164742064
"rs1609344"	0.45416727302089	348	1.12289164742064
"rs1609346"	0.45416727302089	348	1.12289164742064
"rs1362645"	0.454357324160807	348	1.14925046266013
"rs1153844"	0.454368556632069	348	1.1577672259774
"rs896262"	0.454393528234159	348	0.881144755686469
"rs845834"	0.454397375464852	348	0.855796204176438
"rs845843"	0.454397375464852	348	0.855796204176438
"rs845870"	0.454397375464852	348	0.855796204176438
"rs845873"	0.454397375464852	348	0.855796204176438
"rs845903"	0.454397375464852	348	0.855796204176438
"rs1019935"	0.45443075807678	348	0.800678003921147
"rs557957"	0.454488588527988	348	0.899667370802273
"rs1962268"	0.454499346313237	348	1.09201874507894
"rs101389"	0.454584796869616	348	0.768240291606355
"rs101271"	0.454584796869619	348	0.768240291606357
"rs102389"	0.454584796869619	348	0.768240291606358
"rs102722"	0.454584796869619	348	0.768240291606358
"rs1906634"	0.454590086826438	348	1.1927145127428
"rs1055552"	0.45461688747168	348	0.89372721050674
"rs1395525"	0.454622161470443	348	0.784164512217975
"rs1379783"	0.454637569251059	348	0.869390185216763
"rs307120"	0.454638429903674	348	1.23366681569585
"rs1293119"	0.454646157393282	348	0.887397862482929
"rs255263"	0.454652057388113	348	0.889526216479876
"rs255267"	0.454652057388113	348	0.889526216479876
"rs255270"	0.454652057388113	348	0.889526216479876
"rs1101966"	0.454676602920491	348	1.3761769816183
"rs1102017"	0.454676602920491	348	1.3761769816183
"rs272545"	0.454680778546562	348	1.16864082900605
"rs1169330"	0.45471422781825	348	0.7955317527483
"rs1169434"	0.45471422781825	348	0.7955317527483
"rs454045"	0.45489066781686	348	0.831673498352287
"rs1143371"	0.454911273893596	348	0.84269025135518
"rs2159732"	0.45494701213434	348	1.13653024120843
"rs455392"	0.454998032272924	348	0.821153062166748
"rs80841"	0.454999847191881	348	0.82683243506668
"rs1127261"	0.455089318357654	348	1.15761490303351
"rs780999"	0.455150201621083	348	1.20895159649089
"rs781256"	0.455150201621083	348	1.20895159649089
"rs1010579"	0.455346911465381	348	1.16079745061461
"rs1010588"	0.455346911465381	348	1.16079745061461
"rs1754239"	0.45535660117523	348	1.13013742937049
"rs1288534"	0.455388847399083	348	0.853438302331519
"rs1031151"	0.455405954953911	348	1.16701034469189
"rs79639"	0.455515952348327	348	1.13212253519367
"rs988929"	0.455517783267347	348	1.18796090509895
"rs988933"	0.455517783267347	348	1.18796090509895
"rs610792"	0.455543118850603	348	0.781415936973241
"rs610794"	0.455543118850603	348	0.781415936973241
"rs610795"	0.455543118850603	348	0.781415936973241
"rs349112"	0.455549349225462	348	0.881417095524383
"rs884893"	0.455641550514551	348	1.32058393919984
"rs450511"	0.455645410278038	348	1.26906951349502
"rs7296"	0.45566696580509	348	1.17513483127961
"rs1703606"	0.455686251010619	348	1.14983290852294
"rs642281"	0.455690532404871	348	0.836481459547999
"rs2008146"	0.455701667991476	348	0.63115806586465
"rs1992952"	0.45571687331674	348	0.784067930465756
"rs341581"	0.455723124801188	348	0.797728296319664
"rs1584316"	0.455835486540627	348	1.1161968308225
"rs1162005"	0.455837771591416	348	0.887367046944884
"rs545814"	0.455851706072141	348	1.12245566226347
"rs785001"	0.455901052886372	348	0.908151475534257
"rs31576"	0.455906740563675	348	0.921873889790881
"rs1482096"	0.455912803612013	348	0.8792976460577
"rs147165"	0.456013562538526	348	0.819542951455167
"rs56799"	0.456019801615647	348	0.573300809165707
"rs70412"	0.456033624573443	348	1.0387512102516
"rs544337"	0.456038058388771	348	0.87916920282212
"rs1052567"	0.456059994603838	348	1.27458517788851
"rs854620"	0.456082516956681	348	0.85153654516576
"rs854645"	0.456082516956681	348	0.85153654516576
"rs854653"	0.456082516956681	348	0.85153654516576
"rs598345"	0.456096326323997	348	0.81194934441148
"rs42716"	0.456122733403336	348	0.837733020176222
"rs1741239"	0.456157414153798	348	1.120460900356
"rs1392486"	0.456157870971859	348	0.759700039852342
"rs2089641"	0.45619907392796	348	0.93002272263349
"rs63525"	0.456202393706786	348	0.586298320181452
"rs1927887"	0.456218960819291	348	1.18244739026311
"rs929459"	0.456347546100781	348	0.863565241337708
"rs236175"	0.456369986914774	348	0.870586059220092
"rs236183"	0.456369986914774	348	0.870586059220092
"rs236184"	0.456369986914774	348	0.870586059220092
"rs236187"	0.456369986914774	348	0.870586059220092
"rs236192"	0.456369986914774	348	0.870586059220092
"rs236195"	0.456369986914774	348	0.870586059220092
"rs236204"	0.456369986914774	348	0.870586059220092
"rs236210"	0.456369986914774	348	0.870586059220092
"rs236216"	0.456369986914774	348	0.870586059220092
"rs236222"	0.456369986914774	348	0.870586059220092
"rs116458"	0.45640034630471	348	0.915289152755654
"rs1488470"	0.456424776502081	348	1.05378597408572
"rs553190"	0.456426274231742	348	0.956393565746426
"rs1049908"	0.456447953957254	348	1.20874727560873
"rs208934"	0.456452870268052	348	1.12390087414392
"rs769142"	0.456454978547678	348	1.08878364843985
"rs2104017"	0.456477408607939	348	0.899257324606133
"rs217737"	0.456494515691874	348	1.12955721680396
"rs217739"	0.456494515691874	348	1.12955721680396
"rs217740"	0.456494515691874	348	1.12955721680396
"rs217742"	0.456494515691874	348	1.12955721680396
"rs217743"	0.456494515691874	348	1.12955721680396
"rs217748"	0.456494515691874	348	1.12955721680396
"rs217769"	0.456494515691875	348	1.12955721680396
"rs217784"	0.456494515691875	348	1.12955721680396
"rs217785"	0.456494515691875	348	1.12955721680396
"rs993255"	0.456543923959447	348	0.837763107299595
"rs1435979"	0.456570322691871	348	1.41087566292457
"rs1436508"	0.456570322691871	348	1.41087566292457
"rs2184285"	0.456570322691876	348	1.41087566292457
"rs1821537"	0.456570322691877	348	1.41087566292457
"rs157008"	0.456570322691879	348	1.41087566292457
"rs968947"	0.456570322691879	348	1.41087566292457
"rs100232"	0.456572595582673	348	0.84538786468367
"rs2145327"	0.456642110290037	348	1.14233762644354
"rs1530215"	0.456668205178101	348	0.818612009907141
"rs2024612"	0.456684872848021	348	1.11257636183433
"rs134009"	0.456694945999781	348	1.12386451197517
"rs2053963"	0.456703457963542	348	1.16333148725756
"rs2053993"	0.456703457963542	348	1.16333148725756
"rs2054035"	0.456703457963542	348	1.16333148725756
"rs465980"	0.456704195571264	348	1.14113733160463
"rs530858"	0.456756768524969	348	1.11873610237656
"rs557989"	0.456767172619222	348	0.90015340757246
"rs500776"	0.456778802667153	348	0.868484660644504
"rs1417868"	0.456787091776742	348	0.797728037918558
"rs1417886"	0.456787091776742	348	0.797728037918558
"rs1417898"	0.456787091776742	348	0.797728037918558
"rs1417919"	0.456787091776742	348	0.797728037918558
"rs1417959"	0.456787091776742	348	0.797728037918558
"rs1418024"	0.456787091776742	348	0.797728037918558
"rs121276"	0.456884859130781	348	0.618185451962794
"rs121281"	0.456884859130781	348	0.618185451962794
"rs121290"	0.456884859130781	348	0.618185451962794
"rs121291"	0.456884859130781	348	0.618185451962794
"rs69286"	0.456948864422984	348	0.841644936053611
"rs685703"	0.456967818735022	348	1.44852271336651
"rs1191280"	0.456996169711786	348	0.871000264902538
"rs1204192"	0.456997432224499	348	0.89252775239207
"rs1315966"	0.45699819333492	348	1.1369607542163
"rs1567785"	0.457009089878141	348	1.24244902584711
"rs1981"	0.457057696127607	348	0.769472122017204
"rs928758"	0.457071034759568	348	0.903224128074619
"rs507963"	0.457086283951991	348	1.13004560136655
"rs1809897"	0.457132023871251	348	1.16968498409247
"rs1976334"	0.457187313620008	348	1.13559569717151
"rs1976367"	0.457187313620008	348	1.13559569717151
"rs464957"	0.457190809465311	348	1.21302432759895
"rs638946"	0.457191644182551	348	1.1411961493755
"rs1649236"	0.457214919632485	348	0.784730297992961
"rs1806842"	0.457219702662873	348	1.17038890366537
"rs147553"	0.457245853196483	348	0.896562936349778
"rs419651"	0.457280559466253	348	0.861937747468972
"rs921648"	0.457313624470861	348	1.17441446952166
"rs921651"	0.457313624470861	348	1.17441446952166
"rs1648467"	0.457318390881966	348	1.21465227096441
"rs1317650"	0.457371967493835	348	1.12763620236767
"rs1317654"	0.457371967493835	348	1.12763620236767
"rs322476"	0.457383887907545	348	0.73347290297084
"rs322480"	0.457383887907545	348	0.73347290297084
"rs1051032"	0.457393125251791	348	1.37148313458454
"rs1373407"	0.457408667778384	348	0.93002270549961
"rs636169"	0.457410683436409	348	0.837178955213816
"rs787802"	0.457420614181194	348	1.11641266560095
"rs2057668"	0.45746048027648	348	0.806875203593021
"rs2057686"	0.45746048027648	348	0.806875203593021
"rs2057695"	0.45746048027648	348	0.806875203593021
"rs1609311"	0.457530648783107	348	1.1626237093449
"rs1044682"	0.457606210192122	348	1.21832359788263
"rs967128"	0.457649101896725	348	0.745930117499
"rs440170"	0.457679269348966	348	0.872685220472257
"rs552443"	0.457696378717269	348	0.8365380355095
"rs289931"	0.457704985203829	348	1.12841322907593
"rs1115994"	0.457722264039542	348	0.883474203599807
"rs510480"	0.457722405118583	348	0.931976956985472
"rs1354291"	0.457728268422661	348	1.24024183022842
"rs687999"	0.457734933229364	348	0.827381449497776
"rs566002"	0.457745711510573	348	0.888087245430423
"rs566007"	0.457745711510573	348	0.888087245430423
"rs1287462"	0.457794699180405	348	0.850120796170627
"rs1287551"	0.457794699180405	348	0.850120796170627
"rs1287993"	0.457794699180405	348	0.850120796170627
"rs1288013"	0.457794699180405	348	0.850120796170627
"rs1288118"	0.457794699180405	348	0.850120796170627
"rs51187"	0.457907867175651	348	1.30121724087769
"rs939122"	0.457926034741024	348	1.18550158302204
"rs1921242"	0.45793160949202	348	0.703632341414078
"rs710811"	0.457945667985641	348	1.17930119563494
"rs1534734"	0.45798527359247	348	0.616261184553774
"rs2002888"	0.458000265232059	348	0.811029466519654
"rs373943"	0.458103384181353	348	1.12099958350807
"rs1482819"	0.458146052457158	348	1.33212591128794
"rs911130"	0.458170294677728	348	1.20910483278342
"rs392825"	0.45822673466219	348	1.27449669961479
"rs392877"	0.45822673466219	348	1.27449669961479
"rs392842"	0.458226734662191	348	1.27449669961479
"rs758915"	0.458236827911733	348	1.1316944391321
"rs158644"	0.458260953338024	348	1.13347919331072
"rs1126164"	0.458325226973062	348	0.830959682483753
"rs2134169"	0.458379857468908	348	0.872474241588865
"rs430721"	0.458390404778713	348	1.19002759876559
"rs790790"	0.458416914974488	348	1.06540627845595
"rs1081257"	0.45843551901407	348	1.17724127031764
"rs1416013"	0.458536476520231	348	0.881223840559511
"rs552268"	0.458564166771808	348	0.840775360250148
"rs911524"	0.458587353048437	348	1.32559782468773
"rs813714"	0.458603871449327	348	1.116484067398
"rs2091884"	0.458624416064597	348	1.1744447304835
"rs1549574"	0.458625474920096	348	1.13100193875432
"rs1014752"	0.458630790653403	348	1.0480488479704
"rs287570"	0.458647266765393	348	1.27780062842675
"rs1739460"	0.458672081727324	348	1.13908949027955
"rs640032"	0.458679994432919	348	1.11722486537065
"rs640035"	0.458679994432919	348	1.11722486537065
"rs640038"	0.458679994432919	348	1.11722486537065
"rs1346550"	0.458693415408473	348	0.867502656991144
"rs64221"	0.45871214655557	348	0.899677628025363
"rs238939"	0.458732062145645	348	0.857535233960866
"rs1766207"	0.458738724270119	348	1.16252873277072
"rs338487"	0.458766570122357	348	0.8901359572942
"rs705925"	0.458794441227377	348	1.16177090361182
"rs1351879"	0.458801275517897	348	0.595151918442128
"rs300263"	0.458817389461025	348	0.757343461325483
"rs300332"	0.458817389461026	348	0.757343461325481
"rs610537"	0.458828045391432	348	1.15254796222048
"rs1592506"	0.458844959088436	348	0.7855156916244
"rs231030"	0.45885951200372	348	0.879426942358769
"rs2214037"	0.458877929861048	348	1.443938855517
"rs1934219"	0.4588951440049	348	0.855163116817101
"rs413915"	0.458926279528491	348	0.879823053262752
"rs405414"	0.458991957022465	348	0.712041600957873
"rs1533139"	0.459007187809565	348	0.791128083492754
"rs1608701"	0.459016666061383	348	0.840833247359376
"rs146827"	0.459020297444032	348	0.854174602483209
"rs483806"	0.459036049039259	348	22.9784253564608
"rs483810"	0.459036049039259	348	22.9784253564608
"rs83949"	0.459036049039264	348	1.4009449657925
"rs228412"	0.459064682404495	348	0.872095881885794
"rs1488717"	0.459082969396852	348	1.04893486964219
"rs126010"	0.459099877091442	348	1.29836643177218
"rs554653"	0.459108809934614	348	1.16652386260189
"rs2058502"	0.459127495125803	348	0.804443224850192
"rs2058505"	0.459127495125803	348	0.804443224850192
"rs2058507"	0.459127495125803	348	0.804443224850192
"rs2058511"	0.459127495125803	348	0.804443224850192
"rs2058526"	0.459127495125803	348	0.804443224850192
"rs2058529"	0.459127495125803	348	0.804443224850192
"rs121072"	0.459169501597247	348	1.10599044782874
"rs22878"	0.45924233978398	348	1.11066367878053
"rs22892"	0.45924233978398	348	1.11066367878053
"rs888376"	0.459250298890009	348	1.22680238732932
"rs1415575"	0.459280901909685	348	1.14093339364502
"rs224732"	0.459282226336828	348	0.85305192642434
"rs1004130"	0.459290887427379	348	1.19087482214257
"rs1004197"	0.459290887427379	348	1.19087482214257
"rs1843124"	0.459321776918006	348	1.4278328442753
"rs1843149"	0.459321776918006	348	1.4278328442753
"rs1880055"	0.459327459680779	348	1.1541000927377
"rs1880167"	0.459327459680779	348	1.1541000927377
"rs1880176"	0.459327459680779	348	1.1541000927377
"rs1102664"	0.459331006940469	348	0.926219202335748
"rs850523"	0.459338326301342	348	1.22227506385416
"rs267545"	0.459349411362667	348	0.95834567784439
"rs1767376"	0.459357494140616	348	1.16807158004357
"rs72989"	0.459367891638494	348	0.736842404034115
"rs1997175"	0.459382935227807	348	1.16495554279814
"rs763248"	0.4594024619614	348	0.875156394461919
"rs470947"	0.459404190789775	348	1.13568077367619
"rs304641"	0.459413753742602	348	1.13989767386784
"rs304647"	0.459413753742602	348	1.13989767386784
"rs831488"	0.459418862209525	348	0.881379202874778
"rs527723"	0.45943672332955	348	0.868870619967385
"rs951113"	0.459437980557854	348	0.879069069800352
"rs175647"	0.45947863560176	348	0.871167960997315
"rs300701"	0.459494177024661	348	1.17338041878856
"rs544406"	0.459546599086991	348	1.14686216405325
"rs278264"	0.459595085514983	348	0.853626617645988
"rs278303"	0.459595085514983	348	0.853626617645988
"rs1768896"	0.459615566003101	348	1.17083654448043
"rs123641"	0.459630313186399	348	1.38734306236778
"rs1039170"	0.459657033477454	348	0.864471308177963
"rs1579756"	0.459671449213256	348	1.15214802461667
"rs2170641"	0.459718148324338	348	1.09053901419767
"rs1740012"	0.459725211078712	348	0.852699737119112
"rs58005"	0.459754350643633	348	1.18777356953012
"rs126669"	0.459824157367879	348	1.11540414988081
"rs1292723"	0.459844160177136	348	0.862960522457697
"rs1292796"	0.459844160177136	348	0.862960522457697
"rs1292894"	0.459844160177136	348	0.862960522457697
"rs1293389"	0.459844160177136	348	0.862960522457697
"rs1293642"	0.459844160177136	348	0.862960522457697
"rs1740321"	0.459845604868789	348	0.874409198835871
"rs1740327"	0.459845604868789	348	0.874409198835871
"rs719288"	0.459874588373966	348	0.844053117225095
"rs475085"	0.459926256798186	348	1.13704383438058
"rs22921"	0.459932269359483	348	1.23618437472094
"rs2089663"	0.459967883627017	348	1.23999507162509
"rs2089701"	0.459967883627017	348	1.23999507162509
"rs116712"	0.459970186080363	348	0.906337879085064
"rs668978"	0.459985348969956	348	1.11906581710552
"rs476333"	0.46000591373101	348	0.808991179210922
"rs1572048"	0.460037798065415	348	1.32240368509945
"rs496787"	0.460044595456291	348	1.19645277911738
"rs1770495"	0.460067078163606	348	1.15974387921662
"rs1770499"	0.460067078163606	348	1.15974387921662
"rs1770502"	0.460067078163606	348	1.15974387921662
"rs305287"	0.460078107004411	348	0.83078712334665
"rs305288"	0.460078107004411	348	0.83078712334665
"rs305289"	0.460078107004411	348	0.83078712334665
"rs305290"	0.460078107004411	348	0.83078712334665
"rs940457"	0.460085456546624	348	1.25423049207207
"rs1040847"	0.460152405209441	348	0.7456705378232
"rs523462"	0.460162815622055	348	0.870193862118616
"rs443189"	0.460185661365901	348	0.749484907845718
"rs565983"	0.460217593286884	348	0.888670707411059
"rs565984"	0.460217593286884	348	0.888670707411059
"rs565990"	0.460217593286884	348	0.888670707411059
"rs565992"	0.460217593286884	348	0.888670707411059
"rs470822"	0.460226338012025	348	0.934174157235019
"rs903595"	0.460231071784487	348	0.86923290786493
"rs1438084"	0.460256927691616	348	1.15584683877381
"rs1662206"	0.460280455476138	348	1.13493979489714
"rs815840"	0.460294320735704	348	0.888530746409792
"rs146087"	0.460307640441876	348	1.09233329469878
"rs1465346"	0.460325976247453	348	0.870992440762658
"rs291253"	0.460400041451099	348	1.08589764556941
"rs2098840"	0.460452731587526	348	0.860202861402579
"rs1156749"	0.460452866507655	348	0.867274541348228
"rs171423"	0.46046603983853	348	0.874586134151681
"rs539815"	0.460476467178693	348	1.22709649492021
"rs1317074"	0.46048184911683	348	1.168991198242
"rs696898"	0.460501387727715	348	1.25035757766629
"rs1702866"	0.460506665755789	348	1.14820514682139
"rs460286"	0.460516354482538	348	0.786843556732577
"rs842718"	0.460522247993267	348	1.14525531720991
"rs860355"	0.460532741989806	348	0.837258522113682
"rs850133"	0.460567038651891	348	1.1273034510613
"rs850136"	0.460567038651891	348	1.1273034510613
"rs1777598"	0.460571789954302	348	1.07443828062052
"rs1815825"	0.460574235173449	348	0.845547298157263
"rs1363380"	0.460591443247138	348	1.20353030637565
"rs122104"	0.46061707610387	348	1.18598060735999
"rs871804"	0.460660669539602	348	1.09547016980815
"rs871810"	0.460660669539602	348	1.09547016980815
"rs62606"	0.460661383358786	348	0.890927556666632
"rs81856"	0.460706675676025	348	1.10392071664514
"rs35499"	0.460710672366031	348	0.878241398238575
"rs2164145"	0.460741112535619	348	1.11857665139948
"rs2176934"	0.460763596126126	348	0.869166522993855
"rs2176935"	0.460763596126126	348	0.869166522993855
"rs910425"	0.460781691181507	348	1.17601231639165
"rs910428"	0.460781691181507	348	1.17601231639165
"rs597291"	0.460812469351768	348	1.13381973147858
"rs1352067"	0.460882927922828	348	0.586723699232024
"rs1555141"	0.460922858732661	348	0.828842936823211
"rs920054"	0.460941243121169	348	1.17779124743289
"rs920069"	0.460941243121169	348	1.17779124743289
"rs1906979"	0.460960647785538	348	0.791118583558261
"rs1906982"	0.460960647785538	348	0.791118583558261
"rs556477"	0.460986321696808	348	0.881208809903184
"rs804239"	0.460992427651523	348	1.10546069813621
"rs1163544"	0.4610111213542	348	1.11843306578233
"rs1739580"	0.461018157249016	348	1.13009001516138
"rs1807135"	0.461022749867583	348	0.573898231167629
"rs1826981"	0.461046248819399	348	1.44401806728695
"rs1814835"	0.461046248819799	348	1.44401806728628
"rs1814838"	0.461046248819799	348	1.44401806728628
"rs1814874"	0.461046248819799	348	1.44401806728628
"rs2203349"	0.461065387913484	348	0.879703954712543
"rs1964993"	0.461071871060454	348	1.08072021447918
"rs51583"	0.461092863605507	348	0.862414655416544
"rs1290742"	0.46113416083984	348	1.16297550814331
"rs1003967"	0.461169461264173	348	0.853991570777022
"rs1687653"	0.461173752777762	348	0.806328288654916
"rs405501"	0.461192906209675	348	0.708789402568447
"rs972969"	0.461203082126756	348	0.95452268712784
"rs1004158"	0.461209275922628	348	1.18826092675956
"rs1075901"	0.461249844657304	348	0.895352281842578
"rs2178264"	0.461288947187783	348	1.09623804231218
"rs291037"	0.461349621537261	348	1.10406573394751
"rs1770799"	0.461355460306301	348	1.12317184529412
"rs2123758"	0.461374303850818	348	1.18543422501242
"rs882504"	0.461426798917286	348	0.822637520095757
"rs1687695"	0.461447359131487	348	0.806390188602636
"rs1687697"	0.461447359131487	348	0.806390188602636
"rs2011045"	0.46146671213746	348	0.857500332497817
"rs2011047"	0.46146671213746	348	0.857500332497817
"rs688211"	0.46146831567913	348	0.86245035750864
"rs334501"	0.46149095272858	348	0.888762489144372
"rs1816789"	0.461498041659671	348	1.15236507167111
"rs845563"	0.461539510975143	348	0.915463645437258
"rs416832"	0.46155836326671	348	0.853118972419123
"rs544715"	0.461569575480975	348	0.885958623045448
"rs544727"	0.461569575480975	348	0.885958623045448
"rs981495"	0.461571682687304	348	0.822714067867924
"rs170462"	0.46158481556032	348	1.1437480621517
"rs831323"	0.461613407051523	348	0.875355165874863
"rs857548"	0.461620386627432	348	0.617652923791105
"rs465522"	0.461626813953041	348	1.139382480026
"rs671496"	0.461629436411168	348	0.88501317685878
"rs905181"	0.461677639188895	348	1.28273634687028
"rs939443"	0.461678908634046	348	1.23204815201644
"rs492860"	0.46174485369992	348	1.56924671793077
"rs492869"	0.46174485369992	348	1.56924671793077
"rs1344296"	0.461754734241331	348	0.858454630439313
"rs2159850"	0.461790569897702	348	1.12970778057273
"rs928778"	0.461865569174045	348	0.902447046439911
"rs2089690"	0.461883207220503	348	1.23892152847204
"rs1962578"	0.461898369122523	348	0.850632937355937
"rs638905"	0.461898899112403	348	0.793144901614076
"rs944404"	0.461932719299491	348	0.837482960696896
"rs1997753"	0.461951356063254	348	1.13958968063635
"rs1982888"	0.461958444355325	348	0.801164281847
"rs1719322"	0.461963166766877	348	0.831045383166386
"rs183934"	0.461965550138978	348	0.683763869523101
"rs2158587"	0.46198102284899	348	1.0901245179132
"rs2176524"	0.461987530503204	348	0.803628624450784
"rs2176551"	0.461987530503204	348	0.803628624450784
"rs129665"	0.461994316867259	348	1.14428904692875
"rs1430331"	0.461996878157893	348	0.829667307367378
"rs1065576"	0.462004162679768	348	0.873343832959371
"rs1065590"	0.462004162679768	348	0.873343832959371
"rs352272"	0.462034132528676	348	0.850676197852691
"rs2112393"	0.462068473690587	348	0.87676196784046
"rs984546"	0.462091850029299	348	0.733225011293582
"rs984554"	0.462091850029299	348	0.733225011293582
"rs1536578"	0.462105515620285	348	1.21009295521597
"rs1040589"	0.462122937285645	348	0.823685699648706
"rs489155"	0.462175679554808	348	0.935796241327987
"rs489156"	0.462175679554808	348	0.935796241327987
"rs1880474"	0.462185985594476	348	0.924853007884973
"rs1654756"	0.462203303888901	348	1.14131054338159
"rs270000"	0.462309700846829	348	0.85102920174958
"rs2130241"	0.462334272213033	348	0.867086621001351
"rs992317"	0.46235030516938	348	0.81670732702503
"rs43575"	0.462385730497327	348	1.17036546732368
"rs43581"	0.462385730497327	348	1.17036546732368
"rs98069"	0.462429830082969	348	1.30170745845076
"rs192193"	0.462433893512775	348	0.862290956776565
"rs32087"	0.462444991969225	348	0.931923658587808
"rs32123"	0.462444991969225	348	0.931923658587808
"rs32134"	0.462444991969225	348	0.931923658587808
"rs32248"	0.462444991969225	348	0.931923658587808
"rs32254"	0.462444991969225	348	0.931923658587808
"rs32263"	0.462444991969225	348	0.931923658587808
"rs32284"	0.462444991969225	348	0.931923658587808
"rs32290"	0.462444991969225	348	0.931923658587808
"rs32296"	0.462444991969225	348	0.931923658587808
"rs1959792"	0.462457365648942	348	1.08062821723595
"rs1543283"	0.462458269070855	348	1.18383965748501
"rs1837079"	0.462488360061937	348	1.2213365890956
"rs1068228"	0.462496347502786	348	0.843895911288892
"rs950881"	0.462523104761009	348	0.895545314312598
"rs27277"	0.462533316851671	348	1.27139686033679
"rs27286"	0.462533316851671	348	1.27139686033679
"rs27292"	0.462533316851671	348	1.27139686033679
"rs27298"	0.462533316851671	348	1.27139686033679
"rs27304"	0.462533316851671	348	1.27139686033679
"rs27307"	0.462533316851671	348	1.27139686033679
"rs27310"	0.462533316851671	348	1.27139686033679
"rs27322"	0.462533316851671	348	1.27139686033679
"rs27334"	0.462533316851671	348	1.27139686033679
"rs1194597"	0.462549440167969	348	0.884165289377353
"rs1437108"	0.462563485659241	348	1.19044881492729
"rs1784308"	0.462595607190476	348	1.04385425751889
"rs1488713"	0.462607570713392	348	1.04848504407876
"rs2193191"	0.462640812618226	348	1.06277339084735
"rs338872"	0.462695049673779	348	0.858843569657696
"rs1114520"	0.46270727049296	348	0.903777943537578
"rs497663"	0.462728466156145	348	1.17040764416713
"rs1113004"	0.462751999250422	348	0.884702977137227
"rs1359293"	0.462797288530185	348	1.78938156349312
"rs553033"	0.462815712616716	348	0.872505410103524
"rs988615"	0.462828216796182	348	0.87700986681144
"rs1954051"	0.462864717253184	348	1.16060970417821
"rs2159880"	0.462871467156645	348	1.13092329825079
"rs552968"	0.462872676144806	348	0.870189056723968
"rs2119988"	0.462879791288433	348	1.16207316806888
"rs1105288"	0.462893215495452	348	1.18446372616819
"rs736411"	0.462977248024205	348	1.25231827959364
"rs736679"	0.462977248024205	348	1.25231827959364
"rs1962957"	0.4630357420921	348	1.16882992600679
"rs1739479"	0.463050495064793	348	1.12926671669239
"rs1739528"	0.463050495064793	348	1.12926671669239
"rs1199386"	0.463067358876798	348	0.90589787729071
"rs1880503"	0.463096487973697	348	0.924950150607281
"rs1998534"	0.463113369053584	348	0.736546176986215
"rs307172"	0.463117632960765	348	1.33223446392225
"rs1037379"	0.463143183717918	348	0.667270320085902
"rs2172727"	0.463167744694919	348	0.946368874727005
"rs2111930"	0.463190685282827	348	0.680061575201364
"rs942063"	0.463220601053504	348	1.21819498911985
"rs2185591"	0.463235944788935	348	1.23934204097498
"rs2084156"	0.463263386963767	348	1.27697156273878
"rs651433"	0.463273255515597	348	1.21841256093321
"rs130042"	0.46334177612847	348	1.13164276089778
"rs324427"	0.463377446301077	348	4.82021053157783
"rs324430"	0.463377446301077	348	4.82021053157783
"rs1561512"	0.463383518782053	348	1.08719200409414
"rs1561513"	0.463383518782053	348	1.08719200409414
"rs496822"	0.463396633579802	348	0.794447965270077
"rs496835"	0.463396633579802	348	0.794447965270077
"rs496920"	0.463396633579802	348	0.794447965270077
"rs579052"	0.463400511271957	348	0.885561084753502
"rs683465"	0.463417410899091	348	1.15649762941948
"rs881049"	0.463419514146556	348	1.21491696723767
"rs1423228"	0.46344977157829	348	1.15356907468632
"rs587838"	0.463559012401412	348	0.943264359929988
"rs10838"	0.463605974770028	348	0.847073105883128
"rs1735105"	0.463663565635325	348	1.16423864488595
"rs1101982"	0.463689695371696	348	0.812950493094911
"rs517579"	0.463709552781212	348	0.846056223520063
"rs1351734"	0.46372889433083	348	0.761297634744728
"rs1351736"	0.46372889433083	348	0.761297634744728
"rs1452036"	0.4637597738735	348	1.17416553609823
"rs1568510"	0.463804123245787	348	0.838232511867801
"rs1740384"	0.463888449768083	348	0.893625241345096
"rs85822"	0.463895956037114	348	0.741891553372216
"rs86317"	0.463895956037114	348	0.741891553372216
"rs90284"	0.463895956037114	348	0.741891553372216
"rs96573"	0.463895956037114	348	0.741891553372216
"rs98310"	0.463895956037114	348	0.741891553372216
"rs463542"	0.463922327421739	348	0.848001201801884
"rs784899"	0.463949163400869	348	0.866313543857869
"rs784902"	0.463949163400869	348	0.866313543857869
"rs784907"	0.463949163400869	348	0.866313543857869
"rs784947"	0.463949163400869	348	0.866313543857869
"rs121936"	0.463958038053458	348	0.897368517093024
"rs993702"	0.463958989417586	348	0.809818429312214
"rs1884974"	0.463969590011847	348	1.24071789127056
"rs2129650"	0.463991775035188	348	1.29501790956146
"rs113480"	0.464004529333163	348	1.07616583647006
"rs1962961"	0.464029328077965	348	0.881520745036792
"rs915614"	0.464041287098878	348	1.13946846107707
"rs568676"	0.464065360640116	348	1.17060478105182
"rs627064"	0.464069783028135	348	0.574165523541594
"rs1399615"	0.464125687638113	348	1.27276020072531
"rs1963735"	0.464129330462012	348	0.818381622623864
"rs1166316"	0.464134832050211	348	0.90289952520529
"rs318865"	0.464135823981792	348	1.1126587192453
"rs241298"	0.464137270576008	348	1.19546262283476
"rs896145"	0.464191080958703	348	1.23431249336553
"rs1004163"	0.464195360121104	348	1.18729851247705
"rs565050"	0.464204988472942	348	1.07400582078223
"rs565059"	0.464204988472942	348	1.07400582078223
"rs565060"	0.464204988472942	348	1.07400582078223
"rs565062"	0.464204988472942	348	1.07400582078223
"rs565063"	0.464204988472942	348	1.07400582078223
"rs565065"	0.464204988472942	348	1.07400582078223
"rs369003"	0.464227514751378	348	0.831183563262532
"rs1125123"	0.464268374542573	348	1.14448917709608
"rs1569779"	0.464281387116501	348	0.870647282046621
"rs1617609"	0.464281779531692	348	0.819025524300772
"rs604405"	0.464306849690539	348	1.19603281871586
"rs843320"	0.464350748286959	348	0.835261634561454
"rs503559"	0.464427594753247	348	1.14266383275582
"rs307578"	0.464446300090633	348	0.86263414025838
"rs507798"	0.464447684475548	348	1.12981257872856
"rs149201"	0.464453618386526	348	0.765562234981147
"rs149241"	0.464453618386526	348	0.765562234981147
"rs633447"	0.464489041109454	348	1.04328166675723
"rs1825997"	0.464512617614451	348	0.826004836432598
"rs1082445"	0.464567208269709	348	0.898127050869622
"rs81619"	0.464625479331334	348	1.08636522643296
"rs1962997"	0.464626151349363	348	1.19088790205044
"rs853577"	0.464632130426947	348	0.855793378915293
"rs269118"	0.464635024374073	348	0.905196999139645
"rs223199"	0.464639243633378	348	0.807738078873593
"rs223553"	0.464639243633378	348	0.807738078873593
"rs223580"	0.464639243633378	348	0.807738078873593
"rs223676"	0.464639243633378	348	0.807738078873593
"rs223697"	0.464639243633378	348	0.807738078873593
"rs223787"	0.464639243633378	348	0.807738078873593
"rs223799"	0.464639243633378	348	0.807738078873593
"rs223802"	0.464639243633378	348	0.807738078873593
"rs223895"	0.464639243633378	348	0.807738078873593
"rs223952"	0.464639243633378	348	0.807738078873593
"rs223991"	0.464639243633378	348	0.807738078873593
"rs224132"	0.464639243633378	348	0.807738078873593
"rs224210"	0.464639243633378	348	0.807738078873593
"rs224390"	0.464639243633378	348	0.807738078873593
"rs224417"	0.464639243633378	348	0.807738078873593
"rs630282"	0.464656667456777	348	1.12230440324897
"rs2006719"	0.46469326201311	348	0.840261849878845
"rs1296281"	0.464699873558043	348	1.19346604443555
"rs1795643"	0.46470658585308	348	1.1245550383818
"rs1174189"	0.464708246485869	348	0.843406263225727
"rs486423"	0.464715225280178	348	0.818801939599117
"rs944907"	0.464718348328576	348	0.906457105613356
"rs126125"	0.464814066460126	348	1.25808638311319
"rs1413017"	0.464834679243814	348	0.901491286659385
"rs510468"	0.464866461836331	348	0.922787181211589
"rs510473"	0.464866461836331	348	0.922787181211589
"rs510474"	0.464866461836331	348	0.922787181211589
"rs510478"	0.464866461836331	348	0.922787181211589
"rs2172624"	0.464874453007021	348	1.09357604976047
"rs304419"	0.464898960685229	348	1.22720054792467
"rs1547407"	0.464899647315733	348	0.859408514437093
"rs1351996"	0.464950281175461	348	0.911690785503828
"rs1701225"	0.464955430701059	348	1.19726207471291
"rs1701259"	0.464955430701059	348	1.19726207471291
"rs1701265"	0.464955430701059	348	1.19726207471291
"rs809397"	0.464956220784665	348	0.902423282381836
"rs246953"	0.464980666158026	348	0.830769254358804
"rs1816543"	0.464998983453624	348	0.738071972736736
"rs581045"	0.465003273711662	348	1.13198622656797
"rs1914957"	0.465041270856791	348	0.903823751301966
"rs2007139"	0.465109007741975	348	1.16258026208565
"rs1064684"	0.465114094344051	348	1.1880516137119
"rs1064699"	0.465114094344051	348	1.1880516137119
"rs23103"	0.465127688667836	348	0.908933722959861
"rs663482"	0.465164346883452	348	1.16578540487381
"rs663485"	0.465164346883452	348	1.16578540487381
"rs525821"	0.465193391750656	348	0.851617587685221
"rs271420"	0.465348240476879	348	0.600052389634872
"rs598066"	0.465404864081703	348	0.915665312426084
"rs1361136"	0.465405750998962	348	1.1548227590172
"rs1591979"	0.465406635490051	348	0.842690367568425
"rs1558608"	0.465408310793859	348	1.30654718429454
"rs2084140"	0.465416473894077	348	0.94418348731845
"rs544415"	0.465424390044801	348	0.876519502838384
"rs582283"	0.465429354134142	348	0.792399199820001
"rs109326"	0.465477121864328	348	0.934724985698314
"rs2145405"	0.465486795297434	348	1.26447336980124
"rs2145410"	0.465486795297434	348	1.26447336980124
"rs356615"	0.465499492699093	348	1.16533580024392
"rs274594"	0.46550249350973	348	1.11530708160371
"rs597045"	0.465560614563871	348	0.76908202490596
"rs1804125"	0.465571882174354	348	0.871942529013668
"rs1044702"	0.465592884144771	348	1.23716325591139
"rs649183"	0.465599122928794	348	1.05195175075378
"rs2048205"	0.465603625248825	348	1.17509541065431
"rs1545340"	0.465648756319145	348	0.812998472229252
"rs341953"	0.465649542945505	348	1.21231904286109
"rs1553031"	0.465655469782053	348	0.840139286208922
"rs820015"	0.465691193657174	348	1.13934774166446
"rs663761"	0.465698508075208	348	0.861008116496403
"rs474791"	0.465720103219723	348	1.12835521835387
"rs921252"	0.465727650494286	348	0.832922097828614
"rs297781"	0.465783123142529	348	0.84450357400658
"rs2180763"	0.465785235910003	348	1.10358807024304
"rs1798507"	0.465842897698528	348	1.28489751998895
"rs1665833"	0.465856425085659	348	0.808267943110485
"rs775590"	0.465860518812418	348	1.07899006432409
"rs785145"	0.465893619008476	348	0.883375116481357
"rs785148"	0.465893619008476	348	0.883375116481357
"rs597276"	0.465913456104297	348	1.12363413765076
"rs597280"	0.465913456104297	348	1.12363413765076
"rs255621"	0.465926454467261	348	1.1048883297779
"rs2003180"	0.465928300986425	348	0.880086858812307
"rs972200"	0.465948427622926	348	0.952149571572352
"rs172968"	0.465994698596497	348	0.904142810083505
"rs52947"	0.466013657796644	348	1.14504788582139
"rs395710"	0.466056412588741	348	0.863361114651406
"rs395749"	0.466056412588741	348	0.863361114651406
"rs1615796"	0.466074774408981	348	0.87955015202743
"rs1661767"	0.46608418522961	348	1.13527719003508
"rs1661768"	0.46608418522961	348	1.13527719003508
"rs1795807"	0.46608629440009	348	1.78657025832957
"rs841954"	0.466137517200589	348	0.885854581569565
"rs1903923"	0.466172125717316	348	0.86984535079621
"rs149235"	0.466193268202343	348	0.810349193275825
"rs524529"	0.466224967884586	348	1.25556642592446
"rs57225"	0.466240139277374	348	0.828627281773619
"rs1322280"	0.466247770112713	348	1.14747682593826
"rs2024613"	0.466258815854031	348	1.11710400308161
"rs593592"	0.466273242298267	348	0.814805054449932
"rs820379"	0.466306993570724	348	0.890838589857013
"rs1006643"	0.466341950522709	348	1.15179023252194
"rs2160388"	0.466375585349387	348	0.943968946432025
"rs1541896"	0.466405188225625	348	0.771165739902624
"rs2049898"	0.466415372804442	348	1.1818937552511
"rs402390"	0.46641563226151	348	0.803797233208281
"rs866223"	0.466419645508847	348	0.894138090139665
"rs1739283"	0.466423704416227	348	1.27768418099912
"rs1127575"	0.466456560403908	348	1.10626665831403
"rs688014"	0.466470761281658	348	0.166774116564374
"rs1944509"	0.466483251325797	348	1.23807474083267
"rs615623"	0.466487501436474	348	1.14312966485281
"rs1743746"	0.466493667086029	348	0.828092442262703
"rs1743759"	0.466493667086029	348	0.828092442262703
"rs1743766"	0.466493667086029	348	0.828092442262703
"rs1743787"	0.466493667086029	348	0.828092442262703
"rs1743793"	0.466493667086029	348	0.828092442262703
"rs1743820"	0.466493667086029	348	0.828092442262703
"rs1154404"	0.46651854124458	348	1.09526880909301
"rs857652"	0.466533495226561	348	0.59859116899718
"rs1313303"	0.466561418271863	348	0.870844507273385
"rs1400076"	0.46657023892644	348	1.1674008611642
"rs1316012"	0.466601575568462	348	0.834175932823844
"rs470233"	0.46661949537378	348	1.16998946258046
"rs832265"	0.466659402428538	348	0.867489793467244
"rs1079768"	0.466669342036424	348	1.17245587530488
"rs305320"	0.466772749769995	348	0.945884373484618
"rs426651"	0.466778582443548	348	1.13802105219003
"rs506762"	0.466880570017363	348	0.673860533007677
"rs1040965"	0.466880570017363	348	0.673860533007677
"rs601902"	0.466882218127698	348	0.744922993808947
"rs601904"	0.466882218127698	348	0.744922993808947
"rs2133874"	0.466882692997157	348	0.825804197736906
"rs229921"	0.466897911736627	348	1.15987421838093
"rs1043923"	0.466903240840715	348	0.807559161776459
"rs1044014"	0.466903240840715	348	0.807559161776459
"rs2180730"	0.466968011514518	348	0.917417972081783
"rs450911"	0.466969952445178	348	1.26112498301081
"rs459081"	0.466992355357251	348	0.878180720639125
"rs787616"	0.467025010105267	348	0.822232403631305
"rs1612531"	0.467035497568491	348	0.882407939791881
"rs1645331"	0.467044158072637	348	0.865394216405425
"rs1645332"	0.467044158072637	348	0.865394216405425
"rs1778240"	0.467071927609396	348	0.891267147486043
"rs520061"	0.467107668204196	348	0.860729513378769
"rs1065068"	0.467132427707216	348	0.85864404346814
"rs149044"	0.46714758876666	348	1.29490810865874
"rs149148"	0.46714758876666	348	1.29490810865874
"rs1894933"	0.46715614690296	348	0.591080954659587
"rs640717"	0.467182495059025	348	1.12860744981482
"rs640732"	0.467182495059075	348	1.1286074498148
"rs640735"	0.467182495059075	348	1.1286074498148
"rs640738"	0.467182495059075	348	1.1286074498148
"rs640756"	0.467182495059075	348	1.1286074498148
"rs640762"	0.467182495059075	348	1.1286074498148
"rs640765"	0.467182495059075	348	1.1286074498148
"rs640771"	0.467182495059075	348	1.1286074498148
"rs640774"	0.467182495059075	348	1.1286074498148
"rs752397"	0.46718670273828	348	0.881927682820505
"rs1199508"	0.467235186371152	348	0.910805399704273
"rs287065"	0.467251101036734	348	1.10249110478819
"rs621503"	0.467270591850014	348	0.807889770700737
"rs634929"	0.467275461891534	348	1.23233699970919
"rs839833"	0.467307083021806	348	0.814144805030035
"rs1990995"	0.467307935052653	348	1.171600700307
"rs798108"	0.467316795921458	348	0.895152997237569
"rs324697"	0.467321991241764	348	1.14735579840846
"rs1617100"	0.467324629594675	348	1.19117694288763
"rs2108964"	0.467340107859783	348	0.966394480927007
"rs2114423"	0.467352731959801	348	1.2635324968
"rs2115023"	0.467352731959801	348	1.2635324968
"rs2115041"	0.467352731959801	348	1.2635324968
"rs2115065"	0.467352731959801	348	1.2635324968
"rs2115079"	0.467352731959801	348	1.2635324968
"rs2115080"	0.467352731959801	348	1.2635324968
"rs2115083"	0.467352731959801	348	1.2635324968
"rs2115089"	0.467352731959801	348	1.2635324968
"rs2115104"	0.467352731959801	348	1.2635324968
"rs2115131"	0.467352731959801	348	1.2635324968
"rs1742860"	0.467353634417082	348	0.829066181696268
"rs456128"	0.467358553032773	348	1.13236187046553
"rs2213991"	0.467416739265378	348	1.43190810779247
"rs225462"	0.467445791656535	348	1.20391482010743
"rs53259"	0.467446544018069	348	0.862212565052982
"rs53312"	0.467446544018069	348	0.862212565052982
"rs1825503"	0.467457241729563	348	0.578005139837697
"rs1825569"	0.467457241729563	348	0.578005139837697
"rs331161"	0.467497265154809	348	0.87718325122018
"rs1672148"	0.467628365205183	348	1.12732940024117
"rs1286652"	0.467647129912528	348	0.906529772019703
"rs212732"	0.467686185491567	348	1.23713664498423
"rs1962958"	0.467701175940011	348	1.16692828923211
"rs1962964"	0.467701175940011	348	1.16692828923211
"rs1963040"	0.467701175940011	348	1.16692828923211
"rs1963081"	0.467701175940011	348	1.16692828923211
"rs1963168"	0.467701175940011	348	1.16692828923211
"rs62213"	0.467744851584402	348	0.892168130236446
"rs1964941"	0.467763075668387	348	0.797408842947004
"rs1433884"	0.467764153262452	348	0.685977029012429
"rs1434079"	0.467764153262452	348	0.685977029012429
"rs807667"	0.467764153262462	348	0.685977029012433
"rs807785"	0.467764153262462	348	0.685977029012433
"rs807984"	0.467764153262462	348	0.685977029012433
"rs808664"	0.467764153262462	348	0.685977029012433
"rs4112"	0.467764153262465	348	0.685977029012434
"rs8318"	0.467764153262465	348	0.685977029012434
"rs59375"	0.467764153262465	348	0.685977029012434
"rs382282"	0.467764153262465	348	0.685977029012434
"rs428459"	0.467764153262465	348	0.685977029012434
"rs432604"	0.467764153262465	348	0.685977029012434
"rs438263"	0.467764153262465	348	0.685977029012434
"rs439153"	0.467764153262465	348	0.685977029012434
"rs804607"	0.467764153262465	348	0.685977029012434
"rs809103"	0.467764153262465	348	0.685977029012434
"rs862414"	0.467764153262465	348	0.685977029012434
"rs1562494"	0.467764153262465	348	0.685977029012434
"rs1576168"	0.467764153262465	348	0.685977029012434
"rs1576542"	0.467764153262465	348	0.685977029012434
"rs1576841"	0.467764153262465	348	0.685977029012434
"rs1577722"	0.467764153262465	348	0.685977029012434
"rs1436041"	0.467764153262467	348	0.685977029012436
"rs181827"	0.467764153262467	348	0.685977029012436
"rs6837"	0.467764153262471	348	0.685977029012441
"rs9485"	0.467764153262471	348	0.685977029012441
"rs128367"	0.467764153262471	348	0.685977029012441
"rs166784"	0.467764153262471	348	0.685977029012441
"rs167022"	0.467764153262471	348	0.685977029012441
"rs167100"	0.467764153262471	348	0.685977029012441
"rs442226"	0.467764153262471	348	0.685977029012441
"rs455386"	0.467764153262471	348	0.685977029012441
"rs864947"	0.467764153262471	348	0.685977029012441
"rs1436529"	0.467764153262471	348	0.685977029012441
"rs1440025"	0.467764153262471	348	0.685977029012441
"rs2041017"	0.467764153262471	348	0.685977029012441
"rs2041146"	0.467764153262471	348	0.685977029012441
"rs2041271"	0.467764153262471	348	0.685977029012441
"rs2041532"	0.467764153262471	348	0.685977029012441
"rs430588"	0.467764153262484	348	0.685977029012448
"rs431213"	0.467764153262484	348	0.685977029012448
"rs394870"	0.467790429211575	348	0.832237920769289
"rs1662133"	0.467820362608041	348	0.881266160926088
"rs2099859"	0.467839727056695	348	1.12363960821876
"rs41653"	0.467882121425065	348	1.19028435334027
"rs1964096"	0.467892419543815	348	0.809391569490105
"rs1737752"	0.467919514362294	348	1.14370514266543
"rs1023325"	0.467943068297421	348	1.31071811337385
"rs228597"	0.467995057780904	348	1.13674138171623
"rs1055555"	0.468106925204108	348	0.897077173739377
"rs512371"	0.468108300813463	348	0.873783205826418
"rs1928493"	0.468148043243405	348	0.844789110793103
"rs1363696"	0.468149719893634	348	1.14454501550855
"rs1363708"	0.468149719893634	348	1.14454501550855
"rs428073"	0.468159763587218	348	1.24713986927958
"rs428074"	0.468159763587218	348	1.24713986927958
"rs840967"	0.468172771315009	348	0.810123531426618
"rs1293579"	0.468285164018158	348	1.12119596883309
"rs1293846"	0.468303374074429	348	1.14976312883383
"rs1882238"	0.468334405377299	348	1.16707018021946
"rs1679371"	0.468362046111026	348	0.824227627496669
"rs121468"	0.468395685694504	348	0.790153593846396
"rs1779911"	0.468402556165812	348	1.17903499793402
"rs1617583"	0.468439784118202	348	0.879303378454869
"rs1617628"	0.468439784118202	348	0.879303378454869
"rs283539"	0.468449328262394	348	1.08707595317814
"rs650619"	0.468474424350132	348	1.17252288159073
"rs1115077"	0.468474942036161	348	1.20341426023439
"rs1159800"	0.468478029194865	348	1.14453317223223
"rs117984"	0.468507209855857	348	0.952369081153468
"rs972162"	0.468538180197897	348	0.948181858999056
"rs1907759"	0.468541300449282	348	0.963079779754738
"rs424073"	0.468557824739313	348	0.807764589475484
"rs424307"	0.468557824739313	348	0.807764589475484
"rs1907766"	0.468573617279425	348	1.03837175841142
"rs1738468"	0.468586251634426	348	1.35598010829368
"rs1876549"	0.468672821805124	348	0.941769371922599
"rs303897"	0.468677853020498	348	1.12831896362952
"rs130461"	0.468678232728798	348	1.15379304469535
"rs737071"	0.468713773609238	348	1.14981252194774
"rs1736309"	0.468759817440366	348	0.796216240504484
"rs957545"	0.468770839606559	348	1.3053640883891
"rs2172544"	0.468816352992506	348	1.10411041850579
"rs473245"	0.46887858933587	348	0.872293560697127
"rs473246"	0.46887858933587	348	0.872293560697127
"rs473247"	0.46887858933587	348	0.872293560697127
"rs856028"	0.468914519015466	348	1.1165442264262
"rs134126"	0.46892047392215	348	1.11580411027374
"rs574811"	0.468951906177424	348	1.1612297219041
"rs1155059"	0.468973318817028	348	0.879415919075615
"rs225768"	0.468994705966317	348	1.15472273132403
"rs1585082"	0.469002890273642	348	0.878313035076348
"rs1162071"	0.469013821952139	348	1.10132824056227
"rs1162095"	0.46901382195214	348	1.10132824056227
"rs466835"	0.469016689293175	348	1.12016477605473
"rs1716944"	0.469020606335376	348	0.880744857155023
"rs1716946"	0.469020606335376	348	0.880744857155023
"rs1716947"	0.469020606335376	348	0.880744857155023
"rs223526"	0.469060701588608	348	1.442158202621
"rs223661"	0.469060701588608	348	1.442158202621
"rs223682"	0.469060701588608	348	1.442158202621
"rs223688"	0.469060701588608	348	1.442158202621
"rs223748"	0.469060701588608	348	1.442158202621
"rs223781"	0.469060701588608	348	1.442158202621
"rs223838"	0.469060701588608	348	1.442158202621
"rs223976"	0.469060701588608	348	1.442158202621
"rs224039"	0.469060701588608	348	1.442158202621
"rs224054"	0.469060701588608	348	1.442158202621
"rs224064"	0.469060701588608	348	1.442158202621
"rs224066"	0.469060701588608	348	1.442158202621
"rs224101"	0.469060701588608	348	1.442158202621
"rs224285"	0.469060701588608	348	1.442158202621
"rs224441"	0.469060701588608	348	1.442158202621
"rs224471"	0.469060701588608	348	1.442158202621
"rs224510"	0.469060701588608	348	1.442158202621
"rs224516"	0.469060701588608	348	1.442158202621
"rs224543"	0.469060701588608	348	1.442158202621
"rs224711"	0.469060701588608	348	1.442158202621
"rs224736"	0.469060701588608	348	1.442158202621
"rs225885"	0.469060701588608	348	1.442158202621
"rs225897"	0.469060701588608	348	1.442158202621
"rs225979"	0.469060701588608	348	1.442158202621
"rs226053"	0.469060701588608	348	1.442158202621
"rs1561188"	0.469092600153251	348	0.763736552987653
"rs573642"	0.469103315336644	348	0.807066308925771
"rs573662"	0.469103315336644	348	0.807066308925771
"rs465627"	0.469142590040012	348	1.1372760718586
"rs562103"	0.469148090397345	348	1.11006787631686
"rs1294163"	0.469174552770421	348	1.13090307828224
"rs209937"	0.469199162427237	348	0.893314794118338
"rs806859"	0.469213985090907	348	0.884182540561939
"rs492020"	0.469230181952398	348	0.828184168265279
"rs1780060"	0.469275542344685	348	1.17298884186687
"rs1105683"	0.469302741329679	348	1.18098360531336
"rs1954478"	0.469318422875798	348	1.14701165880734
"rs1699488"	0.46934869304693	348	0.85693385436645
"rs1768103"	0.469356721092441	348	1.1610163559305
"rs492305"	0.46937839308643	348	0.80884939069027
"rs492308"	0.46937839308643	348	0.80884939069027
"rs492315"	0.46937839308643	348	0.80884939069027
"rs353969"	0.469479373666443	348	0.862571277685509
"rs1450592"	0.469483352616694	348	0.888376285491444
"rs1360508"	0.469515866948136	348	1.36781607485336
"rs1360524"	0.469515866948136	348	1.36781607485336
"rs1707370"	0.469516031148782	348	1.1398797501094
"rs1707376"	0.469516031148782	348	1.1398797501094
"rs1707384"	0.469516031148782	348	1.1398797501094
"rs749989"	0.469558574594244	348	1.09754515465711
"rs1687624"	0.469579996166286	348	0.807316332413491
"rs87608"	0.469583000186316	348	0.775655063352961
"rs1687831"	0.469586709381864	348	0.724173560027501
"rs1884621"	0.469602158151868	348	1.49034902625524
"rs158003"	0.469613983886354	348	1.14805108812918
"rs845610"	0.46963047650244	348	1.10034954356785
"rs1077702"	0.469632989437289	348	1.153350890484
"rs1077669"	0.469632989437292	348	1.153350890484
"rs1534158"	0.469649520220373	348	1.1735296765812
"rs1783747"	0.469664622281022	348	0.899872501887691
"rs1452001"	0.469676017539545	348	1.07965798303437
"rs492311"	0.469733679725081	348	1.18648118934687
"rs492314"	0.469733679725081	348	1.18648118934687
"rs269090"	0.469761276849494	348	0.906315597294901
"rs516541"	0.469781548632979	348	0.902626249211541
"rs961937"	0.469784105796875	348	0.862695426345347
"rs2206390"	0.469811521429532	348	0.581187294273084
"rs1264396"	0.469837769668723	348	1.12751034710217
"rs1488509"	0.469840716985808	348	1.05025794830793
"rs387535"	0.469851959195049	348	1.11452013070832
"rs511091"	0.46985387065062	348	1.26834742192281
"rs473040"	0.469889861827259	348	1.12949902081484
"rs473042"	0.469889861827259	348	1.12949902081484
"rs473091"	0.469889861827259	348	1.12949902081484
"rs948148"	0.469904949648484	348	0.871231639668857
"rs1389444"	0.469954006048998	348	0.732764065339057
"rs373048"	0.469954006049002	348	0.732764065339059
"rs1546477"	0.469969209485632	348	0.883473707380221
"rs1546483"	0.469969209485632	348	0.883473707380221
"rs443696"	0.470016249553987	348	1.14148345780171
"rs135797"	0.470034206928868	348	1.14675885048964
"rs910025"	0.470040029587271	348	1.16648394699603
"rs922670"	0.470044146745128	348	1.14943097196999
"rs693297"	0.470073965004403	348	0.862543216841994
"rs2121930"	0.470090888462359	348	0.914969817721507
"rs2121938"	0.470090888462359	348	0.914969817721507
"rs2121941"	0.470090888462359	348	0.914969817721507
"rs2121942"	0.470090888462359	348	0.914969817721507
"rs2121947"	0.470090888462359	348	0.914969817721507
"rs2121957"	0.470090888462359	348	0.914969817721507
"rs2121959"	0.470090888462359	348	0.914969817721507
"rs2121960"	0.470090888462359	348	0.914969817721507
"rs2121963"	0.470090888462359	348	0.914969817721507
"rs2121966"	0.470090888462359	348	0.914969817721507
"rs1104692"	0.470130095179019	348	0.83455036376307
"rs2159886"	0.470166454713903	348	1.07494659074436
"rs211030"	0.470180477170115	348	0.620755821012607
"rs953047"	0.470185083512737	348	1.26287681768871
"rs451308"	0.4702084585407	348	1.26011316325185
"rs1898083"	0.470214649334781	348	0.752386118875905
"rs1563709"	0.470233242457982	348	1.31123530986184
"rs1566605"	0.470233242457982	348	1.31123530986184
"rs1976215"	0.470251071715802	348	1.17869318473007
"rs1124056"	0.470294893617669	348	0.854593323773345
"rs1412741"	0.470307941036526	348	1.20707660080342
"rs1412765"	0.470307941036526	348	1.20707660080342
"rs1412871"	0.470307941036526	348	1.20707660080342
"rs1413573"	0.470307941036526	348	1.20707660080342
"rs137876"	0.470323276402945	348	0.878000190999759
"rs1737893"	0.470350262583058	348	1.07549182657052
"rs596958"	0.47037145214302	348	0.88997983255263
"rs596964"	0.47037145214302	348	0.88997983255263
"rs248588"	0.470380597602543	348	0.897455885755892
"rs120768"	0.470384646533646	348	1.07877420352576
"rs2203437"	0.47043059550127	348	0.809778967123139
"rs1894216"	0.470450016136889	348	0.593154894795056
"rs2110744"	0.470452540204957	348	0.893574150967262
"rs1634111"	0.470522344904836	348	0.905898633298584
"rs1893336"	0.470554305460579	348	1.13369541409075
"rs928785"	0.470566634895829	348	0.856696906214981
"rs257207"	0.470573558671846	348	1.3415720427759
"rs490562"	0.470643119133538	348	0.866865962679764
"rs592388"	0.470654061149814	348	1.1004648806039
"rs1662045"	0.470671930358257	348	0.874021934905974
"rs1891054"	0.470699013584856	348	0.860332115382375
"rs2159725"	0.470706566280417	348	1.11406783723796
"rs308976"	0.470725402091184	348	1.3264047441544
"rs309033"	0.470725402091184	348	1.3264047441544
"rs309035"	0.470725402091184	348	1.3264047441544
"rs309038"	0.470725402091184	348	1.3264047441544
"rs309041"	0.470725402091184	348	1.3264047441544
"rs309047"	0.470725402091184	348	1.3264047441544
"rs309059"	0.470725402091184	348	1.3264047441544
"rs309063"	0.470725402091184	348	1.3264047441544
"rs309065"	0.470725402091184	348	1.3264047441544
"rs309091"	0.470725402091184	348	1.3264047441544
"rs309092"	0.470725402091184	348	1.3264047441544
"rs309104"	0.470725402091184	348	1.3264047441544
"rs309227"	0.470725402091184	348	1.3264047441544
"rs309239"	0.470725402091184	348	1.3264047441544
"rs309262"	0.470725402091184	348	1.3264047441544
"rs309299"	0.470725402091184	348	1.3264047441544
"rs309305"	0.470725402091184	348	1.3264047441544
"rs1769185"	0.470780495610154	348	1.15862983608422
"rs1954160"	0.470847495019224	348	1.14664371886487
"rs1633879"	0.470859713979127	348	1.11072876103535
"rs1470968"	0.470862002161014	348	1.04710928077083
"rs862695"	0.4708766274322	348	0.887970816086993
"rs1167792"	0.47089077081592	348	1.10889134464259
"rs213470"	0.470899474712281	348	1.30026635617638
"rs357980"	0.471109285744496	348	1.16496099178973
"rs2198881"	0.47110998180373	348	1.22163580461893
"rs2200771"	0.47110998180374	348	1.22163580461893
"rs939095"	0.471174290828385	348	1.20768996446632
"rs867390"	0.471258751282217	348	0.86188791479112
"rs1687625"	0.471258835213195	348	1.14191383519118
"rs974749"	0.471261139551684	348	0.903413490042693
"rs1205403"	0.471281659355644	348	1.12339774236884
"rs1205415"	0.471281659355644	348	1.12339774236884
"rs1205433"	0.471281659355644	348	1.12339774236884
"rs972158"	0.471282649876665	348	0.891076790315275
"rs1832436"	0.471316150015567	348	1.17918997831213
"rs705603"	0.471331490699641	348	1.14378949114227
"rs300374"	0.471353024915714	348	1.36942469015292
"rs1288719"	0.47137473326262	348	0.609412709942867
"rs309275"	0.471403097018914	348	1.32537605828644
"rs223295"	0.471464511478873	348	1.21046824033143
"rs223319"	0.471464511478873	348	1.21046824033143
"rs1712395"	0.471491944393258	348	1.15682798588232
"rs477878"	0.471502986633669	348	1.13097281698283
"rs350317"	0.471514572348088	348	0.882257043496569
"rs615671"	0.471563153181536	348	0.850271286272185
"rs2021619"	0.471651091732429	348	0.728903835627851
"rs1808872"	0.47165667792635	348	1.13938663418945
"rs2024403"	0.471728528257742	348	1.15306327438784
"rs2024513"	0.471728528257742	348	1.15306327438784
"rs307936"	0.471732125899854	348	0.871329823423299
"rs2099543"	0.471756353558682	348	1.14675977451255
"rs883241"	0.471760426862163	348	0.691869369534529
"rs264643"	0.471769982220924	348	1.14431428464494
"rs818700"	0.471773535156693	348	0.909937701189114
"rs633835"	0.471787216520715	348	1.12248266045735
"rs633839"	0.471787216520715	348	1.12248266045735
"rs1018745"	0.471788248106892	348	0.773937669575424
"rs405610"	0.471833372340457	348	0.759705136847391
"rs2153715"	0.471848927567889	348	1.14221385358576
"rs148633"	0.471854785932925	348	0.906009897674753
"rs1748298"	0.471879971501996	348	0.838310889784487
"rs473925"	0.471925747498111	348	1.12082462598289
"rs1857023"	0.471944397270278	348	0.880196873128433
"rs731862"	0.47195456370967	348	0.854012729208922
"rs731883"	0.47195456370967	348	0.854012729208922
"rs731895"	0.47195456370967	348	0.854012729208922
"rs1743237"	0.471954640265897	348	1.11724771573606
"rs1601408"	0.471981876785981	348	1.19416708395105
"rs1601432"	0.471981876785981	348	1.19416708395105
"rs1601433"	0.471981876785981	348	1.19416708395105
"rs1601435"	0.471981876785981	348	1.19416708395105
"rs1601456"	0.471981876785981	348	1.19416708395105
"rs2145441"	0.471984019220351	348	1.32991136790102
"rs1004065"	0.471992562435264	348	1.13444789175185
"rs2172526"	0.472002367936202	348	1.10034066665282
"rs2172532"	0.472002367936202	348	1.10034066665282
"rs116898"	0.472030475135565	348	0.903174299610728
"rs116925"	0.472030475135565	348	0.903174299610728
"rs265732"	0.472041596358096	348	0.853419199998802
"rs1105025"	0.472041959373805	348	0.856492416851319
"rs1659811"	0.472045010540472	348	1.16552851042771
"rs308780"	0.472084680591971	348	1.32434354870723
"rs308785"	0.472084680591971	348	1.32434354870723
"rs308786"	0.472084680591971	348	1.32434354870723
"rs308798"	0.472084680591971	348	1.32434354870723
"rs1633224"	0.472096260490027	348	1.11596302738538
"rs1880838"	0.472115519121157	348	0.860304353544501
"rs1880853"	0.472115519121157	348	0.860304353544501
"rs1880865"	0.472115519121157	348	0.860304353544501
"rs1880880"	0.472115519121157	348	0.860304353544501
"rs1880895"	0.472115519121157	348	0.860304353544501
"rs1880898"	0.472115519121157	348	0.860304353544501
"rs1880941"	0.472115519121157	348	0.860304353544501
"rs552808"	0.472123045778819	348	1.10670126872548
"rs1817053"	0.4721841246264	348	0.872990713322487
"rs1817059"	0.4721841246264	348	0.872990713322487
"rs1817062"	0.4721841246264	348	0.872990713322487
"rs1817068"	0.4721841246264	348	0.872990713322487
"rs1817073"	0.4721841246264	348	0.872990713322487
"rs353813"	0.472216980054342	348	1.163323344241
"rs2115367"	0.472234825375698	348	0.68548097530131
"rs1619823"	0.472246475641313	348	0.825795850294754
"rs127925"	0.472246635015476	348	1.11733735819571
"rs1779688"	0.472254363351884	348	0.878718530503895
"rs1779706"	0.472254363351884	348	0.878718530503895
"rs1779712"	0.472254363351884	348	0.878718530503895
"rs1779714"	0.472254363351884	348	0.878718530503895
"rs1779717"	0.472254363351884	348	0.878718530503895
"rs2159639"	0.472264512627884	348	1.13613218615885
"rs496840"	0.472282173985305	348	1.22559040155333
"rs497334"	0.472282173985305	348	1.22559040155333
"rs1318024"	0.472292299516842	348	0.842430319101802
"rs945964"	0.472298425129689	348	1.14470879284489
"rs1558788"	0.472315839448469	348	0.823152783739334
"rs860940"	0.47234054529887	348	1.11216558653318
"rs1735800"	0.472345187105396	348	1.1585776168634
"rs1881066"	0.47235034333619	348	0.805949397407807
"rs665156"	0.472373095923499	348	1.20580259983732
"rs1699503"	0.472388279551714	348	0.864004522292643
"rs1699506"	0.472388279551714	348	0.864004522292643
"rs1699522"	0.472388279551714	348	0.864004522292643
"rs1699525"	0.472388279551714	348	0.864004522292643
"rs1564158"	0.472424636849602	348	0.832837688827793
"rs840023"	0.472429571116446	348	0.811699739306842
"rs1101161"	0.472497078708103	348	0.88172917238606
"rs407906"	0.472498268391797	348	1.1102156498087
"rs2203983"	0.472504534915961	348	0.807115428583994
"rs1672984"	0.472556059388001	348	0.933990459639787
"rs1775282"	0.472563100265115	348	1.12766087576467
"rs1735645"	0.472564077880579	348	1.13830182606229
"rs905779"	0.472582090347914	348	0.808251930768935
"rs574971"	0.472589107521029	348	0.900568856800538
"rs1421868"	0.472603933298371	348	1.11632009497002
"rs1421870"	0.472603933298371	348	1.11632009497002
"rs575351"	0.472620974093096	348	1.16844838506202
"rs575355"	0.472620974093096	348	1.16844838506202
"rs1102188"	0.47264169867389	348	1.1513604928466
"rs1332013"	0.472662312009956	348	0.868559236711268
"rs1332047"	0.472662312009956	348	0.868559236711268
"rs469811"	0.472689106028737	348	1.1530443482438
"rs474788"	0.472691905882204	348	1.12998228975997
"rs2170853"	0.472709107083221	348	0.918479507768915
"rs565440"	0.472738413277074	348	0.876678826795702
"rs752292"	0.472741762797455	348	0.873669478552902
"rs1936912"	0.472757997006916	348	1.13999048105202
"rs418242"	0.47275890611269	348	1.22351638936404
"rs799735"	0.472759197996111	348	1.13882495077269
"rs2162747"	0.472765120365155	348	1.09963552618174
"rs647657"	0.472809707129509	348	0.809762584003939
"rs455683"	0.472822922824253	348	0.848957550134142
"rs1763621"	0.472855860403137	348	0.765540797514279
"rs1777909"	0.472930279081376	348	1.16641184358204
"rs2172495"	0.47293121442877	348	1.09656831476107
"rs803141"	0.472975447394627	348	0.858083206586574
"rs74202"	0.473006394564273	348	0.884073298312006
"rs2117731"	0.473027664474998	348	1.10638996484199
"rs1286975"	0.473031151224071	348	0.853894157727583
"rs1286979"	0.473031151224071	348	0.853894157727583
"rs1132777"	0.473068281993377	348	0.851586636133298
"rs562214"	0.473083427807076	348	1.07396401405218
"rs2102321"	0.4731052222264	348	1.15963843609632
"rs540058"	0.473132094296776	348	1.19064854517091
"rs1992792"	0.473193809992481	348	1.32790137567088
"rs1992804"	0.473193809992481	348	1.32790137567088
"rs1992811"	0.473193809992481	348	1.32790137567088
"rs1992820"	0.473193809992481	348	1.32790137567088
"rs1992828"	0.473193809992481	348	1.32790137567088
"rs1992835"	0.473193809992481	348	1.32790137567088
"rs1992841"	0.473193809992481	348	1.32790137567088
"rs171230"	0.473245407750699	348	0.825134457963116
"rs171235"	0.473245407750699	348	0.825134457963116
"rs171236"	0.473245407750699	348	0.825134457963116
"rs171269"	0.473245407750699	348	0.825134457963116
"rs171272"	0.473245407750699	348	0.825134457963116
"rs171281"	0.473245407750699	348	0.825134457963116
"rs2001669"	0.473254144324855	348	1.0748954468671
"rs1699955"	0.473284584637153	348	0.89744927419926
"rs552445"	0.473294410298547	348	1.37739409980873
"rs1585053"	0.473302357689896	348	0.880208113972009
"rs1413782"	0.473337255399562	348	0.866202962352859
"rs460685"	0.473348041343657	348	0.937425557028043
"rs497183"	0.473362006698453	348	0.79869875897151
"rs497190"	0.473362006698453	348	0.79869875897151
"rs506841"	0.473380282155341	348	1.14799090562198
"rs468046"	0.473384884631684	348	1.14446662817191
"rs2214565"	0.473395108485145	348	1.18352853457005
"rs102518"	0.473474214565532	348	0.848901874702081
"rs81292"	0.473490848384574	348	0.945303907560176
"rs1817029"	0.473503365566945	348	0.845026421418733
"rs1714879"	0.473526288811609	348	0.889320741423939
"rs1714881"	0.473526288811609	348	0.889320741423939
"rs1714883"	0.473526288811609	348	0.889320741423939
"rs1714884"	0.473526288811609	348	0.889320741423939
"rs1714890"	0.473526288811609	348	0.889320741423939
"rs349670"	0.473533672046765	348	1.16297963331332
"rs2147616"	0.473546495883257	348	1.06686518072409
"rs1558588"	0.473581548175996	348	0.823610779155967
"rs623458"	0.473628724218162	348	0.842002270589974
"rs451161"	0.473645517421483	348	1.25714911691212
"rs224957"	0.473663959028901	348	1.288887673018
"rs1112560"	0.47367612815241	348	0.835696613310315
"rs628607"	0.4736919005656	348	0.831526244587575
"rs1317794"	0.47373017374387	348	1.20267926850954
"rs1317796"	0.47373017374387	348	1.20267926850954
"rs1317799"	0.47373017374387	348	1.20267926850954
"rs1317800"	0.47373017374387	348	1.20267926850954
"rs1317815"	0.47373017374387	348	1.20267926850954
"rs1751931"	0.473750886677219	348	0.802331944913912
"rs1421112"	0.473767842653278	348	0.814999832189666
"rs1421203"	0.473767842653278	348	0.814999832189666
"rs1169746"	0.47376801815145	348	0.795785198764479
"rs1169763"	0.47376801815145	348	0.795785198764479
"rs1169766"	0.47376801815145	348	0.795785198764479
"rs1436980"	0.473787106047383	348	1.19659089568867
"rs1533876"	0.473852914527459	348	0.935399286467857
"rs650478"	0.473871284978052	348	0.851187666863849
"rs650499"	0.473871284978052	348	0.851187666863849
"rs650508"	0.473871284978052	348	0.851187666863849
"rs650570"	0.473871284978052	348	0.851187666863849
"rs1578902"	0.473886432353785	348	0.87224936560495
"rs129752"	0.473896492302469	348	1.13471563277752
"rs1432352"	0.473917638462656	348	0.865400019245448
"rs93687"	0.473923893147979	348	1.10832398651878
"rs2089872"	0.47397524513614	348	1.0571156456779
"rs2089873"	0.47397524513614	348	1.0571156456779
"rs189764"	0.47398370534616	348	1.14201391582017
"rs1358857"	0.473993099765764	348	1.16560664965576
"rs1018477"	0.474008889692156	348	1.14635500153967
"rs1018500"	0.474008889692158	348	1.14635500153966
"rs527738"	0.474009259191433	348	1.14367931687592
"rs832718"	0.474011512608945	348	0.856669749299318
"rs1114838"	0.474011565210132	348	1.19279641651261
"rs1114841"	0.474011565210132	348	1.19279641651261
"rs1114811"	0.474011565210133	348	1.19279641651261
"rs1206503"	0.474051089286179	348	0.922970452352681
"rs389226"	0.474063663572344	348	0.835296295865916
"rs489185"	0.474084058184302	348	0.94229852644475
"rs453999"	0.474093323810312	348	0.880922403337625
"rs454008"	0.474093323810312	348	0.880922403337625
"rs1399057"	0.47410008873963	348	1.04708819036667
"rs1664821"	0.4741422280831	348	0.861290466271152
"rs1592940"	0.474145342752463	348	0.830942437604502
"rs568650"	0.47420440870897	348	1.12387573739683
"rs1309739"	0.474212207986515	348	1.17570873116038
"rs1949485"	0.474330667062136	348	1.13811838460008
"rs1938599"	0.474348369724941	348	1.4268657165241
"rs463290"	0.474358088018422	348	1.15076579620435
"rs233754"	0.474401679805971	348	0.844785885328387
"rs1363701"	0.474406372890943	348	1.13942695595155
"rs2135765"	0.47446819498224	348	1.09532215900461
"rs943340"	0.474489166065143	348	1.14811511387357
"rs830045"	0.474511101047157	348	0.615482100166242
"rs1534863"	0.474511101047157	348	0.615482100166242
"rs1534918"	0.474511101047157	348	0.615482100166242
"rs556729"	0.474584345989174	348	1.07132969382316
"rs1880431"	0.474622289736854	348	0.926826023243316
"rs2189958"	0.474679011982213	348	0.848089408748436
"rs1699494"	0.474695545634499	348	0.864504369178606
"rs2003753"	0.474707302460872	348	0.869383100842093
"rs338334"	0.47472620472733	348	1.14097291136294
"rs105650"	0.474728777691129	348	0.895496036122877
"rs532881"	0.474731059277797	348	0.861856310346118
"rs532896"	0.474731059277797	348	0.861856310346118
"rs532905"	0.474731059277797	348	0.861856310346118
"rs123754"	0.474738116355299	348	1.19098801761436
"rs123755"	0.474738116355299	348	1.19098801761436
"rs306649"	0.474790749008739	348	0.86403674485507
"rs678486"	0.474802221975415	348	1.13874763385848
"rs915740"	0.47481811486711	348	0.860680181394878
"rs915755"	0.474818114867118	348	0.86068018139488
"rs734895"	0.474846263811413	348	0.89508059295639
"rs2071005"	0.474883392343382	348	0.68699236780932
"rs466756"	0.474955459608515	348	1.07929682611127
"rs733224"	0.475027512984837	348	0.847935958612707
"rs452315"	0.475035706843808	348	1.1042275551983
"rs1115479"	0.47505506658784	348	1.12341829854423
"rs1205947"	0.47512893706914	348	0.91940238931531
"rs330554"	0.475136063874591	348	1.10158856943903
"rs330556"	0.475136063874591	348	1.10158856943903
"rs330557"	0.475136063874591	348	1.10158856943903
"rs330558"	0.475136063874591	348	1.10158856943903
"rs330559"	0.475136063874591	348	1.10158856943903
"rs330562"	0.475136063874591	348	1.10158856943903
"rs330565"	0.475136063874591	348	1.10158856943903
"rs1981812"	0.475143274880225	348	0.89864650664723
"rs923213"	0.475152614924472	348	0.688167668731535
"rs923234"	0.475152614924472	348	0.688167668731535
"rs912800"	0.47515651523016	348	0.849272483237128
"rs912836"	0.47515651523016	348	0.849272483237128
"rs912779"	0.47515651523016	348	0.849272483237128
"rs2007197"	0.475157455077819	348	0.844348208400468
"rs2143800"	0.475206683967822	348	0.869369243830202
"rs694511"	0.475240810289333	348	0.86512992590422
"rs1784457"	0.475257945059831	348	0.879011034756472
"rs408275"	0.475271794925638	348	1.11279392278669
"rs1433299"	0.475291373702863	348	0.81132586514508
"rs535829"	0.475295605148116	348	0.887506676029497
"rs898955"	0.475297947372777	348	0.882871445584441
"rs2160371"	0.47530038552294	348	1.13109429825169
"rs2214398"	0.475348031945694	348	1.20830502360781
"rs235982"	0.475375518311249	348	0.883573878429621
"rs235985"	0.475375518311249	348	0.883573878429621
"rs1766140"	0.475406527834744	348	1.16351632692769
"rs1293887"	0.475419653890975	348	1.10919378492903
"rs1081800"	0.475449772721291	348	1.2109640500383
"rs1846293"	0.475522321348423	348	1.15259918199669
"rs1846387"	0.475522321348423	348	1.15259918199669
"rs2172530"	0.475540132881975	348	1.1009290869205
"rs510877"	0.475578127665546	348	0.873105976707647
"rs1887193"	0.475584116614202	348	0.883099866732103
"rs560094"	0.475597498235378	348	1.13701174437022
"rs560128"	0.475597498235378	348	1.13701174437022
"rs466431"	0.4756153778937	348	0.88855449436425
"rs466434"	0.4756153778937	348	0.88855449436425
"rs835597"	0.475619677269059	348	1.17958281879301
"rs355918"	0.475657080760156	348	1.18209437768763
"rs356983"	0.475657080760156	348	1.18209437768763
"rs357045"	0.475657080760156	348	1.18209437768763
"rs357047"	0.475657080760156	348	1.18209437768763
"rs357066"	0.475657080760156	348	1.18209437768763
"rs2159923"	0.475695907857668	348	1.12906662029851
"rs1161541"	0.475702609349485	348	0.898991394043016
"rs880970"	0.475721880264768	348	1.21689986006245
"rs513012"	0.475722633729021	348	0.894292799793483
"rs791421"	0.475733943974612	348	1.03892390731942
"rs430106"	0.475756556692361	348	1.11878743003165
"rs1308378"	0.475772633353731	348	0.824808896671687
"rs1306457"	0.47580020247675	348	0.817496808616715
"rs1905499"	0.475807901327153	348	0.846536504598886
"rs122056"	0.475818669649679	348	1.15964718084516
"rs1607766"	0.475822459350402	348	0.81765350772197
"rs1999939"	0.475836964500172	348	1.21107020264991
"rs1290988"	0.475871099555245	348	0.879365755345039
"rs1531150"	0.475921183385762	348	1.14092107839251
"rs1775276"	0.475924326584906	348	1.12711986024022
"rs545904"	0.475940757035244	348	0.920606641115159
"rs1013946"	0.475941584211698	348	1.05230747042753
"rs1634093"	0.475958804418434	348	0.890580520720248
"rs1122511"	0.475971477344993	348	162.359399447749
"rs972239"	0.475972498366001	348	1.04114880911273
"rs2024630"	0.47598551387771	348	1.08919219950775
"rs1737530"	0.476025128997108	348	0.810213922873428
"rs405352"	0.476034707418337	348	0.717912665479513
"rs1478063"	0.47606916000286	348	1.28097064743516
"rs1004052"	0.476071960783238	348	1.18372020622058
"rs715949"	0.476078407752595	348	0.840569357528625
"rs715961"	0.476078407752595	348	0.840569357528625
"rs1740300"	0.476120581776321	348	0.884537919321223
"rs1740306"	0.476120581776321	348	0.884537919321223
"rs1740315"	0.476120581776321	348	0.884537919321223
"rs632546"	0.476196781638869	348	1.17773920073122
"rs733443"	0.476220923782309	348	0.806339700201951
"rs2089666"	0.476260820219516	348	1.23265354966178
"rs1737161"	0.476292523109544	348	0.837724279403489
"rs928282"	0.476312371624536	348	0.883167831354798
"rs1315992"	0.476314754809279	348	1.17940078415207
"rs2206374"	0.476326098352928	348	0.741599250243434
"rs793725"	0.47636552945403	348	0.94181167729833
"rs807364"	0.476387084272621	348	1.22162546716567
"rs1608839"	0.476409282151467	348	0.847584619301167
"rs1825808"	0.476409683022133	348	0.878666768227085
"rs454864"	0.476422145052261	348	0.891369202121428
"rs591052"	0.476424064187513	348	1.5132356075719
"rs172275"	0.476424064187513	348	1.5132356075719
"rs1804952"	0.476424064187517	348	1.5132356075719
"rs1649871"	0.476460198097388	348	0.864778407332251
"rs1650497"	0.476460198097388	348	0.864778407332251
"rs1548429"	0.476464210480587	348	0.842812567825954
"rs674856"	0.476501474758926	348	0.847684892242624
"rs674859"	0.476501474758926	348	0.847684892242624
"rs1103595"	0.476521097607451	348	1.37790108446652
"rs406293"	0.476544764918455	348	0.889142776788952
"rs989092"	0.476559692119144	348	1.18701643100632
"rs1062585"	0.476613099643661	348	1.20824287408285
"rs1634516"	0.476648248757381	348	0.839528596221082
"rs1574549"	0.476684217258953	348	0.810471562716369
"rs1698720"	0.476687392657533	348	0.881308109771121
"rs831857"	0.476689459481164	348	0.877865678448652
"rs730011"	0.476690811635925	348	0.816308208453139
"rs353968"	0.476696882033025	348	1.183365565973
"rs417415"	0.476718925850071	348	1.16511819029417
"rs1597865"	0.476750256027587	348	0.851268643533359
"rs107355"	0.476798302881733	348	1.21406708527282
"rs602957"	0.476802115117558	348	1.26855207699748
"rs602963"	0.476802115117558	348	1.26855207699748
"rs602969"	0.476802115117558	348	1.26855207699748
"rs1634135"	0.476849087187099	348	0.899417044331904
"rs1634137"	0.476849087187099	348	0.899417044331904
"rs1634138"	0.476849087187099	348	0.899417044331904
"rs184698"	0.476864005012699	348	1.22607003361861
"rs462418"	0.476875312417839	348	0.804376699499792
"rs1642108"	0.476884373991847	348	1.18856259200932
"rs488290"	0.476915252309155	348	1.24014478463279
"rs1174117"	0.476924960481052	348	0.846949862126295
"rs1174118"	0.476924960481052	348	0.846949862126295
"rs1174139"	0.476924960481052	348	0.846949862126295
"rs1023533"	0.476932639273616	348	0.594846297885036
"rs1024885"	0.476932639273616	348	0.594846297885036
"rs486223"	0.476943574169542	348	1.17763324370667
"rs1163253"	0.476962841083707	348	1.1632220004472
"rs327028"	0.476973241710382	348	1.12959735872024
"rs327030"	0.476973241710382	348	1.12959735872024
"rs628647"	0.477018204961801	348	0.833635933876343
"rs118637"	0.477035449817449	348	1.05567110867143
"rs1962212"	0.477043476759375	348	1.15014924464269
"rs1205182"	0.477070565626495	348	0.91103280807081
"rs129284"	0.477072325898223	348	0.877504012317496
"rs1647572"	0.477079177859954	348	1.15567549283135
"rs343464"	0.477082665945136	348	0.804548331634268
"rs1825589"	0.477084347978514	348	1.12996397124201
"rs1104658"	0.477094938738268	348	0.86824014644736
"rs1151292"	0.477119889390149	348	1.12216187462628
"rs831838"	0.477133010935284	348	0.843266602291758
"rs711039"	0.477145551712329	348	0.805970708805193
"rs1064543"	0.477183817400992	348	1.03784740572346
"rs943063"	0.47720195030333	348	0.871171911445662
"rs939915"	0.477222866094069	348	1.24192739313174
"rs569813"	0.477227267879484	348	0.815232776711197
"rs1103491"	0.477240388141714	348	1.28715400230305
"rs1907654"	0.4772455784487	348	1.21162558078585
"rs545856"	0.477283677932284	348	1.11821122108913
"rs1195057"	0.477297710274913	348	1.22440037652827
"rs1066714"	0.47733236198467	348	1.10872609237894
"rs2182066"	0.477335650954847	348	0.898940486724456
"rs2057440"	0.477347973233741	348	1.14331784712761
"rs1662221"	0.477373802819141	348	1.12805309211691
"rs896221"	0.477388417355626	348	0.884107318628435
"rs1093199"	0.477418408814785	348	0.934610985557264
"rs857568"	0.477421002267234	348	0.60389206972665
"rs857619"	0.477421002267234	348	0.60389206972665
"rs857622"	0.477421002267234	348	0.60389206972665
"rs857625"	0.477421002267234	348	0.60389206972665
"rs857631"	0.477421002267234	348	0.60389206972665
"rs857634"	0.477421002267234	348	0.60389206972665
"rs857637"	0.477421002267234	348	0.60389206972665
"rs857640"	0.477421002267234	348	0.60389206972665
"rs857649"	0.477421002267234	348	0.60389206972665
"rs857686"	0.477421002267234	348	0.60389206972665
"rs857687"	0.477421002267234	348	0.60389206972665
"rs857701"	0.477421002267234	348	0.60389206972665
"rs857706"	0.477421002267234	348	0.60389206972665
"rs857715"	0.477421002267234	348	0.60389206972665
"rs857721"	0.477421002267234	348	0.60389206972665
"rs857765"	0.477421002267234	348	0.60389206972665
"rs783156"	0.477444454175484	348	0.920766237060288
"rs1904426"	0.477455927389904	348	1.10559923672104
"rs1662236"	0.477505100864109	348	1.12799410069547
"rs1568317"	0.477513750995983	348	0.815819488839874
"rs795620"	0.477522038800098	348	1.12737141457919
"rs795746"	0.477522038800099	348	1.12737141457919
"rs1895234"	0.477526444468549	348	0.905747586714426
"rs1850014"	0.477536448232744	348	1.23744360980637
"rs845192"	0.477549221247178	348	1.12415954376286
"rs1534706"	0.477559704981318	348	0.625256964830355
"rs1607646"	0.477559704981318	348	0.625256964830355
"rs643306"	0.477570809452503	348	0.744248699739587
"rs269144"	0.477572345394881	348	0.907800903136323
"rs268201"	0.477582188849545	348	1.17368971117787
"rs609653"	0.477631015619688	348	0.827233441342743
"rs817407"	0.477658235320862	348	0.890561991631049
"rs1562068"	0.477727960467995	348	0.879186842223826
"rs908435"	0.477743067652553	348	0.869691592316201
"rs908437"	0.477743067652553	348	0.869691592316201
"rs123028"	0.477769230930256	348	1.2502182797479
"rs123309"	0.477769230930256	348	1.2502182797479
"rs744292"	0.477776222491735	348	1.13273343870521
"rs744294"	0.477776222491735	348	1.13273343870521
"rs1205579"	0.477834469747564	348	0.910653495606621
"rs604393"	0.477884516829204	348	1.19760525863624
"rs1662249"	0.477941045841379	348	1.14317904146136
"rs1840524"	0.477948526052333	348	1.12663537174726
"rs1947799"	0.477996451401008	348	0.88531973808288
"rs1595392"	0.47799961332787	348	1.18040054170735
"rs2110614"	0.478000024409695	348	1.09012535905532
"rs2110615"	0.478000024409695	348	1.09012535905532
"rs453258"	0.478104455489704	348	1.15001224350101
"rs127811"	0.478130604826702	348	0.886831939500568
"rs1768303"	0.478143557205536	348	1.16353934765431
"rs1769003"	0.478143557205536	348	1.16353934765431
"rs1304217"	0.478148518400798	348	1.20653406531432
"rs1304861"	0.478148518400798	348	1.20653406531432
"rs1304864"	0.478148518400798	348	1.20653406531432
"rs1304897"	0.478148518400798	348	1.20653406531432
"rs1304909"	0.478148518400798	348	1.20653406531432
"rs1304912"	0.478148518400798	348	1.20653406531432
"rs1304915"	0.478148518400798	348	1.20653406531432
"rs1304927"	0.478148518400798	348	1.20653406531432
"rs1304930"	0.478148518400798	348	1.20653406531432
"rs1117175"	0.478155324272316	348	1.15560855311902
"rs145956"	0.478162993186262	348	1.08812385975952
"rs146086"	0.478162993186262	348	1.08812385975952
"rs1151351"	0.478174914743815	348	0.917663441770827
"rs639046"	0.478175206430988	348	1.13925528048583
"rs1293399"	0.478247367030638	348	1.09952574678197
"rs147351"	0.478261226026175	348	0.829108341469377
"rs1649852"	0.47832692686145	348	0.864140119730823
"rs1206825"	0.478346976206964	348	1.07660751896406
"rs854367"	0.47835854122247	348	1.11500565001218
"rs2160268"	0.478364204399145	348	1.12871769609523
"rs1660137"	0.478371752098586	348	1.23153777354516
"rs1467197"	0.478390070227477	348	1.27875078265945
"rs2016840"	0.478422504064939	348	0.865895256337664
"rs2016844"	0.478422504064939	348	0.865895256337664
"rs1019795"	0.47843514934156	348	1.24642443731168
"rs412430"	0.47844041185496	348	1.23554219243739
"rs145852"	0.478452461028381	348	0.928897004121123
"rs358698"	0.478457987644965	348	1.16022900186342
"rs360039"	0.478457987644965	348	1.16022900186342
"rs2109012"	0.478467228384963	348	1.07261490310648
"rs1361157"	0.47851459816964	348	0.876318322137447
"rs1813642"	0.478536682899247	348	1.16632713394273
"rs473078"	0.478568949465955	348	1.12697556344037
"rs128417"	0.478591024507307	348	0.86162610244298
"rs1895861"	0.478615505193631	348	0.783791584449382
"rs1739466"	0.47862928038181	348	1.12387061161602
"rs22565"	0.478674114125046	348	0.910843626824436
"rs2160553"	0.478689376558369	348	1.09836038483693
"rs210272"	0.478719730282393	348	1.15153722665307
"rs2011373"	0.478757960839559	348	1.18579684368301
"rs2214323"	0.478801351750115	348	1.20628540221102
"rs693222"	0.478822571319695	348	1.15601321267284
"rs1580058"	0.478825648089779	348	1.19429240448184
"rs2033659"	0.478837813367638	348	0.912273741781996
"rs1891314"	0.478843309289304	348	1.26195449469116
"rs212439"	0.478879727077387	348	1.20531251366077
"rs132852"	0.478884196461119	348	0.599022878322584
"rs1850715"	0.478923942975339	348	0.848042005112735
"rs279691"	0.478974536650898	348	0.870239080783748
"rs1554912"	0.479005911657855	348	0.85873917602117
"rs1143265"	0.479010644105456	348	0.86521675146164
"rs1687636"	0.479019447258694	348	0.779616945529046
"rs330928"	0.479023389654184	348	0.881046789885342
"rs179653"	0.479026976935912	348	0.813998110871253
"rs179819"	0.479026976935912	348	0.813998110871253
"rs179834"	0.479026976935912	348	0.813998110871253
"rs179846"	0.479026976935912	348	0.813998110871253
"rs1648473"	0.479028975849162	348	0.868295506281597
"rs620858"	0.47902938434814	348	0.791494447680955
"rs620999"	0.47902938434814	348	0.791494447680955
"rs409827"	0.479044848180005	348	0.851141921414113
"rs409833"	0.479044848180005	348	0.851141921414113
"rs72600"	0.479061956811833	348	1.12605107077718
"rs470858"	0.479071951423663	348	1.13408631129639
"rs278671"	0.479090650220845	348	0.90899801376274
"rs1975433"	0.479137581257011	348	1.230745647364
"rs2023316"	0.479153839310347	348	1.25231122028889
"rs2099781"	0.479157798216696	348	1.13699515726643
"rs88350"	0.479230168783817	348	0.662831641861184
"rs1163325"	0.479232849380056	348	0.886764075331802
"rs1163328"	0.479232849380056	348	0.886764075331802
"rs569756"	0.479251159492903	348	0.956963149377613
"rs2217751"	0.479268839877734	348	1.19480992680418
"rs1755954"	0.479345704685418	348	1.13422722825439
"rs992771"	0.479356667324388	348	0.784973076011913
"rs1973195"	0.479369728467465	348	0.820582529785188
"rs1420912"	0.479374015205373	348	0.00568751768555327
"rs127243"	0.479374015206081	348	0.689050289178134
"rs582256"	0.479374015206081	348	0.689050289178133
"rs2002880"	0.479374015206085	348	0.689050289178133
"rs249542"	0.479374015206087	348	0.689050289178128
"rs2000047"	0.479374015206087	348	0.689050289178128
"rs2000194"	0.479374015206087	348	0.689050289178128
"rs2066223"	0.479374015206087	348	0.689050289178128
"rs2070786"	0.479374015206087	348	0.689050289178128
"rs2072059"	0.479374015206087	348	0.689050289178128
"rs2074946"	0.479374015206087	348	0.689050289178128
"rs2080277"	0.479374015206087	348	0.689050289178128
"rs2113844"	0.479374015206087	348	0.689050289178128
"rs2115436"	0.479374015206087	348	0.689050289178128
"rs2115439"	0.479374015206087	348	0.689050289178128
"rs2115442"	0.479374015206087	348	0.689050289178128
"rs2185422"	0.479374015206087	348	0.689050289178128
"rs2114290"	0.479374015206091	348	0.689050289178136
"rs2070176"	0.479374015206131	348	0.689050289178126
"rs2076246"	0.479374015206131	348	0.689050289178126
"rs1400307"	0.479382556517391	348	0.754088994825802
"rs1400320"	0.479382556517391	348	0.754088994825802
"rs294517"	0.479423909969849	348	1.16479979332147
"rs1351345"	0.47946819673882	348	0.599375214640063
"rs2101388"	0.479496640850571	348	0.902912121694263
"rs1819897"	0.47959975359134	348	0.810565740580453
"rs577979"	0.47962199775026	348	1.12534952422896
"rs224967"	0.479623233182418	348	1.13906202362696
"rs546141"	0.479636380874058	348	0.849506876269304
"rs1166328"	0.479653834051406	348	0.694361268601914
"rs1166331"	0.479653834051406	348	0.694361268601914
"rs1166337"	0.479653834051406	348	0.694361268601914
"rs1166340"	0.479653834051406	348	0.694361268601914
"rs1166343"	0.479653834051406	348	0.694361268601914
"rs1166364"	0.479653834051406	348	0.694361268601914
"rs817869"	0.479693659328851	348	0.821413412594606
"rs1635092"	0.479707044271068	348	0.840017833605565
"rs1635072"	0.479707044271096	348	0.840017833605574
"rs1635086"	0.479707044271096	348	0.840017833605574
"rs1635089"	0.479707044271096	348	0.840017833605574
"rs145760"	0.479754493226502	348	1.07796147445924
"rs1397148"	0.47975830297228	348	1.30207440778337
"rs1191265"	0.479791412331544	348	0.905490819993948
"rs1596383"	0.479820506614677	348	0.877249174917155
"rs1315955"	0.479826282241124	348	1.15529163252476
"rs2046775"	0.479832024978867	348	1.22874399716342
"rs915609"	0.479890152064883	348	1.15662638411956
"rs1907762"	0.479915738394216	348	1.03727372322123
"rs1580026"	0.479959906846602	348	1.19477083491705
"rs414238"	0.479969486943174	348	0.92968488105208
"rs321308"	0.480066633159832	348	1.21251527057549
"rs303360"	0.480071327127924	348	0.923810532394271
"rs1662064"	0.480083125166822	348	0.864970310842001
"rs1398286"	0.480088951041268	348	0.879119318856598
"rs1398307"	0.480088951041268	348	0.879119318856598
"rs1747917"	0.480095281143704	348	0.910999753732826
"rs2115565"	0.480110883932425	348	1.15040447594772
"rs2115568"	0.480110883932425	348	1.15040447594772
"rs2115571"	0.480110883932425	348	1.15040447594772
"rs2074916"	0.480127270726276	348	1.20136323171637
"rs147804"	0.480149802793383	348	0.902935963165721
"rs1579049"	0.480169088942822	348	1.11971855209846
"rs239497"	0.480187352001481	348	0.879231494727087
"rs651508"	0.480196056673881	348	1.27916508811337
"rs1681442"	0.480222545751032	348	0.840707945983436
"rs146422"	0.480260285713426	348	0.930907091430921
"rs1954484"	0.4802613652057	348	1.15267723075053
"rs620098"	0.480273677828052	348	1.24612739210149
"rs703286"	0.48029112625978	348	1.2313064385523
"rs463947"	0.48030540064227	348	0.866283705473862
"rs988976"	0.480309151835269	348	1.16964963691378
"rs1938152"	0.480311775868017	348	1.15720591108693
"rs1116648"	0.480314902274429	348	0.866692264563978
"rs512341"	0.480367919504674	348	0.89803048197591
"rs1617127"	0.480411286860139	348	0.829467270289169
"rs1617133"	0.480411286860139	348	0.829467270289169
"rs1795610"	0.480439139700466	348	1.14027864303167
"rs179520"	0.480462023952235	348	0.859063758141867
"rs502356"	0.480479872070917	348	1.31707728574745
"rs785043"	0.480520471136585	348	0.892718186271384
"rs411378"	0.480525966513554	348	0.244408914906468
"rs554455"	0.480531918473744	348	0.842657865404472
"rs127913"	0.480605807567252	348	0.818859391616057
"rs1074863"	0.480674212372052	348	0.852904241252111
"rs104573"	0.480729473726514	348	0.77082927404602
"rs69888"	0.480752163820089	348	0.897742438492369
"rs35911"	0.480876571044866	348	0.854889808603097
"rs1720269"	0.480890566007157	348	1.13771257077341
"rs1342171"	0.480904211108072	348	0.871572809224401
"rs2007129"	0.480904292807393	348	0.861910349854347
"rs738519"	0.480966920931573	348	0.629385206671282
"rs738736"	0.480966920931573	348	0.629385206671282
"rs1649369"	0.480989769684145	348	0.861200609181754
"rs989353"	0.481036133900254	348	0.874457803442094
"rs278541"	0.481121455594217	348	1.12225476301274
"rs278547"	0.481121455594217	348	1.12225476301274
"rs514179"	0.481144987716496	348	1.11964588853387
"rs353657"	0.481169605711162	348	1.16152301924205
"rs353760"	0.481169605711162	348	1.16152301924205
"rs353768"	0.481169605711162	348	1.16152301924205
"rs353771"	0.481169605711162	348	1.16152301924205
"rs353774"	0.481169605711162	348	1.16152301924205
"rs353777"	0.481169605711162	348	1.16152301924205
"rs353789"	0.481169605711162	348	1.16152301924205
"rs219101"	0.481174025328023	348	0.744172232430272
"rs1739234"	0.481214871277681	348	1.26832807848713
"rs1739281"	0.481214871277681	348	1.26832807848713
"rs1060175"	0.481229854885325	348	1.13847081744715
"rs1169672"	0.481297549353873	348	0.802062346020221
"rs552931"	0.481321788121101	348	0.861193668053244
"rs2149154"	0.481327945075164	348	1.23734583296868
"rs362620"	0.4813574505274	348	1.13168967641249
"rs128333"	0.481369974007952	348	0.892114621251036
"rs738692"	0.481376001168824	348	1.14711443056404
"rs1328062"	0.481433669724484	348	1.23513756636674
"rs123763"	0.481467162485314	348	1.14817485988902
"rs906222"	0.481490442137526	348	0.844240143588121
"rs262824"	0.481496832643719	348	0.904430605843984
"rs866277"	0.481507376246521	348	1.1046692024614
"rs329626"	0.481520188813379	348	0.860287600751021
"rs225549"	0.481536210733067	348	1.18071163858168
"rs225575"	0.481536210733067	348	1.18071163858168
"rs225648"	0.481536210733067	348	1.18071163858168
"rs1563311"	0.481551785856136	348	1.14380785545523
"rs735917"	0.481596146736882	348	0.62857125717528
"rs42870"	0.481603215645334	348	0.869142038816667
"rs1815921"	0.481619726772207	348	0.86608096394923
"rs1907447"	0.481650271352363	348	1.20077032366153
"rs2148247"	0.481791876811417	348	1.11361699536489
"rs2148249"	0.481791876811417	348	1.11361699536489
"rs1778252"	0.481839993375995	348	1.10361567359353
"rs132803"	0.481918200564692	348	0.858540598814264
"rs25650"	0.48193843730886	348	0.941202471927769
"rs25679"	0.48193843730886	348	0.941202471927769
"rs147582"	0.481981336589045	348	0.902892581215218
"rs164389"	0.482060954335105	348	0.891502868981608
"rs102434"	0.482077608724803	348	0.872240199605874
"rs1143780"	0.482087313773165	348	1.14735410000034
"rs1774317"	0.48209432633955	348	1.094422106025
"rs253958"	0.482117273362908	348	0.890296452764001
"rs883478"	0.482134415877498	348	0.8241006273308
"rs339222"	0.482167957985796	348	1.14797597731832
"rs276839"	0.482183753823557	348	1.15097772989487
"rs1767390"	0.482210167486291	348	1.16007775869908
"rs597009"	0.48223759021711	348	0.80290830588957
"rs1004139"	0.482333705379603	348	1.12491923931799
"rs389544"	0.482359107993108	348	1.13682858726792
"rs389550"	0.482359107993108	348	1.13682858726792
"rs389554"	0.482359107993108	348	1.13682858726792
"rs389559"	0.482359107993108	348	1.13682858726792
"rs389561"	0.482359107993108	348	1.13682858726792
"rs389562"	0.482359107993108	348	1.13682858726792
"rs389563"	0.482359107993108	348	1.13682858726792
"rs389565"	0.482359107993108	348	1.13682858726792
"rs1942176"	0.482366393320403	348	1.14894813645968
"rs1588116"	0.482387388585918	348	0.90322768909996
"rs2008509"	0.482423603831166	348	1.11029513741754
"rs2008510"	0.482423603831166	348	1.11029513741754
"rs480674"	0.482429041391904	348	0.903751591848658
"rs1016175"	0.482470618993486	348	0.853400243475704
"rs243362"	0.482548489989454	348	0.860494550377507
"rs2157564"	0.482568112282999	348	1.12735280942981
"rs1357988"	0.482590276601786	348	0.079514117989612
"rs1358077"	0.482590276601786	348	0.079514117989612
"rs532256"	0.482597640833059	348	0.849692536822274
"rs1532375"	0.482638418188844	348	0.796574673779618
"rs1841806"	0.482647887398385	348	0.840295023118853
"rs1841832"	0.482647887398385	348	0.840295023118853
"rs1041784"	0.482648269350905	348	0.740604011613132
"rs1634744"	0.482678820478785	348	0.840815268603762
"rs723916"	0.4827287557854	348	1.15889077925685
"rs1125046"	0.482733609400842	348	1.13791087386902
"rs2121929"	0.482734565955873	348	0.914889798672164
"rs566568"	0.482772259692097	348	0.89700882210477
"rs1316069"	0.482772852465688	348	0.883468146830989
"rs401788"	0.482793485915158	348	0.849431641355711
"rs1963369"	0.482808936847739	348	1.06904231155862
"rs730465"	0.482828954890953	348	0.858158220064768
"rs409818"	0.482829588148947	348	0.858790979236606
"rs1768884"	0.482875519708311	348	1.16091707967725
"rs1767375"	0.482875519708315	348	1.16091707967725
"rs1767976"	0.482875519708318	348	1.16091707967725
"rs1426063"	0.482891806834493	348	1.1434331900969
"rs1031150"	0.482921214152681	348	0.855129845039356
"rs1031221"	0.482921214152681	348	0.855129845039356
"rs23495"	0.482947603396064	348	1.17025350039854
"rs197384"	0.48295550188153	348	1.14599575844877
"rs1374317"	0.482957772810774	348	0.722608313167942
"rs667116"	0.483049432680167	348	0.839996088660156
"rs822421"	0.483085964350853	348	1.15596340099832
"rs1148465"	0.483100272617264	348	0.88004078191891
"rs466399"	0.483120012044441	348	1.15472958970386
"rs466404"	0.483120012044441	348	1.15472958970386
"rs121343"	0.483132176126814	348	1.09710388536598
"rs612011"	0.483156063710016	348	1.2222321494057
"rs919653"	0.483189400107196	348	0.816173303913768
"rs617104"	0.483190342306728	348	1.18278748037601
"rs617107"	0.483190342306728	348	1.18278748037601
"rs617110"	0.483190342306728	348	1.18278748037601
"rs617116"	0.483190342306728	348	1.18278748037601
"rs617122"	0.483190342306728	348	1.18278748037601
"rs1964336"	0.483232195578817	348	0.682839855718958
"rs1293975"	0.483248534811373	348	0.910289845557117
"rs264223"	0.483309172271942	348	1.03921583922033
"rs1742591"	0.483324674639168	348	1.18099071379998
"rs1139500"	0.483327387004459	348	1.19671007958639
"rs394167"	0.48333414694025	348	0.810418959650626
"rs341320"	0.483345460831978	348	1.11414000815603
"rs830203"	0.483411410523017	348	0.620141817702287
"rs492269"	0.483429445423124	348	1.09969453457526
"rs883172"	0.483495414046203	348	0.862988479850231
"rs2191604"	0.48350757154472	348	0.874689745980201
"rs1784228"	0.483542228561711	348	1.1799156967132
"rs902554"	0.4835462883401	348	1.15915411125432
"rs2189589"	0.483559903264141	348	0.62140060982548
"rs186862"	0.483567670878163	348	0.811832658473906
"rs2182315"	0.483572891945739	348	1.10825648971123
"rs227435"	0.483578082878366	348	1.14308422357217
"rs1664562"	0.483603058003237	348	1.42840009851261
"rs229816"	0.483608401730239	348	1.15586869694394
"rs1629313"	0.483609774213252	348	1.36255859641878
"rs1055756"	0.4836142954194	348	1.12984803807612
"rs1055759"	0.4836142954194	348	1.12984803807612
"rs1055762"	0.4836142954194	348	1.12984803807612
"rs787598"	0.483624849258728	348	0.844431641056187
"rs11150"	0.483642556857869	348	1.15006733842292
"rs265019"	0.483666973427639	348	1.11165195591721
"rs638097"	0.483677947446297	348	1.31596266741144
"rs75150"	0.483757640611186	348	0.871431971547858
"rs1981709"	0.483769418786438	348	0.893387048542442
"rs271680"	0.483774086242115	348	0.905695833921402
"rs285063"	0.483843281257238	348	1.1013025647745
"rs489219"	0.483859807337769	348	1.19109332547656
"rs289568"	0.48386068913278	348	0.630320640329126
"rs289569"	0.48386068913278	348	0.630320640329126
"rs289570"	0.48386068913278	348	0.630320640329126
"rs289571"	0.48386068913278	348	0.630320640329126
"rs494148"	0.483871959913817	348	0.597961815742135
"rs494176"	0.483871959913817	348	0.597961815742135
"rs494178"	0.483871959913817	348	0.597961815742135
"rs494277"	0.483871959913817	348	0.597961815742135
"rs494602"	0.483871959913817	348	0.597961815742135
"rs909242"	0.483878964368684	348	1.15497487881065
"rs212601"	0.483879144970456	348	1.20828445790615
"rs510305"	0.483910515767807	348	1.12973375481093
"rs1329871"	0.483960164795955	348	0.721305595854778
"rs224159"	0.483960164795956	348	0.72130559585478
"rs1432127"	0.483960164795956	348	0.72130559585478
"rs450500"	0.483962788750637	348	1.24867876595681
"rs1790415"	0.483981195663353	348	1.09956398865218
"rs1790416"	0.483981195663353	348	1.09956398865218
"rs1289614"	0.483993533438842	348	0.8574644177814
"rs389300"	0.4839962773844	348	1.15396856497451
"rs2145990"	0.484004300050262	348	1.30993564137219
"rs65033"	0.484033356465296	348	0.955648287127938
"rs623482"	0.484039481391657	348	1.473385807857
"rs623508"	0.484039481391657	348	1.473385807857
"rs447661"	0.484064314012496	348	0.940990227093667
"rs1608358"	0.484067417457835	348	0.630956466029563
"rs1741991"	0.484160191513064	348	0.916535205373686
"rs226151"	0.484246094652143	348	0.871170871547244
"rs226152"	0.484246094652143	348	0.871170871547244
"rs226183"	0.484246094652143	348	0.871170871547244
"rs93600"	0.484256623935008	348	1.10508312229095
"rs109396"	0.484281428399254	348	0.907890329430594
"rs1116639"	0.484288487906915	348	1.09881453569827
"rs2152525"	0.484295326526766	348	0.772788187766617
"rs2169062"	0.484295326526766	348	0.772788187766617
"rs818358"	0.484306654311724	348	0.910648364866951
"rs818373"	0.484306654311724	348	0.910648364866951
"rs818382"	0.484306654311724	348	0.910648364866951
"rs818397"	0.484306654311724	348	0.910648364866951
"rs818400"	0.484306654311724	348	0.910648364866951
"rs818406"	0.484306654311724	348	0.910648364866951
"rs1600496"	0.484307400453432	348	0.86794448439693
"rs470024"	0.484332004865347	348	0.870075253282487
"rs534923"	0.484361961482218	348	0.860963401680344
"rs1926080"	0.484402201215786	348	0.881325880852153
"rs134081"	0.484413705557823	348	0.929133416737321
"rs2145429"	0.484417054068689	348	1.32271173112922
"rs1597927"	0.484446297914425	348	0.88411600322771
"rs1071592"	0.484453560074865	348	0.766460721047253
"rs781983"	0.484469523947783	348	1.13603722498898
"rs958856"	0.484500080613093	348	1.18141703331233
"rs958858"	0.484500080613093	348	1.18141703331233
"rs958876"	0.484500080613093	348	1.18141703331233
"rs958903"	0.484500080613093	348	1.18141703331233
"rs958424"	0.4845000806131	348	1.18141703331233
"rs958543"	0.4845000806131	348	1.18141703331233
"rs958660"	0.4845000806131	348	1.18141703331233
"rs958666"	0.4845000806131	348	1.18141703331233
"rs958855"	0.4845000806131	348	1.18141703331233
"rs958414"	0.4845000806131	348	1.18141703331233
"rs958420"	0.4845000806131	348	1.18141703331233
"rs958435"	0.4845000806131	348	1.18141703331233
"rs958483"	0.4845000806131	348	1.18141703331233
"rs958495"	0.4845000806131	348	1.18141703331233
"rs958501"	0.4845000806131	348	1.18141703331233
"rs958510"	0.4845000806131	348	1.18141703331233
"rs958645"	0.4845000806131	348	1.18141703331233
"rs958353"	0.484500080613105	348	1.18141703331233
"rs958390"	0.484500080613108	348	1.18141703331232
"rs958492"	0.484500080613115	348	1.18141703331232
"rs880568"	0.484505598296813	348	1.07881917664428
"rs1093716"	0.484516415206433	348	1.15320452927979
"rs613691"	0.484546457072332	348	0.873997863216041
"rs812941"	0.48459132566269	348	0.922748140592983
"rs821870"	0.484609941830552	348	0.903981877260471
"rs1964168"	0.484614360124825	348	0.819774810040653
"rs1986775"	0.484615730296929	348	1.13516261102581
"rs1351695"	0.484635805206502	348	0.613819931819219
"rs1312343"	0.484702736642015	348	1.19340362048105
"rs1611798"	0.484715635047387	348	1.12983645356105
"rs1334667"	0.4847195413534	348	1.17751149057553
"rs1964841"	0.484726022519748	348	0.565610095018636
"rs2009139"	0.484754781723373	348	1.18185409468057
"rs842586"	0.484758978797748	348	1.1554121213481
"rs1306970"	0.484771257837809	348	0.896983688282617
"rs544388"	0.484830202984235	348	0.87850856044818
"rs467536"	0.48483371590131	348	1.13595815130031
"rs556653"	0.484851276516033	348	0.927449787349542
"rs2089822"	0.484867007396496	348	1.05670712058946
"rs1964883"	0.484925169096461	348	0.567752259539529
"rs748222"	0.484944799915891	348	1.13619801881212
"rs871706"	0.484952935120754	348	0.766762249876692
"rs1964835"	0.484978247007747	348	0.567750385169624
"rs1964837"	0.484978247007747	348	0.567750385169624
"rs1964843"	0.484978247007747	348	0.567750385169624
"rs1964846"	0.484978247007747	348	0.567750385169624
"rs652860"	0.484994993280561	348	1.27657314720529
"rs1358152"	0.485009302405214	348	0.631784612780203
"rs1381265"	0.485052626086447	348	1.25375126152607
"rs2169446"	0.485063188401712	348	1.10363240938339
"rs893573"	0.485066302075369	348	0.800502117102606
"rs483881"	0.485098497650509	348	0.109142537253301
"rs494963"	0.48511482356425	348	0.89717552346676
"rs381567"	0.485122067777552	348	1.15717229201464
"rs473276"	0.485232488484507	348	0.945106591900402
"rs732015"	0.485247794769713	348	1.19798825107216
"rs732040"	0.485247794769713	348	1.19798825107216
"rs732072"	0.485247794769713	348	1.19798825107216
"rs732093"	0.485247794769713	348	1.19798825107216
"rs732102"	0.485247794769713	348	1.19798825107216
"rs732204"	0.485247794769713	348	1.19798825107216
"rs732223"	0.485247794769713	348	1.19798825107216
"rs732267"	0.485247794769713	348	1.19798825107216
"rs732270"	0.485247794769713	348	1.19798825107216
"rs732346"	0.485247794769713	348	1.19798825107216
"rs732375"	0.485247794769713	348	1.19798825107216
"rs732385"	0.485247794769713	348	1.19798825107216
"rs461064"	0.485273838330264	348	1.10239221585517
"rs2093546"	0.485299013101354	348	1.32024548776978
"rs1734563"	0.48537296510129	348	1.16349424028173
"rs269067"	0.485409095368745	348	0.909543304842113
"rs485102"	0.485418894094448	348	1.15894911949721
"rs928676"	0.48545048394762	348	0.860813539058732
"rs182462"	0.485464246007933	348	1.1274486105138
"rs2159503"	0.485496216111174	348	1.12123341167199
"rs787526"	0.48556386005348	348	0.823962341329911
"rs787574"	0.48556386005348	348	0.823962341329911
"rs673769"	0.485617399741496	348	0.667293985938976
"rs2090133"	0.485633638308005	348	0.88694061689425
"rs1015044"	0.485697556084631	348	1.17397362976891
"rs84252"	0.485719375028492	348	0.873161528978087
"rs499645"	0.485722496426573	348	1.17989024916915
"rs56949"	0.485749857911221	348	0.890753163975833
"rs839860"	0.485752828949051	348	0.818743651328425
"rs839864"	0.485752828949051	348	0.818743651328425
"rs839865"	0.485752828949051	348	0.818743651328425
"rs155271"	0.485768764936616	348	0.907956783076316
"rs1667335"	0.485792081819781	348	1.20820228566774
"rs1816221"	0.485848042985708	348	0.879833517312948
"rs89810"	0.485850135547257	348	1.05739329549567
"rs1647749"	0.485877770976895	348	1.27935112810215
"rs1408271"	0.485950234895816	348	1.20183547809498
"rs1103356"	0.485987378904708	348	0.746777915814737
"rs1174279"	0.485997928328434	348	0.849278988470007
"rs1174590"	0.485997928328434	348	0.849278988470007
"rs1174777"	0.485997928328434	348	0.849278988470007
"rs1175921"	0.485997928328434	348	0.849278988470007
"rs1175923"	0.485997928328434	348	0.849278988470007
"rs496799"	0.486032724020393	348	1.18720690075443
"rs436033"	0.486035848303671	348	1.04010619781358
"rs2055586"	0.486108488540379	348	0.886902575227607
"rs663359"	0.486135590307029	348	1.138080253495
"rs793766"	0.486157673293727	348	0.912771220576186
"rs93913"	0.486157901937526	348	1.13692809426212
"rs189058"	0.486260609941606	348	1.15795776695549
"rs189059"	0.486260609941606	348	1.15795776695549
"rs189060"	0.486260609941606	348	1.15795776695549
"rs189115"	0.486260609941606	348	1.15795776695549
"rs189121"	0.486260609941606	348	1.15795776695549
"rs302760"	0.486288499084621	348	0.849395426445157
"rs302666"	0.486289772079955	348	0.849408550907764
"rs324590"	0.486313551495675	348	0.0360924177027923
"rs1356967"	0.486320248746505	348	0.784313878518386
"rs1643312"	0.486338257381885	348	0.887518958263785
"rs1823009"	0.486354959068485	348	1.12334230279012
"rs815079"	0.486363715231941	348	1.11168516419814
"rs649529"	0.486375416974329	348	1.17194552864948
"rs299519"	0.486382464468739	348	0.874910101528444
"rs421196"	0.486407798727133	348	1.12260017579009
"rs793769"	0.486444893759795	348	0.924904892720559
"rs710826"	0.486468064309434	348	1.15977555122785
"rs1570275"	0.486483835367846	348	1.26131716440163
"rs959451"	0.486502941294166	348	0.88868345581906
"rs959454"	0.486502941294166	348	0.88868345581906
"rs649650"	0.486583251221931	348	1.15145309282371
"rs649651"	0.486583251221931	348	1.15145309282371
"rs649653"	0.486583251221931	348	1.15145309282371
"rs649707"	0.486583251221931	348	1.15145309282371
"rs649708"	0.486583251221931	348	1.15145309282371
"rs393184"	0.486625593923739	348	1.12830061119837
"rs393187"	0.486625593923739	348	1.12830061119837
"rs393190"	0.486625593923743	348	1.12830061119837
"rs393193"	0.486625593923743	348	1.12830061119837
"rs391982"	0.486655416321577	348	0.87552384438256
"rs264800"	0.486719525790755	348	1.07052040847734
"rs1938552"	0.486720795283643	348	1.40884749380816
"rs302600"	0.486777857262493	348	0.278755485275036
"rs302636"	0.486777857262526	348	0.850739878879391
"rs302710"	0.486777857262526	348	0.850739878879391
"rs302526"	0.48677785726254	348	0.203518906479876
"rs840605"	0.48680210781053	348	1.13295958355303
"rs1065714"	0.486818359533153	348	0.886677358593123
"rs1318089"	0.486876348776907	348	1.13666658934564
"rs2089698"	0.486887497128237	348	0.874804985326691
"rs959400"	0.486897130447156	348	1.13568482890693
"rs877586"	0.486922364735807	348	0.739466272690885
"rs520137"	0.48692236473581	348	0.739466272690884
"rs519853"	0.48692236473581	348	0.739466272690885
"rs519906"	0.48692236473581	348	0.739466272690885
"rs331443"	0.486928612910338	348	0.869097714158561
"rs556261"	0.48693032172438	348	0.862171013345138
"rs605697"	0.486958388939838	348	0.760802891582322
"rs1128448"	0.486966219508115	348	0.89551360854477
"rs1654839"	0.486969009025113	348	1.17739986324015
"rs465758"	0.486996823973509	348	1.13120844816626
"rs472240"	0.487012871606375	348	0.870906962561063
"rs93379"	0.487021394051585	348	0.861643913991624
"rs1470534"	0.487030086034625	348	0.742334234540991
"rs2161257"	0.487037464647428	348	1.09202056140615
"rs1127231"	0.487045078431907	348	1.23272875664145
"rs1594580"	0.48704617473196	348	0.880697341637208
"rs1351631"	0.487104608140887	348	0.608101453148728
"rs1195934"	0.487107292680483	348	0.878480894525084
"rs1196065"	0.487107292680483	348	0.878480894525084
"rs210728"	0.487178572102219	348	1.12262127127981
"rs1126989"	0.487243910502373	348	1.14749691191606
"rs849941"	0.487248703198807	348	1.12994512295689
"rs850028"	0.487248703198807	348	1.12994512295689
"rs850049"	0.487248703198807	348	1.12994512295689
"rs850052"	0.487248703198807	348	1.12994512295689
"rs850091"	0.487248703198807	348	1.12994512295689
"rs850098"	0.487248703198807	348	1.12994512295689
"rs1561735"	0.487298337749379	348	1.06203190803763
"rs1964291"	0.487338384381228	348	0.851291696488714
"rs1964309"	0.487338384381228	348	0.851291696488714
"rs1415057"	0.487389927304561	348	0.887593222277662
"rs304872"	0.487395891080823	348	1.10396512942663
"rs304875"	0.487395891080823	348	1.10396512942663
"rs50686"	0.487434189549912	348	0.869380733093046
"rs547718"	0.487460422675753	348	1.13816029003831
"rs1561361"	0.487503950502109	348	1.0735320413293
"rs1603529"	0.487520012842832	348	0.875025818838419
"rs1764248"	0.487530198883262	348	0.874103114971423
"rs417254"	0.4875505328034	348	0.858462514996775
"rs1964826"	0.487556076910046	348	0.707607851291571
"rs1964829"	0.487556076910046	348	0.707607851291571
"rs556771"	0.487577600252979	348	0.936838620828024
"rs1880537"	0.487595638053925	348	0.928870178337593
"rs959367"	0.487599328519381	348	0.883968995125595
"rs959370"	0.487599328519393	348	0.883968995125599
"rs959415"	0.487599328519393	348	0.883968995125599
"rs928877"	0.487602336756683	348	0.9077763391403
"rs350412"	0.487618041568907	348	1.16711031125296
"rs1880778"	0.487621909994547	348	0.878580899096264
"rs1815708"	0.487625326275088	348	1.15799402278169
"rs1815711"	0.487625326275088	348	1.15799402278169
"rs1815714"	0.487625326275088	348	1.15799402278169
"rs1815720"	0.487625326275088	348	1.15799402278169
"rs1815723"	0.487625326275088	348	1.15799402278169
"rs1815732"	0.487625326275088	348	1.15799402278169
"rs35844"	0.487640470668613	348	0.800814691971186
"rs1561568"	0.487696193622011	348	0.924569202205724
"rs1356736"	0.487735883113323	348	1.25683550112134
"rs152140"	0.487743921846206	348	1.18321971857806
"rs1861589"	0.487751139774356	348	0.846321725659285
"rs933840"	0.487757470256445	348	1.158531065513
"rs732468"	0.487759576172514	348	0.960140886811048
"rs329515"	0.487774204487426	348	1.13894170283344
"rs637747"	0.487809415671451	348	1.25102480317125
"rs1004067"	0.487826313266075	348	1.12922055685007
"rs224993"	0.487832103794824	348	1.13110606951188
"rs517643"	0.487850288359601	348	0.745221030523951
"rs1923756"	0.487850288359601	348	0.745221030523951
"rs189067"	0.48786880477072	348	1.15736399296115
"rs189068"	0.48786880477072	348	1.15736399296115
"rs189070"	0.48786880477072	348	1.15736399296115
"rs189073"	0.48786880477072	348	1.15736399296115
"rs189076"	0.48786880477072	348	1.15736399296115
"rs189079"	0.48786880477072	348	1.15736399296115
"rs473179"	0.487872073812876	348	1.12573754201924
"rs325849"	0.487881394897215	348	1.2761989079596
"rs1429859"	0.48791442028819	348	0.814344789896737
"rs1816987"	0.487932978177299	348	1.1467566810813
"rs1816996"	0.487932978177299	348	1.1467566810813
"rs1117770"	0.487946519548577	348	0.853953846217956
"rs562314"	0.487952659010946	348	0.819573368365396
"rs1687920"	0.487967013098584	348	1.21735468380908
"rs813191"	0.488014736200351	348	1.07072134329136
"rs967122"	0.488017927165128	348	0.851771797023125
"rs552304"	0.488024693620943	348	0.851239346095043
"rs571388"	0.488052758854923	348	0.878906375988597
"rs1950884"	0.488056259752288	348	0.944363219491152
"rs1614931"	0.488093415273307	348	0.868898744538138
"rs1432310"	0.488101509340508	348	1.17017834657245
"rs1646006"	0.488108264957385	348	0.891421192127053
"rs128969"	0.488164220290271	348	1.19756474971723
"rs1035675"	0.488212959055878	348	0.896271034263671
"rs1708889"	0.488229197829175	348	0.918543960338067
"rs46873"	0.488261245920546	348	1.162471955021
"rs1637084"	0.488292768355469	348	1.06427339230768
"rs1447723"	0.488312845079963	348	1.12639405471853
"rs501672"	0.488372590982116	348	0.89630494779653
"rs2157322"	0.488419615995126	348	0.759659493628087
"rs1329732"	0.488498936417104	348	0.699855696334959
"rs1103084"	0.488542663398228	348	0.829452903311913
"rs553153"	0.488565907265228	348	0.849941932222474
"rs894322"	0.488592127173507	348	0.841547593690117
"rs1801340"	0.488601091005095	348	0.846901983622945
"rs393019"	0.488607630901674	348	1.16986584974394
"rs1944563"	0.488633647832527	348	0.836061521013417
"rs1643541"	0.488644107490435	348	1.35925015703986
"rs1644348"	0.488644107490435	348	1.35925015703986
"rs1644447"	0.488644107490435	348	1.35925015703986
"rs1646657"	0.488644107490435	348	1.35925015703986
"rs2211135"	0.488644107490435	348	1.35925015703986
"rs553075"	0.488645205405655	348	0.846663221969607
"rs1982592"	0.488681355094037	348	0.776316436662114
"rs2054446"	0.488718620686457	348	1.15392074222694
"rs905100"	0.488721539107492	348	0.827992406964303
"rs1946053"	0.488723558524233	348	1.41457723525535
"rs428892"	0.488743118817456	348	1.410840110202
"rs129500"	0.488759377495054	348	0.875874274851088
"rs1687671"	0.488790426929261	348	0.814981986014375
"rs1687674"	0.488790426929261	348	0.814981986014375
"rs1777432"	0.48886386233416	348	1.10575442941517
"rs785124"	0.488868516062811	348	0.905333138099043
"rs1432241"	0.488876018823834	348	0.884124379881612
"rs1963201"	0.488878772185335	348	1.14459139891936
"rs406701"	0.48888891618879	348	1.13054025106905
"rs741681"	0.488893611295498	348	1.14893707930842
"rs467721"	0.48893790938952	348	0.766608496463746
"rs302712"	0.488963146366466	348	0.851383783071972
"rs1660707"	0.488996366923003	348	0.726101613237
"rs847588"	0.48900818665826	348	1.15595659370644
"rs31733"	0.48901278259271	348	0.942546385634026
"rs1089971"	0.489036614385083	348	1.15082687165158
"rs1089990"	0.489036614385083	348	1.15082687165158
"rs1803021"	0.489065382086625	348	0.872000808385519
"rs1940338"	0.489065606818459	348	1.16565846080839
"rs236453"	0.489071024933128	348	1.14486651154737
"rs497708"	0.489113239476085	348	0.803679836020478
"rs819440"	0.489124032686192	348	0.889311336854405
"rs1354319"	0.48914014167188	348	0.874490944774783
"rs1293837"	0.489183283216848	348	1.1261369324706
"rs1293840"	0.489183283216848	348	1.1261369324706
"rs1293886"	0.489183283216848	348	1.1261369324706
"rs1293895"	0.489183283216848	348	1.1261369324706
"rs189061"	0.489184875400193	348	1.15687850402693
"rs189064"	0.489184875400193	348	1.15687850402693
"rs189082"	0.489184875400193	348	1.15687850402693
"rs1072139"	0.489185609086126	348	0.889489923755332
"rs803128"	0.48919110035125	348	0.839828381324115
"rs165157"	0.489232225734716	348	0.874907610174147
"rs1142866"	0.489239071084843	348	1.11592495982866
"rs1372782"	0.489291532694931	348	1.12073295026464
"rs1372784"	0.489291532694931	348	1.12073295026464
"rs1403141"	0.489297195213913	348	1.10429215639626
"rs1558617"	0.489320241064271	348	1.17897296937941
"rs2111034"	0.489328373165153	348	1.06646924021032
"rs820421"	0.489332623491562	348	0.882298129033106
"rs308340"	0.489333059556207	348	0.867397576867985
"rs563250"	0.489352333524661	348	0.859469563031248
"rs751735"	0.489385125853432	348	1.17182120572053
"rs1352043"	0.489435189232518	348	0.596117698430658
"rs39976"	0.489448716953259	348	0.862523941916797
"rs1094225"	0.48945516185852	348	0.799262156821734
"rs1529275"	0.489461234764625	348	1.33067808215458
"rs341993"	0.489461645739845	348	1.19993760418887
"rs342045"	0.489461645739845	348	1.19993760418887
"rs2059384"	0.489487999324207	348	1.1452708893807
"rs2059385"	0.489487999324207	348	1.1452708893807
"rs2059367"	0.48948799932424	348	1.14527088938069
"rs2059373"	0.48948799932424	348	1.14527088938069
"rs2059376"	0.48948799932424	348	1.14527088938069
"rs46613"	0.48951426697847	348	1.2048077749493
"rs46701"	0.48951426697847	348	1.2048077749493
"rs47917"	0.48951426697847	348	1.2048077749493
"rs1701280"	0.489518576393935	348	1.19038050386805
"rs1701286"	0.489518576393935	348	1.19038050386805
"rs1701301"	0.489518576393935	348	1.19038050386805
"rs1858207"	0.4895283800792	348	0.59227878824863
"rs1564142"	0.489529574091455	348	1.17612461972065
"rs1630632"	0.489540813158685	348	1.20714435673165
"rs417047"	0.489584788499885	348	1.14948408815889
"rs302654"	0.489595442630883	348	0.851621356808519
"rs1167105"	0.489599076083438	348	0.879056000191199
"rs830728"	0.489604636233386	348	0.89237398905401
"rs804703"	0.489633287960899	348	0.622313545102277
"rs277104"	0.489660101471537	348	0.906278933087016
"rs1059332"	0.48966644655066	348	1.15546372986249
"rs135119"	0.489669243177674	348	1.15228757658716
"rs135134"	0.489669243177674	348	1.15228757658716
"rs1699432"	0.489700423597657	348	1.15892770000731
"rs2162946"	0.489710693791685	348	0.909951786884536
"rs2162951"	0.489710693791685	348	0.909951786884536
"rs456334"	0.48974835721496	348	0.858263812612959
"rs1807801"	0.489810361142476	348	0.862590051881369
"rs795633"	0.489837702205296	348	0.890521859640696
"rs1116795"	0.489840061807364	348	0.893690787179324
"rs786869"	0.489889971910274	348	0.822156654453331
"rs967311"	0.489893877622343	348	1.34527386623287
"rs1955746"	0.489908363780862	348	0.872221284056845
"rs1154755"	0.489919575922191	348	1.11169738879041
"rs1647395"	0.489932549706762	348	1.27522335625264
"rs1651718"	0.489943930645151	348	0.958758941005045
"rs544940"	0.489952035081685	348	0.895779392852864
"rs2146575"	0.489986497455364	348	0.909424308785595
"rs1766890"	0.490014409858833	348	1.14789447029073
"rs2170747"	0.490017603427741	348	1.09086295788322
"rs1318152"	0.490040007416809	348	1.17183484713538
"rs1572405"	0.490042655763003	348	1.17230199734178
"rs421164"	0.490071933878342	348	0.841274103891621
"rs131863"	0.49009003752167	348	0.899446411211107
"rs1768930"	0.490138130463507	348	1.16105497479691
"rs302628"	0.490186578635757	348	0.851870665386721
"rs1286207"	0.490207445320229	348	0.882542445618195
"rs1286278"	0.490207445320229	348	0.882542445618195
"rs1286302"	0.490207445320229	348	0.882542445618195
"rs1286332"	0.490207445320229	348	0.882542445618195
"rs1286346"	0.490207445320229	348	0.882542445618195
"rs1286765"	0.490207445320229	348	0.882542445618195
"rs1287083"	0.490207445320229	348	0.882542445618195
"rs492281"	0.490207649144098	348	0.846881121944931
"rs492284"	0.490207649144098	348	0.846881121944931
"rs492290"	0.490207649144098	348	0.846881121944931
"rs492293"	0.490207649144098	348	0.846881121944931
"rs1837745"	0.490209693982228	348	1.13557624737594
"rs1488824"	0.490216429586091	348	1.04265542225771
"rs622036"	0.490271921132924	348	1.10655726597755
"rs1403219"	0.490321860736083	348	1.25471247745032
"rs1403283"	0.490321860736083	348	1.25471247745032
"rs1687754"	0.49032321969017	348	0.859696123896588
"rs1739336"	0.490329293011065	348	1.11808640730467
"rs507789"	0.490331350926023	348	1.11603116549856
"rs302795"	0.490339749458073	348	0.851922818640979
"rs911180"	0.490358346349789	348	1.76911769774491
"rs1406734"	0.490366061530528	348	1.02847576556699
"rs170549"	0.49045869504028	348	1.13833030626818
"rs545805"	0.490500007924789	348	1.12645523994787
"rs1700400"	0.490519461607266	348	0.868095164252758
"rs1700406"	0.490519461607266	348	0.868095164252758
"rs1700411"	0.490519461607266	348	0.868095164252758
"rs845939"	0.490531317152915	348	0.897794808352692
"rs845945"	0.490531317152915	348	0.897794808352692
"rs845960"	0.490531317152915	348	0.897794808352692
"rs1013349"	0.490551017820625	348	0.86557823830236
"rs1013355"	0.490551017820625	348	0.86557823830236
"rs989229"	0.490578208643483	348	0.856728377870093
"rs1038272"	0.490580874573581	348	1.14962197649491
"rs454214"	0.490614775987748	348	1.28723498660828
"rs454216"	0.490614775987748	348	1.28723498660828
"rs454250"	0.490614775987748	348	1.28723498660828
"rs329890"	0.490622991760473	348	0.862070543128847
"rs1963773"	0.490671351840976	348	1.26043400727684
"rs1708955"	0.490680058013705	348	1.11298327877345
"rs682403"	0.490702006239257	348	1.17499037932285
"rs1667266"	0.490711658193233	348	1.15408185669312
"rs143225"	0.490715763828739	348	0.89233125629745
"rs31930"	0.49073970652324	348	0.936894226928785
"rs1739330"	0.490775754825398	348	1.09159898730146
"rs1371491"	0.490781593359676	348	0.859661890883468
"rs301572"	0.490807032934796	348	0.785052776471855
"rs967444"	0.490818324815476	348	1.3443170352259
"rs1666063"	0.490826899215274	348	0.832245819036508
"rs302541"	0.490836018353168	348	0.852040073346043
"rs302542"	0.490836018353168	348	0.852040073346043
"rs302579"	0.490836018353168	348	0.852040073346043
"rs835369"	0.490838198605126	348	1.1855881079678
"rs912428"	0.490849668472113	348	1.1690393785471
"rs1004123"	0.490928298287753	348	1.18618867047667
"rs630252"	0.490934988143015	348	1.11507848438292
"rs302648"	0.490946709023993	348	0.85207618550607
"rs1167812"	0.490954382195571	348	0.91120429878335
"rs2159595"	0.490978976636735	348	1.12433408473172
"rs2159625"	0.490978976636735	348	1.12433408473172
"rs2159640"	0.490978976636735	348	1.12433408473172
"rs784981"	0.491005449954304	348	0.931154975325956
"rs2104049"	0.491065547282284	348	0.891546136474668
"rs63864"	0.491077777630777	348	1.19716254626086
"rs743678"	0.491094327531069	348	1.18697328795947
"rs986403"	0.491131768265649	348	1.13372179884119
"rs1547823"	0.491333126772649	348	0.867088957483077
"rs1742864"	0.491342653871655	348	0.839126682687234
"rs1742867"	0.491342653871655	348	0.839126682687234
"rs1742921"	0.491342653871655	348	0.839126682687234
"rs1742954"	0.491342653871655	348	0.839126682687234
"rs1807364"	0.49134717704604	348	0.859007970521903
"rs136007"	0.491366633910501	348	0.86964996271721
"rs1354481"	0.491400642849701	348	1.14857997236192
"rs1884147"	0.491406979933496	348	1.8346253102959
"rs1884153"	0.491406979933496	348	1.8346253102959
"rs1884159"	0.491406979933496	348	1.8346253102959
"rs1884162"	0.491406979933496	348	1.8346253102959
"rs1884165"	0.491406979933496	348	1.8346253102959
"rs1884168"	0.491406979933496	348	1.8346253102959
"rs1884170"	0.491406979933496	348	1.8346253102959
"rs1884171"	0.491406979933496	348	1.8346253102959
"rs1884178"	0.491406979933496	348	1.8346253102959
"rs1884183"	0.491406979933496	348	1.8346253102959
"rs1884186"	0.491406979933496	348	1.8346253102959
"rs1884189"	0.491406979933496	348	1.8346253102959
"rs1884198"	0.491406979933496	348	1.8346253102959
"rs1884207"	0.491406979933496	348	1.8346253102959
"rs1233592"	0.491449326630877	348	0.84709586088137
"rs1233622"	0.491449326630877	348	0.84709586088137
"rs1233794"	0.491449326630877	348	0.84709586088137
"rs1233851"	0.491449326630877	348	0.84709586088137
"rs1233854"	0.491449326630877	348	0.84709586088137
"rs1233908"	0.491449326630877	348	0.84709586088137
"rs1234136"	0.491449326630877	348	0.84709586088137
"rs1234151"	0.491449326630877	348	0.84709586088137
"rs1244975"	0.491449326630877	348	0.84709586088137
"rs1245077"	0.491449326630877	348	0.84709586088137
"rs1245239"	0.491449326630877	348	0.84709586088137
"rs1245318"	0.491449326630877	348	0.84709586088137
"rs1245538"	0.491449326630877	348	0.84709586088137
"rs1245865"	0.491449326630877	348	0.84709586088137
"rs1245889"	0.491449326630877	348	0.84709586088137
"rs1245891"	0.491449326630877	348	0.84709586088137
"rs1245919"	0.491449326630877	348	0.84709586088137
"rs1249487"	0.491449326630877	348	0.84709586088137
"rs1249547"	0.491449326630877	348	0.84709586088137
"rs1249586"	0.491449326630877	348	0.84709586088137
"rs1249598"	0.491449326630877	348	0.84709586088137
"rs1249700"	0.491449326630877	348	0.84709586088137
"rs1249703"	0.491449326630877	348	0.84709586088137
"rs1249943"	0.491449326630877	348	0.84709586088137
"rs1250093"	0.491449326630877	348	0.84709586088137
"rs1257423"	0.491449326630877	348	0.84709586088137
"rs1257490"	0.491449326630877	348	0.84709586088137
"rs1257494"	0.491449326630877	348	0.84709586088137
"rs1257527"	0.491449326630877	348	0.84709586088137
"rs1257647"	0.491449326630877	348	0.84709586088137
"rs1257737"	0.491449326630877	348	0.84709586088137
"rs1257746"	0.491449326630877	348	0.84709586088137
"rs1257782"	0.491449326630877	348	0.84709586088137
"rs1257815"	0.491449326630877	348	0.84709586088137
"rs1257864"	0.491449326630877	348	0.84709586088137
"rs1258043"	0.491449326630877	348	0.84709586088137
"rs1258160"	0.491449326630877	348	0.84709586088137
"rs1258174"	0.491449326630877	348	0.84709586088137
"rs1258294"	0.491449326630877	348	0.84709586088137
"rs1258300"	0.491449326630877	348	0.84709586088137
"rs1258702"	0.491449326630877	348	0.84709586088137
"rs1258795"	0.491449326630877	348	0.84709586088137
"rs1259002"	0.491449326630877	348	0.84709586088137
"rs1259071"	0.491449326630877	348	0.84709586088137
"rs1259677"	0.491449326630877	348	0.84709586088137
"rs1259689"	0.491449326630877	348	0.84709586088137
"rs1259743"	0.491449326630877	348	0.84709586088137
"rs1259965"	0.491449326630877	348	0.84709586088137
"rs1260025"	0.491449326630877	348	0.84709586088137
"rs1260112"	0.491449326630877	348	0.84709586088137
"rs1260127"	0.491449326630877	348	0.84709586088137
"rs1260205"	0.491449326630877	348	0.84709586088137
"rs1260208"	0.491449326630877	348	0.84709586088137
"rs1260316"	0.491449326630877	348	0.84709586088137
"rs1260382"	0.491449326630877	348	0.84709586088137
"rs1260574"	0.491449326630877	348	0.84709586088137
"rs1260871"	0.491449326630877	348	0.84709586088137
"rs1261207"	0.491449326630877	348	0.84709586088137
"rs1261303"	0.491449326630877	348	0.84709586088137
"rs1261357"	0.491449326630877	348	0.84709586088137
"rs1261386"	0.491449326630877	348	0.84709586088137
"rs1261462"	0.491449326630877	348	0.84709586088137
"rs1261519"	0.491449326630877	348	0.84709586088137
"rs1261826"	0.491449326630877	348	0.84709586088137
"rs1261848"	0.491449326630877	348	0.84709586088137
"rs1261880"	0.491449326630877	348	0.84709586088137
"rs1261970"	0.491449326630877	348	0.84709586088137
"rs1262046"	0.491449326630877	348	0.84709586088137
"rs1262052"	0.491449326630877	348	0.84709586088137
"rs1262076"	0.491449326630877	348	0.84709586088137
"rs1262176"	0.491449326630877	348	0.84709586088137
"rs1262221"	0.491449326630877	348	0.84709586088137
"rs1262308"	0.491449326630877	348	0.84709586088137
"rs1262413"	0.491449326630877	348	0.84709586088137
"rs1262418"	0.491449326630877	348	0.84709586088137
"rs1233484"	0.491449326630882	348	0.847095860881371
"rs318976"	0.491484110598055	348	0.581801706130006
"rs318985"	0.491484110598058	348	0.512522475325164
"rs318970"	0.491484110598071	348	0.51693854975172
"rs318973"	0.491484110598071	348	0.51693854975172
"rs319003"	0.491484110598071	348	0.51693854975172
"rs318988"	0.4914841105981	348	0.318733508323743
"rs812116"	0.491504176167319	348	1.10673558514149
"rs1039097"	0.491518328547971	348	1.13419233243496
"rs577432"	0.491542802580163	348	0.863755723057324
"rs577433"	0.491542802580163	348	0.863755723057324
"rs577437"	0.491542802580163	348	0.863755723057324
"rs1586541"	0.491576184909643	348	0.884820533436076
"rs1612930"	0.491581420567031	348	1.04061717260878
"rs520414"	0.49160738298454	348	0.83708521361575
"rs1620981"	0.491694733217597	348	0.826712938590566
"rs1938504"	0.491732917029732	348	0.591847596416209
"rs562351"	0.491739136521747	348	1.0669099806336
"rs2158892"	0.49180487200686	348	1.04271390384326
"rs287382"	0.491813826880094	348	0.906934141613274
"rs1609545"	0.491824195133128	348	1.14056054875711
"rs1071914"	0.491850539986622	348	1.45971875332103
"rs1478911"	0.491909525089442	348	0.890095203818731
"rs1479127"	0.491909525089442	348	0.890095203818731
"rs1479139"	0.491909525089442	348	0.890095203818731
"rs2159777"	0.491947955371315	348	1.12413446247123
"rs2159799"	0.491947955371315	348	1.12413446247123
"rs2159800"	0.491947955371315	348	1.12413446247123
"rs2159801"	0.491947955371315	348	1.12413446247123
"rs2159820"	0.491947955371315	348	1.12413446247123
"rs549608"	0.492011807957561	348	0.736861037660381
"rs989318"	0.492011807957561	348	0.736861037660381
"rs226194"	0.492011807957562	348	0.736861037660382
"rs550519"	0.492011807957562	348	0.736861037660382
"rs2085127"	0.492022622603412	348	0.888701540550643
"rs1151291"	0.49204090095928	348	1.11964341123573
"rs518438"	0.492097766256541	348	0.733319063886151
"rs518444"	0.492097766256541	348	0.733319063886151
"rs518447"	0.492097766256541	348	0.733319063886151
"rs518450"	0.492097766256541	348	0.733319063886151
"rs1633628"	0.492132812517725	348	0.837902266142042
"rs406830"	0.492139263131179	348	1.10697472422833
"rs406832"	0.492139263131179	348	1.10697472422833
"rs406857"	0.492139263131179	348	1.10697472422833
"rs1004198"	0.492178521885235	348	1.17475043188406
"rs1004204"	0.492178521885235	348	1.17475043188406
"rs2001677"	0.492222063951676	348	1.06776795057226
"rs1076889"	0.492252495973731	348	0.898636877270843
"rs438116"	0.492299674866521	348	1.03328399388436
"rs438119"	0.492299674866521	348	1.03328399388436
"rs438125"	0.492299674866521	348	1.03328399388436
"rs438127"	0.492299674866521	348	1.03328399388436
"rs438128"	0.492299674866521	348	1.03328399388436
"rs438134"	0.492299674866521	348	1.03328399388436
"rs438140"	0.492299674866521	348	1.03328399388436
"rs438141"	0.492299674866521	348	1.03328399388436
"rs438143"	0.492299674866521	348	1.03328399388436
"rs478470"	0.492329483707841	348	1.19692162131906
"rs1767186"	0.492333639300327	348	1.15681600755475
"rs424194"	0.492418265791208	348	0.887757414342051
"rs2111641"	0.492420408189916	348	1.09935540522342
"rs113473"	0.492443061710393	348	1.0718370262967
"rs2109010"	0.49244812251287	348	1.0709988818729
"rs1031229"	0.492515676230023	348	0.867365724796743
"rs1636212"	0.492594600039082	348	0.748602897384638
"rs1643315"	0.492594600039082	348	0.748602897384638
"rs857182"	0.492603951956139	348	1.16011962075887
"rs83995"	0.492633061054891	348	1.10963376430282
"rs1141519"	0.492659247255806	348	0.817146479289845
"rs1141599"	0.492659247255806	348	0.817146479289845
"rs855752"	0.492673804606045	348	0.910787905374437
"rs1819796"	0.492725386968315	348	0.842407950796711
"rs875762"	0.492742585921297	348	1.24333837549347
"rs500014"	0.49276933580644	348	1.201912679854
"rs1117886"	0.492821860779036	348	0.860366508080351
"rs2040096"	0.492841175848631	348	1.0718807913349
"rs226173"	0.492860913053644	348	0.852111836901291
"rs226176"	0.492860913053644	348	0.852111836901291
"rs494325"	0.492867934939367	348	1.27470997931526
"rs1159179"	0.492878116913918	348	0.89771528055203
"rs300431"	0.492916088987535	348	0.741325509570539
"rs1739641"	0.492955567442669	348	1.11962367626503
"rs2105672"	0.49295996040779	348	0.887183631015497
"rs1105641"	0.492961299423174	348	0.891607136585206
"rs47455"	0.492993643661877	348	0.918135855592688
"rs2010880"	0.493021100368659	348	0.859457118631998
"rs2010919"	0.493021100368659	348	0.859457118631998
"rs951121"	0.493023987542975	348	0.921016682691769
"rs1676100"	0.493043493740889	348	0.823943971584302
"rs1370002"	0.493075930696457	348	1.11600888116214
"rs453088"	0.493091940037413	348	0.704641795567161
"rs109403"	0.493099079033174	348	0.94764585777996
"rs997319"	0.493103970086032	348	1.16875549752318
"rs2059272"	0.493152959304397	348	0.836261602773694
"rs1879990"	0.493185362023622	348	0.961159062379746
"rs1702101"	0.493227446114933	348	1.15056395681497
"rs915427"	0.493260267547283	348	0.83509450973697
"rs189085"	0.493261311240266	348	0.863235405542222
"rs1121157"	0.493271118624374	348	0.799615427572356
"rs1880347"	0.493280133515103	348	1.24005160229165
"rs888693"	0.493295547771014	348	0.827772390753499
"rs302388"	0.49331288732697	348	0.852804326193344
"rs302397"	0.49331288732697	348	0.852804326193344
"rs302399"	0.49331288732697	348	0.852804326193344
"rs548087"	0.493313654062467	348	1.12182467552199
"rs1114538"	0.49334154990708	348	1.11053374773947
"rs1114541"	0.49334154990708	348	1.11053374773947
"rs113086"	0.4933440231747	348	0.941969202094587
"rs234344"	0.493356648568585	348	1.13537987945165
"rs841962"	0.493374344537006	348	0.887658880100016
"rs581074"	0.49338072048387	348	1.12371991024979
"rs912491"	0.493386121255689	348	1.18595617263736
"rs912499"	0.493386121255689	348	1.18595617263736
"rs912500"	0.493386121255689	348	1.18595617263736
"rs912501"	0.493386121255689	348	1.18595617263736
"rs324634"	0.493392113287506	348	1.25904016485342
"rs1600614"	0.493401516232521	348	1.16825815598733
"rs34113"	0.493404866825528	348	0.834224363856797
"rs496434"	0.493417775781496	348	0.831463868836558
"rs399209"	0.493421374174426	348	0.806036007257248
"rs1288023"	0.493450450618925	348	0.847718557682076
"rs1288211"	0.493450450618925	348	0.847718557682076
"rs1813986"	0.4934661794483	348	1.27516297920634
"rs509985"	0.493468568180929	348	1.12670651292976
"rs509991"	0.493468568180929	348	1.12670651292976
"rs509992"	0.493468568180929	348	1.12670651292976
"rs1369349"	0.49353392183407	348	1.11588074773054
"rs1369773"	0.49353392183407	348	1.11588074773054
"rs2062738"	0.493571854558859	348	0.866205607844853
"rs1653448"	0.4936436247154	348	0.863926056114503
"rs1205205"	0.493688303634787	348	0.913125663418575
"rs1359553"	0.493706906250696	348	1.17210702889108
"rs1376542"	0.493738701207948	348	0.836264946715628
"rs306246"	0.493742107146219	348	0.868117724170005
"rs1562092"	0.49374678168103	348	1.12584662163309
"rs1399309"	0.493773348438244	348	0.81839751144542
"rs1775488"	0.493773985557886	348	1.14946641805732
"rs1775757"	0.493773985557886	348	1.14946641805732
"rs1775873"	0.493773985557886	348	1.14946641805732
"rs1776035"	0.493773985557886	348	1.14946641805732
"rs366728"	0.493776493917236	348	0.867812813116549
"rs863672"	0.493811808832568	348	0.946223193050014
"rs1397601"	0.493858877283592	348	0.849032398046789
"rs73511"	0.493868357597954	348	0.857493102091393
"rs1349849"	0.493897026337982	348	0.885779299758221
"rs2004925"	0.493897554312546	348	0.881530114854354
"rs120823"	0.493939362422016	348	1.09650679258223
"rs120824"	0.493939362422016	348	1.09650679258223
"rs627229"	0.493970988062227	348	0.801347742720485
"rs2160225"	0.493978042220828	348	1.12556199644445
"rs838620"	0.493990605033688	348	0.885424164629987
"rs2141102"	0.494000790601156	348	1.19631001208181
"rs1296114"	0.494023280224779	348	0.945328067430048
"rs942679"	0.494025948748609	348	1.21333131916184
"rs42978"	0.494026940722225	348	0.926852045231757
"rs653556"	0.494043749911554	348	1.05640941898618
"rs562289"	0.494058556851286	348	0.904941139179528
"rs1416004"	0.494062426396512	348	0.881838837276041
"rs549069"	0.494126195908558	348	1.25795425428474
"rs1927657"	0.494131820975883	348	1.16711845064515
"rs627612"	0.494151095149708	348	0.809390361606691
"rs63357"	0.494155139995231	348	1.22579805580975
"rs919362"	0.494160209808939	348	0.851044355792486
"rs545847"	0.494165190134682	348	1.05624971782148
"rs278104"	0.494167681545929	348	0.855298988003226
"rs2021707"	0.494169144888597	348	0.863743273645176
"rs1778838"	0.494191007158931	348	1.13880805506854
"rs1778841"	0.494191007158931	348	1.13880805506854
"rs809519"	0.494196865807261	348	0.946468437027106
"rs883770"	0.494207214184338	348	0.824923895289434
"rs651263"	0.494215866488706	348	126.362127904011
"rs651346"	0.494215866488706	348	126.362127904011
"rs2193807"	0.494238841176279	348	1.15267817207567
"rs2193840"	0.494238841176279	348	1.15267817207567
"rs1064333"	0.494245118949905	348	1.03630512429392
"rs1134371"	0.494267500108886	348	1.15664343323862
"rs778549"	0.494321213420323	348	0.818388700116478
"rs1368884"	0.494344194592557	348	1.11556051461872
"rs552540"	0.494359243180417	348	0.64082093309006
"rs980229"	0.494374395167447	348	1.12250135195658
"rs1183680"	0.494385981294425	348	0.907856510807877
"rs487863"	0.494386272346994	348	0.751432706998052
"rs398711"	0.494409530872952	348	0.817936216038628
"rs1048813"	0.494421429183468	348	0.839929563945362
"rs1786861"	0.494556538573829	348	0.873969556063896
"rs774240"	0.494591490225597	348	0.802438631923519
"rs415992"	0.49460296339573	348	1.14458720098053
"rs415998"	0.49460296339573	348	1.14458720098053
"rs416001"	0.49460296339573	348	1.14458720098053
"rs416004"	0.49460296339573	348	1.14458720098053
"rs1392671"	0.494633244135386	348	0.848826941282514
"rs394265"	0.494646687647775	348	1.21176054237898
"rs1628090"	0.494736211850188	348	1.14493962312316
"rs1697915"	0.494749363710038	348	1.15530284574782
"rs81044"	0.494775542878111	348	0.876633423577129
"rs2145386"	0.494780568127252	348	1.24631505099629
"rs340532"	0.49485305301592	348	0.79440381971198
"rs840979"	0.494899548477684	348	0.676931234492099
"rs544967"	0.494900639460702	348	1.15682757059087
"rs544973"	0.494900639460702	348	1.15682757059087
"rs544982"	0.494900639460702	348	1.15682757059087
"rs1553075"	0.494901640821097	348	0.823503667053103
"rs2182366"	0.494904739926718	348	1.11752632533225
"rs376064"	0.494966325448571	348	1.15716634303405
"rs1961976"	0.495095889542516	348	0.869264967497739
"rs487353"	0.495135609320727	348	0.893289504352937
"rs76414"	0.495136971468635	348	0.846493333889172
"rs1907692"	0.495164300812601	348	1.10214041957461
"rs1815345"	0.495166665733143	348	0.877634136490241
"rs853442"	0.495194003708964	348	0.898137645195373
"rs819373"	0.495204500065594	348	1.19342031211722
"rs819375"	0.495204500065594	348	1.19342031211722
"rs129029"	0.495253781922245	348	1.16882554028374
"rs91943"	0.495275406778984	348	1.13190066335683
"rs391685"	0.495298910839119	348	1.31017851811031
"rs986257"	0.495327390303401	348	0.905727666928338
"rs592311"	0.495368075901355	348	1.15561440506781
"rs592333"	0.495368075901355	348	1.15561440506781
"rs231927"	0.49536910980422	348	0.894789519164725
"rs849072"	0.495379941888968	348	1.11557460089335
"rs146002"	0.49538973612601	348	1.08756879480133
"rs146014"	0.49538973612601	348	1.08756879480133
"rs278994"	0.495395651778669	348	1.28180419828764
"rs794471"	0.495396487315908	348	0.869294366173952
"rs471448"	0.495438599128942	348	1.13113855353178
"rs855742"	0.495470969545339	348	0.908735849391033
"rs1637291"	0.495516985465071	348	1.04620338649526
"rs730525"	0.495521345950615	348	0.870162714609411
"rs76988"	0.495531595582373	348	0.843050647475365
"rs471440"	0.495550575882388	348	1.12860790535074
"rs483956"	0.495595221985099	348	0.871472903273224
"rs1767868"	0.495603837508849	348	1.15611619823442
"rs1601624"	0.495608518551488	348	1.14589925703144
"rs1601625"	0.495608518551488	348	1.14589925703144
"rs1601626"	0.495608518551488	348	1.14589925703144
"rs1127362"	0.495614360547262	348	0.799391423434727
"rs1802468"	0.495628947034151	348	0.897421956568818
"rs305326"	0.495661619776507	348	0.939276713668781
"rs174975"	0.495682161255211	348	1.15443159164007
"rs2081278"	0.49570022100244	348	1.22652498584985
"rs1403140"	0.495731941104549	348	1.10267554013145
"rs1303318"	0.495738328661716	348	0.811067144496056
"rs175497"	0.49574076498602	348	0.886708662664567
"rs175482"	0.495740764986026	348	0.886708662664569
"rs277116"	0.495758465539389	348	1.09711036304286
"rs1104430"	0.495796205028684	348	1.15231901917464
"rs81485"	0.495832665008382	348	0.848873138475709
"rs1618332"	0.495841617380394	348	0.909068835868798
"rs212992"	0.495841629171899	348	1.20114680886431
"rs2099574"	0.495851785951778	348	0.882322118701911
"rs725490"	0.495870854436776	348	0.767965461968302
"rs156479"	0.495908145555728	348	0.922928759618495
"rs1331511"	0.495913424555733	348	0.888974820839656
"rs233334"	0.495921938745921	348	0.858790082199667
"rs1699165"	0.49602257453846	348	1.14738794351925
"rs2173916"	0.496032883505153	348	0.882988039139477
"rs1254222"	0.496056643273049	348	0.871458656272009
"rs2093829"	0.496063675360116	348	1.3101185699859
"rs817409"	0.496079728933281	348	0.890297702272731
"rs817421"	0.496079728933281	348	0.890297702272731
"rs817424"	0.496079728933281	348	0.890297702272731
"rs352944"	0.496085775277011	348	1.17351413082134
"rs353022"	0.496085775277011	348	1.17351413082134
"rs2084366"	0.49609516633514	348	0.782441885936342
"rs2084594"	0.49609516633514	348	0.782441885936342
"rs507984"	0.496109103443453	348	1.12344766238748
"rs508002"	0.496109103443453	348	1.12344766238748
"rs508005"	0.496109103443453	348	1.12344766238748
"rs508008"	0.496109103443453	348	1.12344766238748
"rs1700412"	0.496147508200611	348	1.1475510093044
"rs25558"	0.496196951792623	348	0.942872057610457
"rs1666874"	0.496199797750239	348	1.27071756278752
"rs1814508"	0.496205266135939	348	0.871179695200926
"rs1608714"	0.496232723228467	348	0.863381981942729
"rs1608730"	0.496232723228467	348	0.863381981942729
"rs1608734"	0.496232723228467	348	0.863381981942729
"rs1754416"	0.496278286386629	348	0.910342098105152
"rs1828303"	0.496368048843591	348	1.17876031346888
"rs550714"	0.496372941774881	348	0.879563082056735
"rs547279"	0.496400384135667	348	1.16384018795077
"rs547282"	0.496400384135667	348	1.16384018795077
"rs193365"	0.496417669327363	348	1.18042203921089
"rs1105341"	0.496433047686336	348	1.32094584941394
"rs2172582"	0.496454178485398	348	1.10454424936505
"rs473575"	0.496493784680706	348	0.853061205895989
"rs898474"	0.496557163998071	348	1.14991351709514
"rs1637448"	0.496567087057241	348	0.866486935820416
"rs1459825"	0.496572859768297	348	1.24337730529534
"rs1375430"	0.496583145099286	348	1.34640705862093
"rs1375454"	0.496583145099286	348	1.34640705862093
"rs1440306"	0.496590301597935	348	1.17844855154243
"rs278176"	0.496591155675021	348	0.881319909059463
"rs89858"	0.49659560473252	348	0.966216498763066
"rs1882734"	0.496598202802211	348	0.86388597152195
"rs1768063"	0.496688753568066	348	1.15604510962854
"rs1768637"	0.496688753568066	348	1.15604510962854
"rs1618518"	0.496705791604845	348	0.905961999476166
"rs1963028"	0.496745836310461	348	0.88227565232336
"rs538193"	0.496812579042629	348	0.870661471702855
"rs1405324"	0.49681681933052	348	0.855878340569098
"rs1579086"	0.496834368178169	348	0.887147820804775
"rs663349"	0.496864966630841	348	0.914459763815932
"rs466089"	0.496891836925773	348	0.862455318281151
"rs1678351"	0.49692162142245	348	0.887530153896103
"rs134016"	0.496943968525128	348	0.913543112736988
"rs987275"	0.496960543856281	348	0.898956107602647
"rs2159922"	0.496974792200506	348	1.12347263735946
"rs2128545"	0.496981957330772	348	0.857376951614335
"rs845565"	0.496994700571079	348	0.933939049192904
"rs1739788"	0.497018938396661	348	1.12194220852856
"rs130506"	0.497022906186697	348	1.12915736621898
"rs411576"	0.497038564065625	348	1.10491107105237
"rs1769154"	0.497038783867411	348	1.15779537087283
"rs1673892"	0.497052268118461	348	0.862852871077444
"rs414541"	0.497055994846824	348	0.888034244203539
"rs616068"	0.497084367303853	348	1.21228199562857
"rs2122180"	0.497086115412779	348	1.08829484998692
"rs278168"	0.497103960577903	348	0.864472773759108
"rs278189"	0.497103960577903	348	0.864472773759108
"rs278192"	0.497103960577903	348	0.864472773759108
"rs278193"	0.497103960577903	348	0.864472773759108
"rs278194"	0.497103960577903	348	0.864472773759108
"rs278195"	0.497103960577903	348	0.864472773759108
"rs1803403"	0.497146842538699	348	0.894293764753573
"rs126768"	0.497147848036544	348	1.1048328778584
"rs1052457"	0.497193175029769	348	1.19338304819893
"rs1881632"	0.497223008183688	348	0.885965643867165
"rs893785"	0.497276869010356	348	1.1536907742142
"rs1991442"	0.497284931310022	348	1.13944835903014
"rs596952"	0.497311908977898	348	0.887473751416504
"rs596970"	0.497311908977898	348	0.887473751416504
"rs912872"	0.49739351595986	348	0.861695249739429
"rs2122089"	0.497473137705908	348	0.917380912571952
"rs1018678"	0.497528569997667	348	0.866030928040339
"rs327031"	0.497550610265173	348	1.12174105947075
"rs675202"	0.497552222492811	348	1.19934140043558
"rs2168892"	0.497569968422233	348	1.07668376424312
"rs1489178"	0.497614557811589	348	0.936908112825829
"rs1749222"	0.497619654194697	348	0.846578043945977
"rs942997"	0.497645867439465	348	1.07273298523414
"rs816197"	0.497649711565453	348	0.889192692173201
"rs663507"	0.497658187219209	348	1.07187776886355
"rs2175666"	0.497706250898098	348	0.962364826618771
"rs1557425"	0.497716582685976	348	0.880996211421132
"rs623297"	0.497731251574713	348	1.72396849850205
"rs623626"	0.497731251574713	348	1.72396849850205
"rs758853"	0.497806180665877	348	1.14964650557122
"rs702089"	0.497817372656741	348	0.912947038297066
"rs702091"	0.497817372656741	348	0.912947038297066
"rs702093"	0.497817372656741	348	0.912947038297066
"rs116120"	0.497870689496855	348	0.915501649659065
"rs116193"	0.497870689496855	348	0.915501649659065
"rs267504"	0.497934394670921	348	1.17452990293527
"rs2048416"	0.497956316413773	348	1.21170506311836
"rs1388685"	0.497959574453603	348	1.24816450296317
"rs556316"	0.497974724084247	348	0.881474232905136
"rs1739264"	0.497982268449215	348	0.874694120755987
"rs347143"	0.498016848901021	348	0.869326784417696
"rs1658460"	0.49803333610956	348	1.19099614363999
"rs532889"	0.498045435200616	348	0.866762589493704
"rs532899"	0.498045435200616	348	0.866762589493704
"rs1562775"	0.498086441920779	348	0.88145757581542
"rs31630"	0.498111196077307	348	0.945101751494877
"rs1488479"	0.498143807753008	348	1.04799645431626
"rs1488482"	0.498143807753008	348	1.04799645431626
"rs939360"	0.498152902756939	348	1.22005513051243
"rs1687689"	0.498153079770231	348	0.817319729338273
"rs840010"	0.498154659634099	348	0.822674572636561
"rs1366157"	0.498166696131696	348	0.889021031839246
"rs1359048"	0.49821063658796	348	0.951461708223806
"rs1115887"	0.49821528246483	348	0.913146762682904
"rs93686"	0.498231698157531	348	1.10173669714514
"rs497258"	0.498253578931834	348	0.823872390306531
"rs497267"	0.498253578931834	348	0.823872390306531
"rs497270"	0.498253578931834	348	0.823872390306531
"rs497279"	0.498253578931834	348	0.823872390306531
"rs497294"	0.498253578931834	348	0.823872390306531
"rs1206519"	0.49827564361345	348	0.93014961286355
"rs228879"	0.49828463150864	348	0.856976123977114
"rs607403"	0.498295202270576	348	0.708426949854587
"rs1069085"	0.498295202270576	348	0.708426949854587
"rs801778"	0.498304608176786	348	1.44348637511199
"rs2057638"	0.498499252358409	348	0.822419879911748
"rs2057729"	0.498499252358409	348	0.822419879911748
"rs36184"	0.498543358547209	348	0.05993546718539
"rs36191"	0.498543358547209	348	0.05993546718539
"rs406397"	0.498553801109898	348	1.13186261210695
"rs1055270"	0.498584142145454	348	1.08856154683371
"rs2135003"	0.498605101472806	348	0.913546716379859
"rs496350"	0.498619254198657	348	0.834171101945304
"rs496380"	0.498619254198657	348	0.834171101945304
"rs1664346"	0.498640477623735	348	0.8123240662618
"rs267147"	0.498645409781964	348	1.11644248313085
"rs1896493"	0.498676794794178	348	0.867652701729638
"rs117916"	0.49871019337113	348	0.838397485065717
"rs362096"	0.498721868854557	348	1.12065395110659
"rs1123463"	0.498728413896573	348	1.20761266323658
"rs272815"	0.498752569745411	348	0.874767521586795
"rs272830"	0.498752569745411	348	0.874767521586795
"rs272833"	0.498752569745411	348	0.874767521586795
"rs740483"	0.498755925786284	348	1.1416925182712
"rs2063773"	0.498773066419345	348	0.697953160965499
"rs307140"	0.498779402465105	348	1.22410418752972
"rs307142"	0.498779402465105	348	1.22410418752972
"rs2071825"	0.498779786317976	348	1.16385122050055
"rs1073847"	0.498803190074572	348	1.13808537379218
"rs2009902"	0.498804096876282	348	1.1202403197054
"rs742476"	0.498811753003256	348	0.893302148942146
"rs742625"	0.498811753003256	348	0.893302148942146
"rs145080"	0.498812346419865	348	0.855217705575893
"rs1750652"	0.49881355849551	348	1.09443292917658
"rs341269"	0.498877394365504	348	1.11142620396733
"rs341288"	0.498877394365504	348	1.11142620396733
"rs341293"	0.498877394365504	348	1.11142620396733
"rs341311"	0.498877394365504	348	1.11142620396733
"rs1796157"	0.498888386677384	348	0.641857221076457
"rs474872"	0.498889991874828	348	1.21193920296333
"rs474944"	0.498889991874828	348	1.21193920296333
"rs1293029"	0.498926937733658	348	0.916151708323083
"rs815738"	0.498931921769425	348	1.18141647907616
"rs1103401"	0.498998049068949	348	0.696050797721931
"rs1103404"	0.498998049068949	348	0.696050797721931
"rs1103416"	0.498998049068949	348	0.696050797721931
"rs1103446"	0.498998049068949	348	0.696050797721931
"rs498868"	0.498999397882321	348	1.19923785765371
"rs498872"	0.498999397882321	348	1.19923785765371
"rs1793402"	0.499009641014703	348	0.879439147148945
"rs412850"	0.499053252735499	348	1.17725125847493
"rs956634"	0.499062541068491	348	0.841757453274933
"rs956981"	0.499062541068491	348	0.841757453274933
"rs977968"	0.499062541068491	348	0.841757453274933
"rs978522"	0.499062541068491	348	0.841757453274933
"rs994674"	0.499062541068491	348	0.841757453274933
"rs1780510"	0.499062541068491	348	0.841757453274933
"rs986293"	0.499095549321052	348	1.10563109940358
"rs418744"	0.499101816258879	348	0.873803241700633
"rs1127951"	0.499113809681423	348	1.09602192476323
"rs278092"	0.499252745623172	348	0.882060170716525
"rs835406"	0.499271324628772	348	0.934315865209769
"rs1735101"	0.499273149477105	348	1.14019121887745
"rs628579"	0.499279450136584	348	0.840513496384874
"rs921885"	0.499323825493125	348	1.15595039123465
"rs786110"	0.49934968328029	348	1.1440284160609
"rs123748"	0.499369957567847	348	1.19226326289838
"rs928830"	0.499390332508982	348	0.910004196087403
"rs915325"	0.499396017317956	348	0.833741426194181
"rs1117904"	0.499443744534687	348	1.13149698801621
"rs1893285"	0.499461827003121	348	1.12296652642339
"rs590771"	0.499470970419656	348	1.15580240356425
"rs461063"	0.499519006129243	348	1.0995369469991
"rs2094976"	0.499526002694285	348	0.903038960977221
"rs308441"	0.499562997872273	348	1.23378022595868
"rs1734117"	0.499574818359765	348	1.07303950852481
"rs223475"	0.49960055579082	348	0.821678626491284
"rs266905"	0.499622583741954	348	1.36478782794844
"rs1329374"	0.499622583741955	348	1.36478782794844
"rs428939"	0.499701226293118	348	0.878030231201522
"rs428945"	0.499701226293154	348	1.13891294908099
"rs1114012"	0.499702079517209	348	1.04477215217068
"rs1532560"	0.499705713390666	348	0.873549966221928
"rs816388"	0.499736034550188	348	1.09430557657115
"rs1963354"	0.499797824960343	348	0.879362248152082
"rs340508"	0.499823117183442	348	1.14428202788042
"rs908422"	0.499833345489725	348	0.88957507448363
"rs1790436"	0.499843537022735	348	1.10027130024229
"rs435212"	0.499877371232088	348	0.880962371239773
"rs492515"	0.499913086046657	348	0.855134066591536
"rs2105066"	0.4999486884645	348	1.14915766867383
"rs835459"	0.499965971633858	348	1.16929624616254
"rs1321806"	0.500013983371514	348	0.881579976536288
"rs483454"	0.500016626906136	348	0.781952481716739
"rs326800"	0.500043179209467	348	0.857758900752156
"rs2180630"	0.500054113192062	348	0.917907818976603
"rs2180658"	0.500054113192062	348	0.917907818976603
"rs2180673"	0.500054113192062	348	0.917907818976603
"rs1734126"	0.500055842146473	348	1.08109954053339
"rs1608923"	0.500070603726388	348	1.34342548049058
"rs1609043"	0.500070603726388	348	1.34342548049058
"rs1609046"	0.500070603726388	348	1.34342548049058
"rs1609047"	0.500070603726388	348	1.34342548049058
"rs1609048"	0.500070603726388	348	1.34342548049058
"rs179435"	0.500112711194274	348	1.11717452479244
"rs714238"	0.500140776562406	348	1.19755016649588
"rs1535314"	0.500186020930112	348	1.11153610183228
"rs2003757"	0.500220719985399	348	1.30768218634579
"rs1352934"	0.500252509198186	348	0.861109440501076
"rs1693782"	0.500260325819429	348	0.878669410029075
"rs1695833"	0.500260474811982	348	1.12364883454501
"rs329527"	0.50028449558137	348	1.11871670740163
"rs326620"	0.500290398831442	348	0.888591661597618
"rs885593"	0.500334762676095	348	1.1371783011561
"rs1577261"	0.500386447524123	348	1.12235142189871
"rs1803206"	0.500417384435519	348	1.19612746857183
"rs182091"	0.500428923253906	348	1.20259782635143
"rs2057559"	0.500440329414671	348	1.10051820729589
"rs364068"	0.50048476894822	348	1.12074798363096
"rs569971"	0.500528120278717	348	1.14023039698816
"rs1804203"	0.500569509214159	348	1.1447819629046
"rs485848"	0.500589410190136	348	0.8804484885478
"rs485860"	0.500589410190136	348	0.8804484885478
"rs485887"	0.500589410190136	348	0.8804484885478
"rs485893"	0.500589410190136	348	0.8804484885478
"rs483856"	0.500590379333032	348	0.873257487448728
"rs483861"	0.500590379333032	348	0.873257487448728
"rs1881107"	0.500593525553022	348	0.817736412611847
"rs1474350"	0.500607197830144	348	0.87256266388702
"rs797386"	0.500653189417682	348	1.27413613668271
"rs1293735"	0.500656047574773	348	0.910083332738368
"rs215704"	0.500743568454894	348	1.14703638383765
"rs305373"	0.500749564705118	348	1.18731096952863
"rs943411"	0.500774200444741	348	1.14045579238477
"rs272485"	0.500778153275161	348	0.879486441508136
"rs272596"	0.500778153275161	348	0.879486441508136
"rs272605"	0.500778153275161	348	0.879486441508136
"rs272704"	0.500778153275161	348	0.879486441508136
"rs939068"	0.50084166909695	348	1.17156275957076
"rs2117933"	0.500851146450163	348	1.26184956388646
"rs1379306"	0.500874314527556	348	1.22517881749208
"rs904705"	0.500883477284329	348	1.13055245671915
"rs1774516"	0.500897760262146	348	0.887461955604432
"rs1774538"	0.500897760262146	348	0.887461955604432
"rs1774540"	0.500897760262146	348	0.887461955604432
"rs1774541"	0.500897760262146	348	0.887461955604432
"rs1446847"	0.500947703854019	348	1.10975223826236
"rs1085183"	0.500948905947718	348	1.09895147132888
"rs1085254"	0.500948905947727	348	1.09895147132887
"rs1157183"	0.500956161103917	348	1.1375463015898
"rs669440"	0.500961602155413	348	0.727022939844995
"rs860682"	0.500961602155413	348	0.727022939844995
"rs1321620"	0.500972133118786	348	0.857737385237536
"rs215893"	0.500993240286431	348	0.900895264407686
"rs1749113"	0.501010937270823	348	0.847856718730467
"rs744303"	0.501021401329126	348	1.12945015329621
"rs744309"	0.501021401329126	348	1.12945015329621
"rs1655307"	0.501034538521353	348	0.826867895450202
"rs726102"	0.501037939765257	348	0.861741795978344
"rs726297"	0.501037939765257	348	0.861741795978344
"rs116212"	0.501072640370889	348	0.915892645976011
"rs226453"	0.501077806516789	348	0.93281671434178
"rs326680"	0.501108592408644	348	0.87781460543971
"rs927020"	0.501121769843568	348	0.810711277965473
"rs406896"	0.501124941775618	348	1.10802231053932
"rs1706015"	0.501237413584481	348	1.12436730452263
"rs1186448"	0.50124654809952	348	0.905607323397968
"rs552580"	0.501256853054573	348	1.23883748140709
"rs2026098"	0.501295692368709	348	1.1849241750319
"rs1916330"	0.501308879733941	348	1.10070003696051
"rs2005636"	0.501318110724037	348	1.20112043831749
"rs1447448"	0.501365281173505	348	0.64079661477352
"rs916982"	0.501382788044614	348	0.763772980458293
"rs305416"	0.501390997126462	348	1.18009257326952
"rs540083"	0.501391590662552	348	1.1146953198483
"rs1719451"	0.501469571895416	348	1.11244817509805
"rs81656"	0.501475634690369	348	1.07969612812614
"rs1035714"	0.501486836855388	348	1.11694533741326
"rs1336171"	0.50151270685065	348	0.789284023403875
"rs1634675"	0.501529993699027	348	0.847548763921319
"rs1634795"	0.501529993699027	348	0.847548763921319
"rs1634807"	0.501529993699027	348	0.847548763921319
"rs1634825"	0.501529993699027	348	0.847548763921319
"rs1634882"	0.501529993699027	348	0.847548763921319
"rs1634885"	0.501529993699027	348	0.847548763921319
"rs1634912"	0.501529993699027	348	0.847548763921319
"rs1635032"	0.501529993699027	348	0.847548763921319
"rs1635080"	0.501529993699027	348	0.847548763921319
"rs1635116"	0.501529993699027	348	0.847548763921319
"rs1635098"	0.501529993699036	348	0.847548763921321
"rs1014836"	0.501531396440653	348	0.778231979167791
"rs1305595"	0.501549689034338	348	1.14688719267634
"rs1964195"	0.501583216599709	348	0.83679262267194
"rs1335201"	0.50159560360335	348	0.891050955089046
"rs1473240"	0.501606268120736	348	0.87170161785958
"rs1828105"	0.501625398794581	348	1.17651480182405
"rs1432982"	0.501627209351731	348	1.15028320959327
"rs1432983"	0.501627209351731	348	1.15028320959327
"rs1154472"	0.501681059840177	348	1.1091875720802
"rs936704"	0.501711008525316	348	0.871284486357951
"rs364885"	0.501743132680998	348	0.895413406714064
"rs364924"	0.501743132680998	348	0.895413406714064
"rs364936"	0.501743132680998	348	0.895413406714064
"rs500435"	0.501743740835992	348	0.896915742646866
"rs380886"	0.501758494321193	348	1.2008728096163
"rs1742597"	0.501790711643501	348	1.19828618504819
"rs2163263"	0.501809429061154	348	1.08796077786162
"rs809857"	0.501850573786544	348	0.613445698734974
"rs226050"	0.50185596972873	348	0.856610863080331
"rs212758"	0.501876013973547	348	1.21395507249222
"rs212789"	0.501876013973547	348	1.21395507249222
"rs359099"	0.501920549935464	348	1.15645726104326
"rs996432"	0.50193236733119	348	0.643352303295479
"rs25684"	0.501939396575412	348	0.943518494439624
"rs544095"	0.502042259528215	348	0.82763137375271
"rs1143027"	0.502067438477992	348	1.13932403815853
"rs583902"	0.502081930647792	348	0.898057630213242
"rs146869"	0.502086601564208	348	0.866334120537515
"rs123163"	0.502101652659019	348	0.769632270104455
"rs2009121"	0.502112210195078	348	0.773472841161506
"rs1816933"	0.502117195444773	348	0.823802101780759
"rs1316702"	0.502147545135274	348	0.868631882819177
"rs200377"	0.50220325428304	348	1.11726771650785
"rs262873"	0.502208005898509	348	0.90686941105568
"rs1618595"	0.502214381718507	348	0.908377076780685
"rs845077"	0.502225106817862	348	0.957714503756219
"rs561499"	0.502255348356853	348	1.10730208412937
"rs307599"	0.502297886277203	348	1.16095141546719
"rs307611"	0.502297886277203	348	1.16095141546719
"rs307941"	0.502297886277203	348	1.16095141546719
"rs1774278"	0.502318089585291	348	1.10474933299888
"rs1288418"	0.50233054955788	348	0.630744224421516
"rs1288433"	0.50233054955788	348	0.630744224421516
"rs1369918"	0.502389581348312	348	1.11754592449432
"rs1884285"	0.502395193374999	348	0.773410402158041
"rs639012"	0.50239889605825	348	1.1278975453219
"rs1205155"	0.502409926623299	348	0.910972376257304
"rs212768"	0.502421535177242	348	1.21354616101063
"rs1381878"	0.502431700407376	348	1.15472292963761
"rs831382"	0.50244283048378	348	0.836851725189033
"rs2218178"	0.502457718090686	348	1.20299842133754
"rs2052325"	0.502463877091536	348	1.12728872151183
"rs1654094"	0.50246786289321	348	1.148088384903
"rs302783"	0.502483999163425	348	0.85572666951449
"rs597006"	0.502514411921821	348	0.663487696191748
"rs181843"	0.502534690132013	348	1.13262030086044
"rs181871"	0.502534690132013	348	1.13262030086044
"rs181873"	0.502534690132013	348	1.13262030086044
"rs211743"	0.502544640686856	348	1.14240642977208
"rs858336"	0.502556042858679	348	0.621784139881005
"rs858337"	0.502556042858679	348	0.621784139881005
"rs1805518"	0.502616367508889	348	0.878171399443247
"rs180985"	0.502621314578283	348	0.94553000058191
"rs1325468"	0.502648400383651	348	0.814875869390845
"rs1325485"	0.502648400383651	348	0.814875869390845
"rs1325486"	0.502648400383651	348	0.814875869390845
"rs1945116"	0.502713949552709	348	0.7752672384
"rs1945164"	0.502713949552709	348	0.7752672384
"rs1945173"	0.502713949552709	348	0.7752672384
"rs1945188"	0.502713949552709	348	0.7752672384
"rs1945230"	0.502713949552709	348	0.7752672384
"rs1945167"	0.502713949552714	348	0.775267238400002
"rs1945233"	0.502713949552714	348	0.775267238400002
"rs81712"	0.502817805800814	348	1.07330421019624
"rs994859"	0.502821491629471	348	0.828702115057603
"rs994869"	0.502821491629471	348	0.828702115057603
"rs994871"	0.502821491629471	348	0.828702115057603
"rs994880"	0.502821491629471	348	0.828702115057603
"rs1035712"	0.502825020308807	348	1.11660025865004
"rs1035713"	0.502825020308807	348	1.11660025865004
"rs1288434"	0.502833600360895	348	0.887159714562512
"rs1288474"	0.502833600360895	348	0.887159714562512
"rs247667"	0.502838016857092	348	1.21733888112876
"rs1154632"	0.502851074815711	348	1.10888060551531
"rs2046507"	0.50289685087468	348	0.865465165742221
"rs1563108"	0.502914824044049	348	0.897638749007544
"rs797739"	0.502974775151417	348	0.882152429524788
"rs1978787"	0.50299093502611	348	1.10358915720685
"rs1822640"	0.503012028381108	348	1.14661899730841
"rs745540"	0.503015799305078	348	1.09736880599666
"rs1068791"	0.503018511010134	348	1.30446679501689
"rs873154"	0.503065870584333	348	1.2160483649658
"rs1125104"	0.503087962864499	348	1.12563985667937
"rs224219"	0.503091002537666	348	0.822878528857368
"rs1988683"	0.503097502123686	348	0.870350759042635
"rs1703403"	0.503104479375689	348	1.12371593175595
"rs1768343"	0.503136268434716	348	1.15164263614332
"rs1769089"	0.503136268434716	348	1.15164263614332
"rs575702"	0.503144097779261	348	1.1361991446306
"rs1669055"	0.503145859595684	348	1.28224406549837
"rs226376"	0.503148744422977	348	1.05953188219046
"rs84888"	0.50315565510037	348	1.10854917676815
"rs1536276"	0.503160765631627	348	0.894059357996659
"rs302786"	0.503184134772357	348	0.855951308652585
"rs302789"	0.503184134772357	348	0.855951308652585
"rs610197"	0.503185548761905	348	1.13938898430964
"rs764723"	0.503201894657501	348	1.05124713212673
"rs1382339"	0.503259841694951	348	1.13358780853934
"rs1382342"	0.503259841694951	348	1.13358780853934
"rs1463133"	0.503316194936277	348	1.08227254749672
"rs602466"	0.503340610274873	348	1.1420459073999
"rs597029"	0.503394245238628	348	0.614045789973849
"rs597037"	0.503394245238628	348	0.614045789973849
"rs597038"	0.503394245238628	348	0.614045789973849
"rs597042"	0.503394245238628	348	0.614045789973849
"rs1949696"	0.503394245238628	348	0.614045789973849
"rs101677"	0.503397212488179	348	1.13829679859844
"rs1351849"	0.503488445148809	348	1.13574978129889
"rs1814882"	0.50348910450329	348	0.873944519646402
"rs259072"	0.503538924257673	348	1.11965186567957
"rs580704"	0.503620007050948	348	1.15415323701548
"rs984768"	0.503620767066957	348	0.868560639526782
"rs1965410"	0.503652092126594	348	0.80748745209429
"rs1533846"	0.503684172763475	348	0.878648046600664
"rs209745"	0.50368905769913	348	0.888047571315389
"rs209747"	0.50368905769913	348	0.888047571315389
"rs672160"	0.503691131145947	348	0.874014739352432
"rs1117131"	0.503695785294793	348	1.17978069688448
"rs1117184"	0.503695785294793	348	1.17978069688448
"rs1117191"	0.503695785294793	348	1.17978069688448
"rs467716"	0.503720678742186	348	1.14813916016191
"rs855791"	0.503736997988263	348	0.907112917086195
"rs855838"	0.503736997988263	348	0.907112917086195
"rs1106574"	0.503753522382402	348	0.888273937534065
"rs217220"	0.503761962915616	348	1.11164491305765
"rs1848327"	0.503774360274877	348	0.825859369620082
"rs880401"	0.503811638057583	348	0.86549318445232
"rs366198"	0.503881918016901	348	1.05228267271929
"rs133574"	0.503885578949356	348	1.06970391536886
"rs874919"	0.503944978819184	348	0.889418560681856
"rs875005"	0.503944978819184	348	0.889418560681856
"rs553246"	0.503964973831168	348	0.876151975813134
"rs553252"	0.503964973831168	348	0.876151975813134
"rs331547"	0.504017937203792	348	0.873805515177299
"rs558072"	0.504027504640094	348	0.878710516428384
"rs1296207"	0.504060760562359	348	0.945667157680845
"rs534030"	0.504091317105578	348	1.11532631860182
"rs397017"	0.504123319599749	348	1.16992427395255
"rs912305"	0.504134142313058	348	1.12088271359917
"rs1015625"	0.504188211933689	348	0.836919732068153
"rs839789"	0.504248002713912	348	1.13905174748167
"rs1360335"	0.504256678959526	348	0.940130278132279
"rs1707063"	0.504260689134681	348	1.12188756368206
"rs1131501"	0.504263152627977	348	1.19815330420761
"rs1733753"	0.504316897224463	348	1.06498221237097
"rs1823622"	0.504332078413658	348	0.854674184481849
"rs1823524"	0.504332078413664	348	0.85467418448185
"rs1823564"	0.504332078413664	348	0.85467418448185
"rs1823586"	0.504332078413664	348	0.85467418448185
"rs1823604"	0.504332078413664	348	0.85467418448185
"rs1823616"	0.504332078413664	348	0.85467418448185
"rs1823630"	0.504332078413664	348	0.85467418448185
"rs1823631"	0.504332078413664	348	0.85467418448185
"rs1823637"	0.504332078413664	348	0.85467418448185
"rs1823643"	0.504332078413664	348	0.85467418448185
"rs1823670"	0.504332078413664	348	0.85467418448185
"rs1823673"	0.504332078413664	348	0.85467418448185
"rs1823682"	0.504332078413664	348	0.85467418448185
"rs1823703"	0.504332078413664	348	0.85467418448185
"rs1823706"	0.504332078413664	348	0.85467418448185
"rs1823739"	0.504332078413664	348	0.85467418448185
"rs1823790"	0.504332078413664	348	0.85467418448185
"rs1823813"	0.504332078413664	348	0.85467418448185
"rs2112004"	0.504338371832867	348	0.917771981521465
"rs253619"	0.50435623487015	348	0.903981550073528
"rs565872"	0.50439088301572	348	0.931441805043575
"rs1737915"	0.504433414092901	348	1.09383904463455
"rs170594"	0.504436990887371	348	0.709826266550143
"rs1361569"	0.504436990887371	348	0.709826266550143
"rs1895299"	0.504508274025946	348	0.887349157963149
"rs1674000"	0.504572699875294	348	0.852151353800523
"rs1337563"	0.504659441022108	348	1.13115057526945
"rs1471158"	0.504719151125868	348	1.26239095833809
"rs302516"	0.504827747876288	348	0.856743328040512
"rs792977"	0.504911585996881	348	0.92835432409894
"rs754208"	0.504913930471422	348	0.859748167437572
"rs182654"	0.504930255602572	348	1.2238450044622
"rs1369774"	0.504960680774897	348	1.11238921556454
"rs2121925"	0.505005508889822	348	0.922638076072625
"rs1167923"	0.505036759096021	348	0.8665239841504
"rs1826204"	0.505074714736889	348	1.13424740213093
"rs1783258"	0.505087386051436	348	0.909151044776591
"rs1783261"	0.505087386051436	348	0.909151044776591
"rs2008126"	0.505117279189855	348	0.659788738380469
"rs2008129"	0.505117279189855	348	0.659788738380469
"rs545120"	0.505138168849937	348	0.884431203791097
"rs545132"	0.505138168849937	348	0.884431203791097
"rs1963741"	0.50526473585093	348	1.28499871200434
"rs1779408"	0.505264861533635	348	0.911951825571612
"rs376597"	0.505286448165333	348	0.880754723579167
"rs2159069"	0.505305818150697	348	1.11537698479761
"rs2159147"	0.505305818150697	348	1.11537698479761
"rs1070556"	0.505357741858524	348	0.866981880714182
"rs1070557"	0.505357741858524	348	0.866981880714182
"rs1070614"	0.505357741858524	348	0.866981880714182
"rs1963363"	0.505359421458056	348	1.11527777490636
"rs368996"	0.505397725817998	348	1.14189849366734
"rs292473"	0.505464719432157	348	1.02906880806628
"rs597156"	0.50547995371622	348	1.12015550651165
"rs113032"	0.505510257234001	348	1.11767626725664
"rs694961"	0.50553498251136	348	0.883010026743143
"rs1351447"	0.505539002476941	348	0.617809971964367
"rs1826481"	0.505589172567843	348	1.16317591117273
"rs528564"	0.505636749176544	348	1.19441745012189
"rs366884"	0.505642944648337	348	1.14545144027682
"rs869600"	0.505652044752711	348	0.878612544993273
"rs1586707"	0.505661476681823	348	0.848045929674524
"rs1586736"	0.505661476681823	348	0.848045929674524
"rs1586753"	0.505661476681823	348	0.848045929674524
"rs1586759"	0.505661476681823	348	0.848045929674524
"rs1586891"	0.505661476681823	348	0.848045929674524
"rs1293230"	0.505669633799971	348	0.865709253948779
"rs1293471"	0.505669633799971	348	0.865709253948779
"rs1293822"	0.505669633799971	348	0.865709253948779
"rs1293870"	0.505669633799971	348	0.865709253948779
"rs1293877"	0.505669633799971	348	0.865709253948779
"rs1293923"	0.505669633799971	348	0.865709253948779
"rs1293960"	0.505669633799971	348	0.865709253948779
"rs1482181"	0.505671719330087	348	0.88981415900894
"rs526281"	0.505681625244723	348	1.18090405695309
"rs527386"	0.505691334464526	348	1.13864369259213
"rs1064036"	0.505691403701847	348	0.888986080686891
"rs120748"	0.505691655296837	348	0.932899578341777
"rs1563258"	0.505723991065562	348	1.22867190778219
"rs1563261"	0.505723991065562	348	1.22867190778219
"rs1035843"	0.505738336549449	348	0.901270259554586
"rs1412888"	0.505743138997399	348	1.1469434237761
"rs1461785"	0.505787058709391	348	1.21289481866062
"rs1461812"	0.505787058709391	348	1.21289481866062
"rs1462144"	0.505787058709391	348	1.21289481866062
"rs1462180"	0.505787058709391	348	1.21289481866062
"rs1766135"	0.505794094578542	348	1.12386576051231
"rs673599"	0.505817498363282	348	0.602663830358577
"rs1698983"	0.505831590673447	348	0.881092069635394
"rs1103545"	0.505832064269129	348	1.31587284151601
"rs1103557"	0.505832064269129	348	1.31587284151601
"rs570266"	0.505857005953154	348	1.14865369609662
"rs570277"	0.505857005953154	348	1.14865369609662
"rs623233"	0.505872599644286	348	1.14803672963957
"rs623234"	0.505872599644286	348	1.14803672963957
"rs1349241"	0.505948818815101	348	1.18941299671114
"rs81713"	0.505954630514421	348	1.07490890898773
"rs81724"	0.505954630514421	348	1.07490890898773
"rs81727"	0.505954630514421	348	1.07490890898773
"rs81734"	0.505954630514421	348	1.07490890898773
"rs81737"	0.505954630514421	348	1.07490890898773
"rs81742"	0.505954630514421	348	1.07490890898773
"rs81745"	0.505954630514421	348	1.07490890898773
"rs1687687"	0.505958012730213	348	0.821462136546358
"rs724210"	0.506024562712336	348	0.715430893965145
"rs472544"	0.506049855767616	348	1.11670993540673
"rs702083"	0.506054325955126	348	0.920001887469939
"rs533604"	0.506076259102671	348	0.842803795567251
"rs159169"	0.506088648966441	348	0.868315213565167
"rs1744108"	0.506095085582833	348	1.15067029176799
"rs1140382"	0.506129367284792	348	1.24523068151146
"rs1687676"	0.506131070157388	348	0.821524763407959
"rs1171992"	0.506146237363874	348	1.10035879076294
"rs810258"	0.506192499409909	348	0.884410849697631
"rs810259"	0.506192499409909	348	0.884410849697631
"rs810443"	0.506192499409909	348	0.884410849697631
"rs1113988"	0.506200920894211	348	1.10613036721481
"rs1578764"	0.506204803960562	348	0.886608679817779
"rs776679"	0.506289510892612	348	0.879797689297338
"rs253307"	0.506307682612157	348	1.14738115306639
"rs1964282"	0.506436317013113	348	0.859316281485772
"rs65022"	0.506463203475319	348	0.926036840714516
"rs1103775"	0.506539465625209	348	1.36458633900003
"rs1663309"	0.506539465625213	348	1.36458633900003
"rs650629"	0.506588184086538	348	0.64624123855832
"rs100256"	0.506589669058447	348	1.04239785330405
"rs1749167"	0.50660135570568	348	0.849062562939953
"rs2146640"	0.506618823237544	348	1.30395463189964
"rs893236"	0.506643930541074	348	0.808367834423804
"rs893505"	0.506643930541074	348	0.808367834423804
"rs1077631"	0.506721065741765	348	1.17248735273098
"rs812813"	0.506725664944265	348	1.1016172344786
"rs188008"	0.506748553688467	348	1.14575325435366
"rs220284"	0.506763988186197	348	1.11067098381865
"rs410635"	0.506775203343403	348	0.804462712214293
"rs988982"	0.506801371695385	348	1.15731314891732
"rs988994"	0.506801371695385	348	1.15731314891732
"rs922680"	0.506841632219438	348	1.12146214700107
"rs922682"	0.506841632219438	348	1.12146214700107
"rs869304"	0.506872879822353	348	1.12895394035006
"rs2146538"	0.506885742177381	348	1.30674251114255
"rs1467252"	0.506906230985147	348	1.21204186285848
"rs1467274"	0.506906230985147	348	1.21204186285848
"rs1467295"	0.506906230985147	348	1.21204186285848
"rs1577390"	0.506927134608626	348	0.877308451273968
"rs683069"	0.506947476847978	348	0.715752568841269
"rs859972"	0.506972416260977	348	0.845177093741867
"rs1907670"	0.50705022588255	348	0.784149698944082
"rs2146764"	0.507058732260869	348	1.09441912886014
"rs631087"	0.507076670664255	348	0.869727666906858
"rs1737378"	0.507112854525081	348	0.895178158075381
"rs922413"	0.507131919453593	348	1.16978435433763
"rs722541"	0.507149076241226	348	1.07356407607298
"rs1207050"	0.507149263251397	348	0.923837483708594
"rs2000035"	0.507187962020912	348	1.21498243122209
"rs1779342"	0.507200080923411	348	1.14216957950957
"rs1472934"	0.507248048812944	348	1.2628375709835
"rs139178"	0.507254553661569	348	0.830491459280281
"rs175234"	0.50726249616338	348	0.868658280436453
"rs1294592"	0.507277001502382	348	0.848609259499884
"rs142797"	0.507282347826731	348	1.13398963265534
"rs46573"	0.507317362602481	348	1.10403593052961
"rs1533831"	0.507323746908525	348	0.879881124329952
"rs146094"	0.507361301333718	348	1.09679033808697
"rs146096"	0.507361301333718	348	1.09679033808697
"rs837874"	0.507365995721072	348	1.19399886823801
"rs838409"	0.507365995721072	348	1.19399886823801
"rs1790231"	0.50737270256581	348	1.10008570862317
"rs1790238"	0.50737270256581	348	1.10008570862317
"rs873181"	0.507422566388165	348	1.1529971631963
"rs1986893"	0.507424782986277	348	0.888875210121007
"rs719918"	0.507430994432348	348	0.874528770408653
"rs763341"	0.507457751134161	348	1.06354420351748
"rs307596"	0.507475329044619	348	0.872885106456289
"rs307683"	0.507475329044619	348	0.872885106456289
"rs307869"	0.507475329044619	348	0.872885106456289
"rs1876412"	0.507485050026815	348	0.775762402192001
"rs1876426"	0.507485050026815	348	0.775762402192001
"rs257089"	0.507557272524467	348	0.643628111261486
"rs30007"	0.507558576838082	348	1.19269736130214
"rs893612"	0.507591847128972	348	0.794396100504271
"rs1676028"	0.507596586219494	348	0.850737017202337
"rs1633397"	0.507635961553646	348	0.862116183318703
"rs2152929"	0.507647092059384	348	1.093367715251
"rs972223"	0.507664696248731	348	0.963989917469551
"rs266916"	0.507666031190202	348	1.16611770389262
"rs1983521"	0.507698241440886	348	0.908353181376166
"rs1106295"	0.507712643484403	348	0.869759038170828
"rs345664"	0.507718761805177	348	0.781467799708338
"rs874273"	0.507730167116524	348	1.19721893406751
"rs429103"	0.50773124556774	348	0.8503180567249
"rs429104"	0.50773124556774	348	0.8503180567249
"rs842666"	0.507766356707171	348	0.887996393649287
"rs417092"	0.507789814212718	348	1.13868876369568
"rs702275"	0.507795412893496	348	0.892419488724613
"rs702278"	0.507795412893496	348	0.892419488724613
"rs261001"	0.507797006929225	348	1.69984882056373
"rs50479"	0.507856819737463	348	0.87294655610574
"rs431542"	0.507857295515558	348	0.852434923572009
"rs396384"	0.507865559872829	348	0.842772219540829
"rs787766"	0.507865642370151	348	0.880912514615077
"rs357112"	0.507877301882585	348	1.16505258629583
"rs1609362"	0.507918556953005	348	1.19338718290785
"rs1609374"	0.507918556953005	348	1.19338718290785
"rs1609435"	0.507918556953005	348	1.19338718290785
"rs1609506"	0.507918556953005	348	1.19338718290785
"rs1609559"	0.507918556953005	348	1.19338718290785
"rs1609563"	0.507918556953005	348	1.19338718290785
"rs306639"	0.507937410098452	348	0.87295426699229
"rs1809726"	0.507944956743796	348	0.74801074029964
"rs2101829"	0.507972093300014	348	1.14062330113263
"rs529393"	0.507993719089683	348	1.1131940112446
"rs129485"	0.508038329377939	348	0.898531596901428
"rs1450631"	0.508048315277851	348	1.20562541420893
"rs1679185"	0.508063444975196	348	1.16397179916659
"rs1128215"	0.508080083843869	348	1.11436337328584
"rs307014"	0.508110698166282	348	0.855580655380739
"rs123847"	0.508123214700607	348	1.18966732106227
"rs1742041"	0.508125160150372	348	0.918399869757865
"rs2145519"	0.508158212748532	348	1.30445369385949
"rs1991143"	0.508159867858846	348	0.842312370281819
"rs226226"	0.508178237984197	348	0.844056669864215
"rs60478"	0.508178550168653	348	0.861575818260519
"rs1839688"	0.508222217108814	348	0.86190491048314
"rs225487"	0.508227110791349	348	1.08786138775394
"rs1286343"	0.508251291704591	348	0.913478214132906
"rs1114703"	0.508258218760976	348	1.19393926291907
"rs1488728"	0.508258588062397	348	1.04528085283471
"rs552862"	0.508299207476569	348	0.870642235366746
"rs65049"	0.508315478340125	348	0.967952467425336
"rs468268"	0.508340632777835	348	1.12291764810683
"rs468271"	0.508340632777837	348	1.12291764810683
"rs767381"	0.508372541579361	348	1.14917145715667
"rs81568"	0.50837997707371	348	1.07840942049418
"rs636727"	0.50838912824016	348	1.16548423737668
"rs1944491"	0.508400286288819	348	0.850866705616675
"rs364987"	0.508410794042974	348	0.886726535740768
"rs1963452"	0.508459871931559	348	0.893524058082831
"rs1805526"	0.508500727636978	348	0.84405550840759
"rs805863"	0.508534064830963	348	0.860801574836326
"rs606785"	0.508560079905412	348	1.22768424154699
"rs596996"	0.508560903845384	348	0.960190218478774
"rs1161158"	0.508567865966028	348	0.900539470702765
"rs1799276"	0.508625545946183	348	0.862643890331578
"rs1862340"	0.508663050713188	348	1.24415601807242
"rs2114345"	0.50870944376961	348	0.912775409300918
"rs123846"	0.508716645043599	348	1.18917832605995
"rs389580"	0.508717361769662	348	0.860143453966888
"rs1803373"	0.508720804252065	348	1.12135398661185
"rs1803376"	0.508720804252065	348	1.12135398661185
"rs1803385"	0.508720804252065	348	1.12135398661185
"rs355773"	0.508729712394719	348	0.929561733892356
"rs1822643"	0.508910692050319	348	1.15836388863144
"rs253589"	0.508925682118264	348	0.888616841717992
"rs1739359"	0.508938474625701	348	1.11838092539081
"rs474758"	0.508947367536212	348	1.18873742267164
"rs1945918"	0.508958342092123	348	1.27952778821348
"rs1717259"	0.508972648625006	348	0.880391477950535
"rs1717264"	0.508972648625006	348	0.880391477950535
"rs2159612"	0.509070193530018	348	1.12009494510532
"rs155760"	0.509085422373222	348	0.910002329230939
"rs1739575"	0.509092923893259	348	1.11284332485744
"rs1964945"	0.509101497270487	348	0.608547289069596
"rs343486"	0.509124661392182	348	0.820710445105034
"rs1846709"	0.509124773429806	348	1.14399926438976
"rs1847353"	0.509124773429806	348	1.14399926438976
"rs840829"	0.50912919649864	348	0.838739864274792
"rs1042620"	0.509164248638541	348	1.35333092853946
"rs1742832"	0.509172614551541	348	1.36787713983924
"rs2172519"	0.50917593591948	348	1.10520703518791
"rs1394557"	0.509209029379626	348	0.645524524168619
"rs777009"	0.509240659952013	348	1.26170364988998
"rs1477310"	0.509281266386603	348	1.16678979074408
"rs1160864"	0.509304810416216	348	0.888544984337186
"rs1715487"	0.509316704474305	348	1.13054845264814
"rs1715552"	0.509316704474305	348	1.13054845264814
"rs1715553"	0.509316704474305	348	1.13054845264814
"rs1086972"	0.509326319788491	348	1.15621456673878
"rs1806581"	0.509353120388639	348	0.819010306287234
"rs358676"	0.509368476575786	348	1.15081909555557
"rs523555"	0.509425303522753	348	1.08093881521523
"rs522675"	0.509426930157513	348	0.896184140850724
"rs552850"	0.509438775327483	348	1.07042463492026
"rs303323"	0.509469731910392	348	0.932878308309282
"rs1577684"	0.509477384563962	348	0.82309911206721
"rs1293477"	0.509510807201102	348	1.1757588672878
"rs113094"	0.509529381581022	348	0.941970877622563
"rs853451"	0.50958809804828	348	0.905195172574757
"rs976636"	0.509594757489822	348	1.13481218444691
"rs1296198"	0.509616534394853	348	0.956673264081287
"rs2009910"	0.509666005906501	348	1.08251204952245
"rs2009911"	0.509666005906501	348	1.08251204952245
"rs1640033"	0.509694351033787	348	1.11437184313604
"rs468273"	0.509728176623361	348	0.838435261227089
"rs1369903"	0.509733621092086	348	1.1113133608313
"rs1370641"	0.509733621092086	348	1.1113133608313
"rs704746"	0.509758319429911	348	1.13710623861476
"rs1963432"	0.509772426823397	348	1.10326079315452
"rs1963440"	0.509772426823397	348	1.10326079315452
"rs668804"	0.509777328982824	348	1.11796374693515
"rs636463"	0.509814423296631	348	1.22059039829625
"rs636742"	0.509814423296631	348	1.22059039829625
"rs636745"	0.509814423296631	348	1.22059039829625
"rs636748"	0.509814423296631	348	1.22059039829625
"rs566459"	0.509855496850591	348	0.913679386473998
"rs876961"	0.509929525588127	348	1.17716152122565
"rs1126486"	0.509951918173776	348	0.619348127187577
"rs1338753"	0.509951918173776	348	0.619348127187577
"rs1072883"	0.509966575513456	348	1.0622430435143
"rs1805659"	0.510001826976073	348	0.841927355627101
"rs1460077"	0.510067865627455	348	1.16584738580303
"rs1351833"	0.510081454432517	348	0.887657390800016
"rs683212"	0.510141196099091	348	0.651343218178701
"rs683290"	0.510141196099091	348	0.651343218178701
"rs488185"	0.510155740152286	348	1.13222950216237
"rs488188"	0.510155740152286	348	1.13222950216237
"rs488194"	0.510155740152286	348	1.13222950216237
"rs488200"	0.510155740152286	348	1.13222950216237
"rs488203"	0.510155740152286	348	1.13222950216237
"rs488205"	0.510155740152286	348	1.13222950216237
"rs1768052"	0.51020904864	348	1.14950996635811
"rs2110723"	0.510237831162686	348	0.902457597309983
"rs1293972"	0.5102488879083	348	0.867110085574715
"rs601351"	0.510250032007293	348	0.860099691238216
"rs787418"	0.510255248209178	348	0.747494237376946
"rs167315"	0.510259447446346	348	1.23551466321192
"rs2159697"	0.510298889116441	348	1.11088461676033
"rs492260"	0.510302473781866	348	1.06712241082362
"rs75321"	0.510306050458272	348	0.876976681561318
"rs1554784"	0.510317159057267	348	0.880948679055508
"rs228829"	0.510328827110374	348	1.16776485135934
"rs1963381"	0.510408375282779	348	0.904950689776225
"rs535800"	0.510451697474356	348	0.862824868605091
"rs546381"	0.510461691540481	348	1.13277404791949
"rs1963913"	0.510476118513791	348	0.837560450443018
"rs842698"	0.510511064536766	348	1.12165230756366
"rs819550"	0.51053022510291	348	0.902862862970646
"rs212984"	0.510552862458089	348	1.19306642357952
"rs1767005"	0.51062970154433	348	1.14817032637382
"rs1963459"	0.510680589781348	348	0.88508075434665
"rs552832"	0.510686083789987	348	1.17599382066479
"rs577760"	0.510689132703091	348	0.847342948644671
"rs850100"	0.510690328577754	348	1.11320450485008
"rs850103"	0.510690328577754	348	1.11320450485008
"rs1984808"	0.510706724787112	348	1.15111350307999
"rs294392"	0.510722873578476	348	1.04762276213404
"rs1102932"	0.510739537605196	348	1.18567108588881
"rs1363405"	0.510772425300781	348	1.17214847996293
"rs1363411"	0.510772425300781	348	1.17214847996293
"rs2214335"	0.510783598393417	348	1.18882044845786
"rs329824"	0.510798565598628	348	1.13364313010939
"rs1693336"	0.510822447737348	348	1.11912692175322
"rs585010"	0.510869493235855	348	0.859681174347604
"rs1482074"	0.510892853980874	348	0.840312893099452
"rs1288580"	0.51090957685832	348	0.637688339256718
"rs308030"	0.510911345245667	348	1.2935514757993
"rs308156"	0.510911345245667	348	1.2935514757993
"rs620071"	0.510932683211561	348	1.15428984468033
"rs76418"	0.510936346023239	348	0.870713909847695
"rs2113959"	0.510965004731312	348	1.16166479239164
"rs1450390"	0.510982254888052	348	0.898652648302682
"rs1470963"	0.510982351391079	348	1.04048251048622
"rs491195"	0.511025332737853	348	0.840309977835734
"rs263667"	0.511037613564608	348	0.744409951562034
"rs260703"	0.511055831466812	348	0.847394291994905
"rs445632"	0.511062590919926	348	0.946260870261761
"rs25392"	0.511073895718	348	1.19323818336781
"rs354683"	0.511075770812114	348	0.942035623755403
"rs944885"	0.51108898635809	348	0.831461478953219
"rs1632014"	0.51112703471006	348	0.620167061918309
"rs331239"	0.511148020548852	348	0.880901473458889
"rs1839972"	0.511180095178046	348	0.835375281138389
"rs129913"	0.511193023935507	348	0.94372486013633
"rs663483"	0.511196516800824	348	0.895503030835205
"rs1598104"	0.511262724810015	348	0.773192827735766
"rs513502"	0.511266869312201	348	1.0945724745376
"rs225525"	0.511270056885796	348	1.15292443611137
"rs118864"	0.511285623753983	348	1.09440654232765
"rs872828"	0.511297568471411	348	1.1456655199826
"rs1063316"	0.511334388650239	348	0.807705426434172
"rs1319385"	0.511358821125936	348	1.17301355813396
"rs341300"	0.511367739043064	348	1.10786308990422
"rs1735118"	0.511374751873072	348	1.12434649363609
"rs1533805"	0.511380673226992	348	0.880607894482644
"rs832472"	0.511406366254916	348	0.846558495884828
"rs832493"	0.511406366254916	348	0.846558495884828
"rs1907532"	0.511568224604436	348	0.887813876078543
"rs1742908"	0.511612805293881	348	0.828893630081925
"rs1742924"	0.511612805293881	348	0.828893630081925
"rs1742942"	0.511612805293881	348	0.828893630081925
"rs1742957"	0.511612805293881	348	0.828893630081925
"rs1779453"	0.51161598910286	348	1.1568150650413
"rs418972"	0.511628815763194	348	0.866912474988682
"rs824464"	0.511689148991417	348	1.05432982234603
"rs967517"	0.511694238842058	348	1.32290881107751
"rs1403651"	0.511694238842058	348	1.32290881107751
"rs347538"	0.511703121287404	348	0.874196968068275
"rs544433"	0.511707104698496	348	0.881443905124876
"rs1671260"	0.511717534126162	348	0.863005272142954
"rs344277"	0.511766108945338	348	0.85620493887861
"rs128405"	0.511774878151858	348	0.889981772238789
"rs128414"	0.511774878151858	348	0.889981772238789
"rs128426"	0.511774878151858	348	0.889981772238789
"rs564502"	0.511808554616789	348	1.0939634270248
"rs1670083"	0.511845487047771	348	1.1744575857063
"rs364810"	0.511876941930463	348	1.10092085075274
"rs2121910"	0.511901612213667	348	0.963344175826563
"rs1965439"	0.511905607984643	348	0.813019966283308
"rs1204542"	0.511913510453769	348	0.912744742114863
"rs679748"	0.511925741594195	348	307.465197190635
"rs1109329"	0.511925741594196	348	1.7269323998606
"rs705371"	0.511925741594219	348	1.72693239986053
"rs705704"	0.511925741594219	348	1.72693239986053
"rs911435"	0.511925741594219	348	1.72693239986053
"rs913209"	0.511925741594219	348	1.72693239986053
"rs1433243"	0.511925741594219	348	1.72693239986053
"rs1433254"	0.511925741594219	348	1.72693239986053
"rs134241"	0.511925741594243	348	0.579061461861969
"rs500302"	0.511925741594245	348	0.579061461861971
"rs501116"	0.511925741594245	348	0.579061461861971
"rs504570"	0.511925741594245	348	0.579061461861971
"rs642479"	0.511925741594245	348	0.579061461861971
"rs604890"	0.511925741594247	348	0.579061461861971
"rs650557"	0.511925741594247	348	0.579061461861971
"rs650909"	0.511925741594247	348	0.579061461861971
"rs650912"	0.511925741594247	348	0.579061461861971
"rs650915"	0.511925741594247	348	0.579061461861971
"rs650918"	0.511925741594247	348	0.579061461861971
"rs1141629"	0.511925741594248	348	0.579061461861978
"rs1141693"	0.511925741594248	348	0.579061461861978
"rs1300658"	0.511925741594249	348	0.579061461861973
"rs1302909"	0.511925741594249	348	0.579061461861973
"rs1302976"	0.511925741594249	348	0.579061461861973
"rs345866"	0.51192574159425	348	1.72693239986046
"rs469269"	0.511925741594251	348	1.72693239986045
"rs526017"	0.511925741594251	348	1.72693239986045
"rs988213"	0.511925741594251	348	1.72693239986045
"rs989981"	0.511925741594251	348	1.72693239986045
"rs991505"	0.511925741594251	348	1.72693239986045
"rs1964968"	0.511925741594252	348	0.579061461861977
"rs770349"	0.511925741594252	348	1.72693239986045
"rs770428"	0.511925741594252	348	1.72693239986045
"rs674576"	0.511925741594252	348	1.72693239986055
"rs324730"	0.511925741594252	348	0.579061461861972
"rs324477"	0.51192574159427	348	545.224747869269
"rs324745"	0.511925741594511	348	0.00224091506780464
"rs324757"	0.511925741594511	348	0.00224091506780464
"rs324758"	0.511925741594511	348	0.00224091506780464
"rs324763"	0.511925741594511	348	0.00224091506780464
"rs304854"	0.511939053621928	348	0.909402317084406
"rs1035789"	0.511949675516805	348	1.15848826396313
"rs1735611"	0.511969460852855	348	1.12114868038152
"rs836559"	0.511970550208738	348	0.620713317869225
"rs1086755"	0.511970550208738	348	0.620713317869225
"rs1400457"	0.511970550208738	348	0.620713317869225
"rs1052539"	0.511992354443895	348	1.23890114510966
"rs406461"	0.511998533706998	348	1.12523813926648
"rs837096"	0.512013289133916	348	1.13034690436587
"rs81587"	0.512016248745456	348	1.07679679158329
"rs367803"	0.51202822399488	348	1.16323010608381
"rs1805976"	0.512042974537669	348	1.24192913184559
"rs850019"	0.512052291092816	348	1.11333710193725
"rs797408"	0.512071591058189	348	1.25911535666525
"rs988993"	0.512119659563292	348	1.15531725117227
"rs1205424"	0.512128930139717	348	0.913161879783459
"rs1315465"	0.512132900625479	348	1.1488214625886
"rs602465"	0.512150241741224	348	1.14446989638396
"rs2147155"	0.512157411071768	348	0.790287637334132
"rs322607"	0.512232230795642	348	0.894688195331866
"rs1882121"	0.512310227282957	348	0.804255027458554
"rs1882127"	0.512310227282957	348	0.804255027458554
"rs1882130"	0.512310227282957	348	0.804255027458554
"rs1882154"	0.512310227282957	348	0.804255027458554
"rs1882163"	0.512310227282957	348	0.804255027458554
"rs1882168"	0.512310227282957	348	0.804255027458554
"rs1882169"	0.512310227282957	348	0.804255027458554
"rs1882174"	0.512310227282957	348	0.804255027458554
"rs1882187"	0.512310227282957	348	0.804255027458554
"rs1882199"	0.512310227282957	348	0.804255027458554
"rs1882211"	0.512310227282957	348	0.804255027458554
"rs2022280"	0.512318179755803	348	1.14072562433361
"rs1613527"	0.512329074049174	348	0.891213107765052
"rs428222"	0.512337547185323	348	1.22147102812477
"rs236985"	0.512354520844036	348	1.29633407820865
"rs701628"	0.512354520844036	348	1.29633407820865
"rs236819"	0.512354520844039	348	1.29633407820865
"rs1365803"	0.512358240847958	348	1.2625417894896
"rs308431"	0.512368331361043	348	1.29796621720936
"rs1089387"	0.512385641698953	348	1.13128509557587
"rs1689370"	0.512446551830365	348	1.03837701688105
"rs1574965"	0.512464168298401	348	0.897562436760078
"rs1962271"	0.51249016588678	348	1.07342204374507
"rs1336243"	0.512543743032159	348	1.16158033109072
"rs1338303"	0.512543743032159	348	1.16158033109072
"rs1331705"	0.512543743032159	348	1.16158033109071
"rs1331711"	0.512543743032159	348	1.16158033109071
"rs1331715"	0.512543743032159	348	1.16158033109071
"rs1331717"	0.512543743032159	348	1.16158033109071
"rs1331720"	0.512543743032159	348	1.16158033109071
"rs1331723"	0.512543743032159	348	1.16158033109071
"rs1331745"	0.512543743032159	348	1.16158033109071
"rs1331759"	0.512543743032159	348	1.16158033109071
"rs1331762"	0.512543743032159	348	1.16158033109071
"rs1331804"	0.512543743032159	348	1.16158033109071
"rs1893538"	0.512573629896911	348	0.868847352082183
"rs303333"	0.512649632227181	348	0.937491854174445
"rs305278"	0.51266261299586	348	0.951191551335892
"rs2066822"	0.512674765164991	348	0.861171027925246
"rs297828"	0.512683781538457	348	1.12620903611504
"rs466343"	0.512694774051003	348	1.13133071576845
"rs466629"	0.512694774051003	348	1.13133071576845
"rs55469"	0.512737870768682	348	0.787241314357236
"rs1588197"	0.512737870768682	348	0.787241314357236
"rs1588458"	0.512737870768682	348	0.787241314357236
"rs1589150"	0.512737870768682	348	0.787241314357236
"rs1591171"	0.512737870768682	348	0.787241314357236
"rs1750043"	0.512737870768682	348	0.787241314357236
"rs1412351"	0.512766567822482	348	0.838782420507855
"rs942844"	0.512777421069937	348	1.30385750671807
"rs2159621"	0.512779532642496	348	1.11861956636252
"rs2159810"	0.512779532642496	348	1.11861956636252
"rs46036"	0.51278588814961	348	1.11959534250619
"rs46060"	0.51278588814961	348	1.11959534250619
"rs836260"	0.512796029530658	348	1.14904226888915
"rs369040"	0.512805411189961	348	1.23303457741609
"rs1657192"	0.512843462579002	348	1.18611307378546
"rs1716861"	0.512851891553006	348	0.870045499691253
"rs1145160"	0.512864267827041	348	1.23720634517566
"rs1145178"	0.512864267827041	348	1.23720634517566
"rs1792973"	0.512864561728781	348	1.14485192427043
"rs324334"	0.512873089299977	348	0.186377164341612
"rs737818"	0.512874179250426	348	0.859490591559678
"rs737830"	0.512874179250426	348	0.859490591559678
"rs1873053"	0.51289967743223	348	1.03482652814499
"rs120808"	0.512905664329794	348	1.07768238479916
"rs358075"	0.512913962078898	348	1.1557775538239
"rs1264558"	0.51293313717081	348	0.902402844656616
"rs1351174"	0.512947899451811	348	0.806064999132534
"rs2063704"	0.512973290061271	348	0.857481790361244
"rs1645397"	0.512975800469749	348	0.900376913252827
"rs1964356"	0.512986814778901	348	0.847969311943058
"rs329257"	0.513025975272047	348	0.885210985760388
"rs730348"	0.513042462780845	348	0.891292543441899
"rs302646"	0.513069456561155	348	0.859086614173902
"rs61012"	0.513085555562585	348	0.856698119556928
"rs2066615"	0.513152983054931	348	1.13664288919551
"rs838751"	0.513170979220282	348	1.09264814240463
"rs838793"	0.513170979220282	348	1.09264814240463
"rs838808"	0.513170979220282	348	1.09264814240463
"rs528715"	0.513200746056173	348	0.75549669298878
"rs61027"	0.513239654253562	348	0.856745840982196
"rs61030"	0.513239654253562	348	0.856745840982196
"rs1972341"	0.513241562455653	348	1.03683991998439
"rs1305790"	0.51325190328325	348	1.20428400955152
"rs1309199"	0.513302084289737	348	1.18272815320716
"rs928666"	0.513339215643363	348	0.788272447600663
"rs126405"	0.513356212508108	348	1.15695857128059
"rs2020067"	0.513394854071872	348	0.623490389333261
"rs2020208"	0.513394854071872	348	0.623490389333261
"rs1769610"	0.513428837183358	348	0.875186931575535
"rs1090371"	0.51343946675092	348	0.817029917689877
"rs98940"	0.513446916893391	348	1.1822869564785
"rs131219"	0.513499022257635	348	1.3541951219752
"rs472894"	0.513549730283248	348	1.11741800712113
"rs1800072"	0.513599815058982	348	1.21917757035165
"rs1749048"	0.513643143430228	348	0.851675296829188
"rs308294"	0.513644752367779	348	0.871718987183609
"rs144263"	0.513655834691771	348	0.897519656741253
"rs1633481"	0.513657115976914	348	0.84472767035
"rs621252"	0.513665483488495	348	0.829790704968058
"rs703185"	0.513717659951323	348	1.23293826795763
"rs1372786"	0.513760932401266	348	1.09646697294664
"rs1380889"	0.513795208718171	348	0.616494135371466
"rs1702361"	0.513807230670832	348	1.13008001289426
"rs517992"	0.513857424726937	348	0.891339615694638
"rs402194"	0.513867631492946	348	1.17944813917465
"rs988934"	0.513876425869698	348	0.87564551487229
"rs83566"	0.513933280282385	348	1.1449620718933
"rs1351482"	0.513935851902639	348	0.624459740587335
"rs2117701"	0.51396693694383	348	1.09527005098248
"rs395653"	0.513977603100007	348	1.13701346860643
"rs395695"	0.513977603100007	348	1.13701346860643
"rs1286352"	0.514020740329474	348	0.914750955746115
"rs1598744"	0.514027606909195	348	1.15711372494297
"rs1598741"	0.514027606909197	348	1.15711372494297
"rs162323"	0.514061778079448	348	0.914536815007069
"rs487055"	0.514079631393767	348	0.882928435514141
"rs942850"	0.514104815721703	348	1.30277853128471
"rs1929779"	0.514127105950853	348	14.7131560369042
"rs2037371"	0.514139835339926	348	1.22680726382609
"rs341235"	0.514152121719211	348	0.889802906564503
"rs331464"	0.514153096888224	348	0.876667141061698
"rs1024917"	0.514158057687953	348	1.0307921466287
"rs838454"	0.51416252920675	348	0.887855895591603
"rs1580064"	0.514166954190443	348	1.17786094626837
"rs556351"	0.514173013944236	348	0.848163575194288
"rs556355"	0.514173013944236	348	0.848163575194288
"rs155757"	0.51420022122689	348	0.922959230577808
"rs155763"	0.51420022122689	348	0.922959230577808
"rs1809993"	0.514259684545435	348	1.15596850338546
"rs1058270"	0.514277902471488	348	1.16110777718835
"rs1742948"	0.514323394040934	348	0.818964278578093
"rs73379"	0.514330978554088	348	0.903780635187808
"rs1327754"	0.514409561763581	348	1.12605902180855
"rs1688784"	0.514439781557094	348	1.17059724811311
"rs554491"	0.514446360802686	348	1.06067806667615
"rs740131"	0.514446950085643	348	1.35436178221009
"rs1648330"	0.514464468120239	348	1.1413443842084
"rs145780"	0.514476180092215	348	1.07198738819254
"rs839000"	0.514486916920115	348	0.902379500209
"rs451511"	0.51449509652109	348	1.13198784910368
"rs275143"	0.514504600282968	348	0.923624180126522
"rs704972"	0.51450765073852	348	1.20290855397042
"rs429584"	0.514607987612509	348	7.25383177222747
"rs429612"	0.514607987612509	348	7.25383177222747
"rs1318018"	0.514643040177215	348	1.16756419378173
"rs113091"	0.514698181477229	348	1.06829703945098
"rs1124942"	0.514702554144769	348	0.623754257008299
"rs1471518"	0.514740965078828	348	1.12744905727367
"rs212715"	0.514793683631296	348	1.21072900123878
"rs2047435"	0.514804093090661	348	1.67623521531399
"rs329470"	0.514818700893813	348	0.889862662759031
"rs2164394"	0.514825925331019	348	0.885685607918505
"rs782943"	0.514856065356845	348	1.12940152289714
"rs882673"	0.514861832545689	348	0.857918793285098
"rs1847390"	0.514903970626214	348	1.15850873767349
"rs827327"	0.514936887164936	348	1.11360553699147
"rs1538084"	0.514945956017755	348	0.810727599827075
"rs1716872"	0.514972573174624	348	1.14056927663587
"rs1638625"	0.515001726259775	348	1.12536555032402
"rs1351448"	0.515005153368246	348	0.623596111452176
"rs1352061"	0.515005153368246	348	0.623596111452176
"rs890955"	0.515037175211144	348	1.13849767404612
"rs323602"	0.515055293194963	348	1.0858868842463
"rs304739"	0.515060818261906	348	0.828173405703624
"rs1439880"	0.515076151197378	348	1.21279860779601
"rs1452060"	0.515079614566232	348	1.15722265089473
"rs1822106"	0.515159285340357	348	1.17374466123286
"rs1822118"	0.515159285340357	348	1.17374466123286
"rs1822124"	0.515159285340357	348	1.17374466123286
"rs1822164"	0.515159285340357	348	1.17374466123286
"rs856923"	0.515164711697616	348	0.894866165063714
"rs2055901"	0.515166897653777	348	0.868639707905131
"rs1551326"	0.515224788739627	348	0.913259913458472
"rs1527129"	0.515246313189949	348	1.16357855790081
"rs2201867"	0.515253368937173	348	0.841035538442618
"rs81331"	0.515255936771321	348	0.840221001789052
"rs1004070"	0.515267149813242	348	1.14063694642695
"rs1011344"	0.515267904576412	348	0.623757820327599
"rs1011366"	0.515267904576412	348	0.623757820327599
"rs1351712"	0.515267904576412	348	0.623757820327599
"rs1857294"	0.515272610868274	348	0.869030098877231
"rs1651348"	0.515294000357966	348	0.86972015927956
"rs826737"	0.51530142942972	348	0.895623190135451
"rs1559698"	0.51530340417474	348	1.31290046625565
"rs158416"	0.515320365365624	348	0.815164629253091
"rs253391"	0.515340844197097	348	1.13510028739372
"rs1972347"	0.515355660022378	348	1.03602979806795
"rs1778586"	0.515366038461472	348	0.909450582095567
"rs1019481"	0.515377980341127	348	1.26853114940428
"rs1207065"	0.515382127098997	348	0.925696661342501
"rs1331064"	0.515439318618696	348	1.10096670290465
"rs510201"	0.515460518435168	348	1.13912724972226
"rs2079931"	0.51546278721884	348	1.2583480167029
"rs1633362"	0.515462787218841	348	1.2583480167029
"rs2091355"	0.515462787218841	348	1.2583480167029
"rs1632167"	0.515462787218841	348	1.2583480167029
"rs47299"	0.515462787218842	348	1.2583480167029
"rs499681"	0.515462787218842	348	1.2583480167029
"rs502381"	0.515462787218842	348	1.2583480167029
"rs504362"	0.515462787218842	348	1.2583480167029
"rs505942"	0.515462787218842	348	1.2583480167029
"rs505951"	0.515462787218842	348	1.2583480167029
"rs1472941"	0.515462787218842	348	1.2583480167029
"rs1473389"	0.515462787218842	348	1.2583480167029
"rs1473750"	0.515462787218842	348	1.2583480167029
"rs1477769"	0.515462787218842	348	1.2583480167029
"rs1638300"	0.515462787218842	348	1.2583480167029
"rs1639682"	0.515462787218842	348	1.2583480167029
"rs1640073"	0.515462787218842	348	1.2583480167029
"rs1641022"	0.515462787218842	348	1.2583480167029
"rs1642404"	0.515462787218842	348	1.2583480167029
"rs1642445"	0.515462787218842	348	1.2583480167029
"rs1642931"	0.515462787218842	348	1.2583480167029
"rs1642965"	0.515462787218842	348	1.2583480167029
"rs1645267"	0.515462787218842	348	1.2583480167029
"rs1646372"	0.515462787218842	348	1.2583480167029
"rs1646411"	0.515462787218842	348	1.2583480167029
"rs1861875"	0.515462787218842	348	1.2583480167029
"rs2034444"	0.515462787218842	348	1.2583480167029
"rs2076340"	0.515462787218842	348	1.2583480167029
"rs2079601"	0.515462787218842	348	1.2583480167029
"rs2080306"	0.515462787218842	348	1.2583480167029
"rs2080618"	0.515462787218842	348	1.2583480167029
"rs2080939"	0.515462787218842	348	1.2583480167029
"rs2085879"	0.515462787218842	348	1.2583480167029
"rs2086701"	0.515462787218842	348	1.2583480167029
"rs2090593"	0.515462787218842	348	1.2583480167029
"rs2090840"	0.515462787218842	348	1.2583480167029
"rs2092330"	0.515462787218842	348	1.2583480167029
"rs2094874"	0.515462787218842	348	1.2583480167029
"rs2116849"	0.515462787218842	348	1.2583480167029
"rs2116919"	0.515462787218842	348	1.2583480167029
"rs2118665"	0.515462787218842	348	1.2583480167029
"rs2119300"	0.515462787218842	348	1.2583480167029
"rs2121450"	0.515462787218842	348	1.2583480167029
"rs2122964"	0.515462787218842	348	1.2583480167029
"rs2128869"	0.515462787218842	348	1.2583480167029
"rs2129836"	0.515462787218842	348	1.2583480167029
"rs2132362"	0.515462787218842	348	1.2583480167029
"rs2134299"	0.515462787218842	348	1.2583480167029
"rs2146999"	0.515462787218842	348	1.2583480167029
"rs2149321"	0.515462787218842	348	1.2583480167029
"rs2149492"	0.515462787218842	348	1.2583480167029
"rs2149998"	0.515462787218842	348	1.2583480167029
"rs2151730"	0.515462787218842	348	1.2583480167029
"rs2178941"	0.515462787218842	348	1.2583480167029
"rs2179118"	0.515462787218842	348	1.2583480167029
"rs2181130"	0.515462787218842	348	1.2583480167029
"rs2181944"	0.515462787218842	348	1.2583480167029
"rs2182159"	0.515462787218842	348	1.2583480167029
"rs2182807"	0.515462787218842	348	1.2583480167029
"rs2182833"	0.515462787218842	348	1.2583480167029
"rs2182840"	0.515462787218842	348	1.2583480167029
"rs2182870"	0.515462787218842	348	1.2583480167029
"rs2182876"	0.515462787218842	348	1.2583480167029
"rs2182890"	0.515462787218842	348	1.2583480167029
"rs2182891"	0.515462787218842	348	1.2583480167029
"rs136951"	0.515463893572134	348	0.865090972727138
"rs857607"	0.515483469160566	348	0.721145382467107
"rs857650"	0.515483469160566	348	0.721145382467107
"rs857718"	0.515483469160566	348	0.721145382467107
"rs346148"	0.515536190643255	348	0.899041073812516
"rs2076450"	0.515545927833417	348	1.1880359129572
"rs172006"	0.515597116325699	348	0.652809558879375
"rs207497"	0.51562569849392	348	0.881208157844309
"rs2006732"	0.515636995300887	348	1.1551147186286
"rs264329"	0.515663043524696	348	0.651835255608644
"rs264478"	0.515663043524696	348	0.651835255608644
"rs264492"	0.515663043524696	348	0.651835255608644
"rs264495"	0.515663043524696	348	0.651835255608644
"rs264532"	0.515663043524696	348	0.651835255608644
"rs1907218"	0.515669255315625	348	1.11941829628255
"rs1907231"	0.515669255315625	348	1.11941829628255
"rs1904831"	0.515685401968525	348	1.27360989899287
"rs657156"	0.515723730036479	348	0.854235834407563
"rs458956"	0.515743479253117	348	1.11057872151391
"rs1487027"	0.515750839073499	348	1.21107587348823
"rs818265"	0.51578152332065	348	1.08578865177883
"rs818271"	0.51578152332065	348	1.08578865177883
"rs532857"	0.51580814034356	348	0.894127843553372
"rs532860"	0.51580814034356	348	0.894127843553372
"rs532863"	0.51580814034356	348	0.894127843553372
"rs1595032"	0.515818755852415	348	0.833246938016155
"rs1001041"	0.515820874261527	348	0.800010089691719
"rs31467"	0.515846379902656	348	0.901663689924018
"rs1950083"	0.515960757165911	348	1.17819147912434
"rs1666706"	0.515996384110562	348	0.8403457269689
"rs568680"	0.515998936901465	348	1.1580185507292
"rs1881171"	0.516128357606676	348	0.874703916062949
"rs893227"	0.516135389713984	348	0.812889207413837
"rs1944442"	0.516166934464459	348	1.19267343118019
"rs1478956"	0.516249679648833	348	0.836351286722568
"rs1206523"	0.51625182986997	348	0.93372295596609
"rs1206532"	0.51625182986997	348	0.93372295596609
"rs2022445"	0.516289807668664	348	1.26462790081034
"rs2022446"	0.516289807668664	348	1.26462790081034
"rs2022539"	0.516289807668664	348	1.26462790081034
"rs2022554"	0.516289807668664	348	1.26462790081034
"rs2022557"	0.516289807668664	348	1.26462790081034
"rs2022560"	0.516289807668664	348	1.26462790081034
"rs2022565"	0.516289807668664	348	1.26462790081034
"rs2022568"	0.516289807668664	348	1.26462790081034
"rs2022571"	0.516289807668664	348	1.26462790081034
"rs1169525"	0.516314941813706	348	0.876758216344158
"rs389313"	0.51635511544862	348	0.88416869919603
"rs607888"	0.516359563020706	348	0.834550981828399
"rs607897"	0.516359563020706	348	0.834550981828399
"rs148578"	0.516426670440932	348	0.846345306025372
"rs1615826"	0.516489152525301	348	1.0493639308208
"rs380763"	0.516508405358165	348	1.23569719293688
"rs130725"	0.516550274209188	348	1.18545348481375
"rs485189"	0.516565095720565	348	1.21270160984479
"rs1010461"	0.516588737133514	348	0.84884601135349
"rs2164385"	0.516630349085364	348	0.879492301405319
"rs226432"	0.516646391337602	348	1.05939380040501
"rs1748453"	0.516718155311083	348	0.852599361391959
"rs1571324"	0.516749671065873	348	1.13244133923394
"rs133718"	0.5167705468442	348	1.09810528175997
"rs133721"	0.5167705468442	348	1.09810528175997
"rs547014"	0.516780865282187	348	0.835862985243132
"rs610915"	0.516797803681848	348	0.837919643701969
"rs1051686"	0.516833681598746	348	1.16040041983001
"rs89874"	0.516843494836287	348	0.967172337275144
"rs89875"	0.516843494836287	348	0.967172337275144
"rs1982793"	0.516844631962257	348	1.14862781990823
"rs1982812"	0.516844631962257	348	1.14862781990823
"rs1317602"	0.516881791065789	348	1.11793742568542
"rs1317608"	0.516881791065789	348	1.11793742568542
"rs1317611"	0.516881791065789	348	1.11793742568542
"rs1317695"	0.516881791065789	348	1.11793742568542
"rs1317713"	0.516881791065789	348	1.11793742568542
"rs1317715"	0.516881791065789	348	1.11793742568542
"rs1317719"	0.516881791065789	348	1.11793742568542
"rs1104250"	0.516919406901329	348	0.839620990186106
"rs1104252"	0.516919406901329	348	0.839620990186106
"rs1104253"	0.516919406901329	348	0.839620990186106
"rs1766712"	0.516928532506213	348	0.892259845122609
"rs1130458"	0.516954489947976	348	1.13245209443658
"rs2053678"	0.516989556131826	348	1.26496927095078
"rs533802"	0.517063498592205	348	1.16612823172734
"rs1592683"	0.517064473884269	348	0.759695245198134
"rs1977649"	0.517064473884269	348	0.759695245198134
"rs1977675"	0.517064473884269	348	0.759695245198134
"rs1977678"	0.517064473884269	348	0.759695245198134
"rs1977747"	0.517064473884269	348	0.759695245198134
"rs1977760"	0.517064473884269	348	0.759695245198134
"rs1119078"	0.517064473884274	348	0.759695245198141
"rs1104031"	0.517159689502479	348	1.22424546260025
"rs465833"	0.517170880531187	348	1.12183893976888
"rs1306923"	0.517203160717075	348	0.627715869996026
"rs97496"	0.517208557098661	348	1.1402623696423
"rs2004041"	0.517235879089773	348	0.807546725275908
"rs2005115"	0.517235879089775	348	0.807546725275906
"rs1844244"	0.51727191152171	348	1.13570497929396
"rs617212"	0.517278704739391	348	0.826203338796651
"rs1814776"	0.517286531861064	348	0.836370579333052
"rs1205372"	0.517314946459478	348	1.06495555072165
"rs1075944"	0.517325011085202	348	0.905618521130577
"rs1553674"	0.517331077329845	348	0.700508451316895
"rs1122732"	0.517350498738733	348	0.975743904986225
"rs1960980"	0.517370862225045	348	1.13507131492073
"rs284530"	0.517382983289938	348	1.09843902472364
"rs1397643"	0.517400688571409	348	0.86778610578424
"rs1291446"	0.517455901755783	348	0.911086202554736
"rs1317220"	0.517456249039668	348	1.1160074097332
"rs1317223"	0.517456249039668	348	1.1160074097332
"rs465262"	0.517457797057054	348	0.904080784228319
"rs858390"	0.517457797057054	348	0.904080784228319
"rs1406369"	0.5174664600847	348	0.935443827889639
"rs620945"	0.517470511515197	348	0.773298537707726
"rs620981"	0.517470511515197	348	0.773298537707726
"rs1137271"	0.51747169446631	348	1.12784498289625
"rs957284"	0.517526498564402	348	1.29504196398268
"rs2140108"	0.517527806873371	348	1.11008264183552
"rs2094937"	0.517546647664333	348	0.903888777661127
"rs1784097"	0.517607710550153	348	0.900878740631944
"rs1784098"	0.517607710550153	348	0.900878740631944
"rs477646"	0.517635045137297	348	1.11953866267947
"rs1452024"	0.517652146126212	348	1.155056469749
"rs1846482"	0.51765571366385	348	1.1354283270182
"rs787861"	0.517714752038437	348	1.10512606064385
"rs81859"	0.517716657065775	348	1.09951589431347
"rs1863237"	0.517820043200105	348	0.868516558601878
"rs279670"	0.517831300717423	348	1.15364599500741
"rs2134129"	0.517843315037967	348	0.884141802248845
"rs2134149"	0.517843315037967	348	0.884141802248845
"rs1460101"	0.517885374729554	348	0.8559804321067
"rs1774040"	0.517926007482979	348	1.10852780866044
"rs422943"	0.51793880244749	348	0.887130251296778
"rs1946935"	0.517941030169218	348	0.877597337903008
"rs307183"	0.517947958460705	348	1.22433030403311
"rs2046865"	0.517960093845736	348	1.20167746489505
"rs809516"	0.517984190388603	348	0.952468671023342
"rs1347357"	0.518018339883974	348	1.2056375508333
"rs2146611"	0.51802948877575	348	1.29636841068378
"rs2146613"	0.51802948877575	348	1.29636841068378
"rs236529"	0.518191193101795	348	1.19123626596898
"rs942135"	0.518222666020101	348	0.858002754011076
"rs942154"	0.518222666020101	348	0.858002754011076
"rs942156"	0.518222666020101	348	0.858002754011076
"rs1319842"	0.518246997808632	348	0.655073822578591
"rs994907"	0.518293879692099	348	1.1858393427797
"rs1108368"	0.518299046474384	348	0.92760742838903
"rs1563579"	0.518305918592519	348	0.657972754755446
"rs1403951"	0.518326453617415	348	0.878211866316058
"rs380166"	0.518349146903152	348	1.26534187238761
"rs380262"	0.518349146903152	348	1.26534187238761
"rs591150"	0.518356854149834	348	0.821430964018156
"rs1634552"	0.518372263487017	348	0.853498843848359
"rs1634555"	0.518372263487017	348	0.853498843848359
"rs1634557"	0.518372263487017	348	0.853498843848359
"rs1634747"	0.518372263487017	348	0.853498843848359
"rs1442545"	0.518372345816783	348	1.30406309812949
"rs1942260"	0.518390356894839	348	1.13676770460681
"rs1080076"	0.518395961420913	348	0.893972748912077
"rs1666065"	0.51844490412665	348	0.839604554138294
"rs1666278"	0.51844490412665	348	0.839604554138294
"rs2069794"	0.518448894459076	348	0.834197889419722
"rs1861453"	0.518461300108299	348	0.896885544739605
"rs1153738"	0.518489309077868	348	1.1765477857741
"rs974957"	0.518494600309567	348	1.10756119113816
"rs122032"	0.518496975475222	348	0.84429711252262
"rs1894545"	0.518559613025523	348	0.638304444925266
"rs1894644"	0.518559613025523	348	0.638304444925266
"rs905493"	0.518572442913074	348	0.793290943517858
"rs1036152"	0.518615361579038	348	1.15393111941822
"rs652101"	0.518622662179265	348	1.17803724454106
"rs2035231"	0.518654351897306	348	0.874836910832032
"rs2035237"	0.518654351897306	348	0.874836910832032
"rs2159971"	0.518672435618634	348	1.11748226388957
"rs744402"	0.518722990239889	348	1.1157420278112
"rs744411"	0.518722990239889	348	1.1157420278112
"rs744432"	0.518722990239889	348	1.1157420278112
"rs1461243"	0.51872363022278	348	1.12598930972194
"rs1461252"	0.51872363022278	348	1.12598930972194
"rs1461261"	0.51872363022278	348	1.12598930972194
"rs395623"	0.518776492934848	348	1.18391444222228
"rs211807"	0.518777479169022	348	1.1338617522846
"rs875899"	0.518830389416773	348	1.18455812915966
"rs1564048"	0.518838254410419	348	1.16967090409392
"rs1353819"	0.518870033616828	348	0.893656405744976
"rs725276"	0.518977046638413	348	1.05913889903609
"rs1555340"	0.519000053991209	348	0.889787057130097
"rs244744"	0.519010638517956	348	1.14107389475688
"rs1157931"	0.519018452886628	348	0.896786355505515
"rs896498"	0.519035984863704	348	0.92450217024249
"rs483078"	0.519162752500395	348	1.1229577692558
"rs483084"	0.519162752500395	348	1.1229577692558
"rs483093"	0.519162752500395	348	1.1229577692558
"rs562358"	0.519190546374979	348	1.06299834275162
"rs254847"	0.519205114217729	348	0.904457262525024
"rs744366"	0.519232214956966	348	1.11434166480502
"rs744375"	0.519232214956966	348	1.11434166480502
"rs744382"	0.519232214956966	348	1.11434166480502
"rs815917"	0.519239112092675	348	1.14023866557986
"rs462212"	0.519259462209705	348	0.891035126530395
"rs1456742"	0.519265153678641	348	0.894637188662744
"rs1070745"	0.51928941505495	348	0.832682305478943
"rs1071045"	0.51928941505495	348	0.832682305478943
"rs845145"	0.519293146630744	348	0.95317274092283
"rs1167035"	0.519294023348902	348	0.95796600062962
"rs41207"	0.519331633625228	348	0.857474898473345
"rs41221"	0.519331633625228	348	0.857474898473345
"rs1617614"	0.519336308194316	348	0.892091887395017
"rs1984049"	0.519406730391552	348	0.829031820851493
"rs1174249"	0.519456830866421	348	0.860097190498107
"rs438674"	0.519494211953974	348	1.18289870527641
"rs554654"	0.519498105826578	348	1.16646736029733
"rs133814"	0.519504157058445	348	0.868700235094406
"rs133831"	0.519504157058445	348	0.868700235094406
"rs133848"	0.519504157058445	348	0.868700235094406
"rs133857"	0.519504157058445	348	0.868700235094406
"rs133859"	0.519504157058445	348	0.868700235094406
"rs627933"	0.519508422707396	348	1.19289985491862
"rs1331381"	0.519515732987607	348	0.818408174751599
"rs1656323"	0.519608855470967	348	1.15022628888133
"rs1846246"	0.519617833345347	348	0.88089933991929
"rs1793190"	0.519636809028708	348	0.87549861294029
"rs1793273"	0.519636809028708	348	0.87549861294029
"rs1793297"	0.519636809028708	348	0.87549861294029
"rs1319148"	0.519658956778818	348	0.872690285361806
"rs942916"	0.519666120480331	348	1.14503619551746
"rs942919"	0.519666120480331	348	1.14503619551746
"rs942922"	0.519666120480331	348	1.14503619551746
"rs548162"	0.519670767500966	348	1.15363874660397
"rs548168"	0.519670767500966	348	1.15363874660397
"rs548180"	0.519670767500966	348	1.15363874660397
"rs609578"	0.519712576028339	348	0.625565939716352
"rs1412774"	0.519712576028339	348	0.625565939716352
"rs1482684"	0.519712576028339	348	0.625565939716352
"rs2131119"	0.519716743547142	348	1.13958424501413
"rs1822733"	0.519740865727412	348	0.847739523043314
"rs1162062"	0.519743103251562	348	1.11716930150583
"rs1162122"	0.519743103251562	348	1.11716930150583
"rs1668001"	0.519752347209773	348	0.865667067247836
"rs1360124"	0.519804456769938	348	1.08220884192706
"rs553039"	0.519848260884205	348	0.847232023141279
"rs491432"	0.519879389111363	348	1.08402608777056
"rs303534"	0.519943512125112	348	0.815654035318706
"rs1043752"	0.519970406791772	348	1.17232031127378
"rs225424"	0.519984345933089	348	0.843694889532211
"rs2214400"	0.520089669266244	348	1.20013345120922
"rs1777495"	0.520131952234037	348	1.12339047610123
"rs1668297"	0.520188142249749	348	1.18150939295427
"rs562884"	0.520228872735394	348	0.65312922869574
"rs2021007"	0.520228872735394	348	0.65312922869574
"rs893405"	0.520238463855544	348	0.814023880830279
"rs1154410"	0.520245392613354	348	1.09015625352448
"rs369631"	0.520254429589258	348	0.867800858257436
"rs951010"	0.520268600038128	348	1.15105403453893
"rs951011"	0.520268600038128	348	1.15105403453893
"rs951022"	0.520268600038128	348	1.15105403453893
"rs1906642"	0.520272740135484	348	1.07420957408426
"rs326940"	0.520282599336989	348	0.868788247561071
"rs165764"	0.520319402034397	348	0.91193678432684
"rs41119"	0.520411918147851	348	0.760293015826698
"rs1573343"	0.520411918147851	348	0.760293015826698
"rs1573344"	0.520411918147851	348	0.760293015826698
"rs1573345"	0.520411918147851	348	0.760293015826698
"rs354525"	0.520417943878866	348	0.931866273516839
"rs1120702"	0.520423950443845	348	0.900517214805329
"rs87490"	0.520431616308319	348	1.04774355114253
"rs458653"	0.520440163301926	348	1.17860582923794
"rs587858"	0.520475773307412	348	0.952127908030425
"rs896697"	0.520499762099734	348	0.908953824406075
"rs1782697"	0.52050695619152	348	1.09159699356696
"rs570346"	0.520537376342709	348	0.782207140555195
"rs100288"	0.52059615813473	348	0.929725668807583
"rs1143508"	0.52060379937883	348	1.20193426465574
"rs1634986"	0.520604773428635	348	0.853289285510796
"rs944867"	0.52061417397932	348	0.862879581008522
"rs944891"	0.52061417397932	348	0.862879581008522
"rs492353"	0.520666384001006	348	1.05853075218461
"rs645066"	0.520705765172039	348	0.876659767154817
"rs645078"	0.520705765172039	348	0.876659767154817
"rs355771"	0.520728202636278	348	0.929092025342018
"rs1608632"	0.520733404998045	348	0.881992357769889
"rs1608650"	0.520733404998045	348	0.881992357769889
"rs1608671"	0.520733404998045	348	0.881992357769889
"rs2211291"	0.520828546576497	348	0.85983307291483
"rs2211302"	0.520828546576497	348	0.85983307291483
"rs1782783"	0.520830570174773	348	1.08809757459391
"rs1564156"	0.520890265437557	348	0.850672781134057
"rs1564164"	0.520890265437557	348	0.850672781134057
"rs1564167"	0.520890265437557	348	0.850672781134057
"rs1350852"	0.520915418189923	348	0.63273685037459
"rs1317083"	0.520916531795642	348	0.87622143115983
"rs1416831"	0.520965675732433	348	1.10426172539381
"rs1634658"	0.521021762593811	348	0.853417531549687
"rs2002684"	0.521040496638018	348	0.811418486534638
"rs2009912"	0.521047718258721	348	1.08449816812533
"rs2009913"	0.521047718258721	348	1.08449816812533
"rs424496"	0.521051352883849	348	1.08979031248092
"rs424497"	0.521051352883849	348	1.08979031248092
"rs1840847"	0.521083058467956	348	1.17276193292137
"rs1735208"	0.521138756672523	348	1.12457320766626
"rs1125103"	0.521188319483069	348	1.12231264901256
"rs1453505"	0.521200534121101	348	1.22270347111357
"rs628152"	0.521225533992137	348	1.1868429655078
"rs2046360"	0.521229952346755	348	1.23252509892051
"rs377858"	0.521248564938154	348	0.853354241648927
"rs331510"	0.521336707256749	348	0.878604564707446
"rs1432402"	0.521416881952379	348	1.1695724345375
"rs32005"	0.521463489427147	348	0.939718584872649
"rs32008"	0.521463489427147	348	0.939718584872649
"rs32016"	0.521463489427147	348	0.939718584872649
"rs32017"	0.521463489427147	348	0.939718584872649
"rs32019"	0.521463489427147	348	0.939718584872649
"rs32020"	0.521463489427147	348	0.939718584872649
"rs32044"	0.521463489427147	348	0.939718584872649
"rs32072"	0.521463489427147	348	0.939718584872649
"rs32172"	0.521463489427147	348	0.939718584872649
"rs32208"	0.521463489427147	348	0.939718584872649
"rs32209"	0.521463489427147	348	0.939718584872649
"rs32239"	0.521463489427147	348	0.939718584872649
"rs32269"	0.521463489427147	348	0.939718584872649
"rs226467"	0.521526668576343	348	0.936395545027166
"rs2205048"	0.521537974713163	348	0.81701543107414
"rs1628562"	0.521621996353965	348	0.641326957981648
"rs61774"	0.521626472848449	348	1.15951677058974
"rs61777"	0.521626472848449	348	1.15951677058974
"rs61780"	0.521626472848449	348	1.15951677058974
"rs61795"	0.521626472848449	348	1.15951677058974
"rs1286972"	0.521643695067345	348	0.860679284252633
"rs1767524"	0.521726870084001	348	1.14643802966467
"rs1767570"	0.521726870084001	348	1.14643802966467
"rs1767912"	0.521726870084001	348	1.14643802966467
"rs860410"	0.521754586550935	348	0.895801324465544
"rs648927"	0.521775356323233	348	1.07403368356428
"rs1751170"	0.521779647360667	348	1.09476916123115
"rs545033"	0.521787012585995	348	0.903741106204208
"rs852492"	0.521805231461936	348	1.11081209733434
"rs463158"	0.521826894576823	348	1.11457406478449
"rs1534694"	0.52183677729078	348	0.652277185103432
"rs1900881"	0.521882612752873	348	1.24350254629092
"rs1577696"	0.521915146397801	348	1.16304283631285
"rs81586"	0.521940617754963	348	1.07567367398617
"rs1739414"	0.521952255245421	348	1.11406941163991
"rs1167550"	0.521986811697056	348	1.06215066667024
"rs361859"	0.521996167062484	348	1.2478807094535
"rs468998"	0.522024322901781	348	1.11992713529074
"rs590571"	0.522030402163727	348	0.857173312340475
"rs2171004"	0.52213634182638	348	1.06691109548627
"rs1139428"	0.522146422629318	348	1.32641511543443
"rs1139433"	0.522146422629328	348	1.32641511543443
"rs850511"	0.522147942393762	348	1.09346959376753
"rs1882714"	0.522152331244466	348	1.12879565653651
"rs972218"	0.522183643126186	348	0.961337913283017
"rs583908"	0.522206555380797	348	1.12349408743394
"rs2134062"	0.522215542362228	348	0.885357230189572
"rs817316"	0.522221129498961	348	1.12798244804311
"rs1370989"	0.522221333719452	348	1.14313283076345
"rs1894625"	0.52222145031968	348	1.13704032804119
"rs352689"	0.52222524774429	348	0.795434889822696
"rs2134192"	0.522230037379535	348	0.873844703994514
"rs1954155"	0.522230268339673	348	1.13019232236651
"rs1954289"	0.522230268339673	348	1.13019232236651
"rs1954510"	0.522230268339673	348	1.13019232236651
"rs226268"	0.522235415487051	348	1.0633784344414
"rs414171"	0.52225365623634	348	1.13659908916501
"rs1600754"	0.522262166666092	348	1.13436133108513
"rs544464"	0.522324377115354	348	1.11091246990434
"rs544484"	0.522324377115354	348	1.11091246990434
"rs544487"	0.522324377115354	348	1.11091246990434
"rs544489"	0.522324377115354	348	1.11091246990434
"rs81735"	0.522338407301448	348	1.07184677841431
"rs967514"	0.522355857928401	348	1.13295726456074
"rs903037"	0.522363450498399	348	0.736641680490372
"rs2068693"	0.522363450498401	348	0.73664168049037
"rs980545"	0.522382677624644	348	0.898719014418416
"rs800435"	0.522386321806707	348	1.20903076641129
"rs222370"	0.522433536702193	348	1.1627117683154
"rs845609"	0.522434812606607	348	1.09025706813317
"rs353775"	0.522556859774589	348	1.14403885139651
"rs896595"	0.522560129349281	348	0.879379146861979
"rs1105203"	0.522599036727036	348	0.875952005683635
"rs1796917"	0.52263529006979	348	1.10983742943029
"rs278341"	0.522653634505991	348	0.92178618951917
"rs496888"	0.522669517163856	348	0.829383217674579
"rs496922"	0.522669517163856	348	0.829383217674579
"rs1368881"	0.52266953811937	348	1.10797458098001
"rs1798168"	0.522700495977001	348	1.24764295976681
"rs2127714"	0.522726758941466	348	1.14105861558979
"rs528673"	0.522750583902924	348	1.33220528807163
"rs308282"	0.522769594974807	348	1.16542605466709
"rs1963282"	0.522776985628148	348	1.13912585945423
"rs1204209"	0.522819617915643	348	0.906755326195621
"rs772694"	0.522846277286521	348	1.25214550902667
"rs1658778"	0.522868358434353	348	1.14177549826646
"rs1055852"	0.5228781223259	348	0.898297727411348
"rs530691"	0.522891590046105	348	1.09764279596733
"rs32171"	0.522897168661487	348	0.942786894956185
"rs339777"	0.522922471638154	348	1.16436373288533
"rs1105243"	0.522926573664995	348	0.876050153074206
"rs81578"	0.523008572991853	348	1.07570440455008
"rs927836"	0.523040287052831	348	0.661946029636615
"rs811604"	0.523041182626017	348	0.923066834371854
"rs510805"	0.523058241068395	348	0.886980078513124
"rs510874"	0.523058241068395	348	0.886980078513124
"rs122029"	0.523101819846607	348	1.09956733139762
"rs351723"	0.52315531650743	348	1.25519589210219
"rs817358"	0.523161226542499	348	0.89852955609042
"rs812943"	0.523166640837325	348	0.936673481991083
"rs591144"	0.523170540046539	348	0.887226711348258
"rs1777276"	0.523196139918172	348	1.09084665917148
"rs562497"	0.523198431918848	348	0.886449362013922
"rs1739511"	0.523211428972769	348	1.10936494239005
"rs336608"	0.523243242481826	348	1.13509070434763
"rs1676079"	0.523270118746682	348	0.833855360624019
"rs1676088"	0.523270118746682	348	0.833855360624019
"rs1676103"	0.523270118746682	348	0.833855360624019
"rs1676106"	0.523270118746682	348	0.833855360624019
"rs264750"	0.523285448195835	348	0.65820284814222
"rs2146470"	0.523286765532096	348	1.30679564666163
"rs1666108"	0.523308696412472	348	0.843680644527746
"rs730846"	0.523309400689223	348	0.877645082000497
"rs730847"	0.523309400689223	348	0.877645082000497
"rs730848"	0.523309400689223	348	0.877645082000497
"rs730849"	0.523309400689223	348	0.877645082000497
"rs730851"	0.523309400689223	348	0.877645082000497
"rs665410"	0.523315375172831	348	1.26004991688464
"rs1943245"	0.523319268137862	348	0.891801767049729
"rs1943261"	0.523319268137862	348	0.891801767049729
"rs1943264"	0.523319268137862	348	0.891801767049729
"rs1943266"	0.523319268137862	348	0.891801767049729
"rs1943273"	0.523319268137862	348	0.891801767049729
"rs1943275"	0.523319268137862	348	0.891801767049729
"rs1315359"	0.523330624122329	348	0.876332883628049
"rs1307568"	0.52333545497003	348	1.09014493063704
"rs126606"	0.523369054064637	348	1.10723507712168
"rs1356443"	0.523379540154174	348	0.749258988953935
"rs1356458"	0.523379540154174	348	0.749258988953935
"rs1439385"	0.523436042594731	348	0.899701668121319
"rs560112"	0.523476578373034	348	0.752970600326655
"rs113507"	0.523493825741456	348	1.06526961932151
"rs113509"	0.523493825741456	348	1.06526961932151
"rs113527"	0.523493825741456	348	1.06526961932151
"rs113529"	0.523493825741456	348	1.06526961932151
"rs113534"	0.523493825741456	348	1.06526961932151
"rs113535"	0.523493825741456	348	1.06526961932151
"rs113536"	0.523493825741456	348	1.06526961932151
"rs113539"	0.523493825741456	348	1.06526961932151
"rs113541"	0.523493825741456	348	1.06526961932151
"rs113542"	0.523493825741456	348	1.06526961932151
"rs113553"	0.523493825741456	348	1.06526961932151
"rs113554"	0.523493825741456	348	1.06526961932151
"rs113559"	0.523493825741456	348	1.06526961932151
"rs113562"	0.523493825741456	348	1.06526961932151
"rs575647"	0.523497742108533	348	1.31342156198069
"rs575651"	0.523497742108533	348	1.31342156198069
"rs575655"	0.523497742108533	348	1.31342156198069
"rs575657"	0.523497742108533	348	1.31342156198069
"rs575658"	0.523497742108533	348	1.31342156198069
"rs575659"	0.523497742108533	348	1.31342156198069
"rs1753228"	0.523540749363878	348	1.09747124486685
"rs1753238"	0.523540749363878	348	1.09747124486685
"rs1753244"	0.523540749363878	348	1.09747124486685
"rs331446"	0.523549316429903	348	0.878587110938495
"rs812121"	0.523557010634955	348	0.926715366204539
"rs1308288"	0.523562830157292	348	1.1196410214745
"rs1233365"	0.523571825646404	348	0.855952790870416
"rs1233366"	0.523571825646404	348	0.855952790870416
"rs1233446"	0.523571825646404	348	0.855952790870416
"rs1233448"	0.523571825646404	348	0.855952790870416
"rs1233588"	0.523571825646404	348	0.855952790870416
"rs1233663"	0.523571825646404	348	0.855952790870416
"rs1233686"	0.523571825646404	348	0.855952790870416
"rs1233711"	0.523571825646404	348	0.855952790870416
"rs1233945"	0.523571825646404	348	0.855952790870416
"rs1233974"	0.523571825646404	348	0.855952790870416
"rs1234035"	0.523571825646404	348	0.855952790870416
"rs1234154"	0.523571825646404	348	0.855952790870416
"rs1244838"	0.523571825646404	348	0.855952790870416
"rs1244973"	0.523571825646404	348	0.855952790870416
"rs1245179"	0.523571825646404	348	0.855952790870416
"rs1245280"	0.523571825646404	348	0.855952790870416
"rs1245343"	0.523571825646404	348	0.855952790870416
"rs1245376"	0.523571825646404	348	0.855952790870416
"rs1245390"	0.523571825646404	348	0.855952790870416
"rs1245526"	0.523571825646404	348	0.855952790870416
"rs1245693"	0.523571825646404	348	0.855952790870416
"rs1245733"	0.523571825646404	348	0.855952790870416
"rs1245778"	0.523571825646404	348	0.855952790870416
"rs1245823"	0.523571825646404	348	0.855952790870416
"rs1248854"	0.523571825646404	348	0.855952790870416
"rs1249313"	0.523571825646404	348	0.855952790870416
"rs1249481"	0.523571825646404	348	0.855952790870416
"rs1249673"	0.523571825646404	348	0.855952790870416
"rs1249751"	0.523571825646404	348	0.855952790870416
"rs1250030"	0.523571825646404	348	0.855952790870416
"rs1250435"	0.523571825646404	348	0.855952790870416
"rs1250443"	0.523571825646404	348	0.855952790870416
"rs1250555"	0.523571825646404	348	0.855952790870416
"rs1250582"	0.523571825646404	348	0.855952790870416
"rs1250901"	0.523571825646404	348	0.855952790870416
"rs1250939"	0.523571825646404	348	0.855952790870416
"rs1251005"	0.523571825646404	348	0.855952790870416
"rs1251026"	0.523571825646404	348	0.855952790870416
"rs1251056"	0.523571825646404	348	0.855952790870416
"rs1251201"	0.523571825646404	348	0.855952790870416
"rs1251238"	0.523571825646404	348	0.855952790870416
"rs1251248"	0.523571825646404	348	0.855952790870416
"rs1251266"	0.523571825646404	348	0.855952790870416
"rs1251365"	0.523571825646404	348	0.855952790870416
"rs1251543"	0.523571825646404	348	0.855952790870416
"rs1251712"	0.523571825646404	348	0.855952790870416
"rs1251740"	0.523571825646404	348	0.855952790870416
"rs1251863"	0.523571825646404	348	0.855952790870416
"rs1251908"	0.523571825646404	348	0.855952790870416
"rs1251911"	0.523571825646404	348	0.855952790870416
"rs1252334"	0.523571825646404	348	0.855952790870416
"rs1252349"	0.523571825646404	348	0.855952790870416
"rs1252350"	0.523571825646404	348	0.855952790870416
"rs1252376"	0.523571825646404	348	0.855952790870416
"rs1252385"	0.523571825646404	348	0.855952790870416
"rs1252444"	0.523571825646404	348	0.855952790870416
"rs1252907"	0.523571825646404	348	0.855952790870416
"rs1253419"	0.523571825646404	348	0.855952790870416
"rs1253501"	0.523571825646404	348	0.855952790870416
"rs1253519"	0.523571825646404	348	0.855952790870416
"rs1253618"	0.523571825646404	348	0.855952790870416
"rs1253621"	0.523571825646404	348	0.855952790870416
"rs1253624"	0.523571825646404	348	0.855952790870416
"rs1253789"	0.523571825646404	348	0.855952790870416
"rs1253800"	0.523571825646404	348	0.855952790870416
"rs1253855"	0.523571825646404	348	0.855952790870416
"rs1254094"	0.523571825646404	348	0.855952790870416
"rs1254199"	0.523571825646404	348	0.855952790870416
"rs1254210"	0.523571825646404	348	0.855952790870416
"rs1254228"	0.523571825646404	348	0.855952790870416
"rs1254253"	0.523571825646404	348	0.855952790870416
"rs1259290"	0.523571825646404	348	0.855952790870416
"rs1259329"	0.523571825646404	348	0.855952790870416
"rs1259410"	0.523571825646404	348	0.855952790870416
"rs1259419"	0.523571825646404	348	0.855952790870416
"rs1259605"	0.523571825646404	348	0.855952790870416
"rs1259668"	0.523571825646404	348	0.855952790870416
"rs1259701"	0.523571825646404	348	0.855952790870416
"rs1259890"	0.523571825646404	348	0.855952790870416
"rs1259902"	0.523571825646404	348	0.855952790870416
"rs1260036"	0.523571825646404	348	0.855952790870416
"rs1260139"	0.523571825646404	348	0.855952790870416
"rs1260175"	0.523571825646404	348	0.855952790870416
"rs1260271"	0.523571825646404	348	0.855952790870416
"rs1260869"	0.523571825646404	348	0.855952790870416
"rs1261057"	0.523571825646404	348	0.855952790870416
"rs1261135"	0.523571825646404	348	0.855952790870416
"rs1261228"	0.523571825646404	348	0.855952790870416
"rs1261285"	0.523571825646404	348	0.855952790870416
"rs1261311"	0.523571825646404	348	0.855952790870416
"rs1261663"	0.523571825646404	348	0.855952790870416
"rs1261832"	0.523571825646404	348	0.855952790870416
"rs1261877"	0.523571825646404	348	0.855952790870416
"rs1261931"	0.523571825646404	348	0.855952790870416
"rs1262098"	0.523571825646404	348	0.855952790870416
"rs1262224"	0.523571825646404	348	0.855952790870416
"rs1262419"	0.523571825646404	348	0.855952790870416
"rs1262470"	0.523571825646404	348	0.855952790870416
"rs1262500"	0.523571825646404	348	0.855952790870416
"rs1262509"	0.523571825646404	348	0.855952790870416
"rs1262587"	0.523571825646404	348	0.855952790870416
"rs1262590"	0.523571825646404	348	0.855952790870416
"rs938199"	0.523585226168648	348	0.857076999510245
"rs1394307"	0.523599225581736	348	1.187582703352
"rs236138"	0.523637271585386	348	1.12683468666735
"rs236144"	0.523637271585386	348	1.12683468666735
"rs236147"	0.523637271585386	348	1.12683468666735
"rs236159"	0.523637271585386	348	1.12683468666735
"rs55087"	0.52363843848645	348	1.11751797326114
"rs55099"	0.52363843848645	348	1.11751797326114
"rs1546151"	0.523643395039945	348	1.26196248180006
"rs552424"	0.523653086773718	348	0.866937434051297
"rs509955"	0.523722765607395	348	1.18218305969785
"rs1330918"	0.523738132812998	348	1.1025708571306
"rs264857"	0.523745238268835	348	1.13033687054012
"rs561137"	0.523759620212662	348	0.717472248183099
"rs285024"	0.523770157472866	348	1.09445816471815
"rs1557043"	0.523786286072722	348	0.825946385398587
"rs912206"	0.523812069748154	348	0.866279476907828
"rs1687629"	0.52382870571218	348	0.830906445255417
"rs370488"	0.523861603449323	348	0.831539508648544
"rs906691"	0.523876215008538	348	0.83677818555078
"rs906658"	0.523876215008542	348	0.83677818555078
"rs1692880"	0.523880881432725	348	0.756724256348152
"rs626019"	0.523885259543387	348	1.23996721846578
"rs623921"	0.523895932077205	348	1.1326204465995
"rs1191263"	0.523974566489856	348	0.90945871053102
"rs781472"	0.523987195505892	348	1.20857346644332
"rs614846"	0.524010119579341	348	0.850953234544162
"rs306497"	0.524013034810313	348	0.877310618463861
"rs423510"	0.524033564108544	348	0.843042905420985
"rs351194"	0.524062410432471	348	1.17288329694817
"rs616497"	0.524122616261307	348	0.767914568102118
"rs146565"	0.524144499697107	348	0.880662346060004
"rs1748918"	0.524167332481312	348	0.855354117528651
"rs619633"	0.52420173510137	348	1.45294069101287
"rs839276"	0.524204819943276	348	0.845544147495696
"rs1030356"	0.524269285577827	348	0.874029117046656
"rs175185"	0.524286719157874	348	1.17606092078357
"rs1359852"	0.524361475455856	348	1.04335634959808
"rs1919405"	0.524391409742665	348	0.74793811304966
"rs1963948"	0.524395478633644	348	0.84186398453831
"rs1711627"	0.52443156050239	348	1.12421116111205
"rs1741671"	0.524443754969412	348	1.16562059984192
"rs1698012"	0.52448241189275	348	1.10570725895891
"rs1687914"	0.524501336583941	348	1.18883800111911
"rs1119683"	0.524502930339999	348	1.12326336310824
"rs620897"	0.524562267177762	348	0.776597177518407
"rs620900"	0.524562267177762	348	0.776597177518407
"rs620903"	0.524562267177762	348	0.776597177518407
"rs620918"	0.524562267177762	348	0.776597177518407
"rs620960"	0.524562267177762	348	0.776597177518407
"rs620972"	0.524562267177762	348	0.776597177518407
"rs620985"	0.524562267177762	348	0.776597177518407
"rs620987"	0.524562267177762	348	0.776597177518407
"rs621038"	0.524562267177762	348	0.776597177518407
"rs621042"	0.524562267177762	348	0.776597177518407
"rs621043"	0.524562267177762	348	0.776597177518407
"rs621044"	0.524562267177762	348	0.776597177518407
"rs621047"	0.524562267177762	348	0.776597177518407
"rs621053"	0.524562267177762	348	0.776597177518407
"rs621062"	0.524562267177762	348	0.776597177518407
"rs621080"	0.524562267177762	348	0.776597177518407
"rs621083"	0.524562267177762	348	0.776597177518407
"rs621086"	0.524562267177762	348	0.776597177518407
"rs621092"	0.524562267177762	348	0.776597177518407
"rs621101"	0.524562267177762	348	0.776597177518407
"rs621104"	0.524562267177762	348	0.776597177518407
"rs621320"	0.524562267177762	348	0.776597177518407
"rs1783180"	0.524570948885548	348	1.11459517245859
"rs1783186"	0.524570948885548	348	1.11459517245859
"rs1095594"	0.524601246259354	348	0.804604378449842
"rs1095803"	0.524601246259354	348	0.804604378449842
"rs1357225"	0.524637483134426	348	0.844420767071028
"rs1957546"	0.524666404841433	348	1.18714640097809
"rs1319677"	0.524699808301186	348	1.18512502443799
"rs1367702"	0.524761956729693	348	1.202526198811
"rs1021224"	0.524804890409472	348	1.15585275778636
"rs1021230"	0.524804890409472	348	1.15585275778636
"rs917191"	0.52487230679039	348	1.15211963052839
"rs60454"	0.524873628942064	348	0.866454359691486
"rs60463"	0.524873628942064	348	0.866454359691486
"rs60466"	0.524873628942064	348	0.866454359691486
"rs60472"	0.524873628942064	348	0.866454359691486
"rs60481"	0.524873628942064	348	0.866454359691486
"rs60484"	0.524873628942064	348	0.866454359691486
"rs60502"	0.524873628942064	348	0.866454359691486
"rs60520"	0.524873628942064	348	0.866454359691486
"rs1039598"	0.524916530676611	348	0.837672508235699
"rs1399111"	0.524955742915138	348	1.31513547652313
"rs1399113"	0.524955742915138	348	1.31513547652313
"rs1399114"	0.524955742915138	348	1.31513547652313
"rs1399117"	0.524955742915138	348	1.31513547652313
"rs1399123"	0.524955742915138	348	1.31513547652313
"rs1399126"	0.524955742915138	348	1.31513547652313
"rs1399129"	0.524955742915138	348	1.31513547652313
"rs1399132"	0.524955742915138	348	1.31513547652313
"rs509634"	0.524957268672236	348	1.03619204077915
"rs942736"	0.52498346368277	348	1.21015133405922
"rs920403"	0.524988214393482	348	1.13760812405328
"rs1748659"	0.525013102340596	348	0.855666608889238
"rs1118781"	0.525026051365375	348	0.89493468152011
"rs1748405"	0.525078993362702	348	0.855686207939058
"rs1447937"	0.525083413435552	348	0.901117381464221
"rs2070094"	0.525091771133979	348	0.868841840266608
"rs2070100"	0.525091771133981	348	0.868841840266609
"rs2070118"	0.525091771133981	348	0.868841840266609
"rs1815339"	0.525093270793686	348	0.887373958653507
"rs1307270"	0.525109796594371	348	1.12059939349394
"rs895748"	0.52515421612659	348	1.19975664904773
"rs895751"	0.52515421612659	348	1.19975664904773
"rs1420254"	0.525167553489214	348	0.874806565350591
"rs1739690"	0.525177122692164	348	1.07422048887241
"rs1862990"	0.52518136743371	348	0.86620832404799
"rs713543"	0.525189561436701	348	0.897669707778767
"rs364374"	0.525202253778898	348	0.90175619129639
"rs2087486"	0.525216989167161	348	1.15212991704737
"rs533592"	0.52522117493593	348	0.832513732994973
"rs1744570"	0.525257286558138	348	0.877385680233509
"rs496399"	0.525286547933262	348	0.836035708625362
"rs817838"	0.52529411080213	348	1.09905711254515
"rs817841"	0.52529411080213	348	1.09905711254515
"rs817847"	0.52529411080213	348	1.09905711254515
"rs560960"	0.525313527959024	348	0.896972954538317
"rs693572"	0.525346516516563	348	0.879594635289316
"rs715826"	0.52535481753384	348	1.24678451152624
"rs1469517"	0.525427077097856	348	1.1523571889088
"rs906886"	0.525465454189975	348	0.825586186514267
"rs920126"	0.525533459613772	348	1.16640906264676
"rs1790388"	0.52558006854079	348	0.943662000488307
"rs1766934"	0.525603577233778	348	1.14503679241085
"rs1767111"	0.525603577233778	348	1.14503679241085
"rs1767187"	0.525603577233778	348	1.14503679241085
"rs1767732"	0.525603577233778	348	1.14503679241085
"rs232458"	0.52563939112732	348	0.838883710497349
"rs492011"	0.525641340926433	348	0.848324775739251
"rs1743233"	0.525668391218919	348	1.1034159981826
"rs491426"	0.525695150247126	348	1.09242594461387
"rs1205448"	0.525716980339336	348	0.915625929573734
"rs467806"	0.525732770850394	348	0.884214063229236
"rs2008598"	0.525735452626784	348	0.913648102769543
"rs2008599"	0.525735452626784	348	0.913648102769543
"rs2008601"	0.525735452626784	348	0.913648102769543
"rs2008607"	0.525735452626784	348	0.913648102769543
"rs919390"	0.525736817549841	348	0.85659148798906
"rs488807"	0.525741987516087	348	0.883285978185556
"rs237116"	0.525768290648081	348	1.25430557967087
"rs1961719"	0.52577955806412	348	1.1526320476452
"rs1907768"	0.525788257156716	348	1.03393500628481
"rs572228"	0.525806987959833	348	0.837152283178489
"rs544655"	0.525823647337056	348	0.905533076085462
"rs1465323"	0.525842435912302	348	0.876589917735863
"rs42759"	0.525849665502801	348	0.91852032588341
"rs959013"	0.525867650813633	348	0.867237833183949
"rs1126659"	0.525873819194841	348	0.864603526926357
"rs255282"	0.525896494266295	348	0.906518383583782
"rs1642155"	0.525936678673617	348	1.17732949677173
"rs780208"	0.525964039141059	348	0.752561705594423
"rs1594772"	0.525964039141059	348	0.752561705594423
"rs2135780"	0.525964039141059	348	0.752561705594423
"rs1288352"	0.526005262489074	348	0.64373969091538
"rs1288373"	0.526005262489074	348	0.64373969091538
"rs268228"	0.526024536688942	348	1.19118395808964
"rs268232"	0.526024536688942	348	1.19118395808964
"rs268238"	0.526024536688945	348	1.19118395808964
"rs268239"	0.526024536688945	348	1.19118395808964
"rs268243"	0.526024536688945	348	1.19118395808964
"rs268246"	0.526024536688945	348	1.19118395808964
"rs1441991"	0.526050101618891	348	1.1304912556068
"rs851199"	0.526109325546168	348	1.16458084359115
"rs851408"	0.526109325546168	348	1.16458084359115
"rs1844601"	0.526145317513604	348	0.867855317908652
"rs411368"	0.52616408754329	348	0.224219813102931
"rs626941"	0.526192599742377	348	0.881145274593278
"rs729658"	0.526229285860101	348	0.86046805996124
"rs1616396"	0.526289283983459	348	1.1034027550958
"rs585907"	0.526326310295573	348	0.808661808991114
"rs586034"	0.526326310295573	348	0.808661808991114
"rs806983"	0.526340366670313	348	0.883991468384738
"rs1294538"	0.526406864094271	348	0.840390595852388
"rs1369479"	0.526426264585539	348	1.10676659250511
"rs566116"	0.526432585497779	348	0.949200937230683
"rs1403294"	0.526438105106504	348	1.23302113832499
"rs2122623"	0.52647897736678	348	0.891039890275261
"rs488810"	0.526488591902891	348	0.884679646585184
"rs532866"	0.52650040444149	348	0.880023586672167
"rs568808"	0.526550271965474	348	1.15886165347373
"rs568809"	0.526550271965474	348	1.15886165347373
"rs568822"	0.526550271965474	348	1.15886165347373
"rs1741948"	0.526573971438043	348	0.919250744858571
"rs633582"	0.52659963587232	348	0.886886143182301
"rs129506"	0.526639495100867	348	1.1204081242418
"rs1982806"	0.526662184236736	348	1.14983621133871
"rs306258"	0.526685959158148	348	0.878429232432295
"rs1743236"	0.526688285040396	348	1.11005987174807
"rs1743238"	0.526688285040396	348	1.11005987174807
"rs1743239"	0.526688285040396	348	1.11005987174807
"rs139941"	0.526698630799439	348	0.88449840216455
"rs134353"	0.526713083698535	348	0.865173873807431
"rs134384"	0.526713083698535	348	0.865173873807431
"rs1944294"	0.52673079400694	348	1.14406868963677
"rs1944296"	0.52673079400694	348	1.14406868963677
"rs1205616"	0.526775179124838	348	0.936906924092439
"rs683990"	0.526834743934312	348	1.13585680991275
"rs511102"	0.526880031933553	348	0.834595857612062
"rs1900666"	0.52688567905607	348	0.832694241069706
"rs444408"	0.526898653855894	348	0.657830053857439
"rs2172578"	0.526914869020539	348	1.08636642830006
"rs1406340"	0.526952203304593	348	0.965651715812153
"rs327859"	0.526971088647014	348	1.10186298337728
"rs562749"	0.526985749667699	348	1.1344609254372
"rs2144700"	0.527000343375867	348	1.13035121546212
"rs2058103"	0.527013036787392	348	0.914140079544404
"rs1639907"	0.527081777812811	348	0.835991883660826
"rs1639985"	0.527081777812811	348	0.835991883660826
"rs1640003"	0.527081777812811	348	0.835991883660826
"rs1640738"	0.527081777812814	348	0.835991883660827
"rs472493"	0.527095808950606	348	0.888580041834452
"rs1748740"	0.527115573039943	348	0.85612199386833
"rs1931701"	0.527122011999385	348	1.16515198184148
"rs2160525"	0.527126790720697	348	0.928364232637514
"rs1954270"	0.527165344737128	348	1.12894158978754
"rs1954526"	0.527165344737128	348	1.12894158978754
"rs1431915"	0.527173980648606	348	1.14863684350491
"rs150921"	0.527205452464314	348	1.0912848546195
"rs191918"	0.527296882417447	348	1.13666453350056
"rs1403661"	0.5273114381447	348	0.787049544268662
"rs31455"	0.527312041126792	348	0.894163851870795
"rs31459"	0.527312041126792	348	0.894163851870795
"rs31461"	0.527312041126792	348	0.894163851870795
"rs592042"	0.527320167846675	348	1.11880497257491
"rs1318100"	0.52732782752743	348	0.810523017238489
"rs1036657"	0.527335972828053	348	1.13913795419316
"rs1614755"	0.527341835236368	348	1.04759230275597
"rs1195983"	0.527354869892345	348	0.887626932485131
"rs189773"	0.527370274389959	348	0.888115740301084
"rs773067"	0.527416919497611	348	1.14296521343216
"rs305677"	0.527419876729963	348	0.877170448530609
"rs1961494"	0.527422144897929	348	0.92146781196883
"rs1961501"	0.527422144897929	348	0.92146781196883
"rs1961503"	0.527422144897929	348	0.92146781196883
"rs1963535"	0.527432063618886	348	0.856717362380325
"rs1881914"	0.527444763291073	348	0.863175235101988
"rs1881922"	0.527444763291073	348	0.863175235101988
"rs669175"	0.52745526478849	348	1.11381411655848
"rs509562"	0.527479316490657	348	0.88744966839537
"rs1965494"	0.527491775544192	348	0.821933530452609
"rs304770"	0.52752442676852	348	1.16019581979767
"rs1945534"	0.527534400684315	348	0.773621391739297
"rs1945552"	0.527534400684316	348	0.773621391739294
"rs667207"	0.527625200112826	348	1.07952614594774
"rs511117"	0.527650578946458	348	1.1261614397469
"rs806658"	0.527654494492884	348	0.907646360688969
"rs806662"	0.527654494492884	348	0.907646360688969
"rs806665"	0.527654494492884	348	0.907646360688969
"rs429552"	0.527672030419679	348	4.13876748180985
"rs429555"	0.527672030419679	348	4.13876748180985
"rs298316"	0.527700206792987	348	1.11453730756115
"rs225439"	0.527703587095022	348	0.845387205419832
"rs1987746"	0.52771818492601	348	0.832753958733642
"rs1633569"	0.527760980080052	348	0.847664027930342
"rs864363"	0.52777513383322	348	1.17249665842773
"rs1064465"	0.527777013464966	348	0.841750906451275
"rs162821"	0.527784056208206	348	1.10702274543314
"rs83200"	0.52778738798179	348	0.941922221126752
"rs3397"	0.527808318567216	348	1.13109885638952
"rs2092869"	0.527810185225431	348	1.08725502849968
"rs2015474"	0.527829304285245	348	1.23133498692134
"rs1087032"	0.5278599137602	348	0.640386921038093
"rs46009"	0.527899444602123	348	1.11170460721167
"rs46024"	0.527899444602123	348	1.11170460721167
"rs46027"	0.527899444602123	348	1.11170460721167
"rs853646"	0.527961653477909	348	1.22400820223163
"rs1206428"	0.527968196927893	348	0.933613075963984
"rs919307"	0.52799565629067	348	1.21321973923919
"rs918215"	0.527995656290678	348	1.21321973923919
"rs1899642"	0.528018399877434	348	0.849836115517686
"rs1899718"	0.528018399877434	348	0.849836115517686
"rs1369352"	0.528026385428691	348	1.10811335773136
"rs1369355"	0.528026385428691	348	1.10811335773136
"rs1369460"	0.528026385428691	348	1.10811335773136
"rs109702"	0.528034860786212	348	0.869369713540906
"rs1565038"	0.528083392286937	348	0.881452242756671
"rs436008"	0.528086504179229	348	1.09670899912652
"rs1748553"	0.528162287231777	348	0.856445189901876
"rs1749057"	0.528162287231777	348	0.856445189901876
"rs307938"	0.528219349832455	348	0.878411394969798
"rs307353"	0.528260766166298	348	0.878412213856786
"rs307730"	0.528260766166298	348	0.878412213856786
"rs307781"	0.528260766166298	348	0.878412213856786
"rs307905"	0.528260766166298	348	0.878412213856786
"rs308001"	0.528260766166298	348	0.878412213856786
"rs1052185"	0.528356438712007	348	0.86076899317921
"rs643406"	0.528365546788822	348	0.858998312381826
"rs849926"	0.528367551694713	348	0.879278555448736
"rs849959"	0.528367551694713	348	0.879278555448736
"rs123165"	0.528377789212618	348	0.921953842220302
"rs344178"	0.528415404592224	348	0.853599396905079
"rs637379"	0.528436046104613	348	0.88237368690183
"rs306343"	0.528459697445556	348	0.878417130666226
"rs306561"	0.528459697445556	348	0.878417130666226
"rs1690834"	0.52846245719911	348	1.12056777515343
"rs1690837"	0.52846245719911	348	1.12056777515343
"rs1690822"	0.528462457199125	348	1.12056777515342
"rs58652"	0.528483710312294	348	0.866134646804916
"rs966136"	0.528484635541122	348	1.20316780260575
"rs847660"	0.528495000358186	348	1.13971373926577
"rs1353073"	0.528526244485637	348	0.885440045133854
"rs531384"	0.5285288797917	348	1.12546460155457
"rs822990"	0.528532799220623	348	1.11638905896403
"rs2119691"	0.528557228605537	348	1.11582100284031
"rs43140"	0.528567530757465	348	0.859691230103769
"rs43146"	0.528567530757465	348	0.859691230103769
"rs1763501"	0.528573769442406	348	0.896236486716759
"rs1763504"	0.528573769442406	348	0.896236486716759
"rs425159"	0.528591524055064	348	0.845087902723133
"rs1167652"	0.528592433533987	348	1.09470635236773
"rs393586"	0.528609282972076	348	0.824821822923183
"rs394155"	0.528609282972076	348	0.824821822923183
"rs394201"	0.528609282972076	348	0.824821822923183
"rs394608"	0.528609282972076	348	0.824821822923183
"rs1369705"	0.528622909122223	348	0.864107251823361
"rs2089673"	0.528629186303873	348	0.920992198308334
"rs1108060"	0.528630424688461	348	1.24939601847302
"rs489822"	0.528632559802921	348	1.14018666766892
"rs994445"	0.52865129281227	348	0.882810840124227
"rs1630187"	0.528658966578062	348	1.16542338764114
"rs897211"	0.528669169452418	348	0.941640869077789
"rs1444964"	0.528697779671454	348	1.10822922449792
"rs341904"	0.528699629181099	348	0.823439403349698
"rs341912"	0.528699629181099	348	0.823439403349698
"rs831871"	0.528706489644509	348	0.807590416068217
"rs831872"	0.528706489644509	348	0.807590416068217
"rs663410"	0.528722868691014	348	1.10995972819986
"rs43935"	0.528748764273609	348	0.871663302867361
"rs2057765"	0.52875881034208	348	0.83576642480334
"rs2024867"	0.528761016047738	348	1.12362666300901
"rs2024777"	0.528761016047814	348	1.12362666300899
"rs2024780"	0.528761016047814	348	1.12362666300899
"rs2024788"	0.528761016047814	348	1.12362666300899
"rs2024804"	0.528761016047814	348	1.12362666300899
"rs2024828"	0.528761016047814	348	1.12362666300899
"rs2024834"	0.528761016047814	348	1.12362666300899
"rs2024835"	0.528761016047814	348	1.12362666300899
"rs2024837"	0.528761016047814	348	1.12362666300899
"rs2024842"	0.528761016047814	348	1.12362666300899
"rs2024846"	0.528761016047814	348	1.12362666300899
"rs2170857"	0.52880164408535	348	0.922420084947952
"rs2170858"	0.52880164408535	348	0.922420084947952
"rs2170861"	0.52880164408535	348	0.922420084947952
"rs2170863"	0.52880164408535	348	0.922420084947952
"rs1065543"	0.528801860003162	348	1.12157211396762
"rs1368740"	0.528807820014341	348	1.10612591926851
"rs1368899"	0.528807820014341	348	1.10612591926851
"rs858028"	0.528841644860179	348	1.11244763120711
"rs909788"	0.528852031552417	348	1.14608088505103
"rs909800"	0.528852031552417	348	1.14608088505103
"rs1467170"	0.528872779140902	348	1.31353146302434
"rs2060272"	0.528887136927021	348	0.757643085791362
"rs2060275"	0.528887136927021	348	0.757643085791362
"rs663178"	0.528887136927222	348	0.757643085791483
"rs176463"	0.52888737063651	348	1.16567448201562
"rs353399"	0.528926830049523	348	1.07841046061737
"rs275376"	0.528928324014029	348	1.29192905716273
"rs275378"	0.528928324014029	348	1.29192905716273
"rs2114837"	0.528939374637336	348	1.13001184473629
"rs342434"	0.529003995511067	348	0.824189149334584
"rs789767"	0.529041970002768	348	1.06272361985636
"rs2182920"	0.529049418708212	348	1.24710434629841
"rs2182921"	0.529049418708212	348	1.24710434629841
"rs2182927"	0.529049418708212	348	1.24710434629841
"rs2182961"	0.529049418708212	348	1.24710434629841
"rs2182966"	0.529049418708212	348	1.24710434629841
"rs2182984"	0.529049418708212	348	1.24710434629841
"rs2183011"	0.529049418708212	348	1.24710434629841
"rs2183026"	0.529049418708212	348	1.24710434629841
"rs2183071"	0.529049418708212	348	1.24710434629841
"rs2183083"	0.529049418708212	348	1.24710434629841
"rs2183091"	0.529049418708212	348	1.24710434629841
"rs2183095"	0.529049418708212	348	1.24710434629841
"rs2183103"	0.529049418708212	348	1.24710434629841
"rs2183125"	0.529049418708212	348	1.24710434629841
"rs2183133"	0.529049418708212	348	1.24710434629841
"rs1565751"	0.52910032673969	348	0.778147535142074
"rs2144994"	0.529135930892945	348	1.12961077136546
"rs2145000"	0.529135930892945	348	1.12961077136546
"rs2145030"	0.529135930892945	348	1.12961077136546
"rs416793"	0.52914793302378	348	0.873128810232279
"rs1205414"	0.529167912204015	348	0.916380987647808
"rs468826"	0.529188604840355	348	0.865485334374402
"rs65013"	0.529220300464911	348	1.11216450599794
"rs653020"	0.529278099378206	348	1.24639082299408
"rs1986092"	0.529286443878644	348	0.780176409629005
"rs1446238"	0.529323847167917	348	0.895199184687276
"rs941217"	0.529352187368251	348	1.21009072491173
"rs460315"	0.529388400536982	348	1.07646173818214
"rs1440258"	0.529401019940006	348	0.821732960793165
"rs1439525"	0.529401019940047	348	0.821732960793173
"rs81847"	0.529467877472151	348	1.10865605309397
"rs1366615"	0.529487726061795	348	1.12744014658207
"rs2020874"	0.529550369488088	348	0.87099466156156
"rs347508"	0.529559659167946	348	1.6943793760558
"rs940697"	0.529600192158686	348	1.20974470943114
"rs568895"	0.529606896594572	348	1.16084656646355
"rs893377"	0.529628863244567	348	0.817542436877362
"rs85147"	0.529632640574039	348	0.896056352633214
"rs2162574"	0.529677682524405	348	1.10583000701211
"rs2162582"	0.529677682524405	348	1.10583000701211
"rs2162585"	0.529677682524405	348	1.10583000701211
"rs497142"	0.529686753871548	348	0.843770136802092
"rs87967"	0.52970274406975	348	0.904565573659278
"rs2065722"	0.529720741130394	348	1.12048073265764
"rs1957788"	0.529738209416268	348	0.749111396091161
"rs63448"	0.529844482653664	348	1.24031822803805
"rs63647"	0.529844482653664	348	1.24031822803805
"rs500865"	0.529869352467409	348	0.793718805107813
"rs1825890"	0.529879188243245	348	1.10655404339734
"rs305212"	0.529883504701425	348	1.14816571132464
"rs562162"	0.529972358078024	348	1.0860836245386
"rs863822"	0.529979990692784	348	0.960180830409851
"rs1316713"	0.530005425831463	348	0.901758796474286
"rs304677"	0.530021895069139	348	0.909493883328546
"rs1327829"	0.530030229121669	348	1.12620286974424
"rs1815989"	0.530046330855514	348	0.724615053054615
"rs472558"	0.530053224900721	348	1.10579891999417
"rs424532"	0.53008280208236	348	1.06067564915518
"rs426888"	0.530090049560732	348	1.13058220813596
"rs426930"	0.530090049560732	348	1.13058220813596
"rs426933"	0.530090049560732	348	1.13058220813596
"rs426942"	0.530090049560732	348	1.13058220813596
"rs426954"	0.530090049560732	348	1.13058220813596
"rs426957"	0.530090049560732	348	1.13058220813596
"rs401283"	0.530095990942689	348	0.814232231538226
"rs1483808"	0.530098924788129	348	1.13819591438405
"rs1154735"	0.530110341219526	348	1.10294481396522
"rs1609079"	0.530139329215349	348	0.868455843251436
"rs1353189"	0.530143341970085	348	1.07347386055671
"rs1157583"	0.530151233666049	348	0.917966665291283
"rs304170"	0.53018842110052	348	1.44558493967577
"rs1049250"	0.53018842110052	348	0.691761495678209
"rs1112871"	0.53018842110052	348	0.691761495678209
"rs1114844"	0.53018842110052	348	0.691761495678209
"rs1118269"	0.53018842110052	348	0.691761495678209
"rs1421773"	0.53018842110052	348	0.691761495678209
"rs1388164"	0.530188421100521	348	0.691761495678207
"rs303738"	0.530188421100524	348	0.014796806737665
"rs303828"	0.530188421100524	348	0.014796806737665
"rs336738"	0.530188421100526	348	1.44558493967576
"rs336577"	0.530188421100531	348	1.44558493967575
"rs337256"	0.530188421100531	348	1.44558493967575
"rs617369"	0.530188421100531	348	1.44558493967575
"rs618110"	0.530188421100531	348	1.44558493967575
"rs618829"	0.530188421100531	348	1.44558493967575
"rs619567"	0.530188421100531	348	1.44558493967575
"rs621136"	0.530188421100531	348	1.44558493967575
"rs629857"	0.530188421100531	348	1.44558493967575
"rs303874"	0.530188421100557	348	56.209560683903
"rs5829"	0.530193155593054	348	1.22007285067105
"rs1663345"	0.530257688431475	348	1.20014181622116
"rs1377868"	0.530259013755625	348	0.889244684913038
"rs1398684"	0.530289922843612	348	1.15018621782166
"rs7015"	0.530295297605804	348	1.12296897657119
"rs677078"	0.530296521899684	348	0.689064921466339
"rs677628"	0.530296521899684	348	0.689064921466339
"rs85492"	0.530296521899709	348	0.689064921466358
"rs85934"	0.530296521899709	348	0.689064921466358
"rs668824"	0.530296521899709	348	0.689064921466358
"rs669491"	0.530296521899709	348	0.689064921466358
"rs669735"	0.530296521899709	348	0.689064921466358
"rs669825"	0.530296521899709	348	0.689064921466358
"rs671110"	0.530296521899709	348	0.689064921466358
"rs675685"	0.530296521899709	348	0.689064921466358
"rs673803"	0.530296521899711	348	0.689064921466355
"rs1839747"	0.53030707408452	348	0.891225030967121
"rs1358218"	0.530319831944666	348	1.21994610271432
"rs1358224"	0.530319831944666	348	1.21994610271432
"rs420129"	0.530357847777995	348	0.885965330984593
"rs1963447"	0.530360097108998	348	0.89766750554692
"rs2171003"	0.530404467549128	348	1.06499584044719
"rs1742834"	0.530477761237404	348	0.887283530758257
"rs606211"	0.530490437723285	348	1.19003787785372
"rs954305"	0.530503917231836	348	1.36799634890982
"rs954503"	0.530503917231836	348	1.36799634890982
"rs138150"	0.530523733264468	348	0.893028918766094
"rs228130"	0.530585116380107	348	1.24460365652885
"rs362624"	0.530602424560878	348	0.770810745734167
"rs466095"	0.530606350756413	348	1.11716134691102
"rs650879"	0.530620731280845	348	0.602521295095531
"rs650891"	0.530620731280845	348	0.602521295095531
"rs1775077"	0.530646719757666	348	0.909441893852952
"rs1775078"	0.530646719757666	348	0.909441893852952
"rs1775079"	0.530646719757666	348	0.909441893852952
"rs1775080"	0.530646719757666	348	0.909441893852952
"rs225798"	0.530668002837418	348	1.1364072242537
"rs1831141"	0.530672752222171	348	0.855641630009095
"rs1831363"	0.530672752222171	348	0.855641630009095
"rs1737086"	0.530702654325576	348	0.861676976733716
"rs328180"	0.530733568807716	348	0.820730538415086
"rs1157919"	0.530741874010861	348	0.899434266782193
"rs1157922"	0.530741874010861	348	0.899434266782193
"rs1157925"	0.530741874010861	348	0.899434266782193
"rs1157926"	0.530741874010861	348	0.899434266782193
"rs1962760"	0.530812113684067	348	0.881856930617877
"rs1898533"	0.530899159711404	348	0.927665825340868
"rs1898535"	0.530899159711404	348	0.927665825340868
"rs1898536"	0.530899159711404	348	0.927665825340868
"rs1898539"	0.530899159711404	348	0.927665825340868
"rs1898542"	0.530899159711404	348	0.927665825340868
"rs807845"	0.530903517394227	348	0.870833620900531
"rs1420503"	0.530936543221333	348	0.807010939733199
"rs133419"	0.530937361626507	348	0.63828339447331
"rs497720"	0.530963266202353	348	0.826591509279273
"rs1754227"	0.530999756131571	348	0.909806669017111
"rs825223"	0.531003377211983	348	1.15326838892015
"rs825154"	0.531003377211998	348	1.15326838892014
"rs825226"	0.531003377211998	348	1.15326838892014
"rs701557"	0.531097025360654	348	1.1021900798796
"rs1634719"	0.531109767726662	348	0.910988760139094
"rs425404"	0.531146589060018	348	0.909536525685632
"rs1582856"	0.531173006105912	348	0.909026301968399
"rs359913"	0.531179540252721	348	1.15711182543515
"rs360121"	0.531179540252721	348	1.15711182543515
"rs497366"	0.531185221278467	348	0.849888573312832
"rs2019381"	0.531190322968291	348	1.17479675227398
"rs427747"	0.531199099498836	348	0.900836821048873
"rs928832"	0.53122792043056	348	0.915864726419155
"rs819027"	0.531248036689483	348	0.912874446391414
"rs129032"	0.531282327678967	348	1.13924762226226
"rs1784589"	0.53129131127407	348	0.860610256911447
"rs1706391"	0.531298318550611	348	1.12745109789859
"rs535290"	0.531318710150003	348	0.880172279987828
"rs2120220"	0.531328826222247	348	1.13490189556761
"rs149489"	0.531335690304031	348	0.890611555491786
"rs1205655"	0.531346225339228	348	1.08295285711598
"rs406531"	0.531376503783275	348	1.11991125521188
"rs634383"	0.531393420129951	348	1.12743166989552
"rs474755"	0.531452809163922	348	1.19206313547611
"rs474756"	0.531452809163922	348	1.19206313547611
"rs1876037"	0.531476369009224	348	1.11794375470415
"rs1624423"	0.531505625056475	348	0.841368044920469
"rs226469"	0.53152142080275	348	0.931441146917962
"rs1571151"	0.531535767397953	348	0.847610120913218
"rs1561088"	0.531566419401484	348	0.837239950328896
"rs1799348"	0.531576266391999	348	1.24899379543913
"rs324322"	0.531611436564637	348	6.32089931774481
"rs1934483"	0.531635180689884	348	1.4677004761674
"rs1934512"	0.531635180689884	348	1.4677004761674
"rs1114145"	0.531641520288548	348	1.04489928677274
"rs823624"	0.531644449742999	348	0.906893493942675
"rs823627"	0.531644449742999	348	0.906893493942675
"rs429856"	0.531674624722858	348	0.883679483256211
"rs1749269"	0.531685096890369	348	0.832354784821458
"rs1042111"	0.531707543270868	348	1.65469044644909
"rs1617504"	0.531711108440552	348	0.89456342085581
"rs1568908"	0.531714404245301	348	0.907108805994736
"rs253571"	0.531755210650901	348	0.879806871132848
"rs253599"	0.531755210650901	348	0.879806871132848
"rs395767"	0.531760965373221	348	0.865562948966734
"rs636754"	0.531781228404036	348	0.848557431368669
"rs246950"	0.531785021688767	348	0.661908407081285
"rs388877"	0.531796114493777	348	0.636677624610399
"rs994938"	0.531843914200583	348	1.39635292201689
"rs995264"	0.531843914200583	348	1.39635292201689
"rs2091123"	0.531854161586851	348	1.10387448755241
"rs2091135"	0.531854161586851	348	1.10387448755241
"rs1369746"	0.5318753546573	348	1.10883387314857
"rs944957"	0.531878850249645	348	0.901687468505462
"rs744837"	0.531930433726685	348	0.916835122281859
"rs1715402"	0.531980376187656	348	1.1330381630313
"rs1761778"	0.532000059231047	348	1.64929273469641
"rs2013071"	0.532016277641462	348	0.828688981791813
"rs2013074"	0.532016277641462	348	0.828688981791813
"rs490430"	0.532038706804278	348	1.1054643585865
"rs1798503"	0.532061403735854	348	0.792205124018611
"rs1126613"	0.532130203754424	348	0.898207252713835
"rs142833"	0.532151886888602	348	1.18661980576949
"rs304480"	0.532182365192104	348	0.877652532887866
"rs406452"	0.53225896138322	348	1.11807190775522
"rs790071"	0.532301874130954	348	1.08089990781396
"rs1528969"	0.532302565416984	348	1.16676764433245
"rs338139"	0.532318741500896	348	0.858684138001739
"rs1288490"	0.53234782557349	348	0.895669794861864
"rs944918"	0.532362983562989	348	0.869061310751579
"rs553132"	0.532367397611529	348	0.877370933487131
"rs1467532"	0.532385611805283	348	1.17016572079973
"rs1467559"	0.532385611805283	348	1.17016572079973
"rs1467866"	0.532385611805283	348	1.17016572079973
"rs27594"	0.532388273172525	348	1.25545255723041
"rs30206"	0.532388273172525	348	1.25545255723041
"rs128870"	0.532415566860906	348	1.1236823987857
"rs1005290"	0.532535861177163	348	0.858570251361646
"rs135804"	0.532543794272615	348	0.83248555704233
"rs1160972"	0.532544859501916	348	0.903098507295183
"rs736338"	0.532596510387997	348	0.662425884172815
"rs736472"	0.532596510387997	348	0.662425884172815
"rs739851"	0.532597035270919	348	0.828290171909107
"rs1369911"	0.5326557003753	348	1.95931190121464
"rs1370180"	0.532655700375317	348	1.10511781762725
"rs1370456"	0.532655700375318	348	1.10511781762725
"rs1369532"	0.532655700375319	348	1.10511781762725
"rs1370545"	0.532655700375319	348	1.10511781762725
"rs1092932"	0.532674894556575	348	0.915660824748838
"rs1092935"	0.532674894556575	348	0.915660824748838
"rs144639"	0.532716228443468	348	0.901961688280648
"rs1474440"	0.532738049939848	348	0.860869291222064
"rs1474566"	0.532738049939848	348	0.860869291222064
"rs1474569"	0.532738049939848	348	0.860869291222064
"rs1474587"	0.532738049939848	348	0.860869291222064
"rs1474623"	0.532738049939848	348	0.860869291222064
"rs1474665"	0.532738049939848	348	0.860869291222064
"rs1474725"	0.532738049939848	348	0.860869291222064
"rs1474728"	0.532738049939848	348	0.860869291222064
"rs1474730"	0.532738049939848	348	0.860869291222064
"rs1474734"	0.532738049939848	348	0.860869291222064
"rs1474740"	0.532738049939848	348	0.860869291222064
"rs1474762"	0.532738049939848	348	0.860869291222064
"rs1474815"	0.532738049939848	348	0.860869291222064
"rs1474851"	0.532738049939848	348	0.860869291222064
"rs1474905"	0.532738049939848	348	0.860869291222064
"rs1759604"	0.532739147197275	348	1.17813177777911
"rs1534679"	0.532747998446573	348	0.663041504899329
"rs811751"	0.532760199200192	348	1.07908998656277
"rs1739592"	0.532760501864508	348	1.11525061106486
"rs253337"	0.532782796190204	348	1.17707913452804
"rs1709081"	0.532793606583515	348	1.1277829457874
"rs438146"	0.53280256777287	348	1.03103208263917
"rs2060729"	0.532820242226153	348	1.11991066012464
"rs439436"	0.532822609824726	348	1.12024143016065
"rs715161"	0.532829955600041	348	1.12339134478599
"rs181245"	0.532837727683148	348	1.14555778429889
"rs1817368"	0.532859496188444	348	0.896399412055533
"rs306409"	0.532867702373665	348	1.19980239371191
"rs306548"	0.532867702373665	348	1.19980239371191
"rs2181312"	0.532903266717916	348	1.11910565104392
"rs1783124"	0.532924137020835	348	0.881386077294448
"rs1574993"	0.533002661118849	348	0.898254866395362
"rs1574995"	0.533002661118849	348	0.898254866395362
"rs704495"	0.533080265644723	348	1.07779970827469
"rs1656016"	0.533110227581673	348	0.833219219118462
"rs562555"	0.533170865240769	348	0.893554599790146
"rs1114736"	0.533185087816713	348	0.930156307929331
"rs2127023"	0.533222412048372	348	1.12943178497725
"rs471943"	0.533223620589082	348	0.857542601653375
"rs674203"	0.533270324423132	348	0.75459778163613
"rs1616752"	0.533282372522163	348	1.16008578659019
"rs736854"	0.533351491266611	348	0.890834431545224
"rs1467576"	0.533376661977151	348	1.16974592630483
"rs1467577"	0.533376661977151	348	1.16974592630483
"rs1467650"	0.533376661977151	348	1.16974592630483
"rs1748710"	0.533402490741461	348	0.856166957468508
"rs61778"	0.533424134799362	348	1.11807329768725
"rs642846"	0.533429591628676	348	1.21071700125975
"rs2003039"	0.533433099775541	348	0.883280097306727
"rs2003040"	0.533433099775541	348	0.883280097306727
"rs2003043"	0.533433099775541	348	0.883280097306727
"rs661269"	0.53344538144759	348	1.15501982152903
"rs942786"	0.533455745190922	348	0.943202674033105
"rs1627295"	0.53345799739608	348	0.64054860568115
"rs1628150"	0.53345799739608	348	0.64054860568115
"rs510337"	0.533463419242109	348	1.36419131621756
"rs1377686"	0.533479701189075	348	1.21371738496225
"rs1376855"	0.533479701189077	348	1.21371738496225
"rs1376954"	0.533479701189077	348	1.21371738496225
"rs1377858"	0.533479701189077	348	1.21371738496225
"rs810588"	0.533541146441821	348	0.918269062581945
"rs2145527"	0.533548511952024	348	1.28601195848812
"rs807641"	0.533555800745987	348	1.12850162078966
"rs1169245"	0.533598616857343	348	1.12084842845338
"rs1039214"	0.533609640622799	348	0.359751557549008
"rs2145515"	0.533615646225073	348	1.28231757611751
"rs587918"	0.533697496047372	348	0.952837783777313
"rs2129670"	0.533704096189393	348	0.920929782802482
"rs1929076"	0.533712032954874	348	1.19721365367221
"rs882811"	0.533773446979974	348	0.873096656954964
"rs1452085"	0.533797821096657	348	1.1490302295356
"rs660449"	0.533819782553298	348	0.823684168286247
"rs797354"	0.533868495653645	348	1.25160910359565
"rs1478671"	0.533879210833278	348	1.16972309943256
"rs2119832"	0.533946074216581	348	0.91938167872259
"rs868466"	0.533951250616222	348	0.888897954806819
"rs730992"	0.533997554590572	348	0.836610222799838
"rs731028"	0.533997554590572	348	0.836610222799838
"rs731343"	0.533997554590572	348	0.836610222799838
"rs731357"	0.533997554590572	348	0.836610222799838
"rs731390"	0.533997554590572	348	0.836610222799838
"rs731411"	0.533997554590572	348	0.836610222799838
"rs731639"	0.533997554590572	348	0.836610222799838
"rs731801"	0.533997554590572	348	0.836610222799838
"rs1167724"	0.534037644096932	348	1.0929562700221
"rs1710634"	0.534044203091657	348	0.828398334278416
"rs896694"	0.534055299025721	348	0.916356595588063
"rs943816"	0.534058593671275	348	0.844613670705166
"rs629955"	0.534116916439393	348	0.879391605578383
"rs1348428"	0.534118408745071	348	0.768187144086968
"rs341438"	0.534124852326919	348	0.920684955694076
"rs671997"	0.534156206161469	348	1.24002749797927
"rs452533"	0.534180135145388	348	1.1093965098344
"rs1620678"	0.534228483897185	348	0.87024027885289
"rs1117620"	0.534244293615282	348	0.908343937188057
"rs93580"	0.534245879921246	348	1.0946817767471
"rs1645352"	0.534271533559371	348	0.887769827401294
"rs622223"	0.534272645827648	348	1.14517828799477
"rs277716"	0.534280516038687	348	1.14355167252178
"rs1634699"	0.534285506050404	348	0.856310254936629
"rs1371077"	0.534320832458441	348	1.13838055791434
"rs224807"	0.534419012616141	348	1.16595681537623
"rs224936"	0.534419012616141	348	1.16595681537623
"rs224939"	0.534419012616141	348	1.16595681537623
"rs224951"	0.534419012616141	348	1.16595681537623
"rs1828269"	0.534431625443612	348	0.797546278321294
"rs1461276"	0.534458340784447	348	1.14123269334364
"rs57390"	0.534459524002492	348	1.10804174370791
"rs234351"	0.534472176446954	348	1.29233759005786
"rs596940"	0.534489775601316	348	0.942497259130057
"rs1064339"	0.534494183119985	348	1.0327539289697
"rs1064342"	0.534494183119985	348	1.0327539289697
"rs1952221"	0.534501681358688	348	1.15817874713566
"rs1735860"	0.534556492442321	348	1.12908585114359
"rs2023277"	0.534560263532917	348	1.14165742636448
"rs546315"	0.534562262735967	348	0.86030372837064
"rs1403308"	0.534593586109969	348	1.23124192467913
"rs297971"	0.534613257786463	348	0.889554935611164
"rs297994"	0.534613257786463	348	0.889554935611164
"rs298061"	0.534613257786463	348	0.889554935611164
"rs2010099"	0.534614253236135	348	1.11038213014402
"rs2010102"	0.534614253236135	348	1.11038213014402
"rs1075319"	0.534625007760012	348	1.13000122461361
"rs809330"	0.534634964993967	348	1.12298067661288
"rs492518"	0.534640277998582	348	0.680719906505353
"rs331492"	0.534667902576894	348	0.882160259529601
"rs964344"	0.534695309321292	348	1.25899296743837
"rs1454348"	0.534731981006906	348	1.12108340496123
"rs342734"	0.534780415084148	348	0.828153271633022
"rs1748551"	0.534815000201296	348	0.858976229860891
"rs1749071"	0.534815000201296	348	0.858976229860891
"rs912722"	0.534818272871757	348	0.867705269652414
"rs912851"	0.534818272871758	348	0.867705269652414
"rs680196"	0.534832723321069	348	0.970148055830538
"rs2058088"	0.534876593104006	348	0.89945446001402
"rs1163322"	0.534891873794944	348	1.11101482776029
"rs1330287"	0.53490885703311	348	0.858300169387766
"rs1384041"	0.53495985846631	348	0.839215848560436
"rs1766294"	0.534970993575539	348	1.13392600407897
"rs1357286"	0.535002906227571	348	0.848000988233123
"rs1065588"	0.535003673402637	348	1.12422356606387
"rs217974"	0.535010580663892	348	1.09853984469947
"rs553051"	0.535015847506356	348	0.86739147999437
"rs1948084"	0.535017626844003	348	1.2045567400088
"rs1948702"	0.535017626844007	348	1.2045567400088
"rs1950080"	0.535017626844007	348	1.2045567400088
"rs1129822"	0.535025343816835	348	0.886103398841162
"rs323731"	0.535065350014328	348	0.871323726760593
"rs305272"	0.535067669650019	348	0.9601641219386
"rs1961518"	0.535085807139983	348	0.919327742426475
"rs1961521"	0.535085807139983	348	0.919327742426475
"rs1961524"	0.535085807139983	348	0.919327742426475
"rs1961527"	0.535085807139983	348	0.919327742426475
"rs1961539"	0.535085807139983	348	0.919327742426475
"rs968125"	0.535098581261251	348	1.17157101824668
"rs441928"	0.535108911877934	348	0.884052025699876
"rs1352083"	0.53522396741697	348	0.637658440676163
"rs1414404"	0.535268841167793	348	1.10361539035051
"rs1886095"	0.535300501315157	348	1.26872710804785
"rs1886422"	0.535300501315157	348	1.26872710804785
"rs405330"	0.53536726118843	348	0.750326896133354
"rs534981"	0.535369325396254	348	0.9156914303921
"rs806061"	0.535416236178529	348	0.847827468422454
"rs912463"	0.535452808713194	348	1.17815156944933
"rs912464"	0.535452808713194	348	1.17815156944933
"rs857818"	0.535502997145557	348	0.869341853960835
"rs1601648"	0.535523018670308	348	1.1732481277653
"rs1601714"	0.535523018670308	348	1.1732481277653
"rs1601716"	0.535523018670308	348	1.1732481277653
"rs1601717"	0.535523018670308	348	1.1732481277653
"rs1601718"	0.535523018670308	348	1.1732481277653
"rs1601738"	0.535523018670308	348	1.1732481277653
"rs1601762"	0.535523018670308	348	1.1732481277653
"rs788070"	0.535536210063422	348	1.1163845415312
"rs762465"	0.535547802187897	348	0.816219764082395
"rs762837"	0.535547802187897	348	0.816219764082395
"rs762838"	0.535547802187897	348	0.816219764082395
"rs842326"	0.535573916118552	348	0.801151790945291
"rs1004062"	0.535597327072544	348	0.880031432129773
"rs1708909"	0.535601507531538	348	0.9246168165733
"rs1708915"	0.535601507531538	348	0.9246168165733
"rs168114"	0.535615109515542	348	1.13192138066081
"rs1769005"	0.53561824449546	348	1.13893378976123
"rs1748649"	0.535646587480176	348	0.859076274244947
"rs364639"	0.535668561447598	348	1.10412676160035
"rs545139"	0.535672687763773	348	1.14812358379638
"rs884355"	0.535677424726706	348	1.13883268202786
"rs89870"	0.535689393288087	348	0.968195917994308
"rs1116933"	0.535708665184285	348	0.902513836472125
"rs1354058"	0.535731765187662	348	0.865398673210442
"rs85399"	0.535807247176837	348	0.846645849151174
"rs266134"	0.53584596275222	348	0.809972416677453
"rs782612"	0.535867005462336	348	0.904456113378872
"rs1369481"	0.535876380069519	348	1.10424229072266
"rs1358990"	0.535895627028002	348	0.870284091617666
"rs1092632"	0.53589851611657	348	0.869246784168757
"rs863390"	0.535900324351588	348	0.159501839098753
"rs566248"	0.535911749064279	348	1.07815947304017
"rs1739077"	0.535937204041006	348	1.15281560864174
"rs1148574"	0.53595850627338	348	0.903569505273411
"rs578958"	0.536009305522898	348	1.11739253580982
"rs578961"	0.536009305522898	348	1.11739253580982
"rs1264397"	0.536058841565367	348	1.10659434370199
"rs785007"	0.536067927675682	348	0.927909887462199
"rs1880856"	0.536071698390667	348	0.850556526738729
"rs1579784"	0.536097020797361	348	0.884896203956817
"rs1323081"	0.536106904519167	348	0.828891337072644
"rs1938501"	0.536131589557811	348	1.35847302761279
"rs81598"	0.536160643222456	348	1.07314981103734
"rs1905791"	0.536173156891953	348	1.14716898078888
"rs1318263"	0.536179488374758	348	0.905718395734565
"rs1136744"	0.536193107649745	348	1.11700960696613
"rs295212"	0.536261893198113	348	0.894497499938066
"rs940854"	0.536277127003003	348	1.19801738576465
"rs1318875"	0.536283812644221	348	1.12986053577892
"rs2160650"	0.536295766588487	348	1.07668639575448
"rs936459"	0.536313468671358	348	0.878900040171488
"rs1766165"	0.536313664065685	348	1.13677581013314
"rs1766202"	0.536313664065685	348	1.13677581013314
"rs1766337"	0.536313664065685	348	1.13677581013314
"rs1316699"	0.536336889822157	348	0.904658063542507
"rs972967"	0.536424019197336	348	0.964343213821749
"rs1064552"	0.536459567856508	348	1.14293650696796
"rs1924466"	0.536500812306092	348	1.12474422517584
"rs1768154"	0.536545434830904	348	1.13965499460093
"rs1819923"	0.536554848371788	348	0.888462181520416
"rs745116"	0.536557038589521	348	0.81461524322953
"rs554453"	0.536634027129553	348	0.896033064618847
"rs1754135"	0.536671313175728	348	1.16039102224966
"rs1667455"	0.536688789246798	348	1.12629103664837
"rs610831"	0.536695429045433	348	0.877063946727484
"rs838826"	0.536727039614268	348	0.909951520602913
"rs110761"	0.536864898193559	348	1.09820393742006
"rs552631"	0.536929717691287	348	0.881509346985503
"rs1156728"	0.536937728150097	348	0.911694228025148
"rs497397"	0.537026278090029	348	0.845925574491485
"rs178249"	0.537029183178348	348	0.765917473809375
"rs785283"	0.537040682635349	348	0.896878783296112
"rs276150"	0.53706871683266	348	0.918807479190082
"rs271730"	0.537070827840607	348	1.13760990018059
"rs649009"	0.537130006152108	348	1.06893739378985
"rs961934"	0.53713098116839	348	1.12604406592904
"rs1103920"	0.537179599584329	348	1.13792710777155
"rs588414"	0.53720241095107	348	0.7409375228058
"rs1779792"	0.53720241095107	348	0.7409375228058
"rs1919950"	0.53720241095107	348	0.7409375228058
"rs1945137"	0.537202410951072	348	0.740937522805801
"rs1945140"	0.537202410951072	348	0.740937522805801
"rs1945146"	0.537202410951072	348	0.740937522805801
"rs1945149"	0.537202410951072	348	0.740937522805801
"rs1945151"	0.537202410951072	348	0.740937522805801
"rs1675056"	0.53720241095108	348	0.740937522805804
"rs1113227"	0.537202744057876	348	0.797161405900729
"rs290239"	0.537286323283325	348	0.837025497284491
"rs81589"	0.537298703660296	348	1.07303138178598
"rs2050480"	0.537300494022502	348	0.831576519045217
"rs941958"	0.537300544741059	348	1.20221227206745
"rs941960"	0.537300544741059	348	1.20221227206745
"rs941970"	0.537300544741059	348	1.20221227206745
"rs941997"	0.537300544741059	348	1.20221227206745
"rs942009"	0.537300544741059	348	1.20221227206745
"rs942033"	0.537300544741059	348	1.20221227206745
"rs942039"	0.537300544741059	348	1.20221227206745
"rs942048"	0.537300544741059	348	1.20221227206745
"rs913709"	0.537397578365702	348	0.863633477989541
"rs2147516"	0.537431483791556	348	1.05705737064924
"rs1894355"	0.537437323574627	348	0.897660483407438
"rs1288575"	0.537447402322336	348	0.873415986544061
"rs1301922"	0.537453497294665	348	1.12100912425004
"rs751450"	0.537512559510619	348	1.21856699300715
"rs404858"	0.537586454636905	348	1.11490710727442
"rs1432015"	0.537589309290485	348	1.03168982723535
"rs264689"	0.537604991352997	348	1.05118915069579
"rs103227"	0.537638246320785	348	0.855598092613591
"rs810652"	0.537656240614673	348	0.920466828750885
"rs307002"	0.537677380234538	348	0.87735221710064
"rs2067779"	0.537683313243688	348	1.16290891350992
"rs1964956"	0.537712578099643	348	0.601804268833247
"rs1657459"	0.537722317205137	348	0.910022397462897
"rs1807593"	0.5377322327166	348	1.13234930020629
"rs1807662"	0.5377322327166	348	1.13234930020629
"rs295441"	0.537764706591288	348	0.908035867835382
"rs1014898"	0.537767880254933	348	0.792233380365627
"rs1372749"	0.537794979669207	348	0.949774245844124
"rs1697853"	0.53779932919995	348	1.39689805017368
"rs2070180"	0.537811209527055	348	0.859892186209538
"rs2070181"	0.537811209527055	348	0.859892186209538
"rs466188"	0.537816299135838	348	1.07928634708278
"rs361354"	0.537831622312863	348	0.910153859571279
"rs1205560"	0.537840573052971	348	1.10497877070471
"rs543467"	0.537845737142842	348	0.852530483733728
"rs987599"	0.53787726039326	348	0.913370067715124
"rs987605"	0.53787726039326	348	0.913370067715124
"rs987619"	0.53787726039326	348	0.913370067715124
"rs987620"	0.53787726039326	348	0.913370067715124
"rs2025011"	0.537878605765959	348	0.884068662896329
"rs1766258"	0.537880272023134	348	1.1330998292275
"rs546568"	0.537898992454261	348	0.648732996070266
"rs546569"	0.537898992454261	348	0.648732996070266
"rs546572"	0.537898992454261	348	0.648732996070266
"rs1775915"	0.537922846126752	348	1.13034400268488
"rs555221"	0.537935989307448	348	1.13409925077441
"rs300623"	0.537943771785018	348	1.09060305454001
"rs300637"	0.537943771785018	348	1.09060305454001
"rs300641"	0.537943771785018	348	1.09060305454001
"rs2090049"	0.538020947547295	348	0.916984983698162
"rs1626545"	0.538028566857147	348	1.19415242171015
"rs1626818"	0.538028566857147	348	1.19415242171015
"rs1799189"	0.538153562799685	348	0.84338318012428
"rs2160172"	0.538165516420979	348	1.1113538720399
"rs1847309"	0.538179357438665	348	1.12765602641407
"rs290276"	0.53819710304157	348	0.837370442949013
"rs1964471"	0.538259279469164	348	0.972092273865015
"rs467821"	0.538293954145512	348	0.896605674347352
"rs467829"	0.538293954145512	348	0.896605674347352
"rs2112570"	0.538310950159862	348	1.11846190920015
"rs552830"	0.538325045856657	348	1.07250938915138
"rs606578"	0.538346813721304	348	1.19008383918372
"rs1804114"	0.538371856417706	348	0.886695319717466
"rs1737888"	0.538451949940885	348	1.04411783237355
"rs2037892"	0.53846016143629	348	1.22919327434822
"rs1743344"	0.538461614260218	348	0.902564884781533
"rs352853"	0.538503365713356	348	0.862550119797303
"rs352908"	0.538503365713356	348	0.862550119797303
"rs1092902"	0.538524481736205	348	0.944790343648756
"rs1780541"	0.538529525497834	348	1.09730900546131
"rs266824"	0.53854325816048	348	1.10051052713159
"rs1749254"	0.538583885303003	348	0.859781730020812
"rs2112144"	0.538638971877956	348	0.92704009298943
"rs818899"	0.538647606086082	348	0.921545641891313
"rs818900"	0.538647606086082	348	0.921545641891313
"rs1031003"	0.538661845217288	348	0.786312209820484
"rs2171033"	0.538680332389471	348	1.06879782120628
"rs1923348"	0.538719542176314	348	0.842144204574096
"rs2112786"	0.538741146789123	348	1.12277597159528
"rs1534500"	0.538757071158825	348	1.13127079208167
"rs728316"	0.538797233382202	348	0.835185744511839
"rs2092756"	0.53880680128539	348	0.927465976731357
"rs671874"	0.538824395348384	348	0.873785971752552
"rs1568575"	0.538832232344102	348	0.787957456820915
"rs84747"	0.53900237766934	348	1.11805291696495
"rs1472145"	0.539010373817496	348	1.10955824999163
"rs147421"	0.53901149074713	348	0.665538483904293
"rs372429"	0.53901149074713	348	0.665538483904293
"rs597241"	0.53901149074713	348	0.665538483904294
"rs1045025"	0.53901149074713	348	0.665538483904293
"rs1045076"	0.53901149074713	348	0.665538483904293
"rs1151079"	0.53901149074713	348	0.665538483904293
"rs1304999"	0.53901149074713	348	0.665538483904293
"rs1696553"	0.53901149074713	348	0.665538483904293
"rs1384983"	0.539011490747131	348	0.665538483904291
"rs5437"	0.539011490747131	348	0.665538483904287
"rs23639"	0.539011490747131	348	0.665538483904287
"rs36465"	0.539011490747131	348	0.665538483904287
"rs39737"	0.539011490747131	348	0.665538483904287
"rs40082"	0.539011490747131	348	0.665538483904287
"rs44100"	0.539011490747131	348	0.665538483904287
"rs53513"	0.539011490747131	348	0.665538483904287
"rs53925"	0.539011490747131	348	0.665538483904287
"rs54355"	0.539011490747131	348	0.665538483904287
"rs131046"	0.539011490747131	348	0.665538483904287
"rs145339"	0.539011490747131	348	0.665538483904287
"rs157077"	0.539011490747131	348	0.665538483904287
"rs157078"	0.539011490747131	348	0.665538483904287
"rs161812"	0.539011490747131	348	0.665538483904287
"rs171706"	0.539011490747131	348	0.665538483904287
"rs171796"	0.539011490747131	348	0.665538483904287
"rs172240"	0.539011490747131	348	0.665538483904287
"rs172677"	0.539011490747131	348	0.665538483904287
"rs173259"	0.539011490747131	348	0.665538483904287
"rs177626"	0.539011490747131	348	0.665538483904287
"rs187432"	0.539011490747131	348	0.665538483904287
"rs190859"	0.539011490747131	348	0.665538483904287
"rs191319"	0.539011490747131	348	0.665538483904287
"rs191359"	0.539011490747131	348	0.665538483904287
"rs195156"	0.539011490747131	348	0.665538483904287
"rs208427"	0.539011490747131	348	0.665538483904287
"rs209986"	0.539011490747131	348	0.665538483904287
"rs210946"	0.539011490747131	348	0.665538483904287
"rs211543"	0.539011490747131	348	0.665538483904287
"rs235871"	0.539011490747131	348	0.665538483904287
"rs237328"	0.539011490747131	348	0.665538483904287
"rs238204"	0.539011490747131	348	0.665538483904287
"rs238298"	0.539011490747131	348	0.665538483904287
"rs243916"	0.539011490747131	348	0.665538483904287
"rs244014"	0.539011490747131	348	0.665538483904287
"rs247586"	0.539011490747131	348	0.665538483904287
"rs250617"	0.539011490747131	348	0.665538483904287
"rs259592"	0.539011490747131	348	0.665538483904287
"rs260536"	0.539011490747131	348	0.665538483904287
"rs264967"	0.539011490747131	348	0.665538483904287
"rs268178"	0.539011490747131	348	0.665538483904287
"rs268980"	0.539011490747131	348	0.665538483904287
"rs330027"	0.539011490747131	348	0.665538483904287
"rs330334"	0.539011490747131	348	0.665538483904287
"rs330794"	0.539011490747131	348	0.665538483904287
"rs333852"	0.539011490747131	348	0.665538483904287
"rs340010"	0.539011490747131	348	0.665538483904287
"rs345798"	0.539011490747131	348	0.665538483904287
"rs348272"	0.539011490747131	348	0.665538483904287
"rs348285"	0.539011490747131	348	0.665538483904287
"rs348736"	0.539011490747131	348	0.665538483904287
"rs351156"	0.539011490747131	348	0.665538483904287
"rs373508"	0.539011490747131	348	0.665538483904287
"rs375630"	0.539011490747131	348	0.665538483904287
"rs376056"	0.539011490747131	348	0.665538483904287
"rs376433"	0.539011490747131	348	0.665538483904287
"rs377760"	0.539011490747131	348	0.665538483904287
"rs378059"	0.539011490747131	348	0.665538483904287
"rs379887"	0.539011490747131	348	0.665538483904287
"rs389972"	0.539011490747131	348	0.665538483904287
"rs390561"	0.539011490747131	348	0.665538483904287
"rs396680"	0.539011490747131	348	0.665538483904287
"rs397593"	0.539011490747131	348	0.665538483904287
"rs399993"	0.539011490747131	348	0.665538483904287
"rs456024"	0.539011490747131	348	0.665538483904287
"rs459965"	0.539011490747131	348	0.665538483904287
"rs459999"	0.539011490747131	348	0.665538483904287
"rs500727"	0.539011490747131	348	0.665538483904287
"rs501344"	0.539011490747131	348	0.665538483904287
"rs504408"	0.539011490747131	348	0.665538483904287
"rs504819"	0.539011490747131	348	0.665538483904287
"rs504864"	0.539011490747131	348	0.665538483904287
"rs505511"	0.539011490747131	348	0.665538483904287
"rs505528"	0.539011490747131	348	0.665538483904287
"rs506072"	0.539011490747131	348	0.665538483904287
"rs527469"	0.539011490747131	348	0.665538483904287
"rs528631"	0.539011490747131	348	0.665538483904287
"rs534280"	0.539011490747131	348	0.665538483904287
"rs534312"	0.539011490747131	348	0.665538483904287
"rs537273"	0.539011490747131	348	0.665538483904287
"rs537369"	0.539011490747131	348	0.665538483904287
"rs537370"	0.539011490747131	348	0.665538483904287
"rs538514"	0.539011490747131	348	0.665538483904287
"rs539932"	0.539011490747131	348	0.665538483904287
"rs545052"	0.539011490747131	348	0.665538483904287
"rs546056"	0.539011490747131	348	0.665538483904287
"rs546444"	0.539011490747131	348	0.665538483904287
"rs546504"	0.539011490747131	348	0.665538483904287
"rs546509"	0.539011490747131	348	0.665538483904287
"rs546936"	0.539011490747131	348	0.665538483904287
"rs555262"	0.539011490747131	348	0.665538483904287
"rs557432"	0.539011490747131	348	0.665538483904287
"rs558928"	0.539011490747131	348	0.665538483904287
"rs564804"	0.539011490747131	348	0.665538483904287
"rs575622"	0.539011490747131	348	0.665538483904287
"rs582990"	0.539011490747131	348	0.665538483904287
"rs590030"	0.539011490747131	348	0.665538483904287
"rs590460"	0.539011490747131	348	0.665538483904287
"rs602693"	0.539011490747131	348	0.665538483904287
"rs610585"	0.539011490747131	348	0.665538483904287
"rs620542"	0.539011490747131	348	0.665538483904287
"rs636152"	0.539011490747131	348	0.665538483904287
"rs636759"	0.539011490747131	348	0.665538483904287
"rs638081"	0.539011490747131	348	0.665538483904287
"rs638213"	0.539011490747131	348	0.665538483904287
"rs641944"	0.539011490747131	348	0.665538483904287
"rs643360"	0.539011490747131	348	0.665538483904287
"rs643578"	0.539011490747131	348	0.665538483904287
"rs643779"	0.539011490747131	348	0.665538483904287
"rs644106"	0.539011490747131	348	0.665538483904287
"rs644655"	0.539011490747131	348	0.665538483904287
"rs644796"	0.539011490747131	348	0.665538483904287
"rs645396"	0.539011490747131	348	0.665538483904287
"rs645409"	0.539011490747131	348	0.665538483904287
"rs649234"	0.539011490747131	348	0.665538483904287
"rs649384"	0.539011490747131	348	0.665538483904287
"rs651007"	0.539011490747131	348	0.665538483904287
"rs657125"	0.539011490747131	348	0.665538483904287
"rs672620"	0.539011490747131	348	0.665538483904287
"rs675664"	0.539011490747131	348	0.665538483904287
"rs677630"	0.539011490747131	348	0.665538483904287
"rs678693"	0.539011490747131	348	0.665538483904287
"rs682330"	0.539011490747131	348	0.665538483904287
"rs682506"	0.539011490747131	348	0.665538483904287
"rs683646"	0.539011490747131	348	0.665538483904287
"rs686359"	0.539011490747131	348	0.665538483904287
"rs688482"	0.539011490747131	348	0.665538483904287
"rs688519"	0.539011490747131	348	0.665538483904287
"rs693276"	0.539011490747131	348	0.665538483904287
"rs695927"	0.539011490747131	348	0.665538483904287
"rs696617"	0.539011490747131	348	0.665538483904287
"rs718715"	0.539011490747131	348	0.665538483904287
"rs719180"	0.539011490747131	348	0.665538483904287
"rs719364"	0.539011490747131	348	0.665538483904287
"rs728532"	0.539011490747131	348	0.665538483904287
"rs737742"	0.539011490747131	348	0.665538483904287
"rs737890"	0.539011490747131	348	0.665538483904287
"rs739276"	0.539011490747131	348	0.665538483904287
"rs749679"	0.539011490747131	348	0.665538483904287
"rs757537"	0.539011490747131	348	0.665538483904287
"rs772923"	0.539011490747131	348	0.665538483904287
"rs777522"	0.539011490747131	348	0.665538483904287
"rs777884"	0.539011490747131	348	0.665538483904287
"rs795453"	0.539011490747131	348	0.665538483904287
"rs795502"	0.539011490747131	348	0.665538483904287
"rs802829"	0.539011490747131	348	0.665538483904287
"rs803696"	0.539011490747131	348	0.665538483904287
"rs812688"	0.539011490747131	348	0.665538483904287
"rs817000"	0.539011490747131	348	0.665538483904287
"rs817077"	0.539011490747131	348	0.665538483904287
"rs817079"	0.539011490747131	348	0.665538483904287
"rs817087"	0.539011490747131	348	0.665538483904287
"rs817090"	0.539011490747131	348	0.665538483904287
"rs817092"	0.539011490747131	348	0.665538483904287
"rs817095"	0.539011490747131	348	0.665538483904287
"rs817106"	0.539011490747131	348	0.665538483904287
"rs817108"	0.539011490747131	348	0.665538483904287
"rs817109"	0.539011490747131	348	0.665538483904287
"rs820405"	0.539011490747131	348	0.665538483904287
"rs822532"	0.539011490747131	348	0.665538483904287
"rs823132"	0.539011490747131	348	0.665538483904287
"rs825094"	0.539011490747131	348	0.665538483904287
"rs825138"	0.539011490747131	348	0.665538483904287
"rs825194"	0.539011490747131	348	0.665538483904287
"rs826891"	0.539011490747131	348	0.665538483904287
"rs827493"	0.539011490747131	348	0.665538483904287
"rs827825"	0.539011490747131	348	0.665538483904287
"rs828418"	0.539011490747131	348	0.665538483904287
"rs828727"	0.539011490747131	348	0.665538483904287
"rs832043"	0.539011490747131	348	0.665538483904287
"rs833069"	0.539011490747131	348	0.665538483904287
"rs833698"	0.539011490747131	348	0.665538483904287
"rs837652"	0.539011490747131	348	0.665538483904287
"rs840452"	0.539011490747131	348	0.665538483904287
"rs842183"	0.539011490747131	348	0.665538483904287
"rs861254"	0.539011490747131	348	0.665538483904287
"rs862225"	0.539011490747131	348	0.665538483904287
"rs874804"	0.539011490747131	348	0.665538483904287
"rs877136"	0.539011490747131	348	0.665538483904287
"rs882158"	0.539011490747131	348	0.665538483904287
"rs885200"	0.539011490747131	348	0.665538483904287
"rs895260"	0.539011490747131	348	0.665538483904287
"rs913313"	0.539011490747131	348	0.665538483904287
"rs917994"	0.539011490747131	348	0.665538483904287
"rs951851"	0.539011490747131	348	0.665538483904287
"rs952075"	0.539011490747131	348	0.665538483904287
"rs952570"	0.539011490747131	348	0.665538483904287
"rs953606"	0.539011490747131	348	0.665538483904287
"rs968452"	0.539011490747131	348	0.665538483904287
"rs969896"	0.539011490747131	348	0.665538483904287
"rs979893"	0.539011490747131	348	0.665538483904287
"rs984125"	0.539011490747131	348	0.665538483904287
"rs989283"	0.539011490747131	348	0.665538483904287
"rs991437"	0.539011490747131	348	0.665538483904287
"rs995166"	0.539011490747131	348	0.665538483904287
"rs996110"	0.539011490747131	348	0.665538483904287
"rs997702"	0.539011490747131	348	0.665538483904287
"rs997840"	0.539011490747131	348	0.665538483904287
"rs998300"	0.539011490747131	348	0.665538483904287
"rs1019145"	0.539011490747131	348	0.665538483904287
"rs1019985"	0.539011490747131	348	0.665538483904287
"rs1022137"	0.539011490747131	348	0.665538483904287
"rs1040848"	0.539011490747131	348	0.665538483904287
"rs1042326"	0.539011490747131	348	0.665538483904287
"rs1042678"	0.539011490747131	348	0.665538483904287
"rs1043119"	0.539011490747131	348	0.665538483904287
"rs1043145"	0.539011490747131	348	0.665538483904287
"rs1043275"	0.539011490747131	348	0.665538483904287
"rs1043558"	0.539011490747131	348	0.665538483904287
"rs1049735"	0.539011490747131	348	0.665538483904287
"rs1069088"	0.539011490747131	348	0.665538483904287
"rs1069094"	0.539011490747131	348	0.665538483904287
"rs1069097"	0.539011490747131	348	0.665538483904287
"rs1069112"	0.539011490747131	348	0.665538483904287
"rs1069127"	0.539011490747131	348	0.665538483904287
"rs1069172"	0.539011490747131	348	0.665538483904287
"rs1069229"	0.539011490747131	348	0.665538483904287
"rs1069331"	0.539011490747131	348	0.665538483904287
"rs1069373"	0.539011490747131	348	0.665538483904287
"rs1069388"	0.539011490747131	348	0.665538483904287
"rs1069503"	0.539011490747131	348	0.665538483904287
"rs1070328"	0.539011490747131	348	0.665538483904287
"rs1070343"	0.539011490747131	348	0.665538483904287
"rs1070346"	0.539011490747131	348	0.665538483904287
"rs1070373"	0.539011490747131	348	0.665538483904287
"rs1070527"	0.539011490747131	348	0.665538483904287
"rs1070548"	0.539011490747131	348	0.665538483904287
"rs1070549"	0.539011490747131	348	0.665538483904287
"rs1070635"	0.539011490747131	348	0.665538483904287
"rs1070641"	0.539011490747131	348	0.665538483904287
"rs1079903"	0.539011490747131	348	0.665538483904287
"rs1080168"	0.539011490747131	348	0.665538483904287
"rs1081912"	0.539011490747131	348	0.665538483904287
"rs1083777"	0.539011490747131	348	0.665538483904287
"rs1085148"	0.539011490747131	348	0.665538483904287
"rs1085452"	0.539011490747131	348	0.665538483904287
"rs1086372"	0.539011490747131	348	0.665538483904287
"rs1090174"	0.539011490747131	348	0.665538483904287
"rs1091519"	0.539011490747131	348	0.665538483904287
"rs1091794"	0.539011490747131	348	0.665538483904287
"rs1100479"	0.539011490747131	348	0.665538483904287
"rs1129074"	0.539011490747131	348	0.665538483904287
"rs1136909"	0.539011490747131	348	0.665538483904287
"rs1138576"	0.539011490747131	348	0.665538483904287
"rs1144533"	0.539011490747131	348	0.665538483904287
"rs1145136"	0.539011490747131	348	0.665538483904287
"rs1145467"	0.539011490747131	348	0.665538483904287
"rs1147069"	0.539011490747131	348	0.665538483904287
"rs1148510"	0.539011490747131	348	0.665538483904287
"rs1150276"	0.539011490747131	348	0.665538483904287
"rs1150448"	0.539011490747131	348	0.665538483904287
"rs1154209"	0.539011490747131	348	0.665538483904287
"rs1156092"	0.539011490747131	348	0.665538483904287
"rs1156263"	0.539011490747131	348	0.665538483904287
"rs1157445"	0.539011490747131	348	0.665538483904287
"rs1160420"	0.539011490747131	348	0.665538483904287
"rs1161838"	0.539011490747131	348	0.665538483904287
"rs1169164"	0.539011490747131	348	0.665538483904287
"rs1298100"	0.539011490747131	348	0.665538483904287
"rs1309552"	0.539011490747131	348	0.665538483904287
"rs1311649"	0.539011490747131	348	0.665538483904287
"rs1312517"	0.539011490747131	348	0.665538483904287
"rs1318455"	0.539011490747131	348	0.665538483904287
"rs1319254"	0.539011490747131	348	0.665538483904287
"rs1320526"	0.539011490747131	348	0.665538483904287
"rs1322139"	0.539011490747131	348	0.665538483904287
"rs1324469"	0.539011490747131	348	0.665538483904287
"rs1324809"	0.539011490747131	348	0.665538483904287
"rs1325726"	0.539011490747131	348	0.665538483904287
"rs1329894"	0.539011490747131	348	0.665538483904287
"rs1330434"	0.539011490747131	348	0.665538483904287
"rs1332516"	0.539011490747131	348	0.665538483904287
"rs1334927"	0.539011490747131	348	0.665538483904287
"rs1339142"	0.539011490747131	348	0.665538483904287
"rs1339380"	0.539011490747131	348	0.665538483904287
"rs1342246"	0.539011490747131	348	0.665538483904287
"rs1349739"	0.539011490747131	348	0.665538483904287
"rs1361850"	0.539011490747131	348	0.665538483904287
"rs1380689"	0.539011490747131	348	0.665538483904287
"rs1381077"	0.539011490747131	348	0.665538483904287
"rs1387332"	0.539011490747131	348	0.665538483904287
"rs1394238"	0.539011490747131	348	0.665538483904287
"rs1400138"	0.539011490747131	348	0.665538483904287
"rs1402759"	0.539011490747131	348	0.665538483904287
"rs1403490"	0.539011490747131	348	0.665538483904287
"rs1416075"	0.539011490747131	348	0.665538483904287
"rs1441912"	0.539011490747131	348	0.665538483904287
"rs1443299"	0.539011490747131	348	0.665538483904287
"rs1444811"	0.539011490747131	348	0.665538483904287
"rs1444944"	0.539011490747131	348	0.665538483904287
"rs1445073"	0.539011490747131	348	0.665538483904287
"rs1445163"	0.539011490747131	348	0.665538483904287
"rs1448923"	0.539011490747131	348	0.665538483904287
"rs1449555"	0.539011490747131	348	0.665538483904287
"rs1449812"	0.539011490747131	348	0.665538483904287
"rs1450689"	0.539011490747131	348	0.665538483904287
"rs1451677"	0.539011490747131	348	0.665538483904287
"rs1455233"	0.539011490747131	348	0.665538483904287
"rs1458295"	0.539011490747131	348	0.665538483904287
"rs1460982"	0.539011490747131	348	0.665538483904287
"rs1535056"	0.539011490747131	348	0.665538483904287
"rs1535198"	0.539011490747131	348	0.665538483904287
"rs1535973"	0.539011490747131	348	0.665538483904287
"rs1536974"	0.539011490747131	348	0.665538483904287
"rs1544453"	0.539011490747131	348	0.665538483904287
"rs1546096"	0.539011490747131	348	0.665538483904287
"rs1546118"	0.539011490747131	348	0.665538483904287
"rs1547299"	0.539011490747131	348	0.665538483904287
"rs1548417"	0.539011490747131	348	0.665538483904287
"rs1549218"	0.539011490747131	348	0.665538483904287
"rs1553193"	0.539011490747131	348	0.665538483904287
"rs1553868"	0.539011490747131	348	0.665538483904287
"rs1553877"	0.539011490747131	348	0.665538483904287
"rs1554524"	0.539011490747131	348	0.665538483904287
"rs1554783"	0.539011490747131	348	0.665538483904287
"rs1554963"	0.539011490747131	348	0.665538483904287
"rs1555149"	0.539011490747131	348	0.665538483904287
"rs1560112"	0.539011490747131	348	0.665538483904287
"rs1560766"	0.539011490747131	348	0.665538483904287
"rs1560939"	0.539011490747131	348	0.665538483904287
"rs1562273"	0.539011490747131	348	0.665538483904287
"rs1563727"	0.539011490747131	348	0.665538483904287
"rs1597687"	0.539011490747131	348	0.665538483904287
"rs1598203"	0.539011490747131	348	0.665538483904287
"rs1599965"	0.539011490747131	348	0.665538483904287
"rs1600034"	0.539011490747131	348	0.665538483904287
"rs1600592"	0.539011490747131	348	0.665538483904287
"rs1601572"	0.539011490747131	348	0.665538483904287
"rs1602506"	0.539011490747131	348	0.665538483904287
"rs1603468"	0.539011490747131	348	0.665538483904287
"rs1604151"	0.539011490747131	348	0.665538483904287
"rs1604466"	0.539011490747131	348	0.665538483904287
"rs1607921"	0.539011490747131	348	0.665538483904287
"rs1607960"	0.539011490747131	348	0.665538483904287
"rs1608141"	0.539011490747131	348	0.665538483904287
"rs1611099"	0.539011490747131	348	0.665538483904287
"rs1613599"	0.539011490747131	348	0.665538483904287
"rs1614078"	0.539011490747131	348	0.665538483904287
"rs1616009"	0.539011490747131	348	0.665538483904287
"rs1618381"	0.539011490747131	348	0.665538483904287
"rs1618384"	0.539011490747131	348	0.665538483904287
"rs1618385"	0.539011490747131	348	0.665538483904287
"rs1618572"	0.539011490747131	348	0.665538483904287
"rs1618582"	0.539011490747131	348	0.665538483904287
"rs1618699"	0.539011490747131	348	0.665538483904287
"rs1618702"	0.539011490747131	348	0.665538483904287
"rs1618703"	0.539011490747131	348	0.665538483904287
"rs1673441"	0.539011490747131	348	0.665538483904287
"rs1673751"	0.539011490747131	348	0.665538483904287
"rs1695148"	0.539011490747131	348	0.665538483904287
"rs1736282"	0.539011490747131	348	0.665538483904287
"rs1736294"	0.539011490747131	348	0.665538483904287
"rs1760039"	0.539011490747131	348	0.665538483904287
"rs1761319"	0.539011490747131	348	0.665538483904287
"rs1777687"	0.539011490747131	348	0.665538483904287
"rs1778141"	0.539011490747131	348	0.665538483904287
"rs1813806"	0.539011490747131	348	0.665538483904287
"rs1815203"	0.539011490747131	348	0.665538483904287
"rs1984529"	0.539011490747131	348	0.665538483904287
"rs1985572"	0.539011490747131	348	0.665538483904287
"rs1991183"	0.539011490747131	348	0.665538483904287
"rs1998147"	0.539011490747131	348	0.665538483904287
"rs1998631"	0.539011490747131	348	0.665538483904287
"rs2021186"	0.539011490747131	348	0.665538483904287
"rs2024243"	0.539011490747131	348	0.665538483904287
"rs2026652"	0.539011490747131	348	0.665538483904287
"rs2026967"	0.539011490747131	348	0.665538483904287
"rs2034301"	0.539011490747131	348	0.665538483904287
"rs2036169"	0.539011490747131	348	0.665538483904287
"rs2037449"	0.539011490747131	348	0.665538483904287
"rs2043287"	0.539011490747131	348	0.665538483904287
"rs2043331"	0.539011490747131	348	0.665538483904287
"rs2043472"	0.539011490747131	348	0.665538483904287
"rs2043845"	0.539011490747131	348	0.665538483904287
"rs2044055"	0.539011490747131	348	0.665538483904287
"rs2044571"	0.539011490747131	348	0.665538483904287
"rs2048936"	0.539011490747131	348	0.665538483904287
"rs2049118"	0.539011490747131	348	0.665538483904287
"rs2049172"	0.539011490747131	348	0.665538483904287
"rs2049292"	0.539011490747131	348	0.665538483904287
"rs2051756"	0.539011490747131	348	0.665538483904287
"rs2052231"	0.539011490747131	348	0.665538483904287
"rs2059811"	0.539011490747131	348	0.665538483904287
"rs2060257"	0.539011490747131	348	0.665538483904287
"rs2060284"	0.539011490747131	348	0.665538483904287
"rs2063035"	0.539011490747131	348	0.665538483904287
"rs2067549"	0.539011490747131	348	0.665538483904287
"rs2067987"	0.539011490747131	348	0.665538483904287
"rs2077945"	0.539011490747131	348	0.665538483904287
"rs2086413"	0.539011490747131	348	0.665538483904287
"rs2090121"	0.539011490747131	348	0.665538483904287
"rs2090850"	0.539011490747131	348	0.665538483904287
"rs2105081"	0.539011490747131	348	0.665538483904287
"rs2115515"	0.539011490747131	348	0.665538483904287
"rs2150760"	0.539011490747131	348	0.665538483904287
"rs2196287"	0.539011490747131	348	0.665538483904287
"rs2201288"	0.539011490747131	348	0.665538483904287
"rs2204383"	0.539011490747131	348	0.665538483904287
"rs2204425"	0.539011490747131	348	0.665538483904287
"rs2219482"	0.539011490747131	348	0.665538483904287
"rs1044597"	0.539011490747131	348	0.665538483904288
"rs1044599"	0.539011490747131	348	0.665538483904288
"rs1044634"	0.539011490747131	348	0.665538483904288
"rs1597934"	0.539011490747131	348	0.665538483904292
"rs1534860"	0.539011490747131	348	0.665538483904288
"rs40954"	0.539011490747132	348	0.665538483904287
"rs1430768"	0.539011490747132	348	0.665538483904287
"rs1434577"	0.539011490747132	348	0.665538483904287
"rs1435951"	0.539011490747132	348	0.665538483904287
"rs1439933"	0.539011490747132	348	0.665538483904287
"rs1440222"	0.539011490747132	348	0.665538483904287
"rs1440307"	0.539011490747132	348	0.665538483904287
"rs1440700"	0.539011490747132	348	0.665538483904287
"rs1472681"	0.539011490747132	348	0.665538483904287
"rs1472883"	0.539011490747132	348	0.665538483904287
"rs247196"	0.539011490747132	348	0.665538483904288
"rs2202523"	0.539011490747132	348	0.665538483904288
"rs2023382"	0.539011490747132	348	0.665538483904288
"rs536891"	0.539011490747133	348	0.665538483904288
"rs814707"	0.539011490747134	348	0.665538483904284
"rs913787"	0.539011490747134	348	0.665538483904284
"rs989686"	0.539011490747134	348	0.665538483904284
"rs505655"	0.539011490747135	348	0.665538483904291
"rs505658"	0.539011490747135	348	0.665538483904291
"rs1791533"	0.539011490747135	348	0.665538483904291
"rs1019346"	0.539011490747137	348	0.665538483904288
"rs2060899"	0.539011490747137	348	0.665538483904288
"rs650448"	0.539011490747137	348	0.66553848390429
"rs1609870"	0.539011490747137	348	0.66553848390429
"rs338238"	0.539011490747138	348	0.665538483904291
"rs345715"	0.539011490747139	348	0.665538483904294
"rs657040"	0.539011490747142	348	0.665538483904298
"rs1534692"	0.539011490747175	348	0.018135255311008
"rs1697927"	0.539033101458923	348	1.13935331460868
"rs1698827"	0.539033101458924	348	1.13935331460868
"rs1699027"	0.539033101458924	348	1.13935331460868
"rs1699164"	0.539033101458924	348	1.13935331460868
"rs1699167"	0.539033101458924	348	1.13935331460868
"rs1699177"	0.539033101458924	348	1.13935331460868
"rs1699181"	0.539033101458924	348	1.13935331460868
"rs1699188"	0.539033101458924	348	1.13935331460868
"rs1699208"	0.539033101458924	348	1.13935331460868
"rs1699212"	0.539033101458924	348	1.13935331460868
"rs1699214"	0.539033101458924	348	1.13935331460868
"rs1699215"	0.539033101458924	348	1.13935331460868
"rs1699232"	0.539033101458924	348	1.13935331460868
"rs1699251"	0.539033101458924	348	1.13935331460868
"rs1699253"	0.539033101458924	348	1.13935331460868
"rs1699374"	0.539033101458924	348	1.13935331460868
"rs1699387"	0.539033101458924	348	1.13935331460868
"rs1699395"	0.539033101458924	348	1.13935331460868
"rs1699420"	0.539033101458924	348	1.13935331460868
"rs1700756"	0.539033101458924	348	1.13935331460868
"rs1701567"	0.539033101458924	348	1.13935331460868
"rs1701777"	0.539033101458924	348	1.13935331460868
"rs1702576"	0.539033101458924	348	1.13935331460868
"rs1701682"	0.539033101458926	348	1.13935331460868
"rs1702537"	0.539033101458926	348	1.13935331460868
"rs1702644"	0.539033101458926	348	1.13935331460868
"rs1702680"	0.539033101458926	348	1.13935331460868
"rs1702692"	0.539033101458926	348	1.13935331460868
"rs1702695"	0.539033101458926	348	1.13935331460868
"rs1702697"	0.539033101458926	348	1.13935331460868
"rs1702698"	0.539033101458926	348	1.13935331460868
"rs1702710"	0.539033101458926	348	1.13935331460868
"rs1702722"	0.539033101458926	348	1.13935331460868
"rs1702737"	0.539033101458926	348	1.13935331460868
"rs1702758"	0.539033101458926	348	1.13935331460868
"rs1702764"	0.539033101458926	348	1.13935331460868
"rs1702770"	0.539033101458926	348	1.13935331460868
"rs1702773"	0.539033101458926	348	1.13935331460868
"rs1702815"	0.539033101458926	348	1.13935331460868
"rs1702827"	0.539033101458926	348	1.13935331460868
"rs1702884"	0.539033101458926	348	1.13935331460868
"rs1702890"	0.539033101458926	348	1.13935331460868
"rs1703031"	0.539033101458926	348	1.13935331460868
"rs1703049"	0.539033101458926	348	1.13935331460868
"rs1703058"	0.539033101458926	348	1.13935331460868
"rs1703061"	0.539033101458926	348	1.13935331460868
"rs1703064"	0.539033101458926	348	1.13935331460868
"rs1703067"	0.539033101458926	348	1.13935331460868
"rs1703073"	0.539033101458926	348	1.13935331460868
"rs1703079"	0.539033101458926	348	1.13935331460868
"rs1703082"	0.539033101458926	348	1.13935331460868
"rs1703091"	0.539033101458926	348	1.13935331460868
"rs1703093"	0.539033101458926	348	1.13935331460868
"rs1703097"	0.539033101458926	348	1.13935331460868
"rs1703112"	0.539033101458926	348	1.13935331460868
"rs1703166"	0.539033101458926	348	1.13935331460868
"rs1703187"	0.539033101458926	348	1.13935331460868
"rs1703190"	0.539033101458926	348	1.13935331460868
"rs1703232"	0.539033101458926	348	1.13935331460868
"rs118166"	0.539042543116873	348	1.07037307668429
"rs465057"	0.5390614882709	348	0.906713425578697
"rs465065"	0.5390614882709	348	0.906713425578697
"rs497794"	0.539069164029513	348	0.831358165456674
"rs1698570"	0.539070476928592	348	1.09953533190257
"rs732097"	0.539087682603095	348	0.879619018655951
"rs819453"	0.539117849125556	348	1.18432564542841
"rs1172012"	0.539119389512978	348	0.909810482612095
"rs703941"	0.539133975639054	348	1.11535939247111
"rs1553974"	0.539152003239649	348	1.20116405551411
"rs1009080"	0.53927856739276	348	1.14641006587203
"rs1398152"	0.539282768827962	348	0.897946757546829
"rs2099712"	0.539341799357837	348	1.10470645347241
"rs274646"	0.539357306687275	348	0.876657010363933
"rs274939"	0.539357306687275	348	0.876657010363933
"rs1667726"	0.539388569752465	348	0.774793466657479
"rs1668247"	0.539388569752465	348	0.774793466657479
"rs1668442"	0.539388569752465	348	0.774793466657479
"rs1480207"	0.539411452232568	348	0.86691910825621
"rs492401"	0.539427084068951	348	1.21507159160707
"rs1116195"	0.539435473477829	348	1.10445824816126
"rs1116198"	0.539435473477829	348	1.10445824816126
"rs1116204"	0.539435473477829	348	1.10445824816126
"rs1116207"	0.539435473477829	348	1.10445824816126
"rs805164"	0.539450057230785	348	0.901479137461138
"rs1399741"	0.539462741221449	348	0.861213727592455
"rs458276"	0.539503059645658	348	0.898064632578503
"rs458297"	0.539503059645658	348	0.898064632578503
"rs2177283"	0.539581082217172	348	1.09769806132687
"rs1720203"	0.539614355325499	348	1.12924845346078
"rs1720395"	0.539614355325499	348	1.12924845346078
"rs1393245"	0.539629585621237	348	0.756595564576341
"rs1416858"	0.539647751923607	348	1.10211788099237
"rs1103692"	0.539665513539319	348	1.17418188993218
"rs797772"	0.539703447169017	348	0.94508390688737
"rs2099775"	0.539736955869178	348	1.15718007935028
"rs554485"	0.539836877607258	348	1.06585561468401
"rs1949387"	0.539890989972809	348	1.24351752184142
"rs2187140"	0.53989221363022	348	0.909932124505101
"rs901740"	0.539897359367748	348	1.26953584067985
"rs1286967"	0.539897796885406	348	0.919403842822848
"rs905340"	0.539925458717658	348	0.784615089867859
"rs1748592"	0.539956911396465	348	0.860101039981285
"rs1748634"	0.539956911396465	348	0.860101039981285
"rs1325057"	0.539962244383766	348	0.827145621156544
"rs509114"	0.539984183245939	348	0.857716040572659
"rs831706"	0.53999580940905	348	0.837650433313176
"rs98970"	0.540000460682563	348	1.32255478180128
"rs1546897"	0.540003620894514	348	1.1565800617869
"rs2024660"	0.540019845667824	348	0.893991996259499
"rs844063"	0.540025790738664	348	0.901553717781218
"rs55692"	0.540026751768425	348	1.17403110278908
"rs715010"	0.540043071954946	348	1.12517124897269
"rs1369769"	0.540065477670058	348	1.10331733563344
"rs2089598"	0.540068499816964	348	1.10178793254357
"rs2054661"	0.540092533692206	348	1.12046682846789
"rs364852"	0.540121074106197	348	0.902861905929686
"rs364858"	0.540121074106197	348	0.902861905929686
"rs307967"	0.540136861694112	348	0.883604770908152
"rs43746"	0.540186551054088	348	0.858514098693562
"rs345724"	0.540257159261818	348	0.826227271528383
"rs1400387"	0.540269786884443	348	1.14596521407415
"rs1758287"	0.54027039214808	348	1.07693104880491
"rs629796"	0.540272924631974	348	1.18194733175007
"rs166028"	0.540299099668026	348	0.911410572248542
"rs1696493"	0.540330948188582	348	1.11169028686178
"rs115682"	0.54033656729355	348	0.923854691127238
"rs1411871"	0.540368600953275	348	0.756632051052612
"rs32299"	0.540380059073827	348	0.944172892617049
"rs831027"	0.540386034663216	348	0.786638803712227
"rs680485"	0.540395774429209	348	1.07474726932559
"rs680509"	0.540395774429209	348	1.07474726932559
"rs1038349"	0.5404331426522	348	0.898216580144032
"rs1004336"	0.540445669569821	348	1.12817884479043
"rs2146700"	0.540471831547479	348	1.27967851426279
"rs1961533"	0.540475210473436	348	0.92036741524649
"rs874246"	0.540496043158598	348	0.770594840912635
"rs874809"	0.540496043158598	348	0.770594840912635
"rs2094151"	0.540502930141484	348	1.07899531027991
"rs537916"	0.540543905926352	348	1.10843538616495
"rs483897"	0.540642611737518	348	0.879102643906032
"rs614786"	0.540678050947849	348	0.640341367531079
"rs1898164"	0.540690291702805	348	1.05538256298759
"rs83987"	0.540697307758758	348	1.09828990345043
"rs83989"	0.540697307758758	348	1.09828990345043
"rs1964087"	0.540732916700719	348	0.872827566340947
"rs305919"	0.540753186429461	348	0.88652806862573
"rs239089"	0.540768734335278	348	1.2220501232881
"rs811562"	0.540771756142434	348	1.31176185158968
"rs2097075"	0.5407843349312	348	1.04991270740175
"rs2172517"	0.540812768439911	348	1.08329199133268
"rs1357252"	0.540815194268362	348	0.850094402897167
"rs1440890"	0.540829725951662	348	1.12497593444303
"rs132034"	0.54084681594633	348	0.837901213524174
"rs1071232"	0.540863467953326	348	0.861292068746873
"rs1312120"	0.540868087590315	348	0.893951396811943
"rs506091"	0.540884196705662	348	0.856075615663658
"rs817980"	0.540884196705663	348	0.856075615663658
"rs772693"	0.540909496131344	348	0.856029219076989
"rs1129366"	0.540911112880467	348	0.899354920247054
"rs571980"	0.540921083005082	348	1.10146506734349
"rs572930"	0.540921083005082	348	1.10146506734349
"rs854732"	0.540923658882831	348	0.87825027818243
"rs854744"	0.540923658882831	348	0.87825027818243
"rs811072"	0.540932993745724	348	0.87816157496893
"rs1799875"	0.540935241791929	348	0.897418497225545
"rs1742119"	0.540939308874645	348	1.15462707251997
"rs1742121"	0.540939308874645	348	1.15462707251997
"rs1742122"	0.540939308874645	348	1.15462707251997
"rs1963717"	0.540946715856875	348	1.15870778979746
"rs1662164"	0.540963884683698	348	0.898246066587401
"rs1662185"	0.540963884683698	348	0.898246066587401
"rs1662186"	0.540963884683698	348	0.898246066587401
"rs762492"	0.541034540124868	348	1.10006061562937
"rs1885042"	0.541061562490569	348	1.30844290634396
"rs665862"	0.541064934413509	348	1.12257125981904
"rs1116495"	0.541100153021763	348	1.09882531954728
"rs703546"	0.541164631370884	348	1.11815992695067
"rs439719"	0.541189218439616	348	1.13013893363611
"rs1825660"	0.541250604405312	348	0.885564950598236
"rs842487"	0.541331438853806	348	1.1514018828747
"rs2104828"	0.54134757790919	348	1.1192506200769
"rs848939"	0.54141779931456	348	1.45521136527988
"rs1931722"	0.54141779931456	348	1.45521136527988
"rs1932296"	0.54141779931456	348	1.45521136527988
"rs1956551"	0.541417799314561	348	1.45521136527988
"rs602267"	0.541417799314562	348	1.45521136527988
"rs650154"	0.541417799314562	348	1.45521136527988
"rs650166"	0.541417799314562	348	1.45521136527988
"rs650175"	0.541417799314562	348	1.45521136527988
"rs650176"	0.541417799314562	348	1.45521136527988
"rs650178"	0.541417799314562	348	1.45521136527988
"rs650181"	0.541417799314562	348	1.45521136527988
"rs650202"	0.541417799314562	348	1.45521136527988
"rs650211"	0.541417799314562	348	1.45521136527988
"rs650217"	0.541417799314562	348	1.45521136527988
"rs650298"	0.541417799314562	348	1.45521136527988
"rs650310"	0.541417799314562	348	1.45521136527988
"rs650350"	0.541417799314562	348	1.45521136527988
"rs650367"	0.541417799314562	348	1.45521136527988
"rs650373"	0.541417799314562	348	1.45521136527988
"rs650409"	0.541417799314562	348	1.45521136527988
"rs650424"	0.541417799314562	348	1.45521136527988
"rs650430"	0.541417799314562	348	1.45521136527988
"rs650365"	0.541417799314605	348	37.5795942501059
"rs2086145"	0.541419591949057	348	0.884018771060185
"rs1748423"	0.541451668486165	348	0.860815303365633
"rs509309"	0.54145214857753	348	1.10492225760034
"rs1687692"	0.541463345522425	348	0.895059064698554
"rs129497"	0.541466330224032	348	0.890013311715734
"rs893398"	0.541480802511596	348	0.822947462986141
"rs893497"	0.541480802511596	348	0.822947462986141
"rs893501"	0.541480802511596	348	0.822947462986141
"rs498017"	0.541507795143903	348	0.846325761992103
"rs1748619"	0.541541272006016	348	0.875035537630768
"rs1748622"	0.541541272006016	348	0.875035537630768
"rs1748625"	0.541541272006016	348	0.875035537630768
"rs1125366"	0.541553678152893	348	0.877681768011077
"rs650013"	0.541601444652903	348	0.792598999749918
"rs650043"	0.541601444652903	348	0.792598999749918
"rs133774"	0.541623533130706	348	1.18264100728474
"rs128906"	0.541634593938665	348	1.1175463654762
"rs228980"	0.54164595175385	348	1.21873492455654
"rs228986"	0.54164595175385	348	1.21873492455654
"rs228990"	0.54164595175385	348	1.21873492455654
"rs228995"	0.54164595175385	348	1.21873492455654
"rs82978"	0.541665268776274	348	1.12182060434907
"rs254495"	0.541722797762251	348	0.967012672228063
"rs1098146"	0.541744017550964	348	1.12728720667447
"rs1098147"	0.541744017550965	348	1.12728720667447
"rs1955627"	0.54177684166485	348	1.23280908693237
"rs507420"	0.54178482388559	348	0.895559481179301
"rs2147811"	0.541794016734963	348	0.903990913759657
"rs326730"	0.541809108378632	348	0.869875370641
"rs239049"	0.541816679715446	348	1.19134043163822
"rs1875084"	0.541853700210181	348	0.894732679808295
"rs1875085"	0.541853700210196	348	0.894732679808297
"rs349929"	0.541857677649716	348	1.28328599549413
"rs1671531"	0.541871470824374	348	0.824895157734183
"rs816574"	0.541883320438491	348	1.08715885206338
"rs1878619"	0.541907189433197	348	0.879906302272573
"rs223766"	0.541913298931053	348	0.837828215065512
"rs1126352"	0.541939611526117	348	0.860037537026151
"rs303452"	0.54195868059421	348	0.953190449215943
"rs1767762"	0.54197498582022	348	1.13919568309226
"rs122425"	0.541984622747809	348	0.904368599631614
"rs1713210"	0.541997804571658	348	1.11593898349154
"rs1713214"	0.541997804571658	348	1.11593898349154
"rs1713223"	0.541997804571658	348	1.11593898349154
"rs1713226"	0.541997804571658	348	1.11593898349154
"rs1713227"	0.541997804571658	348	1.11593898349154
"rs1713247"	0.541997804571658	348	1.11593898349154
"rs2135747"	0.542081273169529	348	1.08530568902168
"rs2133424"	0.542099006707972	348	1.0815974980234
"rs1477874"	0.542128618673714	348	1.10637741429647
"rs303396"	0.542134794869705	348	0.930731190141197
"rs1004063"	0.542139598903583	348	1.11199647726266
"rs1004981"	0.542211987259032	348	1.10784115947638
"rs1708956"	0.542232707185362	348	1.09628527317086
"rs1059833"	0.542293992513587	348	0.803108142502934
"rs1842285"	0.542300813434421	348	1.15267638780244
"rs264430"	0.542328580550239	348	1.13159914842134
"rs2147858"	0.542333614865861	348	0.818306161494649
"rs1982063"	0.542342594319388	348	1.16082262024062
"rs673056"	0.542387233917438	348	0.886332924875431
"rs264719"	0.542391967587521	348	1.12166470144159
"rs264721"	0.542391967587521	348	1.12166470144159
"rs497109"	0.542434002068567	348	0.845343998813181
"rs497157"	0.542434002068567	348	0.845343998813181
"rs497166"	0.542434002068567	348	0.845343998813181
"rs1878067"	0.542486466353586	348	1.0483693156126
"rs295270"	0.542551247183176	348	1.13390425606423
"rs295277"	0.542551247183176	348	1.13390425606423
"rs367175"	0.54256934778409	348	1.15380368479518
"rs400575"	0.542570586206774	348	0.778184288505411
"rs181266"	0.542570586206792	348	0.778184288505412
"rs181461"	0.542570586206792	348	0.778184288505412
"rs181811"	0.542570586206792	348	0.778184288505412
"rs398723"	0.542570586206792	348	0.778184288505412
"rs132441"	0.542587254921638	348	0.641105447853695
"rs1350704"	0.542587254921638	348	0.641105447853695
"rs1351135"	0.542587254921638	348	0.641105447853695
"rs867386"	0.542597833297097	348	0.887656499645785
"rs1162185"	0.542600032067485	348	0.917805693966178
"rs785154"	0.542618001741525	348	0.899633813673891
"rs1562639"	0.542628967537399	348	0.912320285827467
"rs802438"	0.542656759326834	348	0.91142960164995
"rs816904"	0.542671754336818	348	0.921265061357947
"rs816354"	0.542690863961597	348	1.12064876434588
"rs274171"	0.542790155715646	348	1.08238441057798
"rs1075525"	0.542795611694326	348	0.865624375860836
"rs1077892"	0.542795611694326	348	0.865624375860836
"rs1354133"	0.542829044846581	348	1.13268371833429
"rs2155999"	0.542875598191974	348	1.337691692445
"rs1748713"	0.542915646824975	348	0.861239140194445
"rs1687716"	0.542967273904049	348	1.10267287642004
"rs652730"	0.542977854065023	348	1.24015918767415
"rs1386832"	0.543030490299445	348	0.792616766070067
"rs1041940"	0.543041915756391	348	1.21816043659776
"rs88060"	0.543065945524212	348	0.907250302703797
"rs88063"	0.543065945524212	348	0.907250302703797
"rs88106"	0.543065945524212	348	0.907250302703797
"rs1450298"	0.54308018043772	348	0.633220703810029
"rs1396212"	0.543090864661882	348	1.30179724075801
"rs1397769"	0.543090864661882	348	1.30179724075801
"rs1397832"	0.543090864661882	348	1.30179724075801
"rs488159"	0.543144028064549	348	1.11075137681841
"rs488160"	0.543144028064549	348	1.11075137681841
"rs488175"	0.543144028064549	348	1.11075137681841
"rs1562655"	0.543161347769594	348	0.915690416706831
"rs1351459"	0.543203811190265	348	0.630861537129289
"rs676581"	0.543205539575029	348	1.13538452672466
"rs1778607"	0.543241472310535	348	0.889235147796754
"rs1778616"	0.543241472310535	348	0.889235147796754
"rs1064060"	0.543254117497341	348	1.17461247248388
"rs133907"	0.543271867425813	348	0.919211574580163
"rs1196946"	0.543288711163018	348	0.918039115517493
"rs1125571"	0.543298226983384	348	0.881756396477272
"rs175521"	0.543314934111889	348	0.903396372760067
"rs2172715"	0.543333450284783	348	1.05217455022596
"rs466455"	0.543388109090331	348	1.10233523269732
"rs1104127"	0.543417095037017	348	1.23096308395749
"rs863852"	0.543423006592028	348	1.05999490488045
"rs1609413"	0.543448944569118	348	0.888469052088129
"rs1609427"	0.543448944569118	348	0.888469052088129
"rs157325"	0.543510209152392	348	0.940991074925818
"rs407760"	0.543515728772794	348	0.902209499325655
"rs343544"	0.54354379596958	348	0.831434798144272
"rs343567"	0.54354379596958	348	0.831434798144272
"rs469256"	0.543563680664109	348	0.869452193748235
"rs1326721"	0.543583337408542	348	1.1231491856433
"rs1326724"	0.543583337408542	348	1.1231491856433
"rs492713"	0.543584915002208	348	0.907960564106391
"rs135044"	0.543601160937393	348	0.860852354280427
"rs1013893"	0.543603247711236	348	0.868986533978973
"rs76113"	0.54363634452929	348	0.872906873596644
"rs1288382"	0.543651692640151	348	0.874187003618607
"rs917362"	0.543661589459334	348	0.88179375444404
"rs629814"	0.543724801408666	348	0.906335992401477
"rs839099"	0.543729136238627	348	0.886324087024462
"rs839105"	0.543729136238627	348	0.886324087024462
"rs1332898"	0.543736086970927	348	0.865693691154293
"rs1137984"	0.543760811070287	348	0.834364869888588
"rs1317125"	0.543765237461927	348	0.881991708973003
"rs454014"	0.54380634040215	348	0.895843564152806
"rs454042"	0.54380634040215	348	0.895843564152806
"rs454052"	0.54380634040215	348	0.895843564152806
"rs81434"	0.543849326720002	348	0.850531163082711
"rs81453"	0.543849326720002	348	0.850531163082711
"rs81481"	0.543849326720002	348	0.850531163082711
"rs894037"	0.543852028819635	348	1.14791624044575
"rs1116520"	0.543861387734152	348	0.853305761593659
"rs240259"	0.543864448600711	348	0.827095177066155
"rs240373"	0.543864448600711	348	0.827095177066155
"rs1734235"	0.543865510039579	348	1.12748023636919
"rs1600931"	0.54387133466949	348	1.09356209330964
"rs377981"	0.543881663775335	348	0.86792017990881
"rs1716782"	0.543900392775374	348	0.892627941841807
"rs1774051"	0.543923914783529	348	1.10046409722761
"rs123867"	0.543984720624039	348	1.1731173877621
"rs123868"	0.543984720624039	348	1.1731173877621
"rs123887"	0.543984720624039	348	1.1731173877621
"rs123891"	0.543984720624039	348	1.1731173877621
"rs123900"	0.543984720624039	348	1.1731173877621
"rs958567"	0.543991467228388	348	1.15162464056501
"rs958568"	0.543991467228388	348	1.15162464056501
"rs958570"	0.543991467228388	348	1.15162464056501
"rs958573"	0.543991467228388	348	1.15162464056501
"rs271759"	0.54400155371835	348	0.920977605295014
"rs939304"	0.544003585534031	348	1.16505091548135
"rs939184"	0.544003585534047	348	1.16505091548134
"rs2159628"	0.544009202582875	348	1.11041825565703
"rs1904497"	0.544039124945939	348	0.846464277033922
"rs52712"	0.544063926917939	348	0.902666789718238
"rs52715"	0.544063926917939	348	0.902666789718238
"rs52721"	0.544063926917939	348	0.902666789718238
"rs1742897"	0.544072674653625	348	0.807219003899689
"rs1742906"	0.544072674653625	348	0.807219003899689
"rs2134841"	0.54407348219306	348	1.084253503959
"rs1801277"	0.544122737657464	348	0.842942907448399
"rs214387"	0.544145235843305	348	0.889291604750006
"rs123930"	0.544172696241869	348	1.17321843730361
"rs1719356"	0.544180162197938	348	1.10137133387977
"rs1719368"	0.544180162197938	348	1.10137133387977
"rs1897055"	0.544306825412099	348	0.879532007204032
"rs967117"	0.544341371783825	348	0.856778810301214
"rs2160317"	0.544351684257464	348	1.11032212078568
"rs577961"	0.544380298157452	348	0.82325117421136
"rs1785342"	0.544388829477197	348	1.1627011080848
"rs1464128"	0.544398936135244	348	0.883851134077984
"rs1806578"	0.544404084492408	348	1.14482595080168
"rs168818"	0.544414890232057	348	0.841682199982013
"rs1022253"	0.544421037105778	348	0.9620507409936
"rs832429"	0.544426818453313	348	0.892435083736577
"rs832571"	0.544426818453313	348	0.892435083736578
"rs1205184"	0.544451345944719	348	0.918631282270349
"rs1781497"	0.544458939057133	348	1.23706214786451
"rs1781662"	0.544458939057133	348	1.23706214786451
"rs178456"	0.544462744839588	348	0.883212293036729
"rs1121637"	0.544486917877239	348	1.0640156658961
"rs1944212"	0.5444986021383	348	1.11840002229753
"rs766694"	0.544501286664887	348	1.15659124988749
"rs1142863"	0.544578996446427	348	1.22785334544754
"rs751455"	0.54465809954156	348	1.20399042463928
"rs1437635"	0.544692683060117	348	1.19678635114354
"rs169216"	0.544698417207953	348	1.23101240112133
"rs1611933"	0.544740343400567	348	0.856232756922347
"rs807408"	0.544747751794693	348	1.1246290944857
"rs1135453"	0.544780938604225	348	1.2517187184523
"rs1293699"	0.544796867524119	348	1.13727540989226
"rs1310573"	0.544827999902354	348	1.30150644889957
"rs326725"	0.544861444808013	348	1.1397458782348
"rs326729"	0.544861444808013	348	1.1397458782348
"rs326735"	0.544861444808013	348	1.1397458782348
"rs326736"	0.544861444808013	348	1.1397458782348
"rs326737"	0.544861444808013	348	1.1397458782348
"rs326739"	0.544861444808013	348	1.1397458782348
"rs326746"	0.544861444808013	348	1.1397458782348
"rs326754"	0.544861444808013	348	1.1397458782348
"rs326758"	0.544861444808013	348	1.1397458782348
"rs326760"	0.544861444808013	348	1.1397458782348
"rs326761"	0.544861444808013	348	1.1397458782348
"rs223274"	0.544944350154719	348	1.21923467297598
"rs223364"	0.544944350154719	348	1.21923467297598
"rs223382"	0.544944350154719	348	1.21923467297598
"rs223499"	0.544944350154719	348	1.21923467297598
"rs223509"	0.544944350154719	348	1.21923467297598
"rs223520"	0.544944350154719	348	1.21923467297598
"rs591911"	0.544946693924088	348	0.8521653964614
"rs1019243"	0.544973255219769	348	0.876135475944745
"rs1478876"	0.544975422161142	348	1.10962279537019
"rs1478877"	0.544975422161142	348	1.10962279537019
"rs1478878"	0.544975422161142	348	1.10962279537019
"rs1478881"	0.544975422161142	348	1.10962279537019
"rs1478904"	0.544975422161142	348	1.10962279537019
"rs1478908"	0.544975422161142	348	1.10962279537019
"rs2182594"	0.544981399307769	348	0.877661163882091
"rs1637812"	0.544994400959305	348	1.1762674118483
"rs761332"	0.545037425952077	348	1.09523532696096
"rs978600"	0.545043432824768	348	1.1195667312779
"rs1369736"	0.545121511565795	348	1.10172351953521
"rs1559165"	0.545196084664659	348	0.859181930117886
"rs1696059"	0.545230995122286	348	1.20839792042483
"rs1207008"	0.545243058646505	348	0.940639973206126
"rs1593252"	0.54525018615618	348	0.878154791322454
"rs842435"	0.5452987890615	348	1.12139405587175
"rs958552"	0.545342596541207	348	1.15077264677797
"rs958555"	0.545342596541207	348	1.15077264677797
"rs958558"	0.545342596541207	348	1.15077264677797
"rs958561"	0.545342596541207	348	1.15077264677797
"rs109365"	0.545377856344189	348	0.95933537427943
"rs818829"	0.545416609993851	348	0.916755503126918
"rs87928"	0.545426207242149	348	0.889029808927988
"rs705217"	0.545483430437279	348	1.11854588673201
"rs1822217"	0.545534251293043	348	0.820803681195711
"rs772609"	0.545547453175667	348	0.75981428932908
"rs772978"	0.545547453175667	348	0.75981428932908
"rs773033"	0.545547453175667	348	0.75981428932908
"rs1946137"	0.545623371674369	348	1.12587562694829
"rs1533118"	0.545721415824565	348	0.975166007636085
"rs361233"	0.545768856866694	348	1.13328384552399
"rs1562628"	0.545784380547523	348	0.913076069579404
"rs1562634"	0.545784380547523	348	0.913076069579404
"rs1562636"	0.545784380547523	348	0.913076069579404
"rs1562646"	0.545784380547523	348	0.913076069579404
"rs1562651"	0.545784380547523	348	0.913076069579404
"rs1562652"	0.545784380547523	348	0.913076069579404
"rs1562649"	0.545787256827964	348	0.913063833031925
"rs73270"	0.545802108267552	348	0.898607589524282
"rs1487443"	0.545803607460141	348	0.848369152868446
"rs2034977"	0.545818393598439	348	1.09134493900483
"rs1562631"	0.545836537987505	348	0.912868111282534
"rs1562643"	0.545836537987505	348	0.912868111282534
"rs1961536"	0.545870692635096	348	0.921404327528303
"rs1563210"	0.545889346743917	348	1.11868296293406
"rs1563228"	0.545889346743917	348	1.11868296293406
"rs1563231"	0.545889346743917	348	1.11868296293406
"rs373174"	0.545938339588616	348	0.804934847635175
"rs699793"	0.545998608248977	348	1.05224150545894
"rs1489271"	0.545998929073709	348	0.954337772760342
"rs943154"	0.546003555795469	348	0.952037773217825
"rs506646"	0.546010347903218	348	1.1142178384526
"rs1113759"	0.546067975274524	348	1.15032343793863
"rs2190176"	0.546087692145481	348	0.847141719368514
"rs1541073"	0.546131815182498	348	0.670682893846836
"rs1919083"	0.546273705846093	348	0.754201379756489
"rs996115"	0.546282216892771	348	0.888929316737005
"rs1747000"	0.54629666370357	348	0.850169768830923
"rs1904637"	0.546305566619779	348	1.14038165138779
"rs638603"	0.546339164646537	348	0.900504949072102
"rs409507"	0.546355542287165	348	0.874296606765528
"rs228641"	0.546359304783717	348	0.900093875865152
"rs1959100"	0.546359946427832	348	0.88022440403875
"rs1774078"	0.546367290751255	348	1.10137764304509
"rs1617031"	0.546426656227073	348	0.931111651616516
"rs1472516"	0.546430708224164	348	1.23625393661622
"rs1561422"	0.546434199601026	348	1.16298146568054
"rs1564518"	0.546475293491802	348	0.889686464589129
"rs1564527"	0.546475293491802	348	0.889686464589129
"rs671383"	0.546488040201073	348	1.16080782815965
"rs300626"	0.546506126276277	348	1.09028414522794
"rs1742765"	0.546523369565847	348	0.892188277639554
"rs1333378"	0.546528748172467	348	1.24943807422312
"rs1105836"	0.546528748172483	348	1.2494380742231
"rs1963519"	0.546531958563886	348	0.855223625215143
"rs951025"	0.546539341927001	348	1.15101539996452
"rs2115580"	0.54654533412686	348	1.10911797926311
"rs1060844"	0.546610357436081	348	0.84168999586051
"rs1060853"	0.546610357436081	348	0.84168999586051
"rs1060889"	0.546610357436081	348	0.84168999586051
"rs1060898"	0.546610357436081	348	0.84168999586051
"rs1060901"	0.546610357436081	348	0.84168999586051
"rs1060904"	0.546610357436081	348	0.84168999586051
"rs1717325"	0.546680691799293	348	0.880968413838259
"rs1717349"	0.546680691799293	348	0.880968413838259
"rs2123544"	0.546692822058818	348	0.906073789059154
"rs1710833"	0.546696675437646	348	0.891986943740514
"rs1710836"	0.546696675437646	348	0.891986943740514
"rs1710839"	0.546696675437646	348	0.891986943740514
"rs1710845"	0.546696675437646	348	0.891986943740514
"rs1710846"	0.546696675437646	348	0.891986943740514
"rs1710847"	0.546696675437646	348	0.891986943740514
"rs1710860"	0.546696675437646	348	0.891986943740514
"rs1710866"	0.546696675437646	348	0.891986943740514
"rs1155082"	0.546713211826721	348	0.842947827160525
"rs325976"	0.546731235380418	348	1.32813434602797
"rs373669"	0.546731235380418	348	1.32813434602797
"rs1528666"	0.546731235380424	348	1.32813434602797
"rs324421"	0.546731235380444	348	25.1681227025131
"rs283271"	0.546799138201895	348	1.10005861024625
"rs942220"	0.546807917356583	348	1.1751494171524
"rs158229"	0.546864822978815	348	1.13254424510612
"rs38247"	0.546875400495148	348	0.802068976300196
"rs2017529"	0.546915115669173	348	0.901382250733272
"rs863306"	0.54695860565431	348	0.855346148266647
"rs943708"	0.546994316968799	348	0.843016344192367
"rs275110"	0.546998002733324	348	0.670716073677371
"rs275471"	0.546998002733324	348	0.670716073677371
"rs278631"	0.546998002733324	348	0.670716073677371
"rs279297"	0.546998002733324	348	0.670716073677371
"rs279513"	0.546998002733324	348	0.670716073677371
"rs279649"	0.546998002733324	348	0.670716073677371
"rs283331"	0.546998002733324	348	0.670716073677371
"rs283759"	0.546998002733324	348	0.670716073677371
"rs288920"	0.546998002733324	348	0.670716073677371
"rs411886"	0.547010851902348	348	0.934748553628346
"rs817511"	0.547034390674003	348	0.918495193326286
"rs817517"	0.547034390674003	348	0.918495193326286
"rs2024654"	0.547083180097994	348	1.13324444215881
"rs2177975"	0.547107921708767	348	1.12225435994608
"rs2178009"	0.547107921708767	348	1.12225435994608
"rs684099"	0.547134271878274	348	0.871906789445882
"rs1171931"	0.547218308836345	348	1.16029480445986
"rs1897938"	0.547226762784998	348	0.821594594013838
"rs82454"	0.547231239604941	348	0.86530336035006
"rs1118967"	0.547240268383592	348	0.832140282989046
"rs405354"	0.547252711526007	348	0.647266292753528
"rs304886"	0.547273895744914	348	0.951502055946765
"rs823636"	0.547314792888341	348	0.90076836894048
"rs2214811"	0.547354304331287	348	1.15039334161357
"rs2214884"	0.547354304331287	348	1.15039334161357
"rs342857"	0.547361230281535	348	0.839850755425994
"rs1954473"	0.547383859767268	348	1.13815333738238
"rs1954479"	0.547383859767268	348	1.13815333738238
"rs1954489"	0.547383859767268	348	1.13815333738238
"rs854982"	0.547385394031092	348	0.896451654838067
"rs939015"	0.547403058237909	348	1.15807616490606
"rs62724"	0.547412535119485	348	0.910447182945849
"rs943857"	0.547422516927009	348	0.856222284461839
"rs713678"	0.547504704270997	348	0.898385718044221
"rs695520"	0.547528755767962	348	1.14598870871955
"rs698147"	0.547551337946454	348	1.24483610330856
"rs700254"	0.547551337946454	348	1.24483610330856
"rs700643"	0.547551337946454	348	1.24483610330856
"rs1141531"	0.547551337946454	348	1.24483610330856
"rs698245"	0.547551337946457	348	1.24483610330856
"rs1139946"	0.54755133794646	348	1.24483610330856
"rs1015379"	0.547590623336234	348	1.17343667274589
"rs1015437"	0.547590623336234	348	1.17343667274589
"rs1767065"	0.547633021901853	348	1.13549695058398
"rs1768138"	0.547633021901853	348	1.13549695058398
"rs1768153"	0.547633021901853	348	1.13549695058398
"rs1702557"	0.547645951645604	348	0.895371959245535
"rs1702563"	0.547645951645604	348	0.895371959245535
"rs285576"	0.547651375674621	348	0.906549554199026
"rs1461976"	0.547685963951604	348	0.844584545335793
"rs1460551"	0.547685963951611	348	0.844584545335793
"rs1460572"	0.547685963951611	348	0.844584545335793
"rs1461331"	0.547685963951611	348	0.844584545335793
"rs1330934"	0.547732527631721	348	0.852033765997177
"rs2064823"	0.547745098714472	348	1.17844963828988
"rs2121780"	0.547752517080935	348	1.08556897308253
"rs249383"	0.54775797059886	348	1.19569476302243
"rs248732"	0.547757970598863	348	1.19569476302242
"rs2057669"	0.547822260499479	348	0.843530733358695
"rs116505"	0.547860587837659	348	0.933423817659064
"rs1824889"	0.5478613283149	348	0.837663006687348
"rs545868"	0.547904792530294	348	1.1111331058298
"rs1166496"	0.547923328965184	348	1.15336171936024
"rs1161708"	0.547934443901543	348	1.11804610817218
"rs1161717"	0.547934443901543	348	1.11804610817218
"rs1161720"	0.547934443901543	348	1.11804610817218
"rs1161723"	0.547934443901543	348	1.11804610817218
"rs1126345"	0.547991849704566	348	0.891954220874296
"rs2026314"	0.54802098420456	348	1.13172011604665
"rs1788777"	0.548122914066434	348	1.10171934506215
"rs1436748"	0.548127185643835	348	1.16195045526674
"rs1749111"	0.548153824045829	348	0.862575314923576
"rs1116048"	0.548167146011422	348	0.8644728293459
"rs349897"	0.548199389831341	348	1.1042803881849
"rs156956"	0.548281915782163	348	1.0959440770448
"rs171083"	0.548284454981205	348	0.835968826161651
"rs1612196"	0.548311826888698	348	0.865452610888803
"rs1634331"	0.548315308448293	348	1.09722361370171
"rs254553"	0.548323153205865	348	0.941655157701117
"rs2173183"	0.548333950124852	348	1.14937228099464
"rs32086"	0.548338089191513	348	0.946472394923237
"rs32186"	0.548338089191513	348	0.946472394923237
"rs533421"	0.548339926551304	348	1.1056263169043
"rs1264322"	0.548341400754233	348	0.909073126792291
"rs1118217"	0.548342099603743	348	0.900521980943403
"rs1961999"	0.548352568084966	348	1.21916263532945
"rs1962002"	0.548352568084966	348	1.21916263532945
"rs1962014"	0.548352568084966	348	1.21916263532945
"rs1962020"	0.548352568084966	348	1.21916263532945
"rs1962021"	0.548352568084966	348	1.21916263532945
"rs132341"	0.548373593152867	348	0.645787559152177
"rs132379"	0.548373593152867	348	0.645787559152177
"rs123852"	0.54839125096304	348	1.17084222622002
"rs123858"	0.54839125096304	348	1.17084222622002
"rs552281"	0.54841386446227	348	0.86869292421433
"rs685282"	0.548415374042604	348	0.84243940689804
"rs685286"	0.548415374042604	348	0.84243940689804
"rs511169"	0.548437087859551	348	1.6191859160434
"rs2147043"	0.548448354335728	348	0.911633682451369
"rs307395"	0.548492322325851	348	1.26433052759776
"rs1160594"	0.54853963331345	348	0.825990236990619
"rs1661606"	0.548551065847102	348	0.64589721907461
"rs93424"	0.548597804346611	348	0.89270854440364
"rs1813997"	0.548618490628859	348	1.23722302485654
"rs57277"	0.548631897170399	348	0.890414532551085
"rs412584"	0.548693364707012	348	1.14888577341213
"rs1749116"	0.548696540465294	348	0.862901214964538
"rs1749231"	0.548696540465297	348	0.862901214964538
"rs1749004"	0.548696540465301	348	0.862901214964538
"rs1317913"	0.548709868912451	348	0.670946268335938
"rs817412"	0.548791345099924	348	0.918132460039552
"rs1842918"	0.548801492079382	348	1.41519931332958
"rs1842996"	0.548801492079382	348	1.41519931332958
"rs105063"	0.548801492079384	348	1.41519931332958
"rs1878416"	0.548801492079385	348	1.41519931332958
"rs1679174"	0.548801492079386	348	1.41519931332957
"rs1681085"	0.548801492079386	348	1.41519931332957
"rs2101332"	0.548802145231258	348	1.12508547294389
"rs2198590"	0.548845016672774	348	0.885736756992642
"rs305200"	0.548902635834869	348	0.909343908965893
"rs1533130"	0.548906348153486	348	0.96884174664624
"rs857223"	0.548918101651842	348	1.10172772133714
"rs857232"	0.548918101651842	348	1.10172772133714
"rs857235"	0.548918101651842	348	1.10172772133714
"rs857238"	0.548918101651842	348	1.10172772133714
"rs857244"	0.548918101651842	348	1.10172772133714
"rs857247"	0.548918101651842	348	1.10172772133714
"rs857248"	0.548918101651842	348	1.10172772133714
"rs857254"	0.548918101651842	348	1.10172772133714
"rs857256"	0.548918101651842	348	1.10172772133714
"rs857266"	0.548918101651842	348	1.10172772133714
"rs266545"	0.548931391412867	348	1.21785151079264
"rs1778694"	0.548958611693565	348	1.23218904631546
"rs1809747"	0.548966537860275	348	0.885310156355217
"rs1907623"	0.549029838230148	348	0.198133048061957
"rs1907624"	0.549029838230148	348	0.198133048061957
"rs518112"	0.549043870811124	348	1.11856886204297
"rs344301"	0.549093737638992	348	0.865822480646288
"rs1169289"	0.549101841361581	348	0.833296791930138
"rs1169126"	0.549101841361604	348	0.833296791930146
"rs1169189"	0.549101841361604	348	0.833296791930146
"rs2146632"	0.549103072620506	348	1.27513213397835
"rs573992"	0.549109151293955	348	1.15741939281147
"rs153962"	0.549137561230713	348	1.1197760281342
"rs957980"	0.549156036477424	348	1.12973091766749
"rs2124674"	0.549173462915514	348	0.906949494020961
"rs632298"	0.549265039124042	348	0.786271601670768
"rs1552926"	0.549270361726047	348	1.13945688149116
"rs1618233"	0.549302246160178	348	1.11144350388076
"rs305576"	0.549314364571702	348	0.882466749340336
"rs305617"	0.549314364571702	348	0.882466749340336
"rs306268"	0.549314364571703	348	0.882466749340336
"rs306286"	0.549314364571703	348	0.882466749340336
"rs306320"	0.549314364571703	348	0.882466749340336
"rs306331"	0.549314364571703	348	0.882466749340336
"rs306412"	0.549314364571703	348	0.882466749340336
"rs306445"	0.549314364571703	348	0.882466749340336
"rs306465"	0.549314364571703	348	0.882466749340336
"rs306599"	0.549314364571703	348	0.882466749340336
"rs306611"	0.549314364571703	348	0.882466749340336
"rs306622"	0.549314364571703	348	0.882466749340336
"rs306800"	0.549314364571703	348	0.882466749340336
"rs306986"	0.549314364571703	348	0.882466749340336
"rs306988"	0.549314364571703	348	0.882466749340336
"rs307334"	0.549314364571703	348	0.882466749340337
"rs306980"	0.549314364571703	348	0.882466749340337
"rs305556"	0.549314364571704	348	0.882466749340337
"rs306378"	0.549314364571705	348	0.882466749340336
"rs306348"	0.549314364571705	348	0.882466749340337
"rs306274"	0.549314364571706	348	0.882466749340337
"rs306353"	0.549314364571706	348	0.882466749340337
"rs306705"	0.549314364571706	348	0.882466749340337
"rs306252"	0.549314364571707	348	0.882466749340335
"rs305573"	0.549314364571707	348	0.882466749340337
"rs307894"	0.549314364571707	348	0.882466749340335
"rs307925"	0.549314364571707	348	0.882466749340335
"rs307995"	0.549314364571707	348	0.882466749340335
"rs308321"	0.549314364571707	348	0.882466749340335
"rs308378"	0.549314364571707	348	0.882466749340335
"rs305515"	0.549314364571708	348	0.882466749340337
"rs307446"	0.549314364571709	348	0.882466749340338
"rs307680"	0.549314364571709	348	0.882466749340338
"rs307682"	0.549314364571709	348	0.882466749340338
"rs306312"	0.549314364571709	348	0.882466749340337
"rs306514"	0.549314364571709	348	0.882466749340337
"rs306524"	0.549314364571709	348	0.882466749340337
"rs306473"	0.54931436457171	348	0.882466749340336
"rs306855"	0.54931436457171	348	0.882466749340336
"rs306921"	0.54931436457171	348	0.882466749340336
"rs305533"	0.549314364571714	348	0.882466749340339
"rs305557"	0.549314364571714	348	0.882466749340339
"rs306505"	0.549314364571719	348	0.88246674934034
"rs650851"	0.549381079934306	348	0.797996716563763
"rs921684"	0.549384222776115	348	1.12705330622798
"rs921688"	0.549384222776115	348	1.12705330622798
"rs921690"	0.549384222776115	348	1.12705330622798
"rs921693"	0.549384222776115	348	1.12705330622798
"rs651065"	0.549387159743388	348	0.886281432002053
"rs1759946"	0.549404690374243	348	0.87654276576699
"rs98089"	0.549428380544082	348	1.08680915470868
"rs1046848"	0.549437697562688	348	1.12395089062534
"rs255711"	0.549446052594026	348	1.08849672896149
"rs1114472"	0.549450492823085	348	1.09645560209307
"rs1114475"	0.549450492823085	348	1.09645560209307
"rs1084107"	0.549467983921173	348	1.18768511043978
"rs1564274"	0.549497838751865	348	0.674684110560963
"rs2217080"	0.549509847866786	348	1.16831607841589
"rs1633764"	0.549515895589003	348	0.856592395760203
"rs396892"	0.549518835794041	348	0.87799471809263
"rs573188"	0.549544006965886	348	1.18209821016457
"rs573563"	0.549544006965886	348	1.18209821016457
"rs2188614"	0.549558610026788	348	1.21006420149464
"rs1418889"	0.549609653775536	348	0.848322799575887
"rs802165"	0.549654805401364	348	0.920690908732776
"rs1371091"	0.549722539275409	348	1.13463862265955
"rs339045"	0.549723489596663	348	0.881047063456281
"rs1768624"	0.549726425028752	348	0.901643353138793
"rs819288"	0.549790099732532	348	1.1016059175565
"rs1116399"	0.549848343369406	348	0.90589865422874
"rs1116402"	0.549848343369406	348	0.90589865422874
"rs2160204"	0.549848635229657	348	1.10819385511776
"rs2160282"	0.549848635229657	348	1.10819385511776
"rs1264065"	0.549881618483741	348	1.0984416943279
"rs1766471"	0.549885776536656	348	1.13150891804287
"rs1583673"	0.5498997588138	348	0.911325257634537
"rs1539186"	0.549903174041225	348	1.13463061758556
"rs1962386"	0.549903683488172	348	0.878863032721426
"rs1896437"	0.549913852775654	348	1.12106100117941
"rs240646"	0.549917032548868	348	1.11684421646875
"rs133194"	0.550023977012328	348	0.638559415051991
"rs1774158"	0.550035413857804	348	1.13731233882332
"rs42726"	0.550038112031059	348	1.09240702530228
"rs548774"	0.550053736505844	348	1.14727222270211
"rs942685"	0.550077031656632	348	1.20350544527967
"rs942686"	0.550077031656632	348	1.20350544527967
"rs942692"	0.550077031656632	348	1.20350544527967
"rs418444"	0.550081634181805	348	1.11813310701987
"rs559841"	0.550099918369041	348	0.917250953059479
"rs1699510"	0.550104714736581	348	1.13984708651724
"rs1103776"	0.55014047059118	348	1.31732204209467
"rs1471572"	0.550142216573249	348	1.23354437071826
"rs2076097"	0.550143439542499	348	1.1114933799767
"rs912386"	0.550173673105049	348	1.13839909639685
"rs912401"	0.550173673105049	348	1.13839909639685
"rs912410"	0.550173673105049	348	1.13839909639685
"rs206946"	0.550180194588687	348	1.11354793906833
"rs1666922"	0.550182407698546	348	1.17178987331481
"rs996930"	0.550205720172829	348	0.665052742212853
"rs1768272"	0.550221769015858	348	1.14060307896087
"rs890872"	0.550228580183923	348	1.04237984230085
"rs1461819"	0.550247588171128	348	1.16869357476905
"rs1462096"	0.550247588171128	348	1.16869357476905
"rs413591"	0.55024977795563	348	0.899119653866993
"rs1934161"	0.550259268952617	348	1.12433554262456
"rs1197658"	0.550266632411905	348	0.923160091509914
"rs523672"	0.550271437375593	348	0.910011594993883
"rs37687"	0.550282839594649	348	0.804281965696387
"rs1701721"	0.550342301743779	348	1.11801134599148
"rs113567"	0.550345096122182	348	1.06356640542445
"rs1934841"	0.55035013206814	348	1.28185665598037
"rs2023883"	0.55039219339339	348	0.878742390827795
"rs650160"	0.550405858009036	348	0.868991465502844
"rs650190"	0.550405858009036	348	0.868991465502844
"rs650220"	0.550405858009036	348	0.868991465502844
"rs650223"	0.550405858009036	348	0.868991465502844
"rs148867"	0.550464877050281	348	1.05849597656861
"rs1946083"	0.550468069015849	348	1.13391408099145
"rs520551"	0.550479355408975	348	0.883099000744818
"rs1353408"	0.550483614301621	348	0.818299016984714
"rs872911"	0.550512929332141	348	0.851055465424367
"rs347130"	0.550526391268307	348	0.841728951909407
"rs1715274"	0.550607139581986	348	1.11017896213533
"rs1116884"	0.550612594690431	348	1.08151260600736
"rs913533"	0.550615734559457	348	0.95299303840717
"rs1816918"	0.550666351876318	348	0.755630010616269
"rs1816924"	0.550666351876318	348	0.755630010616269
"rs602882"	0.550666351876319	348	0.755630010616268
"rs552730"	0.550668666309334	348	1.21290319556365
"rs1128538"	0.550691810262763	348	0.902644741377957
"rs11501"	0.550719541429941	348	0.8580983535794
"rs2160322"	0.550742328763998	348	1.10792505060044
"rs2160342"	0.550742328763998	348	1.10792505060044
"rs2160344"	0.550742328763998	348	1.10792505060044
"rs747531"	0.550766581181423	348	1.13806371040683
"rs1694498"	0.550842413975841	348	0.867835869361653
"rs1613893"	0.550910013188916	348	1.09522009214976
"rs468238"	0.550931425232288	348	1.11998455955467
"rs189453"	0.550971339534656	348	1.1331757003781
"rs545638"	0.550977424419428	348	1.08375073217678
"rs514591"	0.551021941247489	348	1.19438317846892
"rs1121658"	0.551059426644655	348	1.1732030189162
"rs1314081"	0.551103030826697	348	1.16317791394215
"rs1704012"	0.551124653398044	348	1.11085242828374
"rs1639093"	0.551131468019091	348	1.11122564800663
"rs297893"	0.551132999408536	348	1.11484171362138
"rs895910"	0.551163559800732	348	0.860623441083385
"rs1515869"	0.551176923940072	348	0.9627643930532
"rs1570165"	0.551196314223475	348	0.888913078310843
"rs1071058"	0.551208622767453	348	1.11447550654281
"rs517522"	0.551214917113388	348	0.913328149256251
"rs412289"	0.5512158011599	348	1.21418335459068
"rs123664"	0.551221068983018	348	1.16881837356955
"rs838596"	0.551285553226777	348	1.09412068368934
"rs838613"	0.551285553226777	348	1.09412068368934
"rs838617"	0.551285553226777	348	1.09412068368934
"rs1708580"	0.551338354290723	348	1.10677575036715
"rs1932915"	0.551408634583485	348	1.11551840643404
"rs2135350"	0.551458273345793	348	0.971787855339358
"rs745561"	0.551473794399741	348	0.89668174524195
"rs1196735"	0.551480301122578	348	0.931251821897549
"rs137351"	0.551499372361057	348	1.14636199747214
"rs684869"	0.551524917498386	348	1.12865099140288
"rs52448"	0.551567170731742	348	1.18930304021007
"rs2041656"	0.551567959677325	348	1.17500583427204
"rs1919058"	0.551576201709123	348	0.755919386126665
"rs1895166"	0.551584863383584	348	1.12156744788382
"rs2058136"	0.551586165405124	348	0.925837002419022
"rs2146368"	0.551624509920041	348	1.27236323227428
"rs1127117"	0.551651250385356	348	0.901304271468177
"rs1169692"	0.551693210259367	348	0.829761271843265
"rs967027"	0.551699774845618	348	1.15172030219989
"rs331313"	0.551701035896663	348	0.91514756008816
"rs2010108"	0.551722642923033	348	1.079812565528
"rs880544"	0.551741653905786	348	1.04864648020109
"rs1715304"	0.551760254164854	348	1.10992863772637
"rs653673"	0.551772290899075	348	0.850825784729984
"rs1742626"	0.551777360049823	348	1.14273566224573
"rs162688"	0.551810648479397	348	0.900328462352246
"rs401181"	0.551836030807944	348	0.907265691149234
"rs142890"	0.551847826015558	348	0.90769908350985
"rs1944380"	0.551860627856145	348	1.12405487160069
"rs1371016"	0.551872769614364	348	1.13209318677216
"rs94093"	0.55187341083692	348	0.874070676762851
"rs2084732"	0.551923596283094	348	0.868981761128708
"rs713113"	0.551957213026883	348	0.843823852738442
"rs1563654"	0.551986073417756	348	1.16497282692329
"rs1563762"	0.551986073417756	348	1.16497282692329
"rs145306"	0.552018520442479	348	1.06039738604341
"rs1894511"	0.55209133669416	348	0.905557374349409
"rs1043010"	0.552155132573115	348	0.898108196384383
"rs226457"	0.552212653095377	348	0.937480862183185
"rs342755"	0.552274199592054	348	1.19995237761808
"rs133733"	0.552277005728872	348	0.929626198959
"rs146046"	0.552304180874247	348	1.07445604847558
"rs912035"	0.552388577944701	348	0.870606043601189
"rs912077"	0.552388577944701	348	0.870606043601189
"rs1801725"	0.552420141323793	348	0.901609572996888
"rs1411348"	0.552447654109506	348	1.14328176868534
"rs1835998"	0.552482929382522	348	0.769220056265639
"rs1838601"	0.552482929382522	348	0.769220056265639
"rs1906123"	0.552482929382522	348	0.769220056265639
"rs2111061"	0.552494264306867	348	1.06522519373149
"rs653981"	0.552557295108928	348	1.14563680679691
"rs1118952"	0.552562919494795	348	0.8574624423081
"rs909755"	0.552586091902456	348	1.13227431769004
"rs909758"	0.552586091902456	348	1.13227431769004
"rs673675"	0.552588061146202	348	0.635445785517155
"rs994814"	0.552590888937673	348	1.16859712704947
"rs1194958"	0.552610948446963	348	1.08780240066195
"rs1784067"	0.552615237398493	348	0.902294277914642
"rs489781"	0.55262311711461	348	1.14318272810224
"rs651442"	0.552632048602189	348	1.183275104808
"rs1004008"	0.552687229957313	348	1.1286531190015
"rs468515"	0.552696118150501	348	0.851812948230284
"rs2163293"	0.552750913630299	348	1.0804315301117
"rs2163296"	0.552750913630299	348	1.0804315301117
"rs2163299"	0.552750913630299	348	1.0804315301117
"rs490511"	0.552754440892643	348	1.1526394879875
"rs1126489"	0.552754942048179	348	0.650869576274553
"rs785331"	0.552795523344591	348	0.899825933822099
"rs123171"	0.552840693794844	348	1.09051042629266
"rs123183"	0.552840693794844	348	1.09051042629266
"rs123184"	0.552840693794844	348	1.09051042629266
"rs1777249"	0.552847909063707	348	1.08312488594481
"rs597044"	0.552848545940099	348	1.28733894689115
"rs145786"	0.552859653675134	348	0.894387375130794
"rs307816"	0.552959642086745	348	1.26148348830826
"rs307880"	0.552959642086745	348	1.26148348830826
"rs729385"	0.552965649918877	348	1.13360902897182
"rs301071"	0.55297328901916	348	1.0923685200411
"rs1678570"	0.552984862830975	348	0.856796721772692
"rs517572"	0.552990264068822	348	0.860918720024824
"rs1893929"	0.553028050865222	348	0.884305512939399
"rs1749350"	0.553054680730011	348	1.08104761773793
"rs2119093"	0.553061741650464	348	1.0790830353792
"rs2119105"	0.553061741650464	348	1.0790830353792
"rs1092671"	0.55310195020247	348	0.874482575703985
"rs798120"	0.553109575484954	348	1.23906555788134
"rs1964228"	0.553118364590054	348	0.904221567162189
"rs1735577"	0.553130520808902	348	0.891021855574811
"rs1691306"	0.553149454302498	348	0.820034849847523
"rs552829"	0.553155629902628	348	1.06971041714502
"rs2149888"	0.553189730662929	348	0.851234856321987
"rs1919287"	0.553202207753837	348	0.763596767324646
"rs1618781"	0.553216405144751	348	0.862856008340331
"rs320203"	0.553273158456125	348	1.56966516760718
"rs320206"	0.553273158456125	348	1.56966516760718
"rs320209"	0.553273158456125	348	1.56966516760718
"rs254323"	0.55328598135512	348	0.678629212353448
"rs1428122"	0.553329368683471	348	1.16614632631959
"rs544275"	0.553364668507929	348	0.885475027339553
"rs544277"	0.553364668507929	348	0.885475027339553
"rs544280"	0.553364668507929	348	0.885475027339553
"rs544284"	0.553364668507929	348	0.885475027339553
"rs1627205"	0.553397433213915	348	1.11946393153098
"rs830660"	0.553399450066822	348	0.675111198037649
"rs830916"	0.553399450066822	348	0.675111198037649
"rs1897305"	0.55345456459175	348	1.1084812089084
"rs885693"	0.553458077465954	348	1.15106594478561
"rs46270"	0.553468061684673	348	1.22703061353329
"rs46294"	0.553468061684673	348	1.22703061353329
"rs46357"	0.553468061684673	348	1.22703061353329
"rs46468"	0.553468061684673	348	1.22703061353329
"rs354138"	0.553503486319256	348	1.12027855214983
"rs566341"	0.553504511188308	348	1.08277589908211
"rs742451"	0.553526126002948	348	0.94210229532201
"rs1402123"	0.553544856676795	348	0.887089222603572
"rs1402264"	0.553544856676795	348	0.887089222603572
"rs1739523"	0.553603097848011	348	0.887646227923358
"rs1050006"	0.553609717469437	348	0.677143508955609
"rs1050298"	0.553609717469437	348	0.677143508955609
"rs428975"	0.553729207648936	348	1.11218210031002
"rs429008"	0.553729207648936	348	1.11218210031002
"rs428978"	0.553729207648949	348	1.11218210031002
"rs429002"	0.553729207648949	348	1.11218210031002
"rs1714941"	0.553734346321561	348	1.09430642987882
"rs671058"	0.55373573671428	348	1.15576972306234
"rs84947"	0.553742445589342	348	1.26433427361087
"rs1737742"	0.553781820921022	348	1.17429845153829
"rs1583708"	0.553816495586574	348	1.19080884039778
"rs551547"	0.553839189613544	348	0.834714145113611
"rs1401751"	0.553840693496226	348	1.11119250200011
"rs344321"	0.553850694690814	348	0.858063785023193
"rs1486049"	0.553871337722877	348	1.24799920826617
"rs2035519"	0.553886232013633	348	0.858287017070959
"rs1841628"	0.553887968096873	348	0.894476786144404
"rs1907180"	0.553910354043583	348	1.09674325795305
"rs1907185"	0.553910354043583	348	1.09674325795305
"rs596960"	0.553919592042924	348	0.908515998765305
"rs1647356"	0.553920994781343	348	1.1169572683823
"rs1647371"	0.553920994781343	348	1.1169572683823
"rs1471443"	0.553994107255562	348	1.09424196723492
"rs1381450"	0.554029472216685	348	0.842847991992528
"rs2011011"	0.554048290418704	348	1.11094909032337
"rs906915"	0.554079407429138	348	0.836209705217261
"rs409620"	0.554088234763325	348	1.13340735878594
"rs2180733"	0.554088442433905	348	0.933614642346413
"rs1764460"	0.554094302393578	348	1.12237062999045
"rs621290"	0.554153553715505	348	0.853551794496581
"rs226073"	0.554157712241536	348	0.865027376437364
"rs226081"	0.554157712241536	348	0.865027376437364
"rs226094"	0.554157712241536	348	0.865027376437364
"rs226101"	0.554157712241536	348	0.865027376437364
"rs226103"	0.554157712241536	348	0.865027376437364
"rs842888"	0.554180229620595	348	0.645752169773637
"rs1295280"	0.55418814446345	348	1.1256434856197
"rs181428"	0.554246652160527	348	1.13272257186141
"rs181431"	0.554246652160527	348	1.13272257186141
"rs440956"	0.554257982004526	348	0.868270646830894
"rs997123"	0.55426138935938	348	1.12708204052788
"rs1125076"	0.554280911604617	348	1.10916490999245
"rs2034145"	0.55428409817554	348	0.890866327163866
"rs1952313"	0.554325500419417	348	0.894184340812332
"rs1952316"	0.554325500419417	348	0.894184340812332
"rs265305"	0.5543372427146	348	1.09448276156802
"rs501909"	0.554373471719735	348	0.879866133655993
"rs856275"	0.554420098015008	348	1.10030273627965
"rs1791936"	0.554440639338437	348	1.13688606735463
"rs1657210"	0.554527383403198	348	0.893803974996541
"rs854623"	0.554554473188808	348	0.893507256352677
"rs182238"	0.554594094818153	348	0.904543922687151
"rs182241"	0.554594094818153	348	0.904543922687151
"rs182247"	0.554594094818153	348	0.904543922687151
"rs182260"	0.554594094818153	348	0.904543922687151
"rs182280"	0.554594094818153	348	0.904543922687151
"rs182284"	0.554594094818153	348	0.904543922687151
"rs835087"	0.554707860916876	348	0.860768974608242
"rs491606"	0.554726632645017	348	0.829831356649513
"rs42346"	0.554774520639258	348	1.08476186208442
"rs996281"	0.554777479049826	348	0.658499248264354
"rs996447"	0.554777479049826	348	0.658499248264354
"rs1052215"	0.554778472303723	348	1.21891651896701
"rs684792"	0.554799567645021	348	0.856417654205082
"rs2181557"	0.554810765795946	348	0.926801957629635
"rs1697699"	0.554845200146219	348	0.910710812793575
"rs265518"	0.554863820187787	348	1.10160027045812
"rs2008529"	0.554903289681971	348	0.918177199653084
"rs2008534"	0.554903289681971	348	0.918177199653084
"rs2008535"	0.554903289681971	348	0.918177199653084
"rs880476"	0.555004601113833	348	0.901291503870216
"rs288474"	0.55505712522462	348	0.915447368318908
"rs1412813"	0.555090160066309	348	1.11751578246206
"rs740693"	0.555122633329314	348	0.838228691140349
"rs1013621"	0.555135666916198	348	1.11295935300579
"rs180178"	0.555153402816112	348	1.16783268456146
"rs494872"	0.555155585052634	348	0.874833049726522
"rs1160876"	0.5551706085524	348	0.898796852888455
"rs1160877"	0.5551706085524	348	0.898796852888455
"rs1160888"	0.5551706085524	348	0.898796852888455
"rs133780"	0.555171333323421	348	1.17513208395402
"rs360535"	0.555192063140913	348	0.864039398057658
"rs2052041"	0.555247933175354	348	1.17173426880056
"rs2019533"	0.555306752576758	348	1.14240080839802
"rs145180"	0.55539413433101	348	0.851324893995231
"rs1775337"	0.555396173769702	348	1.16317846584092
"rs911314"	0.555413296922681	348	1.62670270465249
"rs818784"	0.555414119051707	348	1.09076696828606
"rs436029"	0.555414704217545	348	1.04327998919132
"rs2069515"	0.555426067169231	348	1.13352775584223
"rs1258196"	0.555454189500375	348	0.8900691564686
"rs406776"	0.555490903602981	348	1.14174459757757
"rs1014831"	0.555524090751943	348	1.17293452854854
"rs475001"	0.555543661406782	348	0.891868600621717
"rs475050"	0.555543661406782	348	0.891868600621717
"rs475061"	0.555543661406782	348	0.891868600621717
"rs475064"	0.555543661406782	348	0.891868600621717
"rs475097"	0.555543661406782	348	0.891868600621717
"rs268059"	0.555559981500359	348	1.20532267429397
"rs1031295"	0.555565888507682	348	0.897478914711483
"rs1709697"	0.555573453099502	348	1.10943483587699
"rs1369913"	0.555576212417248	348	1.17780107682505
"rs1115569"	0.555616239993477	348	1.08730308085266
"rs1115668"	0.555616239993477	348	1.08730308085266
"rs1365640"	0.555633929319057	348	0.918508790301828
"rs1036613"	0.5556349622658	348	0.824809713670053
"rs1301315"	0.555690508830733	348	0.901723011136093
"rs520503"	0.5557476195378	348	1.16235838105879
"rs942937"	0.555793938816751	348	1.06195767936909
"rs1117860"	0.555885346302492	348	0.90486860910159
"rs1601766"	0.555896210425511	348	0.901536653404231
"rs1601767"	0.555896210425511	348	0.901536653404231
"rs1601978"	0.555896210425511	348	0.901536653404231
"rs25621"	0.555988665091266	348	0.950290934286647
"rs1808297"	0.556016860599917	348	1.11250566780604
"rs673491"	0.556027917572669	348	1.11566022426987
"rs673496"	0.556027917572669	348	1.11566022426987
"rs858241"	0.556036007640061	348	1.3295749240247
"rs2129767"	0.556036007640063	348	1.3295749240247
"rs2130008"	0.556036007640063	348	1.3295749240247
"rs249611"	0.556036007640066	348	1.32957492402469
"rs1160989"	0.556047312734099	348	1.12821268544815
"rs326974"	0.556047675302012	348	0.915998891933989
"rs326977"	0.556047675302012	348	0.915998891933989
"rs1206753"	0.556105436374947	348	0.948130198405675
"rs895640"	0.556124737048066	348	1.1329072404265
"rs854530"	0.55619717097136	348	0.913618397304162
"rs1459443"	0.556201719051695	348	1.12142967476471
"rs280376"	0.55624004275203	348	0.747777127481034
"rs541615"	0.556284456905697	348	0.877833201777055
"rs542154"	0.556284456905697	348	0.877833201777055
"rs625502"	0.556306592217785	348	0.876197515886444
"rs1944013"	0.556330431530374	348	1.21795389136076
"rs645406"	0.556348268911632	348	0.873079661338254
"rs2215181"	0.55635623566037	348	1.1816144159673
"rs2112084"	0.556356788148739	348	1.19000690844413
"rs1437531"	0.556364573018165	348	0.805866710223737
"rs2215599"	0.556369872249533	348	1.17438879078951
"rs636496"	0.556370100621267	348	0.891983650603043
"rs393130"	0.556379929201847	348	0.894948245273865
"rs2170971"	0.556394599357759	348	1.05101897198335
"rs1205468"	0.556400309659017	348	0.918905023342617
"rs1769018"	0.556474557980604	348	1.1343998810499
"rs1358439"	0.556485124375092	348	1.17436492911001
"rs1358441"	0.556485124375092	348	1.17436492911001
"rs1092877"	0.556494888151477	348	1.16218969227426
"rs566312"	0.556525495010306	348	0.933650923223601
"rs1013583"	0.556547268148563	348	1.11165841337494
"rs704464"	0.556551919538946	348	1.07643105253954
"rs7984"	0.556554983577989	348	1.26819366782103
"rs1642599"	0.556554983577989	348	1.26819366782103
"rs1642604"	0.556554983577989	348	1.26819366782103
"rs1642607"	0.556554983577989	348	1.26819366782103
"rs862114"	0.556570930737984	348	0.849999329447339
"rs701580"	0.556576914333408	348	0.844380120823007
"rs2094753"	0.556581143308592	348	1.15574609558822
"rs2094763"	0.556581143308592	348	1.15574609558822
"rs308393"	0.556607727018756	348	0.92602309922647
"rs1417022"	0.556625886943934	348	1.12129199649121
"rs61480"	0.556666983364315	348	0.918099939796691
"rs2099295"	0.556670340768079	348	1.14563144114512
"rs1019432"	0.556673321463868	348	0.864323712626631
"rs439040"	0.556700813235557	348	1.12895646704956
"rs145213"	0.556708257122276	348	0.851934149652968
"rs145234"	0.556708257122276	348	0.851934149652968
"rs1763570"	0.556715442271313	348	0.876345548240682
"rs1013595"	0.556718647627068	348	1.11162996959333
"rs1036958"	0.55674999892603	348	1.19834361322749
"rs1117869"	0.556769550995381	348	0.912165738348962
"rs1117872"	0.556769550995381	348	0.912165738348962
"rs1117874"	0.556769550995381	348	0.912165738348962
"rs447581"	0.55689618380832	348	0.950256994233711
"rs1962920"	0.556927946562984	348	1.11449438355903
"rs1833084"	0.556937290357822	348	0.803561422026333
"rs1357882"	0.556948175360113	348	0.878620201010448
"rs74599"	0.557007611522734	348	0.880956255072771
"rs147606"	0.55706189205892	348	1.07871877033107
"rs737091"	0.557082346527609	348	1.11731520596917
"rs995715"	0.557098690715637	348	0.868094239445851
"rs1432714"	0.557104545473936	348	0.895422891375643
"rs1035730"	0.557120402758048	348	1.17581260149791
"rs1460947"	0.557180134629958	348	0.85648728245106
"rs1616548"	0.557212993557867	348	1.14989196012144
"rs1616572"	0.557212993557867	348	1.14989196012144
"rs1116264"	0.55722758057081	348	1.12660047538951
"rs1369499"	0.557243980556348	348	1.09933829386124
"rs553156"	0.557258619522953	348	1.16007461059825
"rs991326"	0.557273450759763	348	1.2141558142047
"rs502161"	0.557273450759765	348	1.2141558142047
"rs1753333"	0.557277193387179	348	0.924449288378876
"rs503907"	0.557316124681094	348	1.08635688252724
"rs1578995"	0.557390886012384	348	1.10795757779264
"rs1017396"	0.557392434476877	348	1.13891890169489
"rs281605"	0.557399926667483	348	0.678612876943808
"rs1876503"	0.557405568305822	348	0.885406254945157
"rs1962009"	0.557512748531396	348	1.21387373934664
"rs1962010"	0.557512748531396	348	1.21387373934664
"rs893342"	0.557534446803226	348	0.829208385223746
"rs778378"	0.557566880385304	348	1.10731830951815
"rs788138"	0.557637651418567	348	1.11041824299758
"rs509974"	0.557662433059806	348	1.10750254124011
"rs509987"	0.557662433059806	348	1.10750254124011
"rs823532"	0.557668092991307	348	0.890483809784343
"rs896172"	0.557699402573523	348	0.914943093520021
"rs1849077"	0.557734829018986	348	1.21370876900226
"rs1849697"	0.557734829018989	348	1.21370876900226
"rs1850467"	0.557734829018989	348	1.21370876900226
"rs2133907"	0.557737470848141	348	0.925204810332413
"rs1906611"	0.557742131755941	348	1.1833676268661
"rs1748995"	0.557791553477156	348	0.864113483106825
"rs1741050"	0.557836184485855	348	1.08621393050923
"rs426469"	0.557853443974872	348	1.13524021229216
"rs426561"	0.557853443974872	348	1.13524021229216
"rs426595"	0.557853443974872	348	1.13524021229216
"rs426600"	0.557853443974872	348	1.13524021229216
"rs426601"	0.557853443974872	348	1.13524021229216
"rs426603"	0.557853443974872	348	1.13524021229216
"rs426621"	0.557853443974872	348	1.13524021229216
"rs426639"	0.557853443974872	348	1.13524021229216
"rs1907294"	0.55800341960213	348	1.09211609803526
"rs1383989"	0.558020503155895	348	0.841946090037596
"rs1384008"	0.558020503155895	348	0.841946090037596
"rs1384023"	0.558020503155895	348	0.841946090037596
"rs1384029"	0.558020503155895	348	0.841946090037596
"rs871065"	0.558026950051191	348	0.902449942680823
"rs823807"	0.558030224210411	348	0.93834108115191
"rs2167506"	0.558035823353783	348	1.1051316740692
"rs1716257"	0.558038851886765	348	0.872886374520328
"rs1716259"	0.558038851886765	348	0.872886374520328
"rs1716286"	0.558038851886765	348	0.872886374520328
"rs1716289"	0.558038851886765	348	0.872886374520328
"rs264818"	0.558151720255708	348	0.944584837948342
"rs122489"	0.558205088025539	348	0.94229634611392
"rs1954606"	0.558215208413727	348	0.890320110271326
"rs1896751"	0.558221113671781	348	1.12902050389811
"rs772672"	0.558224582976236	348	1.16109850775532
"rs575000"	0.558261883099002	348	0.833109168331651
"rs2173027"	0.55826889439634	348	1.07436029315954
"rs2173029"	0.55826889439634	348	1.07436029315954
"rs116092"	0.558332808171172	348	0.927703492415585
"rs1435963"	0.558339212649704	348	1.15773826937202
"rs920090"	0.558351055952325	348	1.13943630137301
"rs920096"	0.558351055952325	348	1.13943630137301
"rs553231"	0.558407559185381	348	0.962666690227532
"rs816474"	0.558457039681406	348	1.10067382978102
"rs1719382"	0.558465987914943	348	1.09898452554127
"rs1719429"	0.558465987914943	348	1.09898452554127
"rs1719432"	0.558465987914943	348	1.09898452554127
"rs1719439"	0.558465987914943	348	1.09898452554127
"rs1719445"	0.558465987914943	348	1.09898452554127
"rs1154751"	0.558500013092339	348	1.09392834664115
"rs2097956"	0.558518826777169	348	0.869441328628605
"rs848873"	0.558549043898318	348	1.09857464522873
"rs1415632"	0.558574539258511	348	0.909165642652521
"rs258568"	0.558577130577073	348	0.889895429591074
"rs258595"	0.558577130577073	348	0.889895429591074
"rs258598"	0.558577130577073	348	0.889895429591074
"rs258604"	0.558577130577073	348	0.889895429591074
"rs258607"	0.558577130577073	348	0.889895429591074
"rs353168"	0.558578189085161	348	0.88762127330937
"rs1002311"	0.558630685565001	348	1.18089536814412
"rs910952"	0.558681258253764	348	1.15245473825445
"rs116483"	0.558715710488254	348	0.935399053019011
"rs1167478"	0.558795281796495	348	1.05642940788543
"rs282373"	0.558811636751927	348	1.14382745420587
"rs804221"	0.558837660391458	348	1.09157414666617
"rs1102986"	0.55886956855845	348	0.827830774162685
"rs1103033"	0.55886956855845	348	0.827830774162685
"rs353915"	0.558885542614053	348	1.12580502669971
"rs732052"	0.558886511178125	348	1.15321620433233
"rs278848"	0.558934398410388	348	0.840961195493559
"rs295304"	0.559080111019557	348	0.802828707516791
"rs473341"	0.559086983841597	348	0.954697538783088
"rs1415538"	0.559093219492598	348	1.09462819213995
"rs1083599"	0.55912174345257	348	0.679561597524933
"rs1315956"	0.55912174345257	348	0.679561597524933
"rs1316072"	0.55912174345257	348	0.679561597524933
"rs1767420"	0.559127883189886	348	1.13223303639307
"rs1368715"	0.559128890339844	348	1.0981307069042
"rs545354"	0.559186043993734	348	1.27630923752404
"rs855852"	0.559282966046036	348	0.92097739421932
"rs855859"	0.559282966046036	348	0.92097739421932
"rs855866"	0.559282966046036	348	0.92097739421932
"rs855883"	0.559282966046036	348	0.92097739421932
"rs855890"	0.559282966046036	348	0.92097739421932
"rs466476"	0.55932486157887	348	1.1148964342308
"rs1293530"	0.559329961651682	348	0.835527655412105
"rs785181"	0.559347381035671	348	0.935926688491984
"rs145831"	0.55938376885698	348	1.06775992708286
"rs1112861"	0.559389482730391	348	0.902116169482899
"rs721194"	0.55944574745581	348	1.2872686443387
"rs721458"	0.55944574745581	348	1.2872686443387
"rs739761"	0.559446383334503	348	1.13008120978997
"rs1997601"	0.559487338869381	348	1.09804001837443
"rs490355"	0.559499662227503	348	0.842504842640319
"rs1555095"	0.559515076632364	348	0.904143061263494
"rs1698967"	0.559519463278522	348	1.12309875239942
"rs76460"	0.559524527530942	348	1.18253140666198
"rs828695"	0.559542251278629	348	1.08002187460904
"rs1104557"	0.559574306232245	348	0.907579578329989
"rs574004"	0.559592230963486	348	0.859550156763735
"rs1367276"	0.55961891046776	348	1.14340611031837
"rs1741909"	0.55964701281447	348	1.14278818685033
"rs1651764"	0.559664344066817	348	1.15066209534741
"rs1105665"	0.559724673237606	348	0.90284355589376
"rs1125173"	0.559729816503353	348	1.10766238504933
"rs1260308"	0.559743441418427	348	0.878183411827257
"rs1963552"	0.559753520995697	348	1.10151548355301
"rs1702515"	0.55978856506087	348	0.892791070213806
"rs1702518"	0.55978856506087	348	0.892791070213806
"rs798377"	0.559793548260283	348	0.879087367737532
"rs966957"	0.559830857331101	348	0.968376979015241
"rs308480"	0.55986221710173	348	1.09149692402322
"rs294546"	0.559871178978334	348	0.93366851912761
"rs294550"	0.559871178978334	348	0.93366851912761
"rs294556"	0.559871178978334	348	0.93366851912761
"rs294559"	0.559871178978334	348	0.93366851912761
"rs294560"	0.559871178978334	348	0.93366851912761
"rs1455314"	0.559897318736626	348	1.13965821888376
"rs99725"	0.559899168115764	348	1.1310549740227
"rs893248"	0.559944268898408	348	0.828511244669073
"rs2092913"	0.560006238680281	348	1.0708676013736
"rs206398"	0.560052045803261	348	1.11695518656079
"rs236075"	0.560055950784019	348	1.12351661819258
"rs236105"	0.560055950784019	348	1.12351661819258
"rs236108"	0.560055950784019	348	1.12351661819258
"rs1264350"	0.560107850182743	348	0.885516900088331
"rs126771"	0.56017310787543	348	1.08200650700865
"rs393073"	0.560182976319746	348	1.34250040361921
"rs438420"	0.560182976319746	348	1.34250040361921
"rs714143"	0.560182976319746	348	1.34250040361921
"rs1075172"	0.560182976319746	348	1.34250040361921
"rs1561230"	0.560182976319746	348	1.34250040361921
"rs633882"	0.560190232924229	348	0.893141425191433
"rs624783"	0.560262641302249	348	1.11655845837829
"rs480582"	0.560268542564494	348	0.886409224276813
"rs426005"	0.560281420853349	348	0.787940873550203
"rs2003209"	0.560304587212638	348	0.811892573141221
"rs136279"	0.560368371437494	348	1.16620396476868
"rs699473"	0.560368905535313	348	1.14094069237485
"rs1616986"	0.560375053521885	348	1.09559587044558
"rs2184627"	0.560391651374066	348	0.902741575713812
"rs905811"	0.560405505915259	348	1.07098953966725
"rs751474"	0.560435076179047	348	1.1940898848502
"rs329878"	0.56050225524762	348	0.872197815083442
"rs1832982"	0.560504608095635	348	1.11071117648241
"rs974693"	0.560512122692585	348	0.887802445488072
"rs994565"	0.560534749324759	348	0.905915715175252
"rs422927"	0.560550850478725	348	1.10418959582381
"rs422928"	0.560550850478725	348	1.10418959582381
"rs422934"	0.560550850478725	348	1.10418959582381
"rs1702674"	0.560560575631095	348	1.12652362000839
"rs1881120"	0.560585779832504	348	0.888929238548537
"rs1881129"	0.560585779832504	348	0.888929238548537
"rs1881147"	0.560585779832504	348	0.888929238548537
"rs1881156"	0.560585779832504	348	0.888929238548537
"rs1881157"	0.560585779832504	348	0.888929238548537
"rs1881168"	0.560585779832504	348	0.888929238548537
"rs1154309"	0.560590211605132	348	0.9074703859651
"rs1479560"	0.560592957790462	348	1.13189078933489
"rs1339879"	0.56062517450447	348	0.912552436514862
"rs1877924"	0.560651079718654	348	0.939119268300069
"rs1121648"	0.560653375963758	348	1.12647661272949
"rs1766375"	0.560670774505916	348	1.12731152097294
"rs1474512"	0.560680137401498	348	1.10061474471267
"rs972256"	0.560699330490871	348	0.957668838037165
"rs810999"	0.560723007694788	348	0.887903616337876
"rs1894555"	0.560743214903206	348	1.11694824746167
"rs1717496"	0.560748242081262	348	1.1096372943329
"rs1631997"	0.560760345793405	348	0.660816254372004
"rs1632012"	0.560760345793405	348	0.660816254372004
"rs1191093"	0.560776050348525	348	0.905496778607215
"rs646502"	0.560830442429344	348	0.871898832729744
"rs326769"	0.560834236474077	348	0.877879585590307
"rs556790"	0.560860574484262	348	0.952131888561859
"rs961295"	0.560880359612512	348	0.866273935889014
"rs1143484"	0.560885712699225	348	1.09022634473269
"rs1631961"	0.560887932183152	348	0.660859305677243
"rs1631975"	0.560887932183152	348	0.660859305677243
"rs1632042"	0.560887932183152	348	0.660859305677243
"rs1632045"	0.560887932183152	348	0.660859305677243
"rs1632071"	0.560887932183152	348	0.660859305677243
"rs1632072"	0.560887932183152	348	0.660859305677243
"rs1896503"	0.56089001712329	348	0.886737159056491
"rs184026"	0.560896519444567	348	0.913353436167521
"rs1079548"	0.560902511321295	348	0.805379724317906
"rs838127"	0.560927294349814	348	1.1585477224181
"rs769539"	0.56095002147376	348	1.15884048596344
"rs770302"	0.56095002147376	348	1.15884048596344
"rs779305"	0.56095002147376	348	1.15884048596344
"rs769963"	0.560950021473761	348	1.15884048596344
"rs911297"	0.560955731129755	348	1.13973600875248
"rs911300"	0.560955731129755	348	1.13973600875248
"rs494961"	0.560982746067394	348	0.908419912467341
"rs579720"	0.56098718163149	348	0.816820121512576
"rs811939"	0.560988206199323	348	1.09542436380843
"rs1766472"	0.561009261896774	348	1.12614185738504
"rs1735770"	0.561059481288938	348	1.12000128421864
"rs458411"	0.561065027631018	348	1.15061798639167
"rs458553"	0.561065027631018	348	1.15061798639167
"rs458578"	0.561065027631018	348	1.15061798639167
"rs1708885"	0.56112600867984	348	1.06617423438424
"rs829930"	0.561159176991489	348	0.90449587759979
"rs2080158"	0.561260488455864	348	0.899975497057599
"rs2080159"	0.561260488455864	348	0.899975497057599
"rs2080161"	0.561260488455864	348	0.899975497057599
"rs1124062"	0.561270565859136	348	0.855992374005083
"rs2115222"	0.561284426373429	348	1.07764514835533
"rs116439"	0.561289076131608	348	0.931928801199698
"rs1117530"	0.561298270715063	348	0.899543218918281
"rs1053407"	0.561300545415011	348	1.57938123181039
"rs806908"	0.561309264931013	348	1.03674495249171
"rs552949"	0.561311548846344	348	0.892717537657614
"rs1873042"	0.561314204893543	348	1.03125898883215
"rs959265"	0.561350054595659	348	0.900952127871054
"rs959274"	0.561350054595659	348	0.900952127871054
"rs959304"	0.561350054595659	348	0.900952127871054
"rs959343"	0.561350054595659	348	0.900952127871054
"rs462951"	0.561389947845308	348	1.12955456155193
"rs462969"	0.561389947845308	348	1.12955456155193
"rs463016"	0.561389947845308	348	1.12955456155193
"rs1352804"	0.561394556251207	348	0.874952625786122
"rs545780"	0.561419902598903	348	1.10902716368973
"rs545790"	0.561419902598903	348	1.10902716368973
"rs228379"	0.5614398684815	348	1.115330325933
"rs958399"	0.561464411641442	348	0.872962669388841
"rs2159590"	0.561477263418661	348	1.10518968972101
"rs1380999"	0.561483398918784	348	0.904376242311463
"rs2134004"	0.561483942157056	348	1.09115642609504
"rs1155985"	0.561553168340459	348	0.868415760608245
"rs1880212"	0.561587907455169	348	0.90533209358862
"rs394339"	0.561603528332011	348	1.17034847593755
"rs1659133"	0.561632193483423	348	0.92022828183654
"rs1845691"	0.561635840506407	348	1.12558855384641
"rs1846997"	0.561635840506407	348	1.12558855384641
"rs1847038"	0.561635840506407	348	1.12558855384641
"rs1895244"	0.561638505545101	348	0.965559232435324
"rs509973"	0.561652229717171	348	1.10668237868969
"rs2057567"	0.561660290356486	348	1.08626777167835
"rs2057620"	0.561660290356486	348	1.08626777167835
"rs2057629"	0.561660290356486	348	1.08626777167835
"rs42878"	0.561686536368554	348	0.901553312991155
"rs1406533"	0.561690061072316	348	0.940032111032026
"rs1642080"	0.561780002517426	348	1.12064841758006
"rs742489"	0.561799497646886	348	0.899693809886426
"rs304546"	0.561813535790253	348	1.14569068977206
"rs71102"	0.561813644591747	348	0.92118485406411
"rs2116462"	0.561827934376009	348	0.918351754172411
"rs1160175"	0.56183652747047	348	0.831876975776366
"rs1160193"	0.56183652747047	348	0.831876975776366
"rs1160217"	0.56183652747047	348	0.831876975776366
"rs1160238"	0.56183652747047	348	0.831876975776366
"rs561680"	0.561907791061209	348	1.07817620749781
"rs1655555"	0.561928571592728	348	0.84157620134297
"rs2117994"	0.56198020396587	348	0.828327699415748
"rs1790283"	0.561983617478855	348	1.0703390045169
"rs1883161"	0.561986982530237	348	1.12826915558254
"rs2105953"	0.561991983957208	348	0.878642210513932
"rs166796"	0.562000720335281	348	1.24080148426904
"rs70371"	0.562042867920971	348	0.910524997059451
"rs509221"	0.562047806964499	348	0.884439321573549
"rs1093270"	0.56206302478654	348	1.1572614362341
"rs1025575"	0.562131639214828	348	0.795821708177666
"rs1026456"	0.562131639214828	348	0.795821708177666
"rs1031385"	0.562131639214828	348	0.795821708177666
"rs664550"	0.562131639214832	348	0.795821708177665
"rs665448"	0.562131639214832	348	0.795821708177665
"rs666052"	0.562131639214832	348	0.795821708177665
"rs785523"	0.562131639214832	348	0.795821708177665
"rs941350"	0.562135018988005	348	1.20721335738278
"rs944825"	0.562165061984116	348	0.874809253110273
"rs944834"	0.562165061984116	348	0.874809253110273
"rs944843"	0.562165061984116	348	0.874809253110273
"rs1776864"	0.562177189043461	348	1.12212596576757
"rs295240"	0.562197374219426	348	1.10605366397471
"rs2094126"	0.562209998092403	348	1.07461740789209
"rs2087049"	0.562224202164264	348	1.04927227711182
"rs211701"	0.562232055706538	348	1.1347450595717
"rs1290365"	0.562266757074035	348	0.757827743333697
"rs1290467"	0.562266757074035	348	0.757827743333697
"rs1292899"	0.562266757074035	348	0.757827743333697
"rs1297792"	0.562266757074035	348	0.757827743333697
"rs1459763"	0.562266757074035	348	0.757827743333697
"rs147576"	0.562278529861263	348	1.08750069083946
"rs147579"	0.562278529861263	348	1.08750069083946
"rs1820347"	0.562293817932901	348	0.839433764335845
"rs785175"	0.562339072917427	348	0.924575875987866
"rs1612014"	0.56239703283154	348	0.875873744967004
"rs2134259"	0.562409959294403	348	0.896186568411558
"rs1344015"	0.562410744704126	348	0.892637083704844
"rs678361"	0.562487551586936	348	0.712792082027853
"rs180424"	0.562544664787096	348	1.14800657252956
"rs180439"	0.562544664787096	348	1.14800657252956
"rs1438150"	0.562557816841899	348	1.14813685547462
"rs1438163"	0.562557816841899	348	1.14813685547462
"rs1438165"	0.562557816841899	348	1.14813685547462
"rs1599146"	0.562560957907976	348	1.12466412397981
"rs1126134"	0.562625298445839	348	0.90864702112418
"rs13475"	0.56265094065053	348	0.780871039992975
"rs915569"	0.562654815808199	348	1.17361781296774
"rs133619"	0.562717101489343	348	1.11682381675934
"rs917718"	0.562731289500942	348	0.891620356921143
"rs37090"	0.562754678941264	348	0.7898417436462
"rs1945690"	0.562759525502972	348	0.747439858486743
"rs1945699"	0.562759525502972	348	0.747439858486743
"rs1470281"	0.562765978411792	348	0.818487410098
"rs1116400"	0.562782410302446	348	1.15925894903123
"rs547823"	0.562786551373881	348	0.907210665491265
"rs547826"	0.562786551373881	348	0.907210665491265
"rs225859"	0.56279944837317	348	0.841701456836534
"rs2173970"	0.56282885001998	348	1.07777610305005
"rs284476"	0.562978281989022	348	1.09878948082922
"rs944756"	0.562993175075757	348	0.848660470560956
"rs944762"	0.562993175075757	348	0.848660470560956
"rs944777"	0.562993175075757	348	0.848660470560956
"rs944789"	0.562993175075757	348	0.848660470560956
"rs944821"	0.562993175075757	348	0.848660470560956
"rs944837"	0.562993175075757	348	0.848660470560956
"rs1565118"	0.562996954146534	348	1.1490860676212
"rs62238"	0.563014856537933	348	1.12903111172386
"rs405397"	0.563042595809938	348	0.764147265939752
"rs157187"	0.563052607065229	348	1.10202988968444
"rs157211"	0.563052607065229	348	1.10202988968444
"rs157217"	0.563052607065229	348	1.10202988968444
"rs157238"	0.563052607065229	348	1.10202988968444
"rs195351"	0.563069376400683	348	1.13049373758504
"rs764693"	0.563109073818536	348	1.03768517177668
"rs1167540"	0.563145061663649	348	1.05637459018153
"rs547270"	0.563156318649804	348	1.11099176891567
"rs547273"	0.563156318649804	348	1.11099176891567
"rs485726"	0.563177902293783	348	0.888619602829435
"rs56500"	0.563181323146643	348	1.22757229687692
"rs2160207"	0.563213859419696	348	1.10928728779485
"rs1962475"	0.56322609684532	348	1.14851519487837
"rs908347"	0.563270284103359	348	0.841092980552658
"rs908349"	0.563270284103359	348	0.841092980552658
"rs908352"	0.563270284103359	348	0.841092980552658
"rs908358"	0.563270284103359	348	0.841092980552658
"rs908362"	0.563270284103359	348	0.841092980552658
"rs908363"	0.563270284103359	348	0.841092980552658
"rs908364"	0.563270284103359	348	0.841092980552658
"rs908382"	0.563270284103359	348	0.841092980552658
"rs363106"	0.563346106214345	348	0.918799905060255
"rs1846285"	0.563373305330929	348	0.510237596542061
"rs699319"	0.563380470210863	348	1.13349618274593
"rs127329"	0.563409709160831	348	1.10078196426992
"rs2181096"	0.563418896513595	348	0.926778180380278
"rs2130517"	0.563457585793682	348	1.15074367917164
"rs966031"	0.563471271766685	348	0.882167050665481
"rs787496"	0.563478776250761	348	0.84750716983155
"rs1699532"	0.563492248118738	348	1.1309384492804
"rs1700761"	0.563492248118738	348	1.1309384492804
"rs1123704"	0.563543153085808	348	0.884012764109719
"rs1123749"	0.563543153085808	348	0.884012764109719
"rs1264394"	0.563585719914487	348	1.10180998543132
"rs176778"	0.563586383848994	348	0.818134642285517
"rs2146935"	0.563595846906975	348	0.917325729482142
"rs65034"	0.563632658375807	348	0.96446939366942
"rs1010508"	0.563664315759569	348	1.37779750942683
"rs330997"	0.563672925992866	348	1.13196332186548
"rs304512"	0.563703977805375	348	0.88659958392255
"rs414558"	0.563704938649964	348	1.10680782004014
"rs1264062"	0.563710165803483	348	1.0928597782194
"rs1264259"	0.563710165803483	348	1.0928597782194
"rs1264450"	0.563710165803483	348	1.0928597782194
"rs1264474"	0.563710165803483	348	1.0928597782194
"rs109391"	0.563710367161077	348	0.954952828325376
"rs648721"	0.563727861363137	348	0.961051378510696
"rs157163"	0.563734482383799	348	1.09444338760602
"rs993423"	0.563748675415418	348	0.900229639582293
"rs993424"	0.563748675415418	348	0.900229639582293
"rs2134748"	0.563758951824693	348	1.14796502037216
"rs217391"	0.563780999447347	348	1.13144007827872
"rs463297"	0.56380228977878	348	1.11305322812545
"rs1452869"	0.563846737726346	348	1.11606070847009
"rs1923264"	0.563855136841769	348	1.16884424601567
"rs390939"	0.563890719965524	348	0.918986546880369
"rs222802"	0.56389382669463	348	1.1867784525966
"rs758213"	0.563928825867512	348	1.25203621093066
"rs758517"	0.563928825867512	348	1.25203621093066
"rs859257"	0.563945109463591	348	1.10030622050122
"rs96527"	0.563963045209248	348	0.875640039626422
"rs145507"	0.563966336160455	348	1.06251299002313
"rs1515886"	0.563984277720591	348	1.04852663039803
"rs1417678"	0.563999109108256	348	1.19660698318859
"rs508446"	0.564004180040268	348	0.863900605045978
"rs552541"	0.564010518391912	348	1.11573867015954
"rs60979"	0.564031993940523	348	0.919202320708674
"rs988829"	0.564041542422574	348	0.894754661026018
"rs613782"	0.564053218797147	348	0.747185697192256
"rs613786"	0.564053218797147	348	0.747185697192256
"rs1306986"	0.564059450076059	348	0.921395920754697
"rs1013380"	0.564182362722208	348	0.886529059723234
"rs430258"	0.564201802815399	348	0.854509263055157
"rs1798745"	0.564203432506945	348	0.858022077331371
"rs1742000"	0.564224892218615	348	0.901458074851076
"rs1963156"	0.564334052843664	348	0.903560894101521
"rs1748640"	0.564354316143614	348	0.867734725770806
"rs1748642"	0.564354316143614	348	0.867734725770806
"rs1748863"	0.564382771300687	348	0.86777783550035
"rs1964180"	0.564405645078601	348	0.843414098359299
"rs1264179"	0.564408611646698	348	1.1016365953856
"rs1264250"	0.564408611646698	348	1.1016365953856
"rs1264279"	0.564408611646698	348	1.1016365953856
"rs1656475"	0.564415830485479	348	1.11308002035913
"rs1964999"	0.564471728503752	348	0.925406386702742
"rs1782748"	0.564494204485139	348	1.09724288333132
"rs1782751"	0.564494204485139	348	1.09724288333132
"rs2114513"	0.564528678213858	348	0.918040087870825
"rs1603610"	0.564545009223052	348	0.896054957676074
"rs764769"	0.564554543559728	348	1.10079173767797
"rs1633518"	0.564571733008479	348	0.808936594610629
"rs510481"	0.564644620198132	348	1.07845248164057
"rs1106304"	0.564659274807358	348	0.882549690750312
"rs165154"	0.56467316137208	348	1.14058491495892
"rs1569238"	0.564720833795826	348	1.13614146839765
"rs1562670"	0.564730069118803	348	0.837616343930303
"rs1562729"	0.564730069118821	348	0.837616343930311
"rs1351096"	0.564796129906861	348	0.660645442315257
"rs2024451"	0.564850969174768	348	1.12020907111555
"rs2024453"	0.564850969174768	348	1.12020907111555
"rs1048962"	0.564883752386578	348	0.80381125425226
"rs1918556"	0.564902945155177	348	0.863668475683984
"rs1837109"	0.564906313669915	348	1.12772798290281
"rs850457"	0.564927838486868	348	0.909414262413894
"rs2089614"	0.56493637158895	348	1.0901868558592
"rs476353"	0.564942716260119	348	0.632942269087857
"rs981235"	0.564944202364868	348	0.873612976210401
"rs532058"	0.564979568660783	348	0.883553969724903
"rs1964848"	0.565049077436653	348	0.632841424436422
"rs1964853"	0.565049077436653	348	0.632841424436422
"rs1964860"	0.565049077436653	348	0.632841424436422
"rs1690900"	0.565060850464481	348	0.918258523980409
"rs615355"	0.565066697540373	348	0.802875978287738
"rs1534580"	0.565117872439096	348	1.0918723067622
"rs1833351"	0.565123993405361	348	0.831027943603928
"rs1766512"	0.565128241050693	348	1.12554676426644
"rs109394"	0.565129290401402	348	0.958952692093151
"rs1882492"	0.565132662876158	348	0.857305764091738
"rs1882499"	0.565132662876158	348	0.857305764091738
"rs1882532"	0.565132662876158	348	0.857305764091738
"rs1882570"	0.565132662876158	348	0.857305764091738
"rs1882579"	0.565132662876158	348	0.857305764091738
"rs1882590"	0.565132662876158	348	0.857305764091738
"rs1882591"	0.565132662876158	348	0.857305764091738
"rs941331"	0.565197172618601	348	1.20543104562968
"rs941392"	0.565197172618601	348	1.20543104562968
"rs941393"	0.565197172618601	348	1.20543104562968
"rs354559"	0.565207147657269	348	1.03485640070863
"rs198357"	0.565211108893347	348	0.880755991406732
"rs1779676"	0.565218102510115	348	0.910337902895737
"rs1576377"	0.565223509301314	348	1.58637284056475
"rs1875277"	0.565234820946783	348	0.897278086800315
"rs1122675"	0.565309300332243	348	0.877824429667751
"rs289052"	0.565352822741264	348	0.940874650408069
"rs31969"	0.565373541450631	348	0.946919628862934
"rs31981"	0.565373541450631	348	0.946919628862934
"rs1803674"	0.565454659299257	348	0.810252186639923
"rs465510"	0.565505801765464	348	0.947721268186997
"rs1471554"	0.565505820080357	348	0.687666311065934
"rs100375"	0.565531962298235	348	1.09118790492023
"rs84599"	0.565538772261188	348	1.16054863764425
"rs966987"	0.565656681446163	348	1.14542505320206
"rs966997"	0.565656681446163	348	1.14542505320206
"rs735497"	0.565656925886233	348	1.11380625626456
"rs388826"	0.565657265337637	348	0.898919324364782
"rs638952"	0.565661426045252	348	1.11258776136092
"rs2040091"	0.565667422462415	348	1.12167981508851
"rs871897"	0.565679049025674	348	1.07899434885882
"rs871909"	0.565679049025674	348	1.07899434885882
"rs871912"	0.565679049025674	348	1.07899434885882
"rs871915"	0.565679049025674	348	1.07899434885882
"rs871921"	0.565679049025674	348	1.07899434885882
"rs871924"	0.565679049025674	348	1.07899434885882
"rs630751"	0.565686614990686	348	1.17862554150386
"rs102473"	0.565689735531185	348	0.875382832911168
"rs226431"	0.565708017497795	348	1.05138664000821
"rs1364331"	0.565770659987861	348	1.06360434424289
"rs1451997"	0.565772928920938	348	0.944562740355432
"rs1022312"	0.565779903081794	348	1.05099264435571
"rs910554"	0.565790664050662	348	1.17954096326218
"rs910581"	0.565790664050662	348	1.17954096326218
"rs910584"	0.565790664050662	348	1.17954096326218
"rs910590"	0.565790664050662	348	1.17954096326218
"rs910593"	0.565790664050662	348	1.17954096326218
"rs910599"	0.565790664050662	348	1.17954096326218
"rs910641"	0.565790664050662	348	1.17954096326218
"rs910653"	0.565790664050662	348	1.17954096326218
"rs910659"	0.565790664050662	348	1.17954096326218
"rs910662"	0.565790664050662	348	1.17954096326218
"rs910716"	0.565790664050662	348	1.17954096326218
"rs910722"	0.565790664050662	348	1.17954096326218
"rs910728"	0.565790664050662	348	1.17954096326218
"rs910758"	0.565790664050662	348	1.17954096326218
"rs910827"	0.565790664050662	348	1.17954096326218
"rs910830"	0.565790664050662	348	1.17954096326218
"rs910843"	0.565790664050662	348	1.17954096326218
"rs910845"	0.565790664050662	348	1.17954096326218
"rs910851"	0.565790664050662	348	1.17954096326218
"rs2004899"	0.565822472959434	348	0.895985568310467
"rs562348"	0.565892888471237	348	1.09841357535086
"rs905695"	0.565899209194503	348	0.835970282796972
"rs905506"	0.565899209194504	348	0.835970282796973
"rs2123413"	0.565921418388259	348	1.11217217601695
"rs329275"	0.565934826941324	348	0.891952017971321
"rs733062"	0.565961458845802	348	0.861536000234997
"rs1004054"	0.565972869348844	348	1.14659826106613
"rs1004135"	0.565972869348844	348	1.14659826106613
"rs2020074"	0.566008638433818	348	0.872693975475494
"rs1398099"	0.566113851719138	348	0.895976062598704
"rs1398161"	0.566113851719138	348	0.895976062598704
"rs816770"	0.566147728305401	348	1.08970503240479
"rs1567632"	0.566149162328691	348	1.16696017418315
"rs1106670"	0.566169974590499	348	0.826671584316952
"rs1109047"	0.566169974590499	348	0.826671584316952
"rs120737"	0.566178854293277	348	1.04427901043311
"rs39949"	0.5661909409706	348	0.895073658137296
"rs1385419"	0.566240893365728	348	1.2732908243126
"rs1713615"	0.566246075617891	348	1.08863683351578
"rs1713617"	0.566246075617891	348	1.08863683351578
"rs1713618"	0.566246075617891	348	1.08863683351578
"rs1743371"	0.566251548220658	348	1.05086914301991
"rs1962008"	0.566269622848984	348	1.189925690309
"rs1962017"	0.566269622848984	348	1.189925690309
"rs2114749"	0.566290712357176	348	0.866701568532605
"rs1059467"	0.566315459299988	348	1.2707796331305
"rs1060925"	0.566315459299988	348	1.2707796331305
"rs1595162"	0.566315459299988	348	1.2707796331305
"rs118901"	0.56632150639376	348	1.08018727694105
"rs546321"	0.566325809873551	348	0.910319117869005
"rs546322"	0.566325809873551	348	0.910319117869005
"rs1006318"	0.566334322717976	348	0.807347921424926
"rs1006503"	0.566334322717976	348	0.807347921424926
"rs1006948"	0.566334322717976	348	0.807347921424926
"rs1007517"	0.566334322717976	348	0.807347921424926
"rs132790"	0.566358272727582	348	0.767558048755041
"rs419129"	0.566382713501029	348	0.892841684938362
"rs690208"	0.566385105760078	348	0.797581240574194
"rs691725"	0.566385105760078	348	0.797581240574194
"rs2176107"	0.566410538404712	348	0.877803069449794
"rs266987"	0.56643090481025	348	1.12136279504154
"rs179375"	0.566451589980602	348	1.09784566285585
"rs74401"	0.566473831608565	348	1.11402291030237
"rs519290"	0.566474465631802	348	1.1865364745121
"rs519323"	0.566474465631835	348	1.18653647451208
"rs137301"	0.566495333135638	348	0.660070819593568
"rs1102221"	0.566495333135638	348	0.660070819593568
"rs906312"	0.566515838802144	348	0.84053056955941
"rs1635836"	0.566534713301491	348	1.22336271012843
"rs1083899"	0.566563415227493	348	0.877102864479031
"rs147172"	0.566583075361059	348	1.09701703744994
"rs653553"	0.566584415481053	348	1.04957145118866
"rs469367"	0.566618050269769	348	0.89622988955191
"rs669453"	0.566633462605518	348	0.858457401966051
"rs308288"	0.566649658468456	348	1.15295148968078
"rs1753287"	0.566665531917844	348	1.082955079226
"rs2157820"	0.5666773319237	348	1.09745567183646
"rs175467"	0.566696309420173	348	0.901171497719317
"rs1153186"	0.566703360510294	348	1.11553638764928
"rs1153192"	0.566703360510294	348	1.11553638764928
"rs727974"	0.566720055456746	348	0.87501258161511
"rs2153839"	0.56672366511198	348	0.914405361512154
"rs127101"	0.566726113386962	348	0.876464264689439
"rs1962022"	0.566730265113077	348	1.20850356682586
"rs809786"	0.56674123632666	348	1.12549255664987
"rs52646"	0.566818255304591	348	0.920315445202622
"rs322576"	0.566861782540494	348	2.67636257320328
"rs561812"	0.566897764641682	348	1.57792478722971
"rs2016663"	0.567028388963091	348	1.17213812717074
"rs121786"	0.567062759163469	348	0.860560398047843
"rs87950"	0.567066654187761	348	1.09752565496414
"rs1964261"	0.567074376379831	348	0.872264235629705
"rs820718"	0.567074674864337	348	0.931144822865275
"rs2194786"	0.567086081638135	348	0.847742385043706
"rs395722"	0.567173940109239	348	0.846819831223935
"rs406629"	0.567192183125731	348	1.10293389883798
"rs406632"	0.567192183125731	348	1.10293389883798
"rs406650"	0.567192183125731	348	1.10293389883798
"rs406707"	0.567192183125731	348	1.10293389883798
"rs406716"	0.567192183125731	348	1.10293389883798
"rs126090"	0.567195607111482	348	0.90517339685982
"rs174877"	0.56719680548035	348	1.13587694014617
"rs174891"	0.56719680548035	348	1.13587694014617
"rs174894"	0.56719680548035	348	1.13587694014617
"rs174912"	0.56719680548035	348	1.13587694014617
"rs174924"	0.56719680548035	348	1.13587694014617
"rs174981"	0.56719680548035	348	1.13587694014617
"rs174990"	0.56719680548035	348	1.13587694014617
"rs174996"	0.56719680548035	348	1.13587694014617
"rs175008"	0.56719680548035	348	1.13587694014617
"rs175011"	0.56719680548035	348	1.13587694014617
"rs175012"	0.56719680548035	348	1.13587694014617
"rs175014"	0.56719680548035	348	1.13587694014617
"rs175020"	0.56719680548035	348	1.13587694014617
"rs679380"	0.56722999629996	348	0.875540762700095
"rs1874992"	0.567234195612512	348	1.12062866409761
"rs1530991"	0.567238008387615	348	1.14634942657017
"rs469439"	0.567298169958085	348	0.844419890134125
"rs2008520"	0.567300305341679	348	0.925751881444917
"rs2008521"	0.567300305341679	348	0.925751881444917
"rs969773"	0.567336322726731	348	0.907990027325038
"rs1127260"	0.567441177059987	348	0.883783575291405
"rs1127266"	0.567441177059987	348	0.883783575291405
"rs1127269"	0.567441177059987	348	0.883783575291405
"rs1127272"	0.567441177059987	348	0.883783575291405
"rs1786220"	0.567445020663996	348	1.10004568787741
"rs1964123"	0.567447149546937	348	0.868267964704699
"rs1195453"	0.56747671109803	348	0.896730929653578
"rs2215701"	0.567526756059454	348	1.13927631979172
"rs873882"	0.567563059459162	348	0.872908954819319
"rs1451333"	0.567574499118223	348	0.86605965576702
"rs574712"	0.567608616206319	348	1.17140440181891
"rs220659"	0.567619632674731	348	0.907085129926803
"rs220735"	0.567619632674731	348	0.907085129926803
"rs2112269"	0.567637327990621	348	0.947064539658869
"rs1816645"	0.567653522612418	348	1.11446783288235
"rs1461099"	0.567659474406477	348	0.895440624092048
"rs1320951"	0.567666430766092	348	1.16103634290678
"rs1116183"	0.567784256006286	348	0.927625761890172
"rs342829"	0.567795874139227	348	0.84242332065929
"rs1816981"	0.567834232885256	348	0.890135056665637
"rs1043473"	0.567849082629534	348	0.870612120486135
"rs422914"	0.567881201943667	348	0.899245269540743
"rs272452"	0.56788282244256	348	1.08038143222108
"rs552415"	0.567893053184753	348	0.87382977292478
"rs173457"	0.56793594679404	348	0.907177892480422
"rs1864663"	0.567937676915976	348	0.975555175256455
"rs397103"	0.5679551515762	348	0.826616138530591
"rs93447"	0.567978036612633	348	0.884486844765998
"rs821739"	0.568043016238719	348	1.06323729934285
"rs492521"	0.568093567614576	348	0.703580543943672
"rs87289"	0.568105045656457	348	1.08884741091359
"rs1918548"	0.56811455953345	348	1.13964201800287
"rs1918384"	0.568114559533496	348	1.13964201800285
"rs406770"	0.568146967453016	348	1.10124013435888
"rs1982455"	0.568185355283575	348	0.879644025328767
"rs466441"	0.568187418308213	348	0.907475416365596
"rs1352191"	0.568206596708115	348	0.902883923449174
"rs828661"	0.568209187230328	348	0.772924413952016
"rs1753311"	0.568235325317937	348	1.08202662259583
"rs655240"	0.568252744606567	348	0.778289826045751
"rs1308415"	0.568258160681577	348	1.11797797648764
"rs794961"	0.568356320864122	348	1.14327626265268
"rs1945197"	0.568366827277084	348	0.80254142758451
"rs1945203"	0.568366827277089	348	0.802541427584512
"rs1945198"	0.568366827277095	348	0.802541427584515
"rs1945199"	0.568366827277095	348	0.802541427584515
"rs255700"	0.568368498466261	348	1.08418488092525
"rs905735"	0.56837744410869	348	0.83950136662302
"rs507864"	0.568378828437069	348	1.12708496407469
"rs92983"	0.568421770753543	348	0.857248376216707
"rs1104001"	0.568437230422968	348	0.763228865927437
"rs527220"	0.568440093107951	348	0.854477678371297
"rs300879"	0.568466038300318	348	0.894133382214999
"rs300880"	0.568466038300318	348	0.894133382214999
"rs723904"	0.568466235553997	348	1.14230926709102
"rs723905"	0.568466235553997	348	1.14230926709102
"rs723906"	0.568466235553997	348	1.14230926709102
"rs145798"	0.568480243418206	348	0.898087703441359
"rs145823"	0.568480243418206	348	0.898087703441359
"rs145883"	0.568480243418206	348	0.898087703441359
"rs145884"	0.568480243418206	348	0.898087703441359
"rs134269"	0.568488547258237	348	1.18771623794863
"rs132388"	0.568516851820783	348	0.647975182984301
"rs150553"	0.568523786432545	348	1.05726274188436
"rs2147808"	0.568550206088362	348	0.909158100848222
"rs2147809"	0.568550206088362	348	0.909158100848222
"rs2147810"	0.568550206088362	348	0.909158100848222
"rs2147812"	0.568550206088362	348	0.909158100848222
"rs2147820"	0.568550206088362	348	0.909158100848222
"rs2147821"	0.568550206088362	348	0.909158100848222
"rs815990"	0.568569979802845	348	1.12344752032177
"rs816012"	0.568569979802845	348	1.12344752032177
"rs537194"	0.568577964921987	348	0.831350137584071
"rs537222"	0.568577964921987	348	0.831350137584071
"rs849923"	0.568600476062756	348	1.10885357452296
"rs258490"	0.568698491685121	348	1.08172632743631
"rs1618727"	0.568729632417898	348	0.90497746508215
"rs1618728"	0.568729632417898	348	0.90497746508215
"rs2130876"	0.568739056381518	348	1.103318040555
"rs1711839"	0.568751803420141	348	1.1064963484839
"rs1780004"	0.568761154688007	348	1.19783726064712
"rs1081700"	0.568768756364627	348	1.126588139936
"rs330901"	0.568796681049095	348	1.17794919832603
"rs592219"	0.568800878013716	348	1.05660655001656
"rs1338810"	0.568814195329705	348	1.14391706118072
"rs1153774"	0.568816101455198	348	1.16062983267787
"rs343723"	0.56886234506468	348	0.840191478942983
"rs434798"	0.56893577094283	348	0.896766597843994
"rs1648827"	0.568957579724243	348	1.1231830328318
"rs1775311"	0.568993652551392	348	1.12002252673778
"rs2047030"	0.569004784992874	348	1.21555239943441
"rs1749264"	0.569026181872883	348	0.869280870248353
"rs1839940"	0.569038105965028	348	1.15030303394061
"rs1840017"	0.569038105965028	348	1.15030303394061
"rs116428"	0.569054237010758	348	0.937987294810163
"rs425642"	0.569087023071864	348	0.843809647465347
"rs52145"	0.569120318854462	348	1.12716636555506
"rs1104685"	0.569121124339043	348	1.2101848057127
"rs1563514"	0.569128567633964	348	0.820515186553206
"rs1563519"	0.569128567633964	348	0.820515186553206
"rs1563523"	0.569128567633964	348	0.820515186553206
"rs1563524"	0.569128567633964	348	0.820515186553206
"rs1563526"	0.569128567633964	348	0.820515186553206
"rs652767"	0.569134061217356	348	1.26410934842111
"rs495998"	0.569175556107725	348	0.910151229395378
"rs806101"	0.569181474257402	348	0.8836842598055
"rs396481"	0.569198012755809	348	1.04908545087164
"rs546078"	0.569228116372886	348	1.13204089153202
"rs1816837"	0.56923831424079	348	1.11654976195497
"rs1816843"	0.56923831424079	348	1.11654976195497
"rs2066125"	0.569238760921009	348	0.860414864319866
"rs2114130"	0.569256825780068	348	0.926099210683589
"rs780716"	0.56925957867433	348	0.884337262468324
"rs553052"	0.569276356203626	348	0.866790750740622
"rs556606"	0.569279351966184	348	1.07412960149434
"rs632327"	0.569285485759158	348	0.0746543842177742
"rs2145975"	0.569309612535395	348	1.2706369946348
"rs453570"	0.569329779225226	348	0.679759971370908
"rs1102659"	0.569363186003963	348	1.05948514628963
"rs466850"	0.569370205592185	348	1.09155342646695
"rs226067"	0.569396775918999	348	0.879675015273154
"rs2117479"	0.569404213078645	348	0.907674262008351
"rs658846"	0.569414657811601	348	1.12092052571227
"rs368282"	0.569442743440917	348	1.10408817365817
"rs1809572"	0.569472331077806	348	0.896222966417949
"rs1137705"	0.569496128727609	348	1.14576865186931
"rs1157940"	0.569502747980132	348	0.912172462138375
"rs835651"	0.569526184156933	348	1.1089960464403
"rs835654"	0.569526184156933	348	1.1089960464403
"rs835657"	0.569526184156933	348	1.1089960464403
"rs743647"	0.569606973202993	348	1.09171495295447
"rs971866"	0.569635165333264	348	1.16081519941611
"rs1113997"	0.569642025809315	348	1.03327112363983
"rs1205599"	0.569681218865545	348	0.928463704281225
"rs453482"	0.569712433399632	348	0.869197339760819
"rs454167"	0.569712433399632	348	0.869197339760819
"rs583774"	0.569761778820675	348	1.16236948227959
"rs564093"	0.569766149845837	348	0.878808065641652
"rs564297"	0.569766149845837	348	0.878808065641652
"rs564339"	0.569766149845837	348	0.878808065641652
"rs564462"	0.569766149845837	348	0.878808065641652
"rs564465"	0.569766149845837	348	0.878808065641652
"rs564522"	0.569766149845837	348	0.878808065641652
"rs564582"	0.569766149845837	348	0.878808065641652
"rs564687"	0.569766149845837	348	0.878808065641652
"rs564762"	0.569766149845837	348	0.878808065641652
"rs1160874"	0.569793181713868	348	0.924641026943523
"rs665770"	0.569802202776962	348	0.870476627933297
"rs1359076"	0.569818868651416	348	1.0761044225344
"rs418747"	0.569839990543652	348	0.86359543611366
"rs1372763"	0.569842858166023	348	0.936898515552494
"rs250730"	0.569844853645352	348	1.04780068012384
"rs1370936"	0.569847209991786	348	0.894841771455583
"rs149059"	0.569847600863905	348	0.894656903233693
"rs351924"	0.569847652512056	348	0.684287563056854
"rs517126"	0.569907153675429	348	1.1412631914359
"rs723883"	0.569940505467554	348	1.10665812676306
"rs212059"	0.569954323023349	348	0.881688291167629
"rs885726"	0.569972969944279	348	1.14604432096975
"rs1774085"	0.569979019342344	348	1.09479035023809
"rs2135009"	0.570029289269966	348	1.10089553146912
"rs2118537"	0.570039869650068	348	0.876168770245672
"rs2118542"	0.570039869650068	348	0.876168770245672
"rs2118544"	0.570039869650068	348	0.876168770245672
"rs2118545"	0.570039869650068	348	0.876168770245672
"rs2118547"	0.570039869650068	348	0.876168770245672
"rs2118580"	0.570039869650068	348	0.876168770245672
"rs2118592"	0.570039869650068	348	0.876168770245672
"rs1889068"	0.570042070220147	348	1.08742548971955
"rs523519"	0.570052259582454	348	1.13563136493239
"rs37758"	0.570058710084617	348	1.18008368582086
"rs224840"	0.570064192515211	348	1.18866465954611
"rs1768471"	0.570123797214137	348	1.12986683118836
"rs2134856"	0.570126085812501	348	0.872791958587949
"rs616050"	0.570155756465791	348	1.13072299763615
"rs987257"	0.570195144287019	348	0.915377179868025
"rs987260"	0.570195144287019	348	1.09244584854538
"rs987267"	0.570195144287019	348	1.09244584854538
"rs2087181"	0.570214547909118	348	0.971503629452004
"rs1317739"	0.570236469657954	348	1.14450250377289
"rs1317747"	0.570236469657954	348	1.14450250377289
"rs1317750"	0.570236469657954	348	1.14450250377289
"rs1317752"	0.570236469657954	348	1.14450250377289
"rs1317774"	0.570236469657954	348	1.14450250377289
"rs1317778"	0.570236469657954	348	1.14450250377289
"rs623306"	0.570248603563102	348	1.16233656614173
"rs1609242"	0.570287362118659	348	0.899192439418402
"rs126437"	0.57028808469801	348	0.885656747797475
"rs1638412"	0.570293905628473	348	1.15737222844111
"rs1843158"	0.570306149663103	348	0.878072001550314
"rs1843161"	0.570306149663103	348	0.878072001550314
"rs1398499"	0.57032344732711	348	1.15562040173996
"rs573497"	0.570342801125898	348	1.09855309630879
"rs91906"	0.570357005186945	348	1.107064020456
"rs988937"	0.570399373763773	348	1.16441723813646
"rs2143778"	0.570404417357971	348	0.895579354667072
"rs2143779"	0.570404417357971	348	0.895579354667072
"rs634341"	0.570423896672068	348	0.784611428131166
"rs561777"	0.570426372955184	348	1.03488903946786
"rs922474"	0.570457376709464	348	0.803278015781385
"rs846191"	0.570498404222476	348	0.917579299938705
"rs821770"	0.570537195970183	348	0.648411846262069
"rs1533307"	0.57058026583126	348	0.847670475056194
"rs683172"	0.570599286727811	348	0.87453082456118
"rs810019"	0.570660585760202	348	1.10218081793394
"rs117724"	0.570678326249464	348	1.03723990374852
"rs2116157"	0.570678996949045	348	0.922812309275099
"rs381850"	0.570686726761438	348	0.918392529502617
"rs492710"	0.570704104427086	348	0.912126645135617
"rs1398220"	0.570744719790744	348	0.903631517104598
"rs1398293"	0.570744719790744	348	0.903631517104598
"rs1816534"	0.57076431249325	348	0.883275203998113
"rs1357989"	0.570838182567898	348	0.817490916120444
"rs1583715"	0.57084557750662	348	0.913836622140352
"rs1583726"	0.57084557750662	348	0.913836622140352
"rs1806863"	0.57085891976671	348	1.11378484913943
"rs831406"	0.570885492823778	348	0.800722549382161
"rs1447871"	0.570888723725528	348	1.0957203813303
"rs1452176"	0.57089477931381	348	1.24009206959673
"rs389575"	0.570921655103307	348	0.87873500340668
"rs465498"	0.570998756186386	348	0.932526481451602
"rs1468032"	0.57100295138814	348	1.1435124767423
"rs362716"	0.571027524455526	348	0.864568139245365
"rs83498"	0.571104522193419	348	1.10626812869433
"rs1990705"	0.571109442740272	348	0.922647024930894
"rs1460317"	0.571233410050395	348	0.849658530959593
"rs1619982"	0.571269684943248	348	1.08717181682815
"rs1619985"	0.571269684943248	348	1.08717181682815
"rs358782"	0.571287380528114	348	1.13005791675001
"rs906468"	0.571349942499238	348	0.877214876033112
"rs2176016"	0.571352443413879	348	1.10635911817177
"rs1463140"	0.571392336914726	348	0.884388599312482
"rs2191024"	0.571409917859038	348	1.11809062196934
"rs651174"	0.571418491643777	348	0.764183357002908
"rs651342"	0.571418491643777	348	0.764183357002908
"rs416853"	0.571443114058469	348	1.08780549605468
"rs548600"	0.571453074849946	348	1.11381990297075
"rs1692036"	0.571481370454283	348	0.806692669899017
"rs179199"	0.571487229606686	348	1.10109743076008
"rs179414"	0.571487229606691	348	1.10109743076008
"rs1816197"	0.571499799594372	348	0.687973493287116
"rs3520"	0.571505107343639	348	0.882916235262549
"rs846362"	0.571512582650772	348	0.913675477029143
"rs2085967"	0.571562949739187	348	1.16650526268714
"rs2085968"	0.571562949739187	348	1.16650526268714
"rs48787"	0.571564390099111	348	0.845270415425318
"rs2058448"	0.571595869637348	348	0.811313457433361
"rs2058811"	0.571595869637348	348	0.811313457433361
"rs1880475"	0.571597677013682	348	0.939189462274722
"rs1160770"	0.571752083868098	348	0.115466477916924
"rs546457"	0.571779112940583	348	0.906588456447068
"rs1650638"	0.571806149761825	348	0.881933008812695
"rs777579"	0.571833874822621	348	0.883304340205402
"rs777614"	0.571833874822621	348	0.883304340205402
"rs2122079"	0.571836931639189	348	0.926959048464171
"rs2122080"	0.571836931639189	348	0.926959048464171
"rs2122083"	0.571836931639189	348	0.926959048464171
"rs480231"	0.571837102927707	348	0.854985734504153
"rs1559944"	0.571837102927715	348	0.854985734504156
"rs1559963"	0.571837102927715	348	0.854985734504156
"rs1560016"	0.571837102927715	348	0.854985734504156
"rs1560257"	0.571837102927715	348	0.854985734504156
"rs2048161"	0.571881289892062	348	0.882356969535737
"rs1013611"	0.571915058226216	348	1.10804200859259
"rs746881"	0.571922164684626	348	1.11988092843725
"rs1286051"	0.571937162662397	348	0.75157217238921
"rs1031294"	0.571960123956551	348	0.802662669896213
"rs509196"	0.571960679047538	348	1.09569209078787
"rs2157760"	0.571985326556854	348	1.09663579854392
"rs2158412"	0.571985326556854	348	1.09663579854392
"rs912005"	0.571995901154227	348	0.893660383163309
"rs1748986"	0.572031104866392	348	0.870532405609158
"rs1748989"	0.572031104866392	348	0.870532405609158
"rs927604"	0.572068534632343	348	0.772309957083977
"rs2746"	0.57210299478733	348	0.841974769418221
"rs633672"	0.57212807837259	348	1.0700156745437
"rs909500"	0.572197049562319	348	0.871323973788601
"rs892487"	0.572203599973297	348	1.10348382226855
"rs396109"	0.572260899325052	348	1.16481294035846
"rs2172836"	0.572287766021133	348	0.948118856210837
"rs1961499"	0.572290166471027	348	0.941829668298726
"rs52995"	0.572325647121909	348	1.08938091549295
"rs1193531"	0.572333885153784	348	0.902811149847684
"rs750062"	0.572347340561922	348	0.970545678599251
"rs2094477"	0.572354556095608	348	0.922834587221543
"rs835851"	0.572359957928964	348	1.12424692706868
"rs893595"	0.572372786003322	348	0.834805387291081
"rs1366534"	0.572389598440181	348	1.11298073588667
"rs2176656"	0.57240688875588	348	1.16663511520366
"rs126656"	0.572440825587569	348	1.09595278279342
"rs1105392"	0.572479594311761	348	0.829337354112087
"rs959863"	0.572489617617626	348	0.907708525429978
"rs1467118"	0.572505214575639	348	38.6552623087933
"rs125707"	0.57252948833332	348	0.734380559644097
"rs226217"	0.572558458649506	348	0.757485211265066
"rs663734"	0.572562100262906	348	1.12577039229168
"rs663735"	0.572562100262906	348	1.12577039229168
"rs172883"	0.572565563854039	348	0.863265203070966
"rs561807"	0.572590525478722	348	0.894628013819559
"rs1318404"	0.572607085023345	348	0.863834493699323
"rs1618761"	0.572617362390676	348	1.17446404843202
"rs1618845"	0.572617362390676	348	1.17446404843202
"rs32156"	0.572617762702771	348	0.947102865142555
"rs2033638"	0.572622034998954	348	0.962822737117052
"rs1847375"	0.572634851132893	348	0.968095884143625
"rs1645354"	0.572666543275814	348	1.09375119046372
"rs1734804"	0.5726767908952	348	1.12813687277841
"rs969122"	0.572678628734187	348	1.55920628989582
"rs984767"	0.572681037191145	348	1.0776359641054
"rs125789"	0.572695538263914	348	0.908097845853304
"rs1145766"	0.572739950515495	348	1.24314347389792
"rs821778"	0.572757318782747	348	0.66533531164125
"rs304845"	0.572760698957972	348	1.12089671870185
"rs1661703"	0.572796640452638	348	1.09667992634016
"rs1068989"	0.572799769193981	348	1.09270336383133
"rs1581215"	0.572809482731446	348	0.882000074302688
"rs794477"	0.572810989348976	348	0.75616816919893
"rs1743341"	0.572813144793017	348	1.0941217071717
"rs302865"	0.572832819815721	348	1.06155373812107
"rs2145268"	0.572845862723522	348	0.900980721721312
"rs1364330"	0.572847216564326	348	1.06088541751988
"rs1618739"	0.572893418733082	348	0.906584900884463
"rs1618741"	0.572893418733082	348	0.906584900884463
"rs902487"	0.572921631376849	348	0.873791873031739
"rs329719"	0.572957718941414	348	0.891568246237655
"rs305452"	0.572958517220442	348	1.11584302409177
"rs1933497"	0.573007986571902	348	0.830273383224281
"rs719360"	0.573056802308457	348	1.09189200959587
"rs1333204"	0.573065869387336	348	1.21223641792512
"rs329555"	0.573161727831775	348	0.909678613125805
"rs831558"	0.573162894700815	348	0.809358710860191
"rs830405"	0.573215091891875	348	0.890763585514463
"rs1019347"	0.573237654438977	348	1.20910910532041
"rs269154"	0.573244827536585	348	0.875021618268811
"rs343918"	0.573265668674195	348	0.84227627296819
"rs1382222"	0.573279415799506	348	1.3180375277262
"rs366432"	0.573341171721408	348	0.812667512834762
"rs2181559"	0.573341171721408	348	0.812667512834762
"rs2183444"	0.573341171721408	348	0.812667512834762
"rs898383"	0.57335394603156	348	0.857246858546684
"rs2040516"	0.573360438871093	348	0.978495316953932
"rs1792637"	0.573367511297544	348	1.1100197767694
"rs1997112"	0.573380528057877	348	1.20375224339595
"rs1431917"	0.573399941284184	348	1.13173696018179
"rs1847278"	0.573417360844705	348	0.897469727163928
"rs1847279"	0.573417360844705	348	0.897469727163928
"rs1847280"	0.573417360844705	348	0.897469727163928
"rs1847285"	0.573417360844705	348	0.897469727163928
"rs1847286"	0.573417360844705	348	0.897469727163928
"rs1847287"	0.573417360844705	348	0.897469727163928
"rs307820"	0.573507231233124	348	0.89216317726833
"rs1809948"	0.573525835676613	348	1.15494395408544
"rs1809966"	0.573525835676613	348	1.15494395408544
"rs518193"	0.573549592534399	348	1.1015524627577
"rs1957240"	0.573567555075546	348	1.17670532839796
"rs197963"	0.573732578148736	348	0.675328924078739
"rs198091"	0.573732578148736	348	0.675328924078739
"rs324766"	0.573765070226997	348	0.741020306180363
"rs87428"	0.573798405514568	348	1.07477517324299
"rs1660495"	0.573853298542164	348	0.908285783390119
"rs2170947"	0.573884988411681	348	0.952811842910229
"rs1352070"	0.57395307417089	348	0.662592417099043
"rs1752790"	0.573957283715053	348	1.09051855887529
"rs509458"	0.573976636017963	348	1.13604670552662
"rs93867"	0.574069889410858	348	1.10465155563091
"rs132854"	0.574073890840131	348	0.662670913339511
"rs1924568"	0.574082201326292	348	0.888061689672231
"rs1999765"	0.57408297162525	348	1.20177303521771
"rs824283"	0.574100844030612	348	1.09965935807135
"rs761415"	0.574125385592807	348	1.0940156600349
"rs753583"	0.574127121499448	348	1.08546562422905
"rs1628606"	0.574130884160398	348	1.1172156910575
"rs897111"	0.574145888519084	348	1.03387894374952
"rs2176353"	0.574150024427092	348	1.06255363830814
"rs1293741"	0.574196844283515	348	0.924947691598271
"rs1598886"	0.574208672106564	348	0.879984342640737
"rs265982"	0.574226619697043	348	0.858394895933414
"rs2135329"	0.574261961323553	348	1.02804941242629
"rs1449981"	0.574264594190276	348	0.906315041498155
"rs1515800"	0.574279913464552	348	0.965688066042066
"rs1572236"	0.574287273103781	348	1.14032459929016
"rs1818133"	0.574291566252093	348	0.8371022220248
"rs1158626"	0.574294672221557	348	0.924099397432534
"rs130199"	0.574295599186809	348	1.05539375930797
"rs817587"	0.574328248221601	348	0.908929906333822
"rs817598"	0.574328248221601	348	0.908929906333822
"rs1397597"	0.574351212204422	348	0.880218508136151
"rs408913"	0.574392526724264	348	0.820104867158623
"rs408918"	0.574392526724264	348	0.820104867158623
"rs408936"	0.574392526724264	348	0.820104867158623
"rs408942"	0.574392526724264	348	0.820104867158623
"rs408951"	0.574392526724264	348	0.820104867158623
"rs408963"	0.574392526724264	348	0.820104867158623
"rs408984"	0.574392526724264	348	0.820104867158623
"rs534063"	0.574397362658079	348	1.09597031376355
"rs307141"	0.57439755606221	348	1.24438088764602
"rs69241"	0.574403011994678	348	0.810908165893794
"rs69907"	0.574403011994678	348	0.810908165893794
"rs222750"	0.574403011994678	348	0.810908165893794
"rs941952"	0.57446629055898	348	1.18356338955549
"rs941955"	0.57446629055898	348	1.18356338955549
"rs941967"	0.57446629055898	348	1.18356338955549
"rs941968"	0.57446629055898	348	1.18356338955549
"rs942003"	0.57446629055898	348	1.18356338955549
"rs888578"	0.574473437935602	348	0.85087801188972
"rs1944460"	0.574495753368593	348	0.8695711072022
"rs511842"	0.574500797670488	348	0.88622257346547
"rs610335"	0.574529133915561	348	1.14669883205703
"rs628521"	0.574553360607912	348	0.863806107537017
"rs159505"	0.574568047656507	348	0.885963210071426
"rs492122"	0.574579515801723	348	1.08562102290351
"rs1030796"	0.574588905477723	348	0.802070451351348
"rs1030823"	0.574588905477723	348	0.802070451351348
"rs1030826"	0.574588905477723	348	0.802070451351348
"rs1030838"	0.574588905477723	348	0.802070451351348
"rs1030893"	0.574588905477723	348	0.802070451351348
"rs1741698"	0.574591548945331	348	1.10177117388805
"rs2089693"	0.574595852592033	348	0.901196352505886
"rs81680"	0.574646328205223	348	1.0661591499749
"rs542244"	0.574649889001124	348	1.57184048304816
"rs1399675"	0.574664694735261	348	1.30341514023849
"rs610452"	0.574700332515314	348	1.15116611641026
"rs225519"	0.574719272612493	348	0.789139141405612
"rs227288"	0.574739115483699	348	1.17303927733103
"rs389268"	0.574811317723245	348	0.89417177341188
"rs951105"	0.574833381584041	348	0.9088509679259
"rs1018583"	0.574857306881875	348	1.23982361586804
"rs1961509"	0.574917927510494	348	0.942309253125528
"rs1997074"	0.574922443014047	348	1.07539058045736
"rs1896505"	0.574927826949856	348	0.859992013360496
"rs1753324"	0.574932220786347	348	1.08065569340451
"rs1654629"	0.574986684453496	348	1.11596920002885
"rs1654634"	0.574986684453496	348	1.11596920002885
"rs1654639"	0.574986684453496	348	1.11596920002885
"rs1654642"	0.574986684453496	348	1.11596920002885
"rs1169724"	0.574986921501595	348	0.838246443782866
"rs2086416"	0.575003154054931	348	0.889041192893715
"rs1022472"	0.575018621216786	348	1.29361788940329
"rs1892442"	0.575024515529573	348	0.895736766062283
"rs1744914"	0.575032960360118	348	0.839590829528456
"rs1744937"	0.575032960360118	348	0.839590829528456
"rs1983150"	0.575064400396078	348	1.11895693807479
"rs1844788"	0.575065068290902	348	1.11274332789642
"rs297965"	0.575067844899121	348	1.10400767723239
"rs1054052"	0.575069962327406	348	1.02518604178837
"rs1318053"	0.575090318309572	348	0.907772884724442
"rs1318054"	0.575090318309572	348	0.907772884724442
"rs62987"	0.575095672539196	348	1.10588478231223
"rs253949"	0.575123827372075	348	0.870744890709277
"rs164386"	0.575129750441465	348	0.911041314291009
"rs1327853"	0.575145708787148	348	1.11681856887086
"rs2170930"	0.575182048003669	348	0.942543849682936
"rs644433"	0.575186748453222	348	0.892559706416228
"rs644488"	0.575186748453222	348	0.892559706416228
"rs1116357"	0.575202818535726	348	1.13025196578005
"rs1205452"	0.575273182022753	348	1.09198587952243
"rs1782655"	0.575316166526818	348	0.909981291329045
"rs1782658"	0.575316166526818	348	0.909981291329045
"rs1782667"	0.575316166526818	348	0.909981291329045
"rs1806535"	0.575323697868492	348	0.862162846061497
"rs596962"	0.575352969354275	348	0.908227385332927
"rs1962236"	0.575357655409135	348	1.05492426847952
"rs1748179"	0.575390719704037	348	0.969357612030214
"rs1079833"	0.575395386928006	348	1.09685957121227
"rs1963147"	0.575415613191719	348	1.1218070222857
"rs1963173"	0.575415613191719	348	1.1218070222857
"rs1963177"	0.575415613191719	348	1.1218070222857
"rs1051700"	0.575444024165518	348	0.783555379140055
"rs1326409"	0.575478094233921	348	1.18281805403329
"rs1326472"	0.575478094233921	348	1.18281805403329
"rs1326119"	0.575478094233922	348	1.18281805403329
"rs1740555"	0.575532805711457	348	1.13237840553566
"rs1024718"	0.575542463046124	348	0.833689330443827
"rs1961504"	0.575591876659772	348	0.942342668940579
"rs943058"	0.575625883504685	348	1.21887080740347
"rs943082"	0.575625883504685	348	1.21887080740347
"rs943091"	0.575625883504685	348	1.21887080740347
"rs1324807"	0.575630715386406	348	1.11631747953913
"rs836909"	0.575641745259027	348	0.906082444403477
"rs613530"	0.575664261026169	348	0.833747561402333
"rs510260"	0.575764011396466	348	1.11798342860503
"rs2121444"	0.575861153647949	348	1.12820679072759
"rs1991576"	0.57587574176989	348	1.09455719137049
"rs1991601"	0.57587574176989	348	1.09455719137049
"rs2145930"	0.575877955825906	348	1.25462137846296
"rs2146185"	0.575877955825906	348	1.25462137846296
"rs2146332"	0.575877955825906	348	1.25462137846296
"rs2146896"	0.575877955825906	348	1.25462137846296
"rs2145657"	0.575902422591262	348	1.25982273165054
"rs1288706"	0.575904403351416	348	0.865902374791379
"rs1162767"	0.575971685109635	348	0.787346891383387
"rs697900"	0.57597168510964	348	0.787346891383387
"rs513317"	0.575973795010151	348	1.13836877505325
"rs1064618"	0.57601892286211	348	1.15569881697839
"rs1668938"	0.57605664314397	348	0.882236413221665
"rs96668"	0.576067537813097	348	1.09556079379439
"rs2008502"	0.576077773309175	348	1.13937082926988
"rs1114983"	0.576131547004243	348	1.32922186068804
"rs1559632"	0.576131547004243	348	1.32922186068804
"rs1569799"	0.576131547004243	348	1.32922186068804
"rs2053759"	0.576131547004243	348	1.32922186068804
"rs1639337"	0.576135142982989	348	0.882799066464639
"rs826116"	0.5761364966128	348	1.22239039050282
"rs1326025"	0.576144018252816	348	1.16060241796712
"rs1326029"	0.576144018252816	348	1.16060241796712
"rs1326032"	0.576144018252816	348	1.16060241796712
"rs1326033"	0.576144018252816	348	1.16060241796712
"rs1326036"	0.576144018252816	348	1.16060241796712
"rs1326044"	0.576144018252816	348	1.16060241796712
"rs1326056"	0.576144018252816	348	1.16060241796712
"rs1326062"	0.576144018252816	348	1.16060241796712
"rs1326065"	0.576144018252816	348	1.16060241796712
"rs1326067"	0.576144018252816	348	1.16060241796712
"rs1326068"	0.576144018252816	348	1.16060241796712
"rs1326071"	0.576144018252816	348	1.16060241796712
"rs1326083"	0.576144018252816	348	1.16060241796712
"rs1325989"	0.576144018252816	348	1.16060241796712
"rs1325993"	0.576144018252816	348	1.16060241796712
"rs1325995"	0.576144018252816	348	1.16060241796712
"rs1325999"	0.576144018252816	348	1.16060241796712
"rs1326002"	0.576144018252816	348	1.16060241796712
"rs1326004"	0.576144018252816	348	1.16060241796712
"rs1326005"	0.576144018252816	348	1.16060241796712
"rs1326011"	0.576144018252819	348	1.16060241796711
"rs1637391"	0.576149883472154	348	0.965351383210068
"rs1066707"	0.576195998238096	348	1.09278382240796
"rs1066727"	0.576195998238096	348	1.09278382240796
"rs911948"	0.576211159846851	348	1.11854916997252
"rs429902"	0.576230518199801	348	0.85657532358881
"rs432733"	0.576259855153891	348	1.28174956607698
"rs2063542"	0.576259855153892	348	1.28174956607698
"rs940940"	0.57628068178087	348	1.19150887877628
"rs939455"	0.576280681780879	348	1.19150887877628
"rs940855"	0.576280681780879	348	1.19150887877628
"rs941156"	0.576280681780879	348	1.19150887877628
"rs941185"	0.576280681780879	348	1.19150887877628
"rs941196"	0.576280681780879	348	1.19150887877628
"rs244621"	0.576295063953869	348	0.898397304469383
"rs2176662"	0.576317838983436	348	0.919372618720977
"rs353921"	0.576378037751414	348	0.891050804900236
"rs1934051"	0.576455790060977	348	1.10559978925001
"rs1919076"	0.57647515604285	348	0.886062032020898
"rs1207059"	0.576482293221362	348	0.935268644341368
"rs972960"	0.576493775249778	348	0.967711512731663
"rs2060873"	0.576519455395253	348	0.867472082293373
"rs753855"	0.576521693826771	348	1.14942987835946
"rs1064624"	0.576534172204044	348	1.14446664700704
"rs265152"	0.576567346516079	348	0.82087056755205
"rs1790280"	0.576601651727082	348	1.06698596056832
"rs248900"	0.576607633472781	348	1.12876053359048
"rs2091654"	0.576614206144019	348	1.11583714544715
"rs1100698"	0.576620427823717	348	1.20160416834844
"rs123316"	0.576625240264726	348	1.13171765686552
"rs420108"	0.576653338047154	348	0.878318966516011
"rs470799"	0.576674342225119	348	0.932695202767295
"rs1675979"	0.576675473162349	348	0.866958794976674
"rs1675980"	0.576675473162349	348	0.866958794976674
"rs1675992"	0.576675473162349	348	0.866958794976674
"rs1675998"	0.576675473162349	348	0.866958794976674
"rs1676001"	0.576675473162349	348	0.866958794976674
"rs1676003"	0.576675473162349	348	0.866958794976674
"rs1676007"	0.576675473162349	348	0.866958794976674
"rs1675776"	0.576675473162353	348	0.866958794976675
"rs1675827"	0.576675473162353	348	0.866958794976675
"rs1792092"	0.576736142278651	348	0.910233062564188
"rs769223"	0.576738232669981	348	1.12785945634746
"rs769238"	0.576738232669981	348	1.12785945634746
"rs133586"	0.57674015006847	348	1.08342269250587
"rs507802"	0.576749719441247	348	0.895119272260511
"rs265185"	0.576751618011717	348	0.917676999610631
"rs1330400"	0.576757219694091	348	0.895954586716676
"rs1330461"	0.576757219694091	348	0.895954586716676
"rs1330467"	0.576757219694091	348	0.895954586716676
"rs1330470"	0.576757219694091	348	0.895954586716676
"rs591813"	0.576769828771567	348	0.965614105728669
"rs1358364"	0.57681589610876	348	0.933838295724289
"rs224594"	0.576817059584181	348	0.873195340584522
"rs224642"	0.576817059584181	348	0.873195340584522
"rs1433984"	0.57685389576622	348	0.834937852338866
"rs1342615"	0.576876584233357	348	1.10333628561197
"rs879033"	0.5768851764584	348	1.27400961771729
"rs1715118"	0.576897050235358	348	1.09077677837554
"rs263943"	0.576903240788561	348	1.02346124219315
"rs377856"	0.576935155097795	348	0.871139572343281
"rs330162"	0.576992495789461	348	0.873683829604977
"rs1949525"	0.577058407453806	348	0.896411447401868
"rs2114938"	0.577108068048809	348	0.889663085153459
"rs2117898"	0.577179073333109	348	0.834365776374023
"rs2118052"	0.577179073333109	348	0.834365776374023
"rs1719404"	0.577180839938355	348	1.09310805775644
"rs530910"	0.577193293599934	348	1.10214408278209
"rs2087217"	0.577195288235203	348	1.07467197933516
"rs2134786"	0.57719823963719	348	1.08242174772104
"rs960044"	0.577204032857643	348	0.904525245988971
"rs299942"	0.57721177949417	348	0.844688067807488
"rs1766197"	0.577215648963203	348	1.12219509627712
"rs1766378"	0.577215648963203	348	1.12219509627712
"rs1735606"	0.57725705952664	348	1.10489719555176
"rs1805989"	0.577260488786358	348	1.20171854883337
"rs830948"	0.577265512144579	348	0.91539392081423
"rs842046"	0.577396557206316	348	0.909876053996573
"rs842052"	0.577396557206316	348	0.909876053996573
"rs547291"	0.577403239060126	348	1.11555759880194
"rs547366"	0.577403239060126	348	1.11555759880194
"rs547369"	0.577403239060126	348	1.11555759880194
"rs123912"	0.577421812374081	348	1.157904756685
"rs1464094"	0.577440774289828	348	0.898147606885101
"rs939456"	0.577516672969842	348	1.19090021556365
"rs939460"	0.577516672969842	348	1.19090021556365
"rs830786"	0.577527870674182	348	0.912752589165038
"rs1303342"	0.577579737730496	348	1.09052021673676
"rs1264217"	0.577590603566795	348	1.09340218661057
"rs1264221"	0.577590603566795	348	1.09340218661057
"rs347497"	0.577636752063812	348	1.60534925666598
"rs347498"	0.577636752063812	348	1.60534925666598
"rs347503"	0.577636752063812	348	1.60534925666598
"rs347547"	0.577636752063812	348	1.60534925666598
"rs324051"	0.57763675206463	348	238.646047106615
"rs324370"	0.57763675206463	348	238.646047106615
"rs324616"	0.57763675206463	348	238.646047106615
"rs1879415"	0.577636752064776	348	1.60534925666314
"rs921403"	0.577636752064779	348	1.60534925666313
"rs229123"	0.577636752064786	348	0.622917409311044
"rs1671022"	0.577636752064786	348	0.622917409311044
"rs1661971"	0.57763675206486	348	1.60534925666295
"rs1022"	0.577636752064863	348	1.60534925666294
"rs383104"	0.577636752064863	348	1.60534925666294
"rs383228"	0.577636752064863	348	1.60534925666294
"rs383230"	0.577636752064863	348	1.60534925666294
"rs383344"	0.577636752064863	348	1.60534925666294
"rs523824"	0.577636752064863	348	1.60534925666294
"rs530109"	0.577636752064863	348	1.60534925666294
"rs1083657"	0.577636752064863	348	1.60534925666294
"rs1330450"	0.577636752064863	348	1.60534925666294
"rs1331943"	0.577636752064863	348	1.60534925666294
"rs1332225"	0.577636752064863	348	1.60534925666294
"rs1335703"	0.577636752064863	348	1.60534925666294
"rs1475047"	0.577636752064863	348	1.60534925666294
"rs1476532"	0.577636752064863	348	1.60534925666294
"rs1595424"	0.577636752064863	348	1.60534925666294
"rs2061052"	0.577636752064863	348	1.60534925666294
"rs915559"	0.577636752066424	348	713.353989124648
"rs625562"	0.57763675206736	348	0.00142862316231414
"rs1964981"	0.577682332996837	348	0.93931515923051
"rs1065849"	0.577692966005046	348	1.09936191683591
"rs1791909"	0.57771553164794	348	1.12798091295039
"rs1024636"	0.577748685844867	348	0.803655486501005
"rs1024678"	0.577748685844867	348	0.803655486501005
"rs1024679"	0.577748685844867	348	0.803655486501005
"rs1024690"	0.577748685844867	348	0.803655486501005
"rs1024702"	0.577748685844867	348	0.803655486501005
"rs1024720"	0.577748685844867	348	0.803655486501005
"rs1024732"	0.577748685844867	348	0.803655486501005
"rs1024780"	0.577748685844867	348	0.803655486501005
"rs1024811"	0.577748685844867	348	0.803655486501005
"rs1024846"	0.577748685844867	348	0.803655486501005
"rs1024858"	0.577748685844867	348	0.803655486501005
"rs1024870"	0.577748685844867	348	0.803655486501005
"rs302263"	0.57775327235641	348	0.849406989553937
"rs1816143"	0.577774633222671	348	1.15753538804816
"rs835936"	0.577787088040693	348	1.12604795881885
"rs1679446"	0.57785438484821	348	1.11610887233204
"rs458262"	0.577860925866226	348	1.13309678861883
"rs797403"	0.577911066443551	348	1.22219746141895
"rs1875957"	0.577948984993868	348	1.09015434213754
"rs563358"	0.57795876505091	348	1.10017039649019
"rs1014037"	0.577968330685423	348	0.93047001484924
"rs1014040"	0.577968330685423	348	0.93047001484924
"rs2075958"	0.577978658337575	348	1.10657101410977
"rs1844360"	0.578005406721822	348	1.11344505936171
"rs262920"	0.578032441529705	348	0.922119802509229
"rs158670"	0.578060345187835	348	0.930281117281283
"rs1888749"	0.578087829259101	348	0.905437040413313
"rs1160187"	0.578104594101914	348	0.864954317774043
"rs1940345"	0.578202739307547	348	1.12549981564692
"rs1393664"	0.578212152225605	348	1.14553563980405
"rs1754582"	0.578217582034614	348	0.921475409860276
"rs547829"	0.578237325597447	348	0.905244995647523
"rs1049529"	0.578272604480473	348	1.22026840497843
"rs1049827"	0.578272604480473	348	1.22026840497843
"rs116560"	0.578287226054127	348	0.954200734740186
"rs1673143"	0.578288014713689	348	0.867134633133085
"rs1085992"	0.578312613087927	348	0.879857388316815
"rs638102"	0.578366592275399	348	0.912676088844171
"rs5739"	0.578373318498142	348	1.16427136448645
"rs5745"	0.578373318498142	348	1.16427136448645
"rs81520"	0.57840062126352	348	0.85931923059161
"rs495715"	0.578434957920031	348	1.0583514240729
"rs1982502"	0.578440021004274	348	0.883197168334829
"rs1982988"	0.578440021004274	348	0.883197168334829
"rs1983111"	0.578440021004274	348	0.883197168334829
"rs1699435"	0.578450482546149	348	1.10701868782958
"rs673228"	0.578460201752641	348	0.881129034151887
"rs1739573"	0.578476118839318	348	1.09613004838976
"rs466500"	0.57847924321383	348	0.907338176276795
"rs186700"	0.578499722408986	348	1.14560278021059
"rs414281"	0.57859397112699	348	0.926857745117541
"rs1888567"	0.578601474670514	348	0.926901792690008
"rs980353"	0.578621083511308	348	1.09615503566227
"rs100390"	0.578624111178983	348	1.10067361822592
"rs623646"	0.578670386650206	348	1.19197719596265
"rs1857494"	0.578682272973778	348	1.08312581608473
"rs473929"	0.578750035592579	348	1.29096190835041
"rs905510"	0.578786735368802	348	0.83902430909239
"rs1714946"	0.57879427383511	348	1.09117476094587
"rs158649"	0.57882429734181	348	1.108354249471
"rs147675"	0.578906667231585	348	1.07856818317658
"rs374182"	0.578918059596444	348	0.692152256601411
"rs1766193"	0.578989107924062	348	1.12107243466094
"rs1753958"	0.578991604780457	348	1.11363447551365
"rs1754149"	0.578991604780457	348	1.11363447551365
"rs2055076"	0.578994443626426	348	1.56960247910232
"rs2118241"	0.57900829140776	348	1.11531505012011
"rs1972324"	0.57904686783327	348	0.973998348382838
"rs652877"	0.579071954570073	348	1.22797113707229
"rs653018"	0.579071954570073	348	1.22797113707229
"rs1357262"	0.579142277854116	348	0.863180788958678
"rs1420831"	0.579144896724709	348	1.09682227107746
"rs838322"	0.579155124923083	348	0.906264608808393
"rs556719"	0.579181147691716	348	0.946364682067951
"rs1171952"	0.579200007501177	348	0.940026361027599
"rs364834"	0.579200776706843	348	0.912755330034282
"rs364846"	0.579200776706843	348	0.912755330034282
"rs1478944"	0.579212309731689	348	1.0884708201933
"rs304540"	0.579278329320887	348	1.13910784438222
"rs1110262"	0.57927985510059	348	1.08653634810431
"rs326745"	0.579289782613132	348	0.883266158447167
"rs1763598"	0.579306460808887	348	1.16223797853043
"rs1742298"	0.579324556346609	348	1.11984259313499
"rs1077315"	0.57933637776783	348	0.830240587895361
"rs1077885"	0.57933637776783	348	0.830240587895361
"rs1569055"	0.579338539288929	348	1.11184343288423
"rs1117059"	0.579340879065443	348	0.897830754603593
"rs1117061"	0.579340879065443	348	0.897830754603593
"rs1117071"	0.579340879065443	348	0.897830754603593
"rs1117098"	0.579340879065443	348	0.897830754603593
"rs1117155"	0.579340879065443	348	0.897830754603593
"rs1117157"	0.579340879065443	348	0.897830754603593
"rs1117167"	0.579340879065443	348	0.897830754603593
"rs1117178"	0.579340879065443	348	0.897830754603593
"rs1117215"	0.579340879065443	348	0.897830754603593
"rs1117169"	0.579340879065477	348	0.310905309847724
"rs886441"	0.579365589839526	348	1.11033342549136
"rs526095"	0.579389051254874	348	1.22163797999128
"rs411347"	0.579395860231964	348	1.03954574107256
"rs1017566"	0.579438282986761	348	1.13349943245476
"rs2033653"	0.579494225302911	348	0.919334960577298
"rs342583"	0.57950415129228	348	0.837760789100503
"rs342796"	0.57950415129228	348	0.837760789100503
"rs1108250"	0.579505634722515	348	1.11265649994292
"rs1748402"	0.579574349954626	348	0.872354723371222
"rs858774"	0.57964277918686	348	1.08388436976057
"rs656416"	0.57967580577428	348	0.800760179160351
"rs1338770"	0.579676710780466	348	1.11541192027976
"rs972230"	0.579700054154044	348	0.973070091093623
"rs1291324"	0.57973347045621	348	1.17195809528471
"rs1546315"	0.579786033222809	348	0.908063149465265
"rs1546327"	0.579786033222809	348	0.908063149465265
"rs1546330"	0.579786033222809	348	0.908063149465265
"rs1546339"	0.579786033222809	348	0.908063149465265
"rs1546345"	0.579786033222809	348	0.908063149465265
"rs343724"	0.579813778506784	348	0.837893433235394
"rs924669"	0.579864986160591	348	0.722239693892618
"rs1561736"	0.579881192466661	348	0.962201228689369
"rs278342"	0.579931818322959	348	0.931244621872691
"rs653111"	0.579960938408168	348	1.2586857653787
"rs1654004"	0.57996663888619	348	1.13629011231813
"rs1654010"	0.57996663888619	348	1.13629011231813
"rs1654041"	0.57996663888619	348	1.13629011231813
"rs1654042"	0.57996663888619	348	1.13629011231813
"rs1919390"	0.579988716063691	348	0.776669921685023
"rs617080"	0.579988716063695	348	0.776669921685024
"rs618124"	0.579988716063695	348	0.776669921685024
"rs565153"	0.580044311943646	348	0.928299844169593
"rs802963"	0.580076873211419	348	0.910465618386531
"rs867771"	0.580088798122233	348	1.13105519024674
"rs1615823"	0.580164972573991	348	1.03326274126674
"rs1647563"	0.580179481111342	348	1.11856703906596
"rs1647573"	0.580179481111342	348	1.11856703906596
"rs2028175"	0.580184299295019	348	0.836549699984789
"rs2028176"	0.580184299295019	348	0.836549699984789
"rs2028177"	0.580184299295019	348	0.836549699984789
"rs2028178"	0.580184299295019	348	0.836549699984789
"rs1793885"	0.580199723746886	348	1.10863753448191
"rs1793913"	0.580199723746886	348	1.10863753448191
"rs1793927"	0.580199723746886	348	1.10863753448191
"rs1793960"	0.580199723746886	348	1.10863753448191
"rs1794053"	0.580199723746886	348	1.10863753448191
"rs1794717"	0.580199723746886	348	1.10863753448191
"rs1795270"	0.580199723746886	348	1.10863753448191
"rs1795558"	0.580199723746886	348	1.10863753448191
"rs238614"	0.580200948811775	348	0.917664683993225
"rs389932"	0.580206161332365	348	1.05335254312501
"rs643344"	0.58024366260803	348	1.12822084406671
"rs150811"	0.580293088600824	348	1.08150546845584
"rs150814"	0.580293088600824	348	1.08150546845584
"rs1315447"	0.580299235279693	348	0.882862665578157
"rs823630"	0.580306641857775	348	0.907647041879967
"rs1157320"	0.580309882044586	348	0.896511822803619
"rs1978407"	0.580318475540001	348	0.908938780544628
"rs338817"	0.58032225174389	348	0.816855208279398
"rs1536652"	0.580332249309385	348	1.09793515006122
"rs265650"	0.580381054190235	348	0.926584151556048
"rs483954"	0.580381099822682	348	0.844717024033464
"rs391657"	0.580429502501005	348	0.887193141471836
"rs621903"	0.580454213461834	348	1.11275640226425
"rs1104548"	0.580470821180505	348	0.76870278728239
"rs2099166"	0.580512641407194	348	0.898415290608097
"rs609492"	0.580519890191534	348	0.82050713056975
"rs145768"	0.580556703116262	348	0.946883897066363
"rs734075"	0.580566688537588	348	0.836135528732302
"rs1987601"	0.580571918776797	348	0.914020707445676
"rs895014"	0.580581905609074	348	0.850538896477689
"rs1857838"	0.580597825326929	348	1.21004549308915
"rs290082"	0.580604416572028	348	1.56033471087495
"rs1964267"	0.580631562166253	348	0.870730388759253
"rs1438054"	0.580638639694575	348	1.14482259443608
"rs1039307"	0.580713610123528	348	0.905808040642802
"rs338940"	0.580789199880614	348	0.878737203582705
"rs939295"	0.580791651112	348	0.860110314176422
"rs939302"	0.580791651112	348	0.860110314176422
"rs120802"	0.580808186355537	348	0.964544475619113
"rs723424"	0.580810683932751	348	0.85166553177686
"rs92195"	0.580819154979458	348	0.877024110150025
"rs1462836"	0.580819949885467	348	1.11890581591417
"rs1777590"	0.580839220806849	348	1.06538143259507
"rs2213573"	0.580855200200656	348	0.672792087028444
"rs227181"	0.580856652618929	348	1.20638017260017
"rs227182"	0.580856652618929	348	1.20638017260017
"rs751426"	0.580872864747494	348	1.10999219356459
"rs1833683"	0.580914585289668	348	0.871907910331417
"rs295064"	0.58092087390001	348	1.06411314097402
"rs2146062"	0.58092277738783	348	1.25018759935441
"rs1844411"	0.580939239684115	348	1.11115716316102
"rs751410"	0.580949003848901	348	0.904183602759784
"rs1403645"	0.580974431309983	348	1.11057192254645
"rs542816"	0.581010067166516	348	0.920408334640005
"rs1107453"	0.581015717533574	348	1.24225576344181
"rs951663"	0.581050081365956	348	0.880212660039202
"rs220810"	0.581051748182972	348	1.12209566702447
"rs532871"	0.581057590198708	348	0.909581685918308
"rs431417"	0.581081920948051	348	0.784187450938238
"rs1662088"	0.581081920948051	348	0.784187450938238
"rs2168305"	0.581099916333159	348	0.931558397349348
"rs1160816"	0.58110787610345	348	0.902869801423147
"rs710489"	0.581225545432301	348	0.888404289692339
"rs1907726"	0.58123259237459	348	0.97223957515428
"rs428025"	0.581253629649441	348	0.675815172481844
"rs307270"	0.581282555239682	348	1.17337291460574
"rs307286"	0.581282555239682	348	1.17337291460574
"rs307318"	0.581282555239682	348	1.17337291460574
"rs307320"	0.581282555239682	348	1.17337291460574
"rs307385"	0.581282555239682	348	1.17337291460574
"rs307461"	0.581282555239682	348	1.17337291460574
"rs307462"	0.581282555239682	348	1.17337291460574
"rs307471"	0.581282555239682	348	1.17337291460574
"rs307473"	0.581282555239682	348	1.17337291460574
"rs307646"	0.581282555239682	348	1.17337291460574
"rs307685"	0.581282555239682	348	1.17337291460574
"rs307835"	0.581282555239682	348	1.17337291460574
"rs307881"	0.581282555239682	348	1.17337291460574
"rs307886"	0.581282555239682	348	1.17337291460574
"rs307952"	0.581282555239682	348	1.17337291460574
"rs307955"	0.581282555239682	348	1.17337291460574
"rs307959"	0.581282555239682	348	1.17337291460574
"rs307961"	0.581282555239682	348	1.17337291460574
"rs307962"	0.581282555239682	348	1.17337291460574
"rs307970"	0.581282555239682	348	1.17337291460574
"rs308000"	0.581282555239682	348	1.17337291460574
"rs459638"	0.581293849713782	348	0.915364660713829
"rs408364"	0.581296095443632	348	1.17677667116828
"rs1653432"	0.581298090216562	348	0.90785809847989
"rs523588"	0.581305146028323	348	0.913285142437797
"rs519583"	0.581369144036184	348	0.909532773870143
"rs1117584"	0.581394574811483	348	1.10725254907464
"rs1117590"	0.581394574811483	348	1.10725254907464
"rs1117594"	0.581394574811483	348	1.10725254907464
"rs353919"	0.581402965451238	348	0.673191241818913
"rs556139"	0.581441184333316	348	0.884174574620243
"rs556143"	0.581441184333316	348	0.884174574620243
"rs132356"	0.581483518839575	348	0.679033809661069
"rs1774554"	0.581494576425913	348	1.10116063364294
"rs1774556"	0.581494576425913	348	1.10116063364294
"rs1942335"	0.581496971661643	348	1.13224062947795
"rs1942356"	0.581496971661643	348	1.13224062947795
"rs405212"	0.581595095626748	348	0.772039311158073
"rs722903"	0.581683664046629	348	0.901391566603124
"rs101329"	0.581708537257851	348	0.917193698056376
"rs1534695"	0.581767291715977	348	1.16088497742942
"rs1822112"	0.581798916710382	348	1.18360341643155
"rs1822127"	0.581798916710382	348	1.18360341643155
"rs1822139"	0.581798916710382	348	1.18360341643155
"rs913119"	0.581814178845999	348	1.16338034465326
"rs302859"	0.58181500339956	348	1.0600965424311
"rs2094181"	0.58181604771359	348	0.958075134587309
"rs1858336"	0.581835840314879	348	0.670223775182179
"rs1859240"	0.581835840314879	348	0.670223775182179
"rs360195"	0.581839407608076	348	1.14109029347491
"rs301725"	0.581845940835893	348	1.15591971550193
"rs2171140"	0.581881749733383	348	1.05580572691174
"rs1744087"	0.581941625773773	348	0.91715391605186
"rs1744090"	0.581941625773773	348	0.91715391605186
"rs1744095"	0.581941625773773	348	0.91715391605186
"rs1744096"	0.581941625773773	348	0.91715391605186
"rs1744101"	0.581941625773773	348	0.91715391605186
"rs1744103"	0.581941625773773	348	0.91715391605186
"rs1534788"	0.581947688198875	348	0.69536887549834
"rs1944191"	0.581958676066705	348	1.10677096837055
"rs1136762"	0.58203412774857	348	0.755246408329271
"rs2122722"	0.582065349172695	348	0.732848890906888
"rs434324"	0.582076087156321	348	1.14697495995786
"rs1065720"	0.582076647588629	348	0.86825978042256
"rs2116155"	0.582139621112023	348	0.927290970723254
"rs624464"	0.582159675840672	348	1.21453342773672
"rs507300"	0.582166636676423	348	1.09630070297208
"rs507348"	0.58216663667643	348	1.09630070297208
"rs507351"	0.58216663667643	348	1.09630070297208
"rs507354"	0.58216663667643	348	1.09630070297208
"rs1763288"	0.582183489086242	348	0.861073665726535
"rs1763420"	0.582183489086242	348	0.861073665726535
"rs1691002"	0.582185552030753	348	0.916576283434476
"rs93560"	0.582196753551506	348	0.903284387582948
"rs419507"	0.582198978568462	348	1.11294893700807
"rs552499"	0.582200631749564	348	1.09983022498916
"rs1317332"	0.582209658964016	348	0.901928068148715
"rs1317343"	0.582209658964016	348	0.901928068148715
"rs427686"	0.582215747210412	348	0.910506583623962
"rs50614"	0.582277783174772	348	1.17212163231706
"rs51599"	0.582277783174772	348	1.17212163231706
"rs113492"	0.582281393011679	348	1.05519384160716
"rs217187"	0.582310567728825	348	1.09295869036219
"rs217101"	0.582310567728826	348	1.09295869036219
"rs217102"	0.582310567728826	348	1.09295869036219
"rs1395362"	0.582328980215739	348	0.851076210450855
"rs1791892"	0.582428205466676	348	1.12681648595606
"rs59628"	0.58244420594357	348	0.814583395446111
"rs1707460"	0.582452471866634	348	0.899726880575779
"rs1010080"	0.582503241049989	348	1.35696063317352
"rs1610693"	0.582536671229412	348	0.881868083385303
"rs129131"	0.582537109776046	348	1.08144881640237
"rs129134"	0.582537109776046	348	1.08144881640237
"rs129137"	0.582537109776046	348	1.08144881640237
"rs1550128"	0.582541704872946	348	0.882364695597526
"rs682253"	0.582544866622733	348	1.13221383262471
"rs1767645"	0.582546013875695	348	1.1281035454397
"rs1769022"	0.582546013875695	348	1.1281035454397
"rs2217812"	0.582552707801818	348	1.22762915712571
"rs497278"	0.582563562804713	348	0.869573792446566
"rs463072"	0.58258026006614	348	0.907369657154687
"rs1515710"	0.582610814167844	348	1.04483203265915
"rs1963898"	0.582650698287824	348	0.878063375916751
"rs2100171"	0.5826979403139	348	0.925252897930282
"rs549489"	0.582714223158928	348	1.11077555400386
"rs329614"	0.582750723760741	348	0.891352006038765
"rs306751"	0.582771721380512	348	0.893198710099442
"rs1169495"	0.582838442154349	348	0.893100829910835
"rs1894671"	0.582839413902032	348	0.861858064831629
"rs2097602"	0.582846322462692	348	1.09053916941054
"rs815881"	0.582847497953539	348	1.11128571815468
"rs306996"	0.582884544589004	348	0.893237698544483
"rs484957"	0.582907655283434	348	0.867441099947874
"rs1699953"	0.582910708597404	348	0.918747622141305
"rs9379"	0.582959433777827	348	1.15832885978561
"rs1470549"	0.582963492706193	348	0.885460698250306
"rs1778829"	0.582971811916642	348	1.10407392829845
"rs1301610"	0.583055621349269	348	0.920798205723363
"rs994283"	0.583095826759855	348	1.15120835560518
"rs128171"	0.583112128917281	348	1.10017051172378
"rs465317"	0.583182846605779	348	1.09385907095458
"rs1817245"	0.583216792177921	348	0.899016716607757
"rs429408"	0.583221052845851	348	0.885606381648255
"rs304128"	0.583239112663178	348	1.16749100982343
"rs1805604"	0.583266887158339	348	0.914054284749131
"rs270394"	0.583295299024519	348	1.16281989323778
"rs1068339"	0.583295498132606	348	0.696110071134018
"rs1561517"	0.583295853841312	348	1.03452016430586
"rs294554"	0.583298785696358	348	1.065901863139
"rs61465"	0.583303024071744	348	1.1053042753763
"rs575246"	0.583325249996162	348	0.916305202312517
"rs575252"	0.583325249996162	348	0.916305202312517
"rs575253"	0.583325249996162	348	0.916305202312517
"rs575261"	0.583325249996162	348	0.916305202312517
"rs575264"	0.583325249996162	348	0.916305202312517
"rs575265"	0.583325249996162	348	0.916305202312517
"rs307309"	0.583334989780017	348	0.893393669741825
"rs307316"	0.583334989780017	348	0.893393669741825
"rs307521"	0.583334989780017	348	0.893393669741825
"rs307553"	0.583334989780017	348	0.893393669741825
"rs307559"	0.583334989780017	348	0.893393669741825
"rs307754"	0.583334989780017	348	0.893393669741825
"rs307849"	0.583334989780017	348	0.893393669741825
"rs308358"	0.583334989780017	348	0.893393669741825
"rs506008"	0.583339325658261	348	0.778764830068957
"rs1560831"	0.583358850654838	348	0.82899247963698
"rs212624"	0.583359513582296	348	0.859266516139655
"rs264289"	0.583381194829172	348	1.08264459755787
"rs264293"	0.583381194829172	348	1.08264459755787
"rs264296"	0.583381194829172	348	1.08264459755787
"rs264298"	0.583381194829172	348	1.08264459755787
"rs636382"	0.583404551047115	348	0.696997344545164
"rs1345033"	0.583480730893661	348	0.759579522780641
"rs1585368"	0.583480730893661	348	0.759579522780641
"rs1414434"	0.583480730893664	348	0.759579522780643
"rs1676951"	0.583480730893665	348	0.759579522780643
"rs1122570"	0.583503960584223	348	0.903562032569577
"rs43139"	0.583536057574928	348	0.872908131048244
"rs616931"	0.583555634187479	348	0.857928321600747
"rs307573"	0.583565900997105	348	0.893473419249789
"rs1964249"	0.583577443172412	348	0.900623446406042
"rs182533"	0.583584067769396	348	1.20428185198717
"rs182690"	0.583584067769396	348	1.20428185198717
"rs182738"	0.583584067769396	348	1.20428185198717
"rs622317"	0.583605643708914	348	1.54181757356434
"rs488526"	0.583624290198748	348	1.25329166601573
"rs826689"	0.583695723641161	348	0.911492699680412
"rs826692"	0.583695723641161	348	0.911492699680412
"rs826695"	0.583695723641161	348	0.911492699680412
"rs826698"	0.583695723641161	348	0.911492699680412
"rs959930"	0.583700658121834	348	0.813559418324471
"rs960441"	0.583700658121839	348	0.813559418324474
"rs1162677"	0.583746732671745	348	0.907319521531129
"rs1162723"	0.583746732671745	348	0.907319521531129
"rs1162725"	0.583746732671745	348	0.907319521531129
"rs1162728"	0.583746732671745	348	0.907319521531129
"rs1162740"	0.583746732671745	348	0.907319521531129
"rs1162776"	0.583746732671745	348	0.907319521531129
"rs1162779"	0.583746732671745	348	0.907319521531129
"rs643549"	0.583767078328162	348	1.1306404754343
"rs497667"	0.583770688765822	348	1.11382269066009
"rs10616"	0.58382876773349	348	1.11247589412703
"rs1381294"	0.583834044318875	348	1.34005450767058
"rs856236"	0.58384923789637	348	1.0894695016541
"rs1094263"	0.58387155068662	348	1.1433699343024
"rs1822316"	0.583981559175961	348	0.841615141397208
"rs101502"	0.58398623609945	348	0.835456913474981
"rs590402"	0.584052932694977	348	1.14972688002396
"rs970169"	0.584064747653431	348	0.882822713526184
"rs649101"	0.584114003963477	348	1.083102637779
"rs1894191"	0.584123806136585	348	1.13917145167956
"rs692267"	0.584124737386457	348	0.853618645319282
"rs1562948"	0.584127724692451	348	1.21568580947346
"rs1563445"	0.584127724692454	348	1.21568580947345
"rs1563478"	0.584127724692454	348	1.21568580947345
"rs1563479"	0.584127724692454	348	1.21568580947345
"rs1563508"	0.584127724692454	348	1.21568580947345
"rs1563520"	0.584127724692454	348	1.21568580947345
"rs1563527"	0.584127724692454	348	1.21568580947345
"rs1563535"	0.584127724692454	348	1.21568580947345
"rs1562946"	0.584127724692461	348	1.21568580947345
"rs1562952"	0.584127724692461	348	1.21568580947345
"rs256215"	0.584145620472471	348	1.09486170566908
"rs1714824"	0.584198087982188	348	1.13107244424696
"rs1714827"	0.584198087982188	348	1.13107244424696
"rs1714830"	0.584198087982188	348	1.13107244424696
"rs201871"	0.584224880080448	348	1.18206885611914
"rs133540"	0.584271801102263	348	0.671216424248462
"rs912122"	0.584308939231008	348	0.832345388502079
"rs2160052"	0.584310059196552	348	0.926724940819765
"rs307616"	0.584311295467735	348	1.171778404028
"rs307674"	0.584311295467735	348	1.171778404028
"rs307866"	0.584311295467735	348	1.171778404028
"rs2043397"	0.584324702972313	348	1.17291103320346
"rs2043557"	0.584324702972313	348	1.17291103320346
"rs1117701"	0.584334654473154	348	0.936612534783174
"rs1117704"	0.584334654473154	348	0.936612534783174
"rs831746"	0.584337902947246	348	0.813008491809142
"rs351264"	0.584363346519319	348	1.0888146211091
"rs850121"	0.584483152274944	348	1.0918333880367
"rs1024812"	0.584542537951342	348	0.806660794445495
"rs2130603"	0.584543322982491	348	1.15979168911489
"rs1815373"	0.584545654969562	348	0.840179697424266
"rs568528"	0.584627029089768	348	0.695608478469966
"rs260528"	0.584677756282521	348	1.13144000809862
"rs1562447"	0.584722647143655	348	1.16974750209446
"rs147432"	0.584723989907199	348	1.07444032905654
"rs147453"	0.584723989907199	348	1.07444032905654
"rs147478"	0.584723989907199	348	1.07444032905654
"rs147481"	0.584723989907199	348	1.07444032905654
"rs147507"	0.584723989907199	348	1.07444032905654
"rs61786"	0.584737914887427	348	1.1404582695371
"rs61765"	0.584737914887429	348	1.1404582695371
"rs2021709"	0.584740950013314	348	0.887854742598853
"rs649061"	0.584789778562689	348	0.96271960470236
"rs823711"	0.584797571868833	348	0.902596725830505
"rs2060591"	0.584833836053766	348	0.896829379543466
"rs237858"	0.58483761772401	348	1.23599500053831
"rs811048"	0.584897703465864	348	0.890788981496489
"rs811049"	0.584897703465864	348	0.890788981496489
"rs915134"	0.584899488011335	348	1.08188445512016
"rs143427"	0.58490647477459	348	0.921382103611221
"rs1576175"	0.584914355160749	348	1.12546950320664
"rs1117237"	0.584924937368056	348	0.78994345526067
"rs82259"	0.584953195344313	348	0.890065581305785
"rs509206"	0.584954687653944	348	1.0969152038221
"rs552661"	0.584959652257424	348	0.898909723051634
"rs1774080"	0.584966978171131	348	1.08973037206729
"rs858926"	0.584979609119798	348	0.929817222451386
"rs1704620"	0.585051163376887	348	1.10921939085588
"rs2058071"	0.585094527312029	348	0.877434415708026
"rs591858"	0.585109725113817	348	1.13455814522415
"rs959310"	0.585133810016719	348	0.884521019379411
"rs959403"	0.585133810016719	348	0.884521019379411
"rs959407"	0.585133810016725	348	0.884521019379412
"rs1531672"	0.5851447164524	348	1.1339902577709
"rs577917"	0.585149690989659	348	0.857737777823049
"rs1117368"	0.585182862611937	348	0.877373296538614
"rs1117380"	0.585182862611937	348	0.877373296538614
"rs650820"	0.585218273287889	348	1.13340389029992
"rs356934"	0.585334017212002	348	0.886593113860258
"rs1293672"	0.585344326957626	348	1.09493953296252
"rs1675587"	0.585353575724875	348	0.834324502887434
"rs783309"	0.585374137476698	348	0.931649253774421
"rs1038934"	0.585427377676329	348	0.899376119437582
"rs1651672"	0.585432322474291	348	0.878347107153994
"rs1963122"	0.585459595926182	348	1.12168760535891
"rs1941703"	0.585535015127246	348	0.87289811789177
"rs416966"	0.585546344813141	348	1.11745002053311
"rs390121"	0.585547268379184	348	0.866862508294525
"rs361169"	0.585572226240132	348	1.11321788161638
"rs1748361"	0.585607844302171	348	0.869273881104912
"rs319324"	0.585633667803926	348	1.16956823388155
"rs1117806"	0.585662611335142	348	1.13994374372339
"rs566805"	0.585745950345748	348	0.912952067131823
"rs160967"	0.585754300427941	348	0.92034691235716
"rs146327"	0.58579602197041	348	1.04514898639866
"rs501615"	0.585804588905025	348	1.12338553928456
"rs1820673"	0.585812535456538	348	0.856530831667654
"rs187933"	0.585842023334792	348	1.54994933740233
"rs96192"	0.585854915724067	348	0.890013091822281
"rs449784"	0.58586643250974	348	1.18930558067204
"rs1293981"	0.585880838903592	348	0.928037265757502
"rs1293990"	0.585880838903592	348	0.928037265757502
"rs1293993"	0.585880838903592	348	0.928037265757502
"rs650187"	0.585912685786212	348	0.872394825599274
"rs42972"	0.585941786153368	348	0.925882808876407
"rs42974"	0.585941786153368	348	0.925882808876407
"rs42975"	0.585941786153368	348	0.925882808876407
"rs809055"	0.585982851610239	348	0.902032649889206
"rs2179010"	0.585997980523317	348	1.08681053938779
"rs1206625"	0.586000122130249	348	0.930743240384685
"rs939156"	0.5860161482885	348	1.15544160398956
"rs833386"	0.586019410757801	348	1.10295502254625
"rs306706"	0.586023467503667	348	1.24010429855348
"rs306915"	0.586023467503667	348	1.24010429855348
"rs836369"	0.586070106469431	348	1.11915749766021
"rs1658919"	0.586083904416918	348	0.881312050848133
"rs1735620"	0.586086184660883	348	1.0947260453704
"rs1735627"	0.586086184660883	348	1.0947260453704
"rs1735628"	0.586086184660883	348	1.0947260453704
"rs381805"	0.586105681512696	348	0.816761068019026
"rs472114"	0.586112370665565	348	0.975491827210167
"rs164285"	0.586187834074229	348	0.896892488088026
"rs230287"	0.586205281742973	348	1.19808569939158
"rs230292"	0.586205281742973	348	1.19808569939158
"rs1411156"	0.586270427674147	348	1.12237486596568
"rs2133238"	0.58629486923607	348	1.0893724618702
"rs1931596"	0.586307276218731	348	0.865847211949651
"rs786021"	0.586318098441307	348	1.10994983955435
"rs2164924"	0.586325305285357	348	1.07204205091111
"rs858833"	0.586328495844161	348	0.831493183065068
"rs350521"	0.586343010044733	348	0.914075504607556
"rs342359"	0.586380868079403	348	0.84154047978551
"rs859143"	0.586416034999064	348	1.08134627928389
"rs1634120"	0.586424729042324	348	0.927910229177861
"rs1560972"	0.586425161492604	348	0.859031223808895
"rs2070267"	0.586437190949162	348	0.743883736810599
"rs160004"	0.586469431036639	348	0.917286373922444
"rs2123374"	0.586497918773984	348	0.920199504173101
"rs510446"	0.586499862860318	348	0.948819318945602
"rs510448"	0.586499862860318	348	0.948819318945602
"rs510449"	0.586499862860318	348	0.948819318945602
"rs893451"	0.586599349116728	348	0.840318284771442
"rs2059187"	0.586619156109571	348	0.855177181163448
"rs2059188"	0.586619156109571	348	0.855177181163448
"rs306947"	0.586647358732457	348	1.17055347346938
"rs306976"	0.586647358732457	348	1.17055347346938
"rs1716801"	0.586737827303198	348	1.09005611949752
"rs2091153"	0.586737947773793	348	0.916029893280681
"rs1964354"	0.586774940408994	348	1.24267745919867
"rs1702656"	0.586776374314882	348	1.12154661831413
"rs424511"	0.58684306072749	348	1.06831503938992
"rs424515"	0.58684306072749	348	1.06831503938992
"rs424516"	0.58684306072749	348	1.06831503938992
"rs1840143"	0.58688893299433	348	1.20045889285742
"rs704423"	0.586915368104567	348	0.895592627611847
"rs704355"	0.586915368104576	348	0.895592627611849
"rs1798963"	0.586924547449401	348	1.12311436899704
"rs1700262"	0.586925316550242	348	1.12148853460774
"rs369477"	0.586940868586029	348	1.10708405183785
"rs170950"	0.586965501114167	348	0.915209250731308
"rs1950889"	0.586968165602168	348	1.04447275978471
"rs1742007"	0.586984588842071	348	0.906804429275675
"rs491618"	0.587009890862608	348	0.840858520155627
"rs416187"	0.587019502819458	348	1.10423656658358
"rs391781"	0.587040959617681	348	0.844193154128475
"rs1861558"	0.58706159613163	348	1.11493403848413
"rs1455787"	0.587072959910531	348	1.54624465087363
"rs1205393"	0.587076628542523	348	0.926979632983035
"rs1701028"	0.587079388936839	348	1.12142928720918
"rs1701148"	0.587079388936839	348	1.12142928720918
"rs1701157"	0.587079388936839	348	1.12142928720918
"rs838130"	0.587100144907322	348	1.15491121152302
"rs113159"	0.587102265660988	348	0.897067104507464
"rs722948"	0.587104518912967	348	1.07569456299916
"rs443540"	0.587109949366308	348	1.16066253773975
"rs443921"	0.587109949366308	348	1.16066253773975
"rs872314"	0.587125673830048	348	0.910894136493793
"rs869121"	0.587138666412715	348	0.924720122133519
"rs869124"	0.587138666412715	348	0.924720122133519
"rs869136"	0.587138666412715	348	0.924720122133519
"rs1343397"	0.587187308270203	348	1.11827856955208
"rs1483904"	0.587189334873644	348	1.0971955722164
"rs897073"	0.587234739760725	348	1.03165120451328
"rs654882"	0.587248783761	348	1.2794040067757
"rs305651"	0.587261325636298	348	0.899522481956305
"rs640792"	0.587265466206529	348	1.13731084632004
"rs1478962"	0.587271594746906	348	1.09170219140989
"rs1478971"	0.587271594746906	348	1.09170219140989
"rs1191253"	0.587280087727791	348	0.923021471594796
"rs1894464"	0.587294828537228	348	0.863375000439649
"rs1894641"	0.587294828537228	348	0.863375000439649
"rs1943551"	0.58730452321436	348	1.27539741584349
"rs1943662"	0.58730452321436	348	1.27539741584349
"rs1808824"	0.587304770131226	348	1.12017881746109
"rs1055645"	0.587304879155008	348	0.92850521124921
"rs466165"	0.587346855219697	348	1.07216040476428
"rs132738"	0.587383981712905	348	0.672838171715157
"rs132917"	0.587383981712905	348	0.672838171715157
"rs132988"	0.587383981712905	348	0.672838171715157
"rs272217"	0.587426254985424	348	1.11701376963286
"rs87635"	0.587430018710982	348	1.09720809833245
"rs1084132"	0.587454997808315	348	1.09703042912881
"rs1965346"	0.587462729404855	348	0.651148244691788
"rs652403"	0.587463683564214	348	1.24460510615602
"rs543375"	0.587487479330017	348	0.897902350827576
"rs2146325"	0.587488100102164	348	1.24528389552338
"rs1814325"	0.587489078737762	348	1.12913892311832
"rs210091"	0.587500477647578	348	0.873873609020205
"rs1982943"	0.587530498592526	348	1.16005899005782
"rs1569322"	0.587538257955208	348	1.11253741752337
"rs270984"	0.587553175705496	348	0.955687400523033
"rs46836"	0.587577355937066	348	1.08526915868103
"rs1664032"	0.58762470539341	348	0.887791060598554
"rs497596"	0.587646094987273	348	0.893294395164548
"rs942759"	0.58764835740332	348	1.09635956855067
"rs53298"	0.587672741239616	348	0.778390280085795
"rs53755"	0.587672741239616	348	0.778390280085795
"rs57027"	0.587672741239616	348	0.778390280085795
"rs163804"	0.587672741239616	348	0.778390280085795
"rs229003"	0.587672741239616	348	0.778390280085795
"rs229004"	0.587672741239616	348	0.778390280085795
"rs229011"	0.587672741239616	348	0.778390280085795
"rs1567976"	0.587672741239618	348	0.778390280085796
"rs1568739"	0.587672741239618	348	0.778390280085796
"rs1568835"	0.587672741239618	348	0.778390280085796
"rs24931"	0.58767274123962	348	0.778390280085797
"rs430827"	0.587704308833878	348	1.16506849787616
"rs2102258"	0.587705448187048	348	0.916455020714978
"rs864485"	0.587750136868099	348	1.11255341724088
"rs1031059"	0.587760535820275	348	0.916922330845682
"rs592421"	0.587774301404325	348	1.11580164238528
"rs859503"	0.587810889739625	348	0.908177258083383
"rs1383676"	0.587823386608	348	0.673687702998519
"rs915133"	0.587845903479001	348	1.08513180451008
"rs915154"	0.587847104281966	348	1.08511963174119
"rs499234"	0.587847728571539	348	1.11793218463261
"rs473101"	0.587861835407762	348	1.10251539021617
"rs23939"	0.587874672859952	348	1.15073298342466
"rs1119578"	0.587885578632146	348	0.867298436395206
"rs509291"	0.587887931811743	348	1.09474799353582
"rs1317014"	0.587888617547614	348	1.10628401663144
"rs702086"	0.587970513864372	348	0.931115695767966
"rs602463"	0.58805664744653	348	1.11380228419378
"rs832220"	0.588062383351974	348	0.914182336419921
"rs1692418"	0.588102148803882	348	0.888787312558477
"rs1618836"	0.588118403560136	348	0.913265214881004
"rs1894617"	0.588155578070327	348	0.856109205695829
"rs1609593"	0.588243706139718	348	0.897951366951376
"rs1063776"	0.588250034980257	348	0.89577448664968
"rs1638852"	0.588311223798994	348	0.862306199483353
"rs1877867"	0.588317032882506	348	1.05456329084062
"rs679066"	0.588336382225505	348	0.776617345271275
"rs1609734"	0.588339921859725	348	0.90249043700916
"rs1609737"	0.588339921859725	348	0.90249043700916
"rs1609746"	0.588339921859725	348	0.90249043700916
"rs808160"	0.588344674911644	348	1.12298151562719
"rs915140"	0.588354445847588	348	1.08110068899573
"rs14044"	0.588373126344166	348	0.879233375619187
"rs2034916"	0.588440461445348	348	1.08282071795787
"rs442309"	0.588497155640859	348	1.11393320842238
"rs808502"	0.588506742449316	348	1.2465636490113
"rs556247"	0.588607222958437	348	0.653140493440605
"rs1963441"	0.588607666084551	348	1.08076170523787
"rs1372826"	0.588614302959832	348	1.0629718977842
"rs1882390"	0.588662003741643	348	1.14327883542372
"rs2131649"	0.588674982867054	348	1.08349104052032
"rs1005676"	0.58871541701461	348	1.10731657705106
"rs1942362"	0.588863950873001	348	1.14948375892236
"rs342991"	0.588868118588672	348	1.16565260616518
"rs1292115"	0.588896472262437	348	0.928109279528678
"rs1777301"	0.588931374019554	348	1.07616462998001
"rs1112824"	0.588939895358631	348	0.914797806884854
"rs787889"	0.588993205339788	348	1.08725143543059
"rs2139616"	0.58900508756755	348	1.09081887309312
"rs915206"	0.589042786969454	348	0.898014324776821
"rs134440"	0.589045692778613	348	0.909329079323013
"rs181993"	0.589079896073471	348	0.840527729781349
"rs1579134"	0.589080963713837	348	0.680318735426122
"rs1579292"	0.589080963713837	348	0.680318735426122
"rs1598957"	0.589106782678982	348	0.92572317576279
"rs412682"	0.589118732919934	348	0.801063116900797
"rs1965352"	0.589139003745057	348	0.649212495653038
"rs194517"	0.589147823365333	348	1.11485600841232
"rs1791906"	0.589151658203122	348	1.12447896041162
"rs1791910"	0.589151658203122	348	1.12447896041162
"rs1791920"	0.589151658203122	348	1.12447896041162
"rs133776"	0.589191155290098	348	1.09938304972997
"rs518474"	0.589219397457057	348	1.33322875917075
"rs467943"	0.589252944953149	348	1.10543481998481
"rs2073421"	0.589295535516142	348	1.10064399185109
"rs1963368"	0.58931838572459	348	0.92378415126639
"rs25672"	0.58932574149884	348	0.951505548509404
"rs482304"	0.589352727275987	348	0.870664502865998
"rs1766519"	0.589394242150016	348	1.12187888766713
"rs389508"	0.589422406189922	348	0.879819746954946
"rs1457525"	0.589445372069785	348	0.832406282385766
"rs1457734"	0.589445372069787	348	0.832406282385767
"rs1635536"	0.589464947919987	348	0.913960741952563
"rs1635542"	0.589464947919987	348	0.913960741952563
"rs1635545"	0.589464947919987	348	0.913960741952563
"rs1635548"	0.589464947919987	348	0.913960741952563
"rs1635551"	0.589464947919987	348	0.913960741952563
"rs1635553"	0.589464947919987	348	0.913960741952563
"rs549524"	0.589510483433794	348	0.803898356490908
"rs2176734"	0.5895584282747	348	0.931664002165914
"rs158935"	0.589564939904429	348	0.887646551241816
"rs158986"	0.589564939904429	348	0.887646551241816
"rs158987"	0.589564939904429	348	0.887646551241816
"rs158992"	0.589564939904429	348	0.887646551241816
"rs1807969"	0.589591001959237	348	1.12056689467876
"rs2116410"	0.589600643793622	348	0.872672363634765
"rs1569063"	0.589630434539172	348	1.11051700800303
"rs912866"	0.589636034492082	348	0.891786236822661
"rs797400"	0.589687519704933	348	1.22609610370238
"rs306311"	0.589697323160491	348	1.16895969981355
"rs306360"	0.589697323160491	348	1.16895969981355
"rs818062"	0.589704053091846	348	0.928018460813398
"rs1857462"	0.589724904720337	348	0.906472812813685
"rs324106"	0.589753262836338	348	6.35030574854671
"rs177441"	0.589757215669917	348	0.899700400684207
"rs652930"	0.589778628871269	348	1.13935980789924
"rs939281"	0.589785745921439	348	1.14910420499673
"rs1882789"	0.589800737181632	348	1.10973440723461
"rs557054"	0.589804679088936	348	1.31348257127833
"rs32959"	0.589810908826625	348	0.87092016402518
"rs686122"	0.589810989819771	348	1.21429079219572
"rs145858"	0.589820300806677	348	0.926025391700658
"rs858215"	0.589854637996841	348	0.901233790462829
"rs463021"	0.589870391001089	348	1.1129108059042
"rs1792940"	0.589969456442057	348	1.12439602423443
"rs1792941"	0.589969456442057	348	1.12439602423443
"rs589808"	0.589975757902318	348	1.10966249300127
"rs550262"	0.589990617063608	348	0.759404851685357
"rs665917"	0.59002303129107	348	1.15157546196006
"rs1700250"	0.590031615048539	348	1.13471318901616
"rs141732"	0.59004345633153	348	0.898212595744882
"rs1909531"	0.590054754525947	348	0.804109327691706
"rs1990033"	0.590086626365026	348	0.663710321938251
"rs1051687"	0.590105838798095	348	1.13899573706198
"rs329260"	0.590112574633426	348	0.916908935750066
"rs1412742"	0.590140792759632	348	0.895434545394453
"rs623146"	0.590182686068743	348	1.12339916043476
"rs1127206"	0.590201982830825	348	0.679956307097098
"rs127966"	0.590241114994762	348	0.886929548839235
"rs722725"	0.590322880022704	348	1.03765943322828
"rs797419"	0.590333283129237	348	1.21299527448439
"rs569738"	0.590358202353595	348	0.963456114532056
"rs807254"	0.590408510312697	348	1.13571368762375
"rs807255"	0.590408510312697	348	1.13571368762375
"rs146058"	0.590485521122825	348	1.06726516923396
"rs867651"	0.590486246068955	348	0.905337576863284
"rs1264098"	0.590497897226229	348	0.882993937710007
"rs1264308"	0.590497897226229	348	0.882993937710007
"rs1264324"	0.590497897226229	348	0.882993937710007
"rs1264345"	0.590497897226229	348	0.882993937710007
"rs477751"	0.590510051345603	348	1.09686346582669
"rs1802557"	0.590531857040175	348	0.92181536938005
"rs467848"	0.590585270528147	348	1.14062121942006
"rs467856"	0.590585270528147	348	1.14062121942006
"rs1962370"	0.590626596235781	348	0.878914581984826
"rs719522"	0.590634382715302	348	1.09820880760627
"rs568915"	0.590637147531428	348	1.06145870823103
"rs2170411"	0.590647318434812	348	1.05550531487894
"rs2170412"	0.590647318434812	348	1.05550531487894
"rs544460"	0.590670548129605	348	1.09865925917889
"rs841915"	0.590676356267464	348	0.893020473831427
"rs841927"	0.590676356267464	348	0.893020473831427
"rs841940"	0.590676356267464	348	0.893020473831427
"rs1959788"	0.590695602818248	348	0.887509616967507
"rs2024810"	0.590701405499035	348	1.10907896404855
"rs731818"	0.590749103319789	348	0.890690154527939
"rs663239"	0.59075854542102	348	1.1121853059516
"rs117718"	0.590761321391642	348	0.935314194764079
"rs356402"	0.590848451101006	348	1.11432975493109
"rs1052330"	0.59084948987942	348	0.702386853696108
"rs2009561"	0.590873343321827	348	1.10419418959328
"rs616771"	0.590887835886349	348	1.10989941289621
"rs417808"	0.590889352893405	348	0.910047979352924
"rs1962242"	0.590929333415925	348	1.1571410391176
"rs123621"	0.59096526056778	348	0.767605575222153
"rs1963561"	0.590998873091325	348	1.13986120492194
"rs1093196"	0.591038495337917	348	1.04901596111934
"rs831430"	0.59104026060033	348	0.816007596412392
"rs831665"	0.59104026060033	348	0.816007596412392
"rs831670"	0.59104026060033	348	0.816007596412392
"rs831676"	0.59104026060033	348	0.816007596412392
"rs831687"	0.59104026060033	348	0.816007596412392
"rs831691"	0.59104026060033	348	0.816007596412392
"rs754135"	0.591090679589804	348	1.21690046106881
"rs1988986"	0.591100491921754	348	0.875023872708626
"rs1989278"	0.591100491921754	348	0.875023872708626
"rs2001958"	0.591101615965689	348	0.872655237171681
"rs1962362"	0.591106244856334	348	1.1017862668638
"rs1964270"	0.591183773150503	348	0.827410368128771
"rs465963"	0.591260968266785	348	0.904962445091848
"rs466002"	0.591260968266785	348	0.904962445091848
"rs466004"	0.591260968266785	348	0.904962445091848
"rs466005"	0.591260968266785	348	0.904962445091848
"rs466017"	0.591260968266785	348	0.904962445091848
"rs466021"	0.591260968266785	348	0.904962445091848
"rs466034"	0.591260968266785	348	0.904962445091848
"rs466035"	0.591260968266785	348	0.904962445091848
"rs466051"	0.591260968266785	348	0.904962445091848
"rs1894498"	0.591269287311752	348	0.864692429650331
"rs1894631"	0.591269287311752	348	0.864692429650331
"rs1741197"	0.591271790011918	348	1.10289567898457
"rs1741200"	0.591271790011918	348	1.10289567898457
"rs997520"	0.591302687016785	348	0.690163411652722
"rs1400508"	0.591333649047479	348	1.11305108612031
"rs1400507"	0.59133364904748	348	1.11305108612031
"rs2120114"	0.591333777721157	348	0.913764143497646
"rs2120118"	0.591333777721157	348	0.913764143497646
"rs2120120"	0.591333777721157	348	0.913764143497646
"rs967638"	0.591377447343435	348	1.10415839001601
"rs2172675"	0.591378872207329	348	1.07719798253693
"rs2042164"	0.591451430370122	348	1.11664385931654
"rs387523"	0.591474614058066	348	1.25377547189237
"rs409137"	0.591479555234821	348	0.904003167918123
"rs1750533"	0.591493889439274	348	1.07526210808819
"rs389514"	0.591586439727722	348	1.15063969739941
"rs617115"	0.591638794760671	348	1.12877631295323
"rs2047904"	0.591643298083416	348	1.06584754760871
"rs412201"	0.591711869635382	348	1.11123679520843
"rs634422"	0.591714816073531	348	1.10339523998772
"rs1687713"	0.591747014978282	348	1.0917475798121
"rs2104827"	0.591762450425795	348	1.12449548034668
"rs1986923"	0.59178290838187	348	1.30077759397663
"rs210434"	0.591789307092942	348	1.09630148477116
"rs1716088"	0.591808664856466	348	1.10625443466522
"rs1716091"	0.591808664856466	348	1.10625443466522
"rs1160426"	0.591822055088265	348	0.840346812208355
"rs1160429"	0.591822055088265	348	0.840346812208355
"rs1160432"	0.591822055088265	348	0.840346812208355
"rs1160543"	0.591822055088265	348	0.840346812208355
"rs1160558"	0.591822055088265	348	0.840346812208355
"rs1160573"	0.591822055088265	348	0.840346812208355
"rs846497"	0.591837551128699	348	1.22694595629549
"rs1702684"	0.591887119791128	348	1.11393340938308
"rs169761"	0.591895734902325	348	0.872108160024247
"rs620761"	0.591898970682994	348	0.676960583910273
"rs1692646"	0.591898970682994	348	0.676960583910273
"rs1742004"	0.591900495904134	348	0.907926541265408
"rs1742008"	0.591900495904134	348	0.907926541265408
"rs576045"	0.591913631163226	348	0.893234586296906
"rs580366"	0.591958048780741	348	0.679674917972995
"rs159574"	0.592057823530742	348	0.900594257681403
"rs2172620"	0.592086534609889	348	1.06573277198097
"rs240951"	0.592095092626678	348	0.677981643303968
"rs904313"	0.59210581368863	348	1.1240090348695
"rs63993"	0.592111029451364	348	1.12015854744553
"rs509337"	0.592167694359953	348	1.09075839364938
"rs509338"	0.592167694359953	348	1.09075839364938
"rs1753195"	0.592171835957071	348	1.08645169410003
"rs1753199"	0.592171835957071	348	1.08645169410003
"rs831724"	0.592178938406653	348	0.816525448935416
"rs365415"	0.592191509671333	348	0.861259706441
"rs517832"	0.592218194117045	348	1.34716459430062
"rs518722"	0.592218194117045	348	1.34716459430062
"rs1005800"	0.592218194117045	348	1.34716459430062
"rs1040970"	0.592218194117045	348	1.34716459430062
"rs736118"	0.592220967063849	348	0.913971783703307
"rs1360175"	0.592246332192729	348	0.929990760851627
"rs133655"	0.592256616515039	348	0.893529654482203
"rs583371"	0.592365193275052	348	1.1067517740544
"rs989480"	0.592401233863082	348	0.895268321493477
"rs429983"	0.592412671476641	348	0.863999747985729
"rs430085"	0.592412671476641	348	0.863999747985729
"rs430271"	0.592412671476641	348	0.863999747985729
"rs430283"	0.592412671476641	348	0.863999747985729
"rs343096"	0.592426436809679	348	0.854078009689047
"rs1676370"	0.592428384480359	348	1.14886852459394
"rs652884"	0.592443439272693	348	1.2144733555291
"rs118666"	0.592459895934743	348	1.06723624788123
"rs1698562"	0.592465585809689	348	1.06003661907124
"rs1708017"	0.592533941906364	348	0.909831047253478
"rs1117764"	0.592571678949971	348	1.31539024627835
"rs651406"	0.592573001722086	348	0.776489836035782
"rs651410"	0.592573001722086	348	0.776489836035782
"rs2111979"	0.592676114172911	348	0.902859672853579
"rs622046"	0.592685578179219	348	1.05469033032814
"rs463299"	0.592708547323476	348	1.10080069367175
"rs2149666"	0.592718919062502	348	0.921478755456849
"rs1964816"	0.592719134987583	348	1.14796705905124
"rs306426"	0.592734650021452	348	1.1673794735956
"rs158674"	0.592752543521058	348	0.877844385520325
"rs1699695"	0.59277524292149	348	1.11245573301628
"rs1264317"	0.592789384361675	348	0.90951691750148
"rs773002"	0.592796081474862	348	1.10088442353388
"rs1123477"	0.592804150864376	348	1.16034804198352
"rs1351358"	0.592847876233971	348	0.82051883794059
"rs1542012"	0.592890969263203	348	1.09765866685712
"rs1542015"	0.592890969263203	348	1.09765866685712
"rs1963777"	0.592913471741258	348	1.28178508845894
"rs344284"	0.593022872396498	348	0.875824998814992
"rs625484"	0.593039773181168	348	0.885955626466107
"rs181596"	0.593042095302542	348	1.11359234886954
"rs1058719"	0.593081953337418	348	1.13345639878483
"rs1326424"	0.593086607032488	348	0.677184700430904
"rs785295"	0.593090403179356	348	0.909191990667714
"rs1990396"	0.593091918862085	348	0.870448750040776
"rs1990459"	0.593091918862085	348	0.870448750040776
"rs1990471"	0.593091918862085	348	0.870448750040776
"rs1990501"	0.593091918862085	348	0.870448750040776
"rs1990537"	0.593091918862085	348	0.870448750040776
"rs2203377"	0.593139365161522	348	0.914847460489453
"rs2034739"	0.593144622409532	348	1.10486145738555
"rs605081"	0.593174530481816	348	0.88347467633799
"rs861460"	0.593178241896931	348	0.913644864823295
"rs1331165"	0.593205591669928	348	1.08018718821251
"rs255310"	0.593219081640093	348	0.921765497887966
"rs255311"	0.593219081640093	348	0.921765497887966
"rs255312"	0.593219081640093	348	0.921765497887966
"rs255313"	0.593219081640093	348	0.921765497887966
"rs255318"	0.593219081640093	348	0.921765497887966
"rs2069941"	0.593227310535921	348	0.902652411050028
"rs1716109"	0.593248038215883	348	0.908700782692248
"rs683431"	0.593355346504692	348	0.903064626624803
"rs1700568"	0.593358281755978	348	1.1141087658822
"rs277490"	0.593392597616808	348	0.920723481449256
"rs1637690"	0.593418576913126	348	0.920129925550592
"rs1479583"	0.593453536113869	348	1.10167347362196
"rs1877926"	0.593460382140604	348	0.946386086001311
"rs1376893"	0.593477240422028	348	11.9734086832548
"rs857856"	0.593493911128481	348	0.94361638181372
"rs910749"	0.593496056707672	348	1.12523709464392
"rs1162686"	0.593519981675233	348	0.909665199971454
"rs1924571"	0.593527348755813	348	0.893069225502731
"rs446465"	0.593535661924111	348	0.896320357138257
"rs1170795"	0.593598622767632	348	0.933805189343366
"rs1431995"	0.593602205729359	348	1.26866583283284
"rs1013795"	0.593647121465192	348	1.15838334483517
"rs1371476"	0.59366905341407	348	1.20432311505693
"rs307113"	0.593705021048793	348	1.16202461608248
"rs751942"	0.593705622140416	348	1.08657699067729
"rs1873085"	0.593711685862671	348	1.04635546676395
"rs2147732"	0.593734778857726	348	0.91630026685706
"rs546084"	0.593748276594415	348	1.11619007137881
"rs346884"	0.593762169245256	348	1.13057996750735
"rs1662406"	0.593765760147487	348	0.790863694187277
"rs649456"	0.593772316905807	348	1.12359561815325
"rs649459"	0.593772316905807	348	1.12359561815325
"rs649460"	0.593772316905807	348	1.12359561815325
"rs1432654"	0.593828958216064	348	1.10738670098867
"rs1825942"	0.593829180285361	348	0.892680396992168
"rs1825949"	0.593829180285361	348	0.892680396992168
"rs1825950"	0.593829180285361	348	0.892680396992168
"rs906718"	0.59387750162369	348	0.877370118952253
"rs237240"	0.593886478602156	348	0.865124995085209
"rs824024"	0.593939254368921	348	1.07992959646366
"rs1982449"	0.59395912973769	348	0.849779290970213
"rs1424951"	0.593983691599492	348	0.91172614789728
"rs1954801"	0.594020111683861	348	0.851401754179203
"rs628051"	0.594077687704561	348	0.837254421577544
"rs628052"	0.594077687704561	348	0.837254421577544
"rs2065070"	0.594079584658211	348	0.907136374756121
"rs1845808"	0.594081462579778	348	1.11251754518493
"rs1961491"	0.59410293457435	348	0.932947954480952
"rs175528"	0.59417479532365	348	0.907232111478201
"rs175530"	0.59417479532365	348	0.907232111478201
"rs1687773"	0.594198105982963	348	1.11291318502208
"rs531083"	0.59420472675643	348	1.08815413916657
"rs531096"	0.59420472675643	348	1.08815413916657
"rs531114"	0.59420472675643	348	1.08815413916657
"rs531145"	0.59420472675643	348	1.08815413916657
"rs1116477"	0.594209388768769	348	1.12553423331421
"rs1116741"	0.594209388768769	348	1.12553423331421
"rs110704"	0.594235833714373	348	0.913186235562438
"rs110722"	0.594235833714373	348	0.913186235562438
"rs1896814"	0.594279906726495	348	1.10756839102458
"rs1142157"	0.59429079122711	348	0.913881486610366
"rs785160"	0.594314547558705	348	0.946870830395715
"rs678376"	0.594320185311344	348	1.07178839339815
"rs905487"	0.594330390308044	348	0.847674134485818
"rs227365"	0.594397293788594	348	1.22647988082462
"rs827185"	0.59443138221779	348	1.11586971416063
"rs825091"	0.594431382217791	348	1.11586971416063
"rs825079"	0.594431382217795	348	1.11586971416063
"rs825085"	0.594431382217795	348	1.11586971416063
"rs925690"	0.594432643365802	348	1.14632259403333
"rs2148035"	0.594440477831569	348	1.08158722223285
"rs1615916"	0.594443454697131	348	1.09184637086022
"rs1615918"	0.594443454697131	348	1.09184637086022
"rs1615919"	0.594443454697131	348	1.09184637086022
"rs1615922"	0.594443454697131	348	1.09184637086022
"rs1896908"	0.594446519731202	348	0.898296887838779
"rs1116189"	0.594480605571666	348	0.935805927702094
"rs130093"	0.594490461255316	348	0.908264365220543
"rs1802004"	0.594529018527026	348	0.918428356435152
"rs406352"	0.594575855903262	348	1.05929372866333
"rs1196276"	0.594618279716264	348	0.900280335072512
"rs1196277"	0.594618279716264	348	0.900280335072512
"rs744333"	0.594622956172139	348	1.09823318032393
"rs744336"	0.594622956172139	348	1.09823318032393
"rs347173"	0.594637561673969	348	0.916692405405739
"rs347175"	0.594637561673969	348	0.916692405405739
"rs1655314"	0.5946385471117	348	0.873346183807676
"rs1655335"	0.5946385471117	348	0.873346183807676
"rs413209"	0.594653530634711	348	0.912613921716136
"rs1400955"	0.594660580386686	348	1.53467257043391
"rs1305829"	0.594683006898257	348	1.14625941265412
"rs1305874"	0.594683006898257	348	1.14625941265412
"rs1589728"	0.594684878574949	348	0.853364633657719
"rs1589834"	0.594684878574949	348	0.853364633657719
"rs1589857"	0.594684878574949	348	0.853364633657719
"rs1589884"	0.594684878574949	348	0.853364633657719
"rs1589912"	0.594684878574949	348	0.853364633657719
"rs1589924"	0.594684878574949	348	0.853364633657719
"rs1589927"	0.594684878574949	348	0.853364633657719
"rs1589838"	0.594684878575002	348	0.853364633657739
"rs1808388"	0.594695908867225	348	0.699092511073264
"rs1010387"	0.594711895060287	348	0.795694842089738
"rs1172053"	0.594712256455802	348	0.928481976386734
"rs849050"	0.59475546552978	348	1.1502768752106
"rs1954072"	0.594797093127586	348	1.18303360104709
"rs475904"	0.594801985025799	348	0.90975353451421
"rs1666969"	0.594914796408602	348	0.765433830259289
"rs7416"	0.595009277636771	348	1.12621136863519
"rs217210"	0.595066788307387	348	1.11239467066222
"rs51959"	0.595079194833582	348	0.903901410963337
"rs1355516"	0.595088292840979	348	1.25501731118711
"rs1163331"	0.595093092720608	348	0.895251352584125
"rs35076"	0.595095839470028	348	0.886558977080896
"rs1906614"	0.595114689405031	348	1.16481505644103
"rs1906616"	0.595114689405031	348	1.16481505644103
"rs1327751"	0.595125839473543	348	1.1093284928241
"rs1327859"	0.595125839473543	348	1.1093284928241
"rs1327862"	0.595125839473543	348	1.1093284928241
"rs1327865"	0.595125839473543	348	1.1093284928241
"rs1360089"	0.595167104005107	348	1.0792251764705
"rs61810"	0.595172649980945	348	1.14300907216415
"rs596972"	0.595173259666654	348	0.915836310339131
"rs475245"	0.595199961498393	348	1.16098503892887
"rs2024579"	0.595234855267796	348	1.11899461595355
"rs1309453"	0.595238003051051	348	1.1426061785655
"rs610782"	0.595254745681744	348	1.12826526167871
"rs1805864"	0.595299986993127	348	1.20194705269876
"rs1964845"	0.595305007987993	348	0.648142629061521
"rs1964847"	0.595305007987993	348	0.648142629061521
"rs1964885"	0.595305007987993	348	0.648142629061521
"rs1662295"	0.59531105041458	348	0.772710102499148
"rs2045151"	0.595424604404161	348	1.10528792637196
"rs1146958"	0.595430360861509	348	0.905564188521235
"rs1992534"	0.595442185819134	348	1.27381441630162
"rs989578"	0.595442239183565	348	0.89904019613151
"rs1452194"	0.595442711851283	348	1.12553858015239
"rs1598428"	0.595485307175971	348	1.0740152554388
"rs222598"	0.595509164000049	348	1.11741409003478
"rs1036717"	0.595532887056609	348	0.898102562187186
"rs1944131"	0.5955623728586	348	0.885142744647108
"rs85146"	0.595577835020238	348	1.09778065534083
"rs143949"	0.595597302829465	348	0.934459570305211
"rs1666017"	0.595624138226664	348	0.86756597122271
"rs2059432"	0.595668818735723	348	0.89730401216157
"rs999389"	0.595684473195966	348	0.914463818224688
"rs1291212"	0.595717931512661	348	1.07796371637863
"rs620733"	0.595718740150404	348	0.901418737926223
"rs786326"	0.595720349720591	348	0.976001842616732
"rs1458885"	0.595752135699332	348	0.865035068831181
"rs490661"	0.595755144832117	348	0.909970540843046
"rs306228"	0.59575869909563	348	1.16581205001606
"rs306288"	0.59575869909563	348	1.16581205001606
"rs306289"	0.59575869909563	348	1.16581205001606
"rs306325"	0.59575869909563	348	1.16581205001606
"rs306351"	0.59575869909563	348	1.16581205001606
"rs306396"	0.59575869909563	348	1.16581205001606
"rs306403"	0.59575869909563	348	1.16581205001606
"rs306408"	0.59575869909563	348	1.16581205001606
"rs306474"	0.59575869909563	348	1.16581205001606
"rs306480"	0.59575869909563	348	1.16581205001606
"rs306483"	0.59575869909563	348	1.16581205001606
"rs306484"	0.59575869909563	348	1.16581205001606
"rs306489"	0.59575869909563	348	1.16581205001606
"rs306595"	0.59575869909563	348	1.16581205001606
"rs306662"	0.59575869909563	348	1.16581205001606
"rs306666"	0.59575869909563	348	1.16581205001606
"rs306669"	0.59575869909563	348	1.16581205001606
"rs306672"	0.59575869909563	348	1.16581205001606
"rs306675"	0.59575869909563	348	1.16581205001606
"rs306678"	0.59575869909563	348	1.16581205001606
"rs306686"	0.59575869909563	348	1.16581205001606
"rs306700"	0.59575869909563	348	1.16581205001606
"rs306708"	0.59575869909563	348	1.16581205001606
"rs306710"	0.59575869909563	348	1.16581205001606
"rs306717"	0.59575869909563	348	1.16581205001606
"rs306720"	0.59575869909563	348	1.16581205001606
"rs306723"	0.59575869909563	348	1.16581205001606
"rs306733"	0.59575869909563	348	1.16581205001606
"rs306741"	0.59575869909563	348	1.16581205001606
"rs306744"	0.59575869909563	348	1.16581205001606
"rs306753"	0.59575869909563	348	1.16581205001606
"rs306759"	0.59575869909563	348	1.16581205001606
"rs306768"	0.59575869909563	348	1.16581205001606
"rs306780"	0.59575869909563	348	1.16581205001606
"rs306783"	0.59575869909563	348	1.16581205001606
"rs306795"	0.59575869909563	348	1.16581205001606
"rs306819"	0.59575869909563	348	1.16581205001606
"rs306831"	0.59575869909563	348	1.16581205001606
"rs306891"	0.59575869909563	348	1.16581205001606
"rs306895"	0.59575869909563	348	1.16581205001606
"rs306897"	0.59575869909563	348	1.16581205001606
"rs306903"	0.59575869909563	348	1.16581205001606
"rs306939"	0.59575869909563	348	1.16581205001606
"rs306944"	0.59575869909563	348	1.16581205001606
"rs306948"	0.59575869909563	348	1.16581205001606
"rs306954"	0.59575869909563	348	1.16581205001606
"rs306989"	0.59575869909563	348	1.16581205001606
"rs306993"	0.59575869909563	348	1.16581205001606
"rs125999"	0.595759141945512	348	4.0531248411731
"rs1802478"	0.595765439812358	348	1.08752288097421
"rs1639409"	0.595778442917477	348	1.09611025359598
"rs55072"	0.595787052665178	348	1.09619399975464
"rs530855"	0.595799581338862	348	1.10382696075793
"rs530856"	0.595799581338862	348	1.10382696075793
"rs1103629"	0.595824564413684	348	0.897377477638544
"rs468854"	0.595844164617022	348	0.886173293616151
"rs544386"	0.595863050583587	348	1.0801671259912
"rs341929"	0.595908253279505	348	0.848271916710752
"rs343274"	0.595908253279505	348	0.848271916710752
"rs343372"	0.595908253279505	348	0.848271916710752
"rs1293017"	0.595939505813154	348	0.92790264246125
"rs245758"	0.595982974735375	348	1.18812077794711
"rs1817852"	0.595992987110588	348	0.912166560472309
"rs820760"	0.596010288964407	348	0.944075711952029
"rs1205271"	0.596032014261984	348	1.06987589369006
"rs863558"	0.596063979704101	348	0.732312110892478
"rs488261"	0.596078509935425	348	1.20880021040015
"rs488274"	0.596078509935425	348	1.20880021040015
"rs488359"	0.596078509935425	348	1.20880021040015
"rs429420"	0.596100376208891	348	0.906954270410754
"rs1104500"	0.59612069000603	348	0.890980237460228
"rs1048744"	0.596135014064817	348	0.866966629008268
"rs2170975"	0.596148399850978	348	0.954315711253466
"rs134253"	0.596159807117455	348	0.878571330777838
"rs134254"	0.596159807117455	348	0.878571330777838
"rs508724"	0.59618955365874	348	0.850907536094107
"rs802867"	0.596208891848585	348	0.922016974007865
"rs170675"	0.596228550526623	348	1.08915954567643
"rs1822849"	0.596247095424833	348	1.10814717561647
"rs444766"	0.596334354232634	348	1.12263186199429
"rs1538096"	0.596357044270963	348	0.895290674614966
"rs1035807"	0.59637520491906	348	1.14867194640052
"rs1291395"	0.596472948822251	348	0.882508680436523
"rs1078569"	0.596479836790587	348	0.92047885498937
"rs986166"	0.596488983215433	348	0.9387242113926
"rs986167"	0.596488983215433	348	0.9387242113926
"rs1609866"	0.596489294578593	348	1.53318398729719
"rs145825"	0.596506627653632	348	0.941423173742398
"rs1634705"	0.59650834494529	348	1.09094293688443
"rs1421187"	0.596515598502939	348	1.22559260230529
"rs532218"	0.596541228540656	348	1.12749919510082
"rs1791917"	0.596546305285472	348	1.12181075093268
"rs464323"	0.596584793270921	348	1.09273869886328
"rs1043458"	0.596611162711712	348	0.881932263220613
"rs123909"	0.596624517446024	348	1.14931604863247
"rs1157078"	0.596649109760012	348	1.03441619882887
"rs2015957"	0.596692659911648	348	0.86473781823952
"rs1699356"	0.596720568819149	348	0.906128836045235
"rs1699365"	0.596720568819149	348	0.906128836045235
"rs1750565"	0.596770640604381	348	1.0775492759018
"rs1662261"	0.596779652630561	348	1.09923905121608
"rs1317417"	0.596787233625691	348	1.12844391535612
"rs1048993"	0.596802440853792	348	1.1269357968661
"rs905774"	0.596830817131651	348	0.849431124849852
"rs1190551"	0.596834832186317	348	0.915659543307974
"rs2127516"	0.596873707410438	348	1.06522937550295
"rs534050"	0.596877924404785	348	1.1504100976961
"rs534089"	0.596877924404785	348	1.1504100976961
"rs2022116"	0.59688952444285	348	1.16892031421653
"rs2022166"	0.59688952444285	348	1.16892031421653
"rs2022212"	0.59688952444285	348	1.16892031421653
"rs184215"	0.596895730842568	348	0.866827487396866
"rs374569"	0.596923453085326	348	1.17136143130112
"rs355882"	0.596937556695855	348	1.11595718639941
"rs532261"	0.596965404895641	348	1.1076074731224
"rs532262"	0.596965404895641	348	1.1076074731224
"rs1763874"	0.596977561135637	348	1.10798165418208
"rs1360494"	0.597036680455781	348	0.899373015082662
"rs2007989"	0.59708794369143	348	1.13424809877379
"rs2168468"	0.597127129848177	348	1.10081447580851
"rs593806"	0.597176049246192	348	0.868347588897325
"rs594231"	0.597176049246192	348	0.868347588897325
"rs594279"	0.597176049246192	348	0.868347588897325
"rs680428"	0.597208308464071	348	1.06242416739705
"rs841696"	0.597276697979203	348	1.17929327182704
"rs1117695"	0.597298135473369	348	0.941497266105281
"rs388638"	0.597299637059366	348	0.953724762749173
"rs1123641"	0.597310380231973	348	1.15863202448493
"rs2159068"	0.597314531007528	348	0.918925384877137
"rs824693"	0.597344478656765	348	0.962059603380513
"rs1123506"	0.597355263384679	348	1.15855216859772
"rs2152868"	0.597383441975526	348	0.896888989327406
"rs1739554"	0.597390828254304	348	0.895704756666544
"rs1358001"	0.597423010101894	348	0.759822618413887
"rs529509"	0.597459612727907	348	0.877104683525496
"rs295262"	0.597488094404438	348	0.825994505658425
"rs1754642"	0.597497566373535	348	1.09245400784484
"rs856887"	0.597510480850822	348	0.9111455895269
"rs785157"	0.597520795629761	348	0.92391212906801
"rs579577"	0.597550520267186	348	0.89936205328628
"rs942754"	0.597564726585855	348	1.05485916504707
"rs1445439"	0.597579584749965	348	0.706048383801027
"rs400980"	0.597606268857954	348	1.10849302730045
"rs1740375"	0.597613839049991	348	0.910671484892973
"rs1740381"	0.597613839049991	348	0.910671484892973
"rs649600"	0.597621635817654	348	0.887488250392788
"rs649602"	0.597621635817654	348	0.887488250392788
"rs1123528"	0.597640193240409	348	1.15913521438289
"rs1647384"	0.597659917442376	348	1.10986735044761
"rs860474"	0.597684355102006	348	0.914587402181304
"rs1101464"	0.597690686358022	348	0.90490113738311
"rs1639054"	0.597797108394113	348	1.1002809279792
"rs818769"	0.597820359064098	348	0.936919340670522
"rs255305"	0.59782544282651	348	1.13358330066641
"rs2004303"	0.597836432310064	348	0.863850901926258
"rs140008"	0.597884316127394	348	0.894140993794122
"rs1576754"	0.597894136726418	348	1.09117026236612
"rs1562675"	0.597935204953883	348	0.879130022214053
"rs566598"	0.597961948983128	348	1.093154850738
"rs56452"	0.598046197120348	348	0.864419750372973
"rs225723"	0.598058635129548	348	1.06217620065002
"rs906289"	0.598059885624444	348	0.876902135129766
"rs299912"	0.59806647076218	348	0.832096704117717
"rs1207041"	0.598074324655261	348	0.939150517528398
"rs2003546"	0.598130364090433	348	0.917967128155719
"rs2057656"	0.598137031990251	348	0.860782375795342
"rs2128516"	0.598157224362881	348	1.09917073873715
"rs1055507"	0.598223233862143	348	0.871211998859733
"rs25577"	0.598229488816622	348	1.06231387221779
"rs508444"	0.598301535188113	348	0.875724189210385
"rs282921"	0.598322836304192	348	0.903340885081866
"rs2166546"	0.598335134214479	348	0.925642953053886
"rs305527"	0.598340767235876	348	1.16447926765073
"rs2023499"	0.598393258988734	348	0.81889694101273
"rs1710236"	0.598427558416031	348	0.907059079272563
"rs567173"	0.598440962477443	348	0.898018541514065
"rs1315864"	0.598452424422124	348	1.10128568041997
"rs1140537"	0.598463231933751	348	1.17217529775624
"rs644250"	0.598515679688762	348	1.11006551485745
"rs393385"	0.598540016485044	348	1.19628962239451
"rs237482"	0.59858647666662	348	1.08307014418253
"rs958634"	0.598602402818293	348	1.13928959506992
"rs958636"	0.598602402818293	348	1.13928959506992
"rs1885107"	0.598635650323307	348	1.32447684980333
"rs893734"	0.598731270464028	348	1.11237707297368
"rs893755"	0.598731270464028	348	1.11237707297368
"rs893803"	0.598731270464028	348	1.11237707297368
"rs1670233"	0.598745494585207	348	1.18975897017507
"rs1670290"	0.598745494585207	348	1.18975897017507
"rs1670295"	0.598745494585207	348	1.18975897017507
"rs1547802"	0.598806898372444	348	1.10319849291446
"rs896757"	0.598807189354499	348	0.915565248777299
"rs1791904"	0.598812565926645	348	1.12107276191289
"rs1791905"	0.598812565926645	348	1.12107276191289
"rs1791907"	0.598812565926645	348	1.12107276191289
"rs2023885"	0.598821794372077	348	1.13564417643279
"rs1039289"	0.598880540786293	348	0.910234385245661
"rs1741901"	0.598932850944422	348	0.934252661100459
"rs1558816"	0.598961862456976	348	0.890595822700908
"rs2121726"	0.598981003885741	348	1.04485895514047
"rs120939"	0.599043520384736	348	1.1187680968527
"rs950929"	0.599045723204649	348	0.890383194698601
"rs1963865"	0.599066886838692	348	1.12496937061406
"rs944912"	0.599088050072338	348	0.924370002100968
"rs1128253"	0.599088694598355	348	1.08797438668957
"rs145579"	0.599112180750362	348	1.0824109573297
"rs145585"	0.599112180750362	348	1.0824109573297
"rs145597"	0.599112180750362	348	1.0824109573297
"rs145783"	0.599112180750362	348	1.0824109573297
"rs315162"	0.599170701479914	348	0.0103946580762025
"rs315169"	0.599170701479914	348	0.0103946580762025
"rs1030314"	0.599190381222382	348	0.890378013049076
"rs1030341"	0.599190381222382	348	0.890378013049076
"rs1030369"	0.599190381222382	348	0.890378013049076
"rs1030384"	0.599190381222382	348	0.890378013049076
"rs1030540"	0.599190381222382	348	0.890378013049076
"rs1399660"	0.599192191775592	348	0.87824712546897
"rs304493"	0.599230410925939	348	0.8959590558249
"rs330031"	0.599262059151432	348	1.11133190891155
"rs1308249"	0.599277197651629	348	1.10072789328679
"rs1308318"	0.599277197651629	348	1.10072789328679
"rs1308320"	0.599277197651629	348	1.10072789328679
"rs1308324"	0.599277197651629	348	1.10072789328679
"rs1308363"	0.599277197651629	348	1.10072789328679
"rs1308366"	0.599277197651629	348	1.10072789328679
"rs1308369"	0.599277197651629	348	1.10072789328679
"rs1308381"	0.599277197651629	348	1.10072789328679
"rs1308403"	0.599277197651629	348	1.10072789328679
"rs1308416"	0.599277197651629	348	1.10072789328679
"rs430623"	0.599316711005512	348	1.09889436759723
"rs1816516"	0.599413163009161	348	0.896673204986598
"rs1616673"	0.599413923712525	348	1.13785593121549
"rs1616674"	0.599413923712525	348	1.13785593121549
"rs1616677"	0.599413923712525	348	1.13785593121549
"rs1802748"	0.599431426051157	348	0.914841992244176
"rs105740"	0.599436575345104	348	0.922056766148477
"rs1805620"	0.59949594349558	348	1.17124858512125
"rs304574"	0.599517465645809	348	1.134720707645
"rs953250"	0.599554874636106	348	0.7957446956426
"rs498140"	0.599577838920193	348	1.15300852430815
"rs1775851"	0.59958912788373	348	1.11152355415327
"rs1857300"	0.599591871878093	348	0.892031011420225
"rs703171"	0.599611099179405	348	1.10311441611677
"rs533448"	0.599645096272294	348	1.10689814542943
"rs473497"	0.599686234612713	348	0.807497908225981
"rs473515"	0.599686234612713	348	0.807497908225981
"rs473518"	0.599686234612713	348	0.807497908225981
"rs473525"	0.599686234612713	348	0.807497908225981
"rs473542"	0.599686234612713	348	0.807497908225981
"rs473551"	0.599686234612713	348	0.807497908225981
"rs473559"	0.599686234612713	348	0.807497908225981
"rs473572"	0.599686234612713	348	0.807497908225981
"rs473584"	0.599686234612713	348	0.807497908225981
"rs473606"	0.599686234612713	348	0.807497908225981
"rs473615"	0.599686234612713	348	0.807497908225981
"rs248967"	0.599735753305972	348	0.888141483140484
"rs2145641"	0.599745593707073	348	1.23756345508446
"rs1924412"	0.599784154315526	348	0.882079130660675
"rs569449"	0.599789266608056	348	0.856572649270092
"rs818523"	0.599800316152144	348	0.922816676792109
"rs1318046"	0.599804280705193	348	1.093257462572
"rs2009961"	0.599809935172795	348	1.09851075037653
"rs562182"	0.599811217058955	348	1.0805041051652
"rs1791899"	0.599879841384661	348	1.1210241043936
"rs1700854"	0.599930169911474	348	1.10819295148647
"rs1700866"	0.599930169911474	348	1.10819295148647
"rs1700880"	0.599930169911474	348	1.10819295148647
"rs1700884"	0.599930169911474	348	1.10819295148647
"rs1700887"	0.599930169911474	348	1.10819295148647
"rs1700889"	0.599930169911474	348	1.10819295148647
"rs1700890"	0.599930169911474	348	1.10819295148647
"rs1700897"	0.599930169911474	348	1.10819295148647
"rs1700902"	0.599930169911474	348	1.10819295148647
"rs1700914"	0.599930169911474	348	1.10819295148647
"rs1700917"	0.599930169911474	348	1.10819295148647
"rs1700920"	0.599930169911474	348	1.10819295148647
"rs1700922"	0.599930169911474	348	1.10819295148647
"rs1329213"	0.59994404278232	348	0.856611709158951
"rs492320"	0.599954537339405	348	1.10422370252599
"rs492323"	0.599954537339405	348	1.10422370252599
"rs692775"	0.599975448701785	348	0.853659821256264
"rs692784"	0.599975448701785	348	0.853659821256264
"rs1482097"	0.599976884809432	348	0.907066016854301
"rs1744084"	0.599998539973653	348	0.920123161779232
"rs1847168"	0.600000410108231	348	0.899593507406086
"rs1646096"	0.600029910221734	348	0.924734941790764
"rs553189"	0.60007720775938	348	1.06437493833946
"rs1365655"	0.600078900235418	348	0.924056221914952
"rs1365661"	0.600078900235418	348	0.924056221914952
"rs967023"	0.600096100471636	348	1.13210100075156
"rs820751"	0.600106890607923	348	0.944725017130612
"rs2214385"	0.600131249028135	348	1.14179395971328
"rs562057"	0.600137195311785	348	1.2348968228551
"rs811198"	0.600270583802737	348	1.08630061286327
"rs692759"	0.600308651660556	348	0.853777786409466
"rs692772"	0.600308651660556	348	0.853777786409466
"rs1065441"	0.600354876136216	348	1.11919878828314
"rs1090443"	0.600374805834054	348	0.837662825608466
"rs1740333"	0.600422259876246	348	0.899016063900379
"rs867207"	0.600436763002032	348	0.918391452591232
"rs487555"	0.600454122269554	348	1.13380763818872
"rs671415"	0.600465412981048	348	0.904592344890358
"rs722838"	0.600484241176774	348	0.905494775698433
"rs849818"	0.600497843785146	348	1.11453608687168
"rs156439"	0.600507216292315	348	1.52625534215438
"rs546375"	0.600528145907797	348	1.09438665068185
"rs1067688"	0.600533407374065	348	0.876836839148697
"rs1067712"	0.600533407374065	348	0.876836839148697
"rs1067718"	0.600533407374065	348	0.876836839148697
"rs1067724"	0.600533407374065	348	0.876836839148697
"rs126750"	0.60053847477864	348	1.08141753961575
"rs410190"	0.600547624979506	348	0.909875692334715
"rs410209"	0.600547624979506	348	0.909875692334715
"rs410210"	0.600547624979506	348	0.909875692334715
"rs128669"	0.600614168488311	348	0.909388835742741
"rs857841"	0.600630571566345	348	0.942994693328258
"rs1637426"	0.600662026790456	348	0.9287610353906
"rs1907732"	0.600686727188961	348	0.97380737921323
"rs1907733"	0.600686727188961	348	0.97380737921323
"rs1975650"	0.600736631122912	348	0.88755524844069
"rs1122650"	0.60075449247071	348	0.868299364600093
"rs1060316"	0.600756321157011	348	1.12949118789094
"rs388167"	0.600760576037524	348	1.08820470559232
"rs157958"	0.600763123784295	348	1.15027909246713
"rs81313"	0.600769931432885	348	0.869084165263473
"rs81325"	0.600769931432885	348	0.869084165263473
"rs81330"	0.600769931432885	348	0.869084165263473
"rs81343"	0.600769931432885	348	0.869084165263473
"rs64509"	0.600772117082998	348	0.868009591736975
"rs1460140"	0.600844935330539	348	1.17424864773617
"rs1193337"	0.600856256469555	348	1.08866799013124
"rs1634332"	0.600884289203322	348	1.11118206443145
"rs1691718"	0.600888813572757	348	1.09452168249614
"rs113062"	0.600895735083253	348	1.03916282034303
"rs822406"	0.600901698414841	348	0.892027482837274
"rs365409"	0.600928423284652	348	0.904397643307727
"rs1469541"	0.60093617277198	348	1.13076870549211
"rs497354"	0.600936953369722	348	1.16641057867725
"rs497362"	0.600936953369722	348	1.16641057867725
"rs497381"	0.600936953369722	348	1.16641057867725
"rs497386"	0.600936953369722	348	1.16641057867725
"rs1563538"	0.601020423880272	348	0.829939879516626
"rs1772098"	0.601024276140851	348	0.929658141292712
"rs1594146"	0.6010269753341	348	0.918205558492067
"rs115688"	0.601028707322864	348	0.935597288855693
"rs326932"	0.601030012297643	348	0.892083023484322
"rs326933"	0.601030012297643	348	0.892083023484322
"rs290617"	0.60103353448766	348	0.877691393284396
"rs780737"	0.601047931283215	348	0.75213979806656
"rs406774"	0.601084230517544	348	0.84805440943433
"rs856970"	0.601102486493127	348	0.914677495844627
"rs856971"	0.601102486493127	348	0.914677495844627
"rs849490"	0.601124700410104	348	0.899790112314357
"rs849497"	0.601124700410104	348	0.899790112314357
"rs849498"	0.601124700410104	348	0.899790112314357
"rs849502"	0.601124700410104	348	0.899790112314357
"rs849508"	0.601124700410104	348	0.899790112314357
"rs849514"	0.601124700410104	348	0.899790112314357
"rs849515"	0.601124700410104	348	0.899790112314357
"rs849537"	0.601124700410104	348	0.899790112314357
"rs1317450"	0.60113550909694	348	0.90984478368744
"rs662209"	0.601216016347171	348	1.16742029520046
"rs2094214"	0.601236770137273	348	0.96544324513344
"rs1858919"	0.601248373080537	348	0.844742083300349
"rs866078"	0.601298016603186	348	1.08879331836495
"rs132395"	0.601358032729133	348	0.682591630053837
"rs133270"	0.601358032729133	348	0.682591630053837
"rs1631969"	0.601358032729133	348	0.682591630053837
"rs1452914"	0.601362410956701	348	1.108697439259
"rs2012012"	0.601369361394617	348	0.887270382584632
"rs578353"	0.601396859994002	348	0.856766676080755
"rs578397"	0.601396859994002	348	0.856766676080755
"rs714106"	0.601442899353337	348	0.896476236428222
"rs2130810"	0.601492424538959	348	1.11128329655735
"rs871825"	0.601527149025207	348	1.07250752140311
"rs613095"	0.601546158401423	348	0.865778301087894
"rs132614"	0.601611134944842	348	0.686032316727268
"rs738618"	0.601661427460676	348	0.918610408274461
"rs1852276"	0.601685872692736	348	1.09267894535511
"rs707732"	0.601697990273182	348	0.896301856624065
"rs823611"	0.601712815319424	348	1.13270642092713
"rs1357574"	0.601720992780919	348	1.15050765865636
"rs480673"	0.601749639286872	348	0.903275227026623
"rs1988806"	0.601753885160303	348	1.26833330978517
"rs2049055"	0.601753885160305	348	1.26833330978517
"rs2128374"	0.601755698471189	348	1.10652025610925
"rs1167263"	0.601790781985253	348	1.07426155547946
"rs2162726"	0.601793646635443	348	1.09092926118451
"rs1791966"	0.601799699193932	348	1.11989790466606
"rs1043776"	0.601839864725264	348	1.14896031871613
"rs1894658"	0.601880073045266	348	0.868236672258978
"rs1406689"	0.601885473547625	348	0.905059323905441
"rs1406690"	0.601885473547625	348	0.905059323905441
"rs1678738"	0.601886576554718	348	1.13491735099296
"rs1678840"	0.601886576554718	348	1.13491735099296
"rs255376"	0.601951237874694	348	0.923814109932075
"rs1653457"	0.601987137265849	348	0.913960913427625
"rs153262"	0.602001211518824	348	1.16200999800389
"rs145309"	0.602005095343736	348	1.05642234360353
"rs1020308"	0.602037235116146	348	0.887665466735003
"rs240823"	0.60207322696894	348	0.855219712297215
"rs783006"	0.602081196808154	348	1.10939559077881
"rs783024"	0.602081196808154	348	1.10939559077881
"rs783033"	0.602081196808154	348	1.10939559077881
"rs783117"	0.602081196808154	348	1.10939559077881
"rs1582424"	0.602126161571637	348	1.13171187766492
"rs744258"	0.6021311715507	348	1.10452666065744
"rs2121137"	0.602186149474451	348	0.875781263818638
"rs1415551"	0.602188041927116	348	1.08408128162438
"rs582153"	0.602197852795839	348	1.10879294665173
"rs1360194"	0.602198673536339	348	1.0927941212456
"rs1071696"	0.602219664942326	348	0.880887008292118
"rs2104920"	0.602223265131303	348	1.06897543849388
"rs218196"	0.602256956394365	348	1.08916651332563
"rs1207499"	0.602304313640794	348	1.08844275676177
"rs867518"	0.602317549992133	348	1.12282623966496
"rs613432"	0.602324159261278	348	0.804964923521232
"rs132704"	0.602365842677731	348	0.78521158448937
"rs132778"	0.602365842677731	348	0.78521158448937
"rs1094220"	0.602382698818895	348	1.13571736423336
"rs2132299"	0.602396741936937	348	0.935381066818552
"rs2033618"	0.602406079189593	348	1.02262031798465
"rs1346514"	0.602432370000479	348	0.908851899665198
"rs1602035"	0.602446188705301	348	1.1221171062254
"rs39019"	0.602453726154072	348	1.17351451828939
"rs1425373"	0.602573564225559	348	1.12730382647735
"rs132782"	0.602599873970437	348	0.785352653547828
"rs132787"	0.602599873970437	348	0.785352653547828
"rs132795"	0.602599873970437	348	0.785352653547828
"rs132796"	0.602599873970437	348	0.785352653547828
"rs132808"	0.602599873970437	348	0.785352653547828
"rs627726"	0.60262332879455	348	1.15211313253656
"rs1817265"	0.602630160614717	348	0.902930991501247
"rs2209660"	0.602634258961268	348	0.858400502516254
"rs1784162"	0.602659498645089	348	0.883110648404469
"rs635222"	0.602691353049143	348	1.18808658817594
"rs244032"	0.602703508895338	348	1.15968998009527
"rs37791"	0.602718584725187	348	1.16894354872606
"rs1699637"	0.602745926615271	348	1.11981843614214
"rs2146308"	0.602768436230853	348	1.23574347655416
"rs305701"	0.602776292843316	348	0.844062160018544
"rs823612"	0.602810617029025	348	0.919036790433966
"rs642471"	0.602823795520173	348	1.17618189531844
"rs642489"	0.602823795520173	348	1.17618189531844
"rs1019776"	0.602916809687023	348	0.831240872690138
"rs485708"	0.602917676310177	348	1.1666411922826
"rs485711"	0.602917676310177	348	1.1666411922826
"rs485717"	0.602917676310177	348	1.1666411922826
"rs485720"	0.602917676310177	348	1.1666411922826
"rs1465483"	0.602953440378128	348	1.10298466147959
"rs1957884"	0.603001946581262	348	1.20644975722127
"rs420147"	0.603004679519441	348	0.885885590585038
"rs1554252"	0.603051773104009	348	0.845193755817855
"rs210241"	0.603086376720852	348	0.880795800343633
"rs210243"	0.603086376720852	348	0.880795800343633
"rs544244"	0.603090769655742	348	0.902866437397989
"rs1010121"	0.603103114377996	348	1.13781719138352
"rs917725"	0.603105469707813	348	0.891969758593995
"rs61685"	0.603173342465781	348	1.13729099817102
"rs2100050"	0.603227151963619	348	1.08476395565263
"rs1706542"	0.603260231799295	348	1.09535327761611
"rs1707757"	0.603260231799295	348	1.09535327761611
"rs1709084"	0.603260231799295	348	1.09535327761611
"rs1344986"	0.603276599738485	348	1.10243570234059
"rs429348"	0.603288024727006	348	0.89705976785687
"rs346727"	0.603332236991565	348	1.0889404118593
"rs896532"	0.60333442060252	348	0.937242224503941
"rs1005911"	0.603338444749222	348	1.16759346091926
"rs1997845"	0.603359511467068	348	0.832260987690095
"rs819781"	0.603412667129013	348	0.923309928231213
"rs803608"	0.603424083284354	348	1.12153421680928
"rs2156426"	0.603434490520383	348	0.874414124871979
"rs302880"	0.60346418311147	348	1.04766485532538
"rs2159909"	0.603473625699951	348	0.916071444404536
"rs1775119"	0.603480199078051	348	0.925307592139855
"rs469628"	0.603483998538886	348	1.09592582117688
"rs1472074"	0.603487626711942	348	0.922613615628261
"rs1291390"	0.603520799860921	348	0.951402094698015
"rs1291391"	0.603520799860921	348	0.951402094698015
"rs1291397"	0.603520799860921	348	0.951402094698015
"rs343321"	0.603542056123215	348	0.853713373774359
"rs343575"	0.603542056123215	348	0.853713373774359
"rs343860"	0.603542056123215	348	0.853713373774359
"rs2130256"	0.603564116890215	348	1.17001491692072
"rs265327"	0.603579082730197	348	0.932668462908986
"rs1452075"	0.603589016604053	348	1.12357632307177
"rs361101"	0.603637915913289	348	1.12876028345137
"rs545821"	0.603640110789196	348	0.953798958148951
"rs802969"	0.603648077881777	348	0.922411619472025
"rs802976"	0.603648077881777	348	0.922411619472025
"rs803027"	0.603648077881777	348	0.922411619472025
"rs803032"	0.603648077881777	348	0.922411619472025
"rs802951"	0.603648077881778	348	0.922411619472025
"rs802961"	0.603648077881778	348	0.922411619472025
"rs1155933"	0.603689169066848	348	0.903352663783691
"rs363492"	0.603695868826399	348	1.08034207494955
"rs1791967"	0.60373744204788	348	1.11908444146741
"rs1791968"	0.60373744204788	348	1.11908444146741
"rs1432852"	0.603748567466373	348	0.912880223032728
"rs1802463"	0.6037507962066	348	1.08940124114458
"rs1791960"	0.60375790807515	348	1.1193506187356
"rs817322"	0.603769549797211	348	0.915204277136078
"rs1352609"	0.603779195565059	348	1.10476560153645
"rs1944304"	0.603783182669558	348	1.09851794156059
"rs1286029"	0.603787132457768	348	0.749387841638995
"rs1741008"	0.603809935540036	348	0.86141979201497
"rs226307"	0.603818755657238	348	1.07706223647571
"rs343720"	0.603831809655853	348	0.847794263719251
"rs949747"	0.60383811572345	348	1.11232143288113
"rs1623888"	0.603879065605635	348	0.907732892895666
"rs1978021"	0.603883457275063	348	1.08357728036524
"rs704371"	0.603896265483098	348	0.899547608530478
"rs1847213"	0.603921893156829	348	0.900667310801862
"rs1847281"	0.603921893156829	348	0.900667310801862
"rs2173269"	0.603967200732969	348	1.06275082212247
"rs2173270"	0.603967200732969	348	1.06275082212247
"rs1351641"	0.603996273644433	348	0.68487979987898
"rs1351722"	0.603996273644433	348	0.68487979987898
"rs1672062"	0.603996273644433	348	0.68487979987898
"rs1002152"	0.604012024239196	348	1.10002681554963
"rs1733661"	0.604023773700286	348	1.06476014237037
"rs2123384"	0.604040126098296	348	1.07614573238241
"rs1587042"	0.604047091373397	348	0.90142965555246
"rs1116708"	0.604065675005794	348	0.925072239781093
"rs1836097"	0.604115209762958	348	1.10854990773104
"rs1836135"	0.604115209762958	348	1.10854990773104
"rs1815854"	0.604136006197844	348	1.12189412079159
"rs2133487"	0.604136074551484	348	1.07704288031884
"rs843816"	0.604136354480534	348	1.09067361354333
"rs1763456"	0.604178403619813	348	1.15822978187055
"rs428202"	0.604188365610464	348	1.12148796646655
"rs274163"	0.604223738523868	348	0.686084608636448
"rs1333008"	0.604243134794672	348	1.12777598208952
"rs1927373"	0.604251939334719	348	1.20004167364837
"rs2006399"	0.604262885814883	348	0.911089244699916
"rs42379"	0.60426348452365	348	1.03515753389505
"rs1876502"	0.604292284659689	348	0.944715386183905
"rs535229"	0.604310550098073	348	1.1493627733298
"rs639470"	0.604338887654712	348	0.919618625033913
"rs1900138"	0.604395529569759	348	0.867238487420121
"rs940373"	0.604396397822194	348	1.15934634331341
"rs100371"	0.604410846566645	348	1.08922581893546
"rs1892504"	0.604434619007048	348	1.114624458506
"rs473134"	0.604470531809094	348	0.951518241101783
"rs389963"	0.604487944199177	348	1.11048082340975
"rs860409"	0.604495315274495	348	0.916892932682935
"rs1045828"	0.604506336270061	348	1.14793583851568
"rs1713864"	0.60452080366775	348	0.918372430518855
"rs284404"	0.604532595869484	348	1.08104341549501
"rs426295"	0.604546369709764	348	1.12327406154746
"rs253666"	0.604614859588869	348	1.14743411772267
"rs1776006"	0.604673220829012	348	1.10988177259515
"rs1823276"	0.604675111899328	348	1.10472072077262
"rs1823279"	0.604675111899328	348	1.10472072077262
"rs1713550"	0.604682184064562	348	1.09775113557188
"rs93682"	0.604700444447744	348	1.15160552838357
"rs2160091"	0.604714752096835	348	0.928089337155842
"rs1287586"	0.604736180364765	348	0.907550420197423
"rs1287598"	0.604736180364765	348	0.907550420197423
"rs1287602"	0.604736180364765	348	0.907550420197423
"rs1287622"	0.604736180364765	348	0.907550420197423
"rs1287650"	0.604736180364765	348	0.907550420197423
"rs1956510"	0.604758631138841	348	0.903910105636508
"rs150826"	0.604790204046848	348	0.92416141909438
"rs2080442"	0.60480509729038	348	0.924815615593491
"rs2080445"	0.60480509729038	348	0.924815615593491
"rs2133853"	0.60482174200339	348	1.20116313711139
"rs2133856"	0.60482174200339	348	1.20116313711139
"rs1358508"	0.604871863613309	348	0.867103309390266
"rs1167216"	0.604878712873606	348	0.946737406499351
"rs294526"	0.60489268960138	348	1.06209742314236
"rs294529"	0.60489268960138	348	1.06209742314236
"rs1706518"	0.604918835496069	348	1.09485932411901
"rs1706527"	0.604918835496071	348	1.09485932411901
"rs1655956"	0.604949092533393	348	0.879961161863536
"rs898236"	0.604964843093438	348	1.07972696932854
"rs473250"	0.604992028160718	348	0.931759082291778
"rs473251"	0.604992028160718	348	0.931759082291778
"rs473252"	0.604992028160718	348	0.931759082291778
"rs473253"	0.604992028160718	348	0.931759082291778
"rs1597070"	0.604998112632544	348	1.09443516439749
"rs109422"	0.60502135351167	348	1.0416074904574
"rs1857647"	0.60505300980137	348	1.13911958788186
"rs1464073"	0.605067861108426	348	0.900890119177283
"rs2099999"	0.605072832633754	348	0.892081334186627
"rs1791998"	0.605073042494167	348	1.11897775805833
"rs1978830"	0.605077218437208	348	1.03063348239099
"rs145081"	0.605082452458377	348	0.940676389836782
"rs242229"	0.60514335087178	348	1.11477755417481
"rs842478"	0.605159811078331	348	1.12639609913318
"rs842496"	0.605159811078331	348	1.12639609913318
"rs842457"	0.605159811078332	348	1.12639609913318
"rs1957968"	0.605176972413944	348	0.797771010566788
"rs913152"	0.605216751764359	348	1.19070436343823
"rs914198"	0.605216751764361	348	1.19070436343823
"rs913137"	0.605216751764378	348	1.19070436343822
"rs1299530"	0.605218866506868	348	1.08578424279158
"rs1299531"	0.605218866506868	348	1.08578424279158
"rs1299532"	0.605218866506868	348	1.08578424279158
"rs1053534"	0.605229707160947	348	0.803021719737223
"rs150820"	0.605238410046502	348	1.07453772680681
"rs1293602"	0.605246761630279	348	1.11949097165052
"rs1711969"	0.605248867632176	348	1.10213587868592
"rs1711991"	0.605248867632176	348	1.10213587868592
"rs1711996"	0.605248867632176	348	1.10213587868592
"rs1712000"	0.605248867632176	348	1.10213587868592
"rs1712001"	0.605248867632176	348	1.10213587868592
"rs255399"	0.605317238644899	348	1.15808392033002
"rs2007150"	0.605326623110082	348	1.11858110060617
"rs942718"	0.605341364435357	348	1.2159953126906
"rs578522"	0.60534197890424	348	0.85937940910536
"rs578526"	0.60534197890424	348	0.85937940910536
"rs578676"	0.60534197890424	348	0.85937940910536
"rs145315"	0.605392832150586	348	1.05674852516251
"rs145324"	0.605392832150586	348	1.05674852516251
"rs145327"	0.605392832150586	348	1.05674852516251
"rs303647"	0.60544751496477	348	5.00107685705443
"rs37868"	0.605472028117866	348	1.12035287002508
"rs777285"	0.605525675224693	348	0.881452371809685
"rs683640"	0.605552165302451	348	1.09681570774977
"rs1767488"	0.605583084854177	348	1.11783755779888
"rs2097410"	0.605588316585584	348	0.876745085528527
"rs568992"	0.605597040485228	348	1.04616515709083
"rs330242"	0.605620995822559	348	0.869917153511643
"rs343359"	0.60566271031584	348	0.853365669662357
"rs343625"	0.60566271031584	348	0.853365669662357
"rs1768402"	0.605703760798915	348	1.12302939112266
"rs1962374"	0.605748597553943	348	0.892221513854314
"rs1489451"	0.605755520717795	348	1.04518772465703
"rs1789858"	0.605768517457659	348	0.910750333521661
"rs1789922"	0.605768517457659	348	0.910750333521661
"rs674152"	0.605769976609023	348	1.15076809414583
"rs1900814"	0.605781573481838	348	0.886204807024676
"rs1546296"	0.60582097206226	348	0.913760196178779
"rs2145540"	0.605846676463335	348	1.23283643543016
"rs1759581"	0.605897240242903	348	0.924808271113809
"rs821777"	0.605913973523839	348	0.688842522036504
"rs911777"	0.605941026508239	348	1.09793525289391
"rs1744379"	0.605977799349581	348	0.869168909174767
"rs1734202"	0.606005224564301	348	1.13605464239626
"rs854521"	0.606124474382809	348	0.891632141972292
"rs2117200"	0.60614419430239	348	0.929823982117171
"rs787623"	0.606163576529942	348	0.882674165909062
"rs787643"	0.606163576529942	348	0.882674165909062
"rs787646"	0.606163576529942	348	0.882674165909062
"rs787649"	0.606163576529942	348	0.882674165909062
"rs787670"	0.606163576529942	348	0.882674165909062
"rs787676"	0.606163576529942	348	0.882674165909062
"rs787679"	0.606163576529942	348	0.882674165909062
"rs787683"	0.606163576529942	348	0.882674165909062
"rs787685"	0.606163576529942	348	0.882674165909062
"rs787688"	0.606163576529942	348	0.882674165909062
"rs1471035"	0.60620413344593	348	1.09543161119824
"rs1461333"	0.606216398395616	348	1.09839213959731
"rs1645556"	0.60622615963812	348	1.120569910291
"rs1645558"	0.60622615963812	348	1.120569910291
"rs1740423"	0.606275232693944	348	0.908358295411397
"rs165730"	0.606303443320173	348	1.07158968438584
"rs465708"	0.606346897188698	348	0.88492283752981
"rs465903"	0.606346897188698	348	0.88492283752981
"rs465936"	0.606346897188698	348	0.88492283752981
"rs466101"	0.606346897188698	348	0.88492283752981
"rs1674597"	0.606493000907212	348	0.844088646847353
"rs96545"	0.606526427918028	348	1.1394195862573
"rs1963570"	0.606547337988345	348	1.08057698796968
"rs784998"	0.606580983928558	348	0.966766238789788
"rs1609767"	0.606702583907836	348	1.09355479303906
"rs1561508"	0.606745687021249	348	1.04095987365961
"rs2120562"	0.606749438774239	348	0.902844836603895
"rs824755"	0.606759007289451	348	1.13897276319183
"rs987125"	0.606761067133391	348	0.840487704923407
"rs987237"	0.606761067133391	348	0.840487704923407
"rs986260"	0.606769305371685	348	0.938313107720488
"rs839904"	0.606784156518665	348	0.860590022178888
"rs1635288"	0.606813921863383	348	1.1163269496395
"rs2145473"	0.606816532489243	348	1.23078192455603
"rs1949052"	0.606828201259943	348	0.873498181980281
"rs886765"	0.606850858932998	348	1.18462380682986
"rs1791931"	0.606892820282499	348	1.11818045001512
"rs1167642"	0.606916925609884	348	0.94562404684
"rs950941"	0.606968276219081	348	0.945824366662437
"rs239099"	0.607008341279538	348	1.1828925016527
"rs106916"	0.607024288491232	348	1.16636065771927
"rs88509"	0.607079030803546	348	1.11598505844561
"rs2178992"	0.607092451317176	348	1.08292503755415
"rs1562931"	0.607139153440764	348	1.23547988342302
"rs1563031"	0.607139153440765	348	1.23547988342302
"rs1903267"	0.607139153440767	348	1.23547988342301
"rs2027600"	0.607139153440767	348	1.23547988342301
"rs565293"	0.607159355016426	348	0.950715923159062
"rs565294"	0.607159355016426	348	0.950715923159062
"rs565296"	0.607159355016426	348	0.950715923159062
"rs1817885"	0.607200155831671	348	0.83469378118157
"rs942868"	0.607215846455087	348	0.869406623352096
"rs820056"	0.607229054178645	348	1.12224376111977
"rs1488887"	0.607230194242383	348	0.964080723917858
"rs928908"	0.607240295939726	348	0.927784475271395
"rs1777314"	0.607260916511204	348	1.07286277712629
"rs1930555"	0.607290789692827	348	0.910672665282588
"rs1579304"	0.607305190611654	348	0.914266688203071
"rs1579308"	0.607305190611654	348	0.914266688203071
"rs127152"	0.607312962181631	348	0.912572753474916
"rs1961506"	0.60734942266427	348	0.934823501410929
"rs2164403"	0.607386816148175	348	0.933372491021322
"rs341599"	0.607388222296565	348	0.853137947908629
"rs843724"	0.607391063811327	348	0.891990130848144
"rs2047583"	0.607392726583127	348	0.919872036128096
"rs1735485"	0.607424093964119	348	1.07102951505103
"rs1589695"	0.60742626479832	348	0.888123338945073
"rs545941"	0.607443299829684	348	0.862231589375381
"rs545953"	0.607443299829684	348	0.862231589375381
"rs545954"	0.607443299829684	348	0.862231589375381
"rs1932990"	0.607446609090089	348	1.09512787915196
"rs548222"	0.607455003963602	348	1.10600977716262
"rs288015"	0.607460249814957	348	1.16004837572107
"rs288403"	0.607460249814957	348	1.16004837572107
"rs158725"	0.607461445410323	348	0.90029091897403
"rs2147530"	0.607544757823964	348	1.04685332296204
"rs1167763"	0.607586832108637	348	0.957504524090761
"rs100783"	0.607619810778974	348	0.768603882439642
"rs1816371"	0.607630645602679	348	1.26630353299451
"rs399404"	0.607644396611216	348	1.11490665831779
"rs1647939"	0.607652923591655	348	1.08705606682164
"rs1015617"	0.607673208649917	348	0.873652915001942
"rs1599041"	0.607679360005102	348	1.12491241509255
"rs129215"	0.60767941474451	348	0.921763474169815
"rs2058363"	0.607733384220988	348	0.68563176588387
"rs1917421"	0.607748749075652	348	0.888247187778887
"rs473530"	0.607762409691022	348	0.775871174324861
"rs473533"	0.607762409691022	348	0.775871174324861
"rs473536"	0.607762409691022	348	0.775871174324861
"rs2099984"	0.607794221063193	348	0.836809475923693
"rs885609"	0.607818080904002	348	0.804097916628001
"rs914465"	0.607935949032657	348	1.13379872311716
"rs1648140"	0.60794443045613	348	0.913667749155244
"rs1774042"	0.607951752095591	348	1.08547721210765
"rs1782969"	0.608060588074849	348	1.07227322079896
"rs906711"	0.608062195488459	348	0.872742108139138
"rs906714"	0.608062195488459	348	0.872742108139138
"rs275360"	0.608071921491087	348	1.08412283912195
"rs2118271"	0.608092636838397	348	1.07439775105297
"rs408848"	0.608097433582768	348	0.89482225500328
"rs132532"	0.608099525870124	348	0.902485485642143
"rs1564507"	0.6081023091237	348	0.907396971730748
"rs1962369"	0.608132168595064	348	0.899400938643295
"rs1962377"	0.608132168595064	348	0.899400938643295
"rs1962380"	0.608132168595064	348	0.899400938643295
"rs1962392"	0.608132168595064	348	0.899400938643295
"rs1962395"	0.608132168595064	348	0.899400938643295
"rs1962402"	0.608132168595064	348	0.899400938643295
"rs1335796"	0.608147693184711	348	1.08281324634336
"rs166829"	0.608155712876421	348	0.915324177630501
"rs1880968"	0.60826532199231	348	1.14270246939504
"rs1931038"	0.608298255521941	348	0.891641978000644
"rs828992"	0.608301083395317	348	1.25210896626892
"rs828433"	0.608301083395318	348	1.25210896626892
"rs828825"	0.608301083395318	348	1.25210896626892
"rs829069"	0.608301083395318	348	1.25210896626892
"rs430534"	0.608342816620909	348	0.887032853396842
"rs430562"	0.608342816620909	348	0.887032853396842
"rs890947"	0.60838667695483	348	1.04883941377241
"rs2091081"	0.608405701290506	348	1.12391887203068
"rs190364"	0.608460017839011	348	1.19871958969914
"rs1665816"	0.608486304904406	348	0.871257058936107
"rs1666755"	0.608486304904406	348	0.871257058936107
"rs615731"	0.608503054944253	348	0.90946815668558
"rs85438"	0.60855911248692	348	0.916253495992589
"rs1647551"	0.60859851227372	348	1.10649005386177
"rs1647559"	0.60859851227372	348	1.10649005386177
"rs1647561"	0.60859851227372	348	1.10649005386177
"rs1647562"	0.60859851227372	348	1.10649005386177
"rs732198"	0.608599209878758	348	1.19441818962402
"rs1359926"	0.60861539858591	348	1.06393482332102
"rs2146939"	0.608638851136695	348	1.22946456722999
"rs1610040"	0.608661931179572	348	0.898117826057925
"rs617206"	0.608670317793794	348	0.863890413730233
"rs1964905"	0.608680680550852	348	0.665113741536363
"rs1964908"	0.608680680550852	348	0.665113741536363
"rs818250"	0.608722261750816	348	0.935432650380946
"rs818187"	0.608722261750819	348	0.935432650380947
"rs818214"	0.608722261750819	348	0.935432650380947
"rs818232"	0.608722261750819	348	0.935432650380947
"rs818235"	0.608722261750819	348	0.935432650380947
"rs818238"	0.608722261750819	348	0.935432650380947
"rs1645379"	0.608773039167477	348	0.90342866165967
"rs1645388"	0.608773039167477	348	0.90342866165967
"rs880016"	0.608778544964323	348	0.86980973129418
"rs397009"	0.60877986445516	348	0.843100542610728
"rs994818"	0.608800252254692	348	0.828776555769589
"rs994823"	0.608800252254692	348	0.828776555769589
"rs994826"	0.608800252254692	348	0.828776555769589
"rs1169396"	0.608845287496666	348	0.904438665318876
"rs1166407"	0.608869824379516	348	0.929001334084814
"rs471186"	0.608870611829166	348	1.10733166108951
"rs2145952"	0.608876937093793	348	1.23003080676636
"rs931129"	0.608880704183138	348	0.917837612044046
"rs354144"	0.60888929004245	348	0.690069953425019
"rs1846678"	0.608909917263205	348	1.10896532068396
"rs1846837"	0.608909917263205	348	1.10896532068396
"rs1846918"	0.608909917263205	348	1.10896532068396
"rs1846994"	0.608909917263205	348	1.10896532068396
"rs1847028"	0.608909917263205	348	1.10896532068396
"rs1118161"	0.608932248477531	348	1.11782668025315
"rs1118184"	0.608932248477531	348	1.11782668025315
"rs846128"	0.608969003055529	348	0.924790407204483
"rs846134"	0.608969003055529	348	0.924790407204483
"rs846152"	0.608969003055529	348	0.924790407204483
"rs845998"	0.608969003055532	348	0.924790407204482
"rs350462"	0.608972988423489	348	1.14754109577475
"rs574670"	0.608974181380803	348	1.14048728280794
"rs574672"	0.608974181380803	348	1.14048728280794
"rs574673"	0.608974181380803	348	1.14048728280794
"rs783194"	0.608991944261838	348	0.783713888259458
"rs1886563"	0.609032892644645	348	1.50980942689242
"rs1644516"	0.609037561895831	348	1.22037436559729
"rs1774462"	0.609037561895831	348	1.22037436559729
"rs214169"	0.609037561895835	348	1.22037436559729
"rs406401"	0.609041069213947	348	1.09636390992599
"rs2146669"	0.609048517415345	348	1.23495589960186
"rs336354"	0.609069465137349	348	1.14587022612039
"rs104372"	0.6091096931874	348	1.12338836562313
"rs1666861"	0.60912670714728	348	0.816422017996687
"rs297531"	0.60914349180925	348	1.2127374749183
"rs157956"	0.609157803447899	348	1.14582819259888
"rs226150"	0.609186319325645	348	0.886753601207682
"rs226159"	0.609186319325645	348	0.886753601207682
"rs2059421"	0.609205300893424	348	1.13177802834631
"rs564120"	0.609210042608215	348	0.887681108046134
"rs736850"	0.609214487436864	348	0.845478799379774
"rs190774"	0.609220168910135	348	1.51119274386493
"rs1057665"	0.609232795449863	348	1.1148826520035
"rs1057668"	0.609232795449863	348	1.1148826520035
"rs1057671"	0.609232795449863	348	1.1148826520035
"rs252520"	0.609244008836936	348	0.904252117715533
"rs417217"	0.609256390978248	348	0.902451867753273
"rs417227"	0.609256390978248	348	0.902451867753273
"rs181446"	0.609271133417484	348	1.11501786516235
"rs154959"	0.609345211317948	348	0.693869134008447
"rs462154"	0.609350653567642	348	0.887428481087666
"rs623186"	0.609396645801449	348	1.0948485715882
"rs623187"	0.609396645801449	348	1.0948485715882
"rs738966"	0.60944885830129	348	0.903851615133581
"rs460560"	0.609499540966033	348	1.13414710020912
"rs1806860"	0.609552782642685	348	1.10970888599792
"rs2159214"	0.6095570283921	348	0.922364569777158
"rs405749"	0.609567370962431	348	0.845279115048623
"rs1167645"	0.609592989897225	348	0.919646644899477
"rs1075031"	0.609606093838471	348	0.9048850983396
"rs1619612"	0.609611850167665	348	1.0748863874274
"rs1619614"	0.609611850167667	348	1.0748863874274
"rs1619615"	0.609611850167667	348	1.0748863874274
"rs1117353"	0.609613900024396	348	0.836300612446618
"rs1117356"	0.609613900024396	348	0.836300612446618
"rs1319175"	0.609670392631088	348	1.13595232781749
"rs746568"	0.609674669569519	348	0.903802273473568
"rs603392"	0.609689455834732	348	0.879649267472196
"rs240319"	0.609704304616749	348	0.881441378737291
"rs729903"	0.609754901636437	348	0.800503976648248
"rs827141"	0.609784938908667	348	1.07812330550126
"rs827158"	0.609784938908667	348	1.07812330550126
"rs827159"	0.609784938908667	348	1.07812330550126
"rs827163"	0.609784938908667	348	1.07812330550126
"rs827135"	0.609784938908676	348	1.07812330550126
"rs1291520"	0.609797520498272	348	1.09413197378837
"rs1569078"	0.609815688739918	348	1.10155134206034
"rs145903"	0.609868991698571	348	1.08403611366832
"rs1782245"	0.609879528640076	348	0.926527542935469
"rs650157"	0.609903359559054	348	0.885421937929741
"rs1891926"	0.609917612009822	348	0.846470485719518
"rs1008043"	0.609930060887402	348	1.1248393047301
"rs361943"	0.609939700606968	348	1.11664333761714
"rs2189443"	0.609947405348459	348	0.911522142967152
"rs1116147"	0.609953356136558	348	0.925679238377586
"rs1116159"	0.609953356136558	348	0.925679238377586
"rs1116162"	0.609953356136558	348	0.925679238377586
"rs1709915"	0.609956081600641	348	1.09336545386433
"rs2214296"	0.609957033347388	348	1.13781408339764
"rs2153384"	0.609963646522081	348	0.898855661342014
"rs1651412"	0.609985341654656	348	0.8839229556623
"rs1794298"	0.609993711110451	348	0.907628547869215
"rs1795057"	0.609993711110451	348	0.907628547869215
"rs1775331"	0.610025793953248	348	1.10770161053245
"rs1775926"	0.610025793953248	348	1.10770161053245
"rs1035658"	0.610039315841784	348	0.917985665228164
"rs1318778"	0.61004596710219	348	0.854252847446463
"rs1633718"	0.610049666108685	348	0.875372438816007
"rs365275"	0.610088625608267	348	0.883921208718616
"rs306222"	0.610094142661172	348	0.899963632994692
"rs306298"	0.610094142661172	348	0.899963632994692
"rs1357004"	0.610133618644475	348	0.966186423988658
"rs1064059"	0.61019250612054	348	0.884351184753459
"rs1064099"	0.610192506120555	348	0.884351184753464
"rs1438473"	0.610194563157451	348	1.08222963777909
"rs694759"	0.610315496533207	348	0.904763682998396
"rs1707865"	0.610349033212128	348	1.10267812396223
"rs1707877"	0.610349033212128	348	1.10267812396223
"rs494998"	0.610394127678655	348	1.10344530499337
"rs683458"	0.610404535380505	348	0.876244439892347
"rs1965242"	0.610425995962514	348	0.665488952918534
"rs1965299"	0.610425995962514	348	0.665488952918534
"rs1117626"	0.610433839542392	348	0.924577826652433
"rs1084742"	0.610449754962198	348	1.07820981831377
"rs256365"	0.610465283961384	348	1.07712055726936
"rs558063"	0.610500577776726	348	0.91363756917322
"rs1488686"	0.610509613161051	348	1.0407487238331
"rs1488689"	0.610509613161051	348	1.0407487238331
"rs1488691"	0.610509613161051	348	1.0407487238331
"rs1488692"	0.610509613161051	348	1.0407487238331
"rs116197"	0.610512316287369	348	0.937992388141544
"rs402188"	0.610545134315707	348	1.15009728495435
"rs36012"	0.610545778839218	348	1.15494953685711
"rs971418"	0.610566130098817	348	1.18443636383208
"rs392009"	0.610611029809726	348	0.902600673895952
"rs2160942"	0.610619967196706	348	1.08362612802225
"rs1358188"	0.61063128884448	348	1.12204025064535
"rs223574"	0.610673771231582	348	1.11195958068825
"rs223577"	0.610673771231582	348	1.11195958068825
"rs101348"	0.61068833242565	348	0.877632265068942
"rs1662257"	0.610736458839522	348	0.854745213064417
"rs1662260"	0.610736458839522	348	0.854745213064417
"rs1834446"	0.610744335179627	348	0.807505834612138
"rs1808692"	0.610744335179642	348	0.807505834612144
"rs2190756"	0.610744335179649	348	0.807505834612147
"rs2190937"	0.610744335179649	348	0.807505834612147
"rs2190976"	0.610744335179649	348	0.807505834612147
"rs2190978"	0.610744335179649	348	0.807505834612147
"rs895749"	0.610773637552897	348	0.811126896807049
"rs2122805"	0.610776142310162	348	1.09466549479534
"rs225970"	0.610788440255302	348	0.898274913360578
"rs1473691"	0.610862340456689	348	0.873818948923812
"rs62421"	0.61087704700999	348	0.88152486932254
"rs132577"	0.610879919710716	348	1.12243719220269
"rs1640648"	0.610897970463341	348	0.914335847017656
"rs919135"	0.610906809396086	348	0.85990924329693
"rs1086983"	0.610971548335691	348	0.868416386921265
"rs1665464"	0.610988065242295	348	0.874123503695749
"rs158383"	0.610989847800984	348	1.09037201721487
"rs739292"	0.611000244143266	348	0.921092516062935
"rs950966"	0.611025532019522	348	0.946444794337724
"rs807674"	0.61115098844849	348	1.1278848460711
"rs808113"	0.61115098844849	348	1.1278848460711
"rs808202"	0.61115098844849	348	1.1278848460711
"rs808632"	0.61115098844849	348	1.1278848460711
"rs1656424"	0.611210361430797	348	1.09036100100224
"rs1656430"	0.611210361430797	348	1.09036100100224
"rs1656433"	0.611210361430797	348	1.09036100100224
"rs1482021"	0.611218518200849	348	0.912394090053976
"rs1482085"	0.611218518200849	348	0.912394090053976
"rs115677"	0.611225999667972	348	0.938295508842487
"rs2025329"	0.611288407139317	348	0.882969618897928
"rs2025338"	0.611288407139317	348	0.882969618897928
"rs2025340"	0.611288407139317	348	0.882969618897928
"rs2025354"	0.611288407139317	348	0.882969618897928
"rs1962389"	0.611382036761406	348	0.903438341740228
"rs127158"	0.61139955192678	348	0.913346915061011
"rs1862958"	0.611402435119471	348	0.912410533652883
"rs1753251"	0.611402744592679	348	1.0768439071123
"rs82492"	0.611442020267907	348	1.14454979712609
"rs1378277"	0.611451626262243	348	0.90918793197057
"rs1954240"	0.611494198915446	348	1.10488967613891
"rs815665"	0.611540033026544	348	1.10804835283855
"rs815671"	0.611540033026544	348	1.10804835283855
"rs815680"	0.611540033026544	348	1.10804835283855
"rs378247"	0.611575494874272	348	1.13306430341724
"rs1125582"	0.611582423316531	348	1.07920001455468
"rs2057611"	0.611584272323947	348	1.07464232853517
"rs1098473"	0.611590220603831	348	1.31407455249659
"rs442459"	0.611590220603833	348	1.31407455249659
"rs2069316"	0.611590220603833	348	1.31407455249659
"rs2118024"	0.611601783112115	348	0.847682587980841
"rs472307"	0.611610588277096	348	0.905116398470248
"rs1689967"	0.611623772713048	348	1.09487795026367
"rs1739676"	0.611733692656349	348	1.08440102274811
"rs1350868"	0.611736995244872	348	0.673068251159591
"rs1306369"	0.611745100487358	348	1.16046166956994
"rs861049"	0.611747344805346	348	0.926249403462362
"rs1585106"	0.611794926099028	348	0.876947995845467
"rs527064"	0.611799135542018	348	0.889133634812411
"rs1795597"	0.61180415671342	348	0.90810250791699
"rs1116462"	0.611815609681975	348	0.877989871339365
"rs1424715"	0.61182696417391	348	1.14969948813655
"rs129020"	0.611880157817155	348	1.10098084831112
"rs1401051"	0.611914289848806	348	0.695049553061724
"rs902512"	0.611921943416464	348	0.846994505513157
"rs1740293"	0.611927635508448	348	0.908916191974337
"rs253634"	0.611936861005908	348	1.09604593806753
"rs253652"	0.611936861005908	348	1.09604593806753
"rs322578"	0.61194161717516	348	0.902034046527467
"rs1800038"	0.611946652587237	348	0.880847772012509
"rs1739489"	0.611947831696849	348	0.899803248303816
"rs1698995"	0.611954292220527	348	0.907382915224421
"rs1146615"	0.611965272062426	348	1.06511835662819
"rs225422"	0.611982993522948	348	1.04110201712733
"rs1119038"	0.612029953884335	348	1.1276075237332
"rs2149663"	0.612056327405285	348	0.919756612655226
"rs1153735"	0.612067790817294	348	0.917113160494699
"rs1562197"	0.612116225349177	348	0.905184991514345
"rs143269"	0.612147524768426	348	1.07234678711284
"rs501774"	0.612205544191803	348	1.12385054161969
"rs344172"	0.612213295825348	348	0.886852030758104
"rs303543"	0.612265261440514	348	1.16009518109583
"rs1948430"	0.612294694512981	348	1.13634050739942
"rs232311"	0.612327195907127	348	1.16115723355235
"rs536760"	0.612331196934247	348	0.899487299962503
"rs131670"	0.612359295066322	348	1.07773544265156
"rs131673"	0.612359295066322	348	1.07773544265156
"rs1846209"	0.612418375880336	348	1.10770584207286
"rs1846658"	0.612418375880336	348	1.10770584207286
"rs1846750"	0.612418375880336	348	1.10770584207286
"rs1703370"	0.612430408544329	348	1.09234296087702
"rs295274"	0.612437012338309	348	0.817364373246056
"rs303559"	0.612504245122553	348	0.920150126561456
"rs303532"	0.612504245122559	348	0.920150126561457
"rs303569"	0.612504245122567	348	0.920150126561459
"rs869190"	0.612504823161278	348	0.921829295467808
"rs1527683"	0.61252734609848	348	1.13581430875163
"rs1092933"	0.612534674399569	348	0.932159146967536
"rs942835"	0.612552456382957	348	1.14893683855793
"rs835765"	0.612557816661944	348	1.19220593545735
"rs1424129"	0.612575378878211	348	0.890946995992743
"rs584387"	0.612645384270312	348	1.09422377227782
"rs2068143"	0.612660190621491	348	0.890102466417617
"rs2177568"	0.612663469747258	348	1.09091599143693
"rs1777799"	0.612689783490407	348	0.927621479299772
"rs1402751"	0.612723712714994	348	0.901512677409708
"rs1734091"	0.612793526158191	348	1.06589553068831
"rs1399389"	0.612798780671092	348	0.85277195964001
"rs148404"	0.612815836575076	348	0.884512110399164
"rs224741"	0.612837807849231	348	0.891842769636975
"rs224744"	0.612837807849231	348	0.891842769636975
"rs1665880"	0.612839204709036	348	0.872709772122468
"rs1697100"	0.612842724118523	348	0.832028743001139
"rs62855"	0.612851417741763	348	1.10017599921205
"rs2146560"	0.612884921888157	348	1.22662024270157
"rs208894"	0.612942485587308	348	1.08865773643223
"rs811112"	0.612947088161065	348	0.87812634717741
"rs118823"	0.612997077028361	348	1.06692541632012
"rs2026643"	0.613014843575307	348	1.12832930087554
"rs2110983"	0.61302282367382	348	0.933301842340172
"rs1647897"	0.613066006164836	348	1.50414049905878
"rs429925"	0.613078791451913	348	0.87096762273675
"rs1153867"	0.613079843045029	348	0.910071937323189
"rs902462"	0.613108266345321	348	0.867447688960902
"rs902620"	0.613108266345321	348	0.867447688960902
"rs1699451"	0.613116012430283	348	1.09667669830181
"rs1948033"	0.61311938857021	348	0.909618504032792
"rs873496"	0.613128357710389	348	1.09191164634476
"rs823994"	0.613171148077083	348	0.918418657398209
"rs1881186"	0.61320940019213	348	0.906326530916045
"rs1881187"	0.61320940019213	348	0.906326530916045
"rs1881190"	0.61320940019213	348	0.906326530916045
"rs1881203"	0.61320940019213	348	0.906326530916045
"rs1881207"	0.61320940019213	348	0.906326530916045
"rs1881210"	0.61320940019213	348	0.906326530916045
"rs1881211"	0.61320940019213	348	0.906326530916045
"rs1881212"	0.61320940019213	348	0.906326530916045
"rs1881218"	0.61320940019213	348	0.906326530916045
"rs1092885"	0.613395465159824	348	1.13221976089231
"rs653011"	0.613425504904367	348	1.2073901740981
"rs1098069"	0.613431662552747	348	0.878084070999688
"rs1798440"	0.613444736296169	348	0.715354271300126
"rs2212682"	0.613458165730663	348	1.14102150658938
"rs2081194"	0.613483234100512	348	0.868276997425195
"rs2081341"	0.613483234100512	348	0.868276997425195
"rs1324808"	0.613592947702538	348	0.715930271268003
"rs304668"	0.613599672445142	348	1.08076366977237
"rs592043"	0.613610043322715	348	1.10426584805843
"rs903671"	0.613652344686797	348	0.773023064377806
"rs1741996"	0.613656259925979	348	0.908285807430282
"rs1741999"	0.613656259925979	348	0.908285807430282
"rs1742005"	0.613656259925979	348	0.908285807430282
"rs1205615"	0.613657563822421	348	1.03422150787559
"rs1780045"	0.613659053841765	348	1.11354562440288
"rs1713431"	0.613676858457301	348	1.11928122932637
"rs2058043"	0.613696659306551	348	1.10377962816794
"rs2058049"	0.613696659306551	348	1.10377962816794
"rs608089"	0.613787441330693	348	0.711918650374372
"rs1426589"	0.613795467418434	348	0.814415316707992
"rs126537"	0.613823955973952	348	0.907038749585917
"rs1863105"	0.613826864138862	348	0.898884282151325
"rs1892560"	0.613842746717141	348	0.726844696401396
"rs591811"	0.61384430745687	348	0.967544529931029
"rs1801821"	0.613844362431237	348	0.9035995361865
"rs2202627"	0.613849278599104	348	1.19502948273684
"rs116610"	0.613854507372353	348	0.941574697987248
"rs304491"	0.613884345388335	348	0.89422148235917
"rs304494"	0.613884345388335	348	0.89422148235917
"rs1045996"	0.61388621564579	348	0.856371300886967
"rs1741317"	0.613887047483085	348	1.08468972793536
"rs1786639"	0.613887644706687	348	1.14521979100615
"rs415206"	0.613951469687885	348	0.91136967941623
"rs2110589"	0.614014489241862	348	0.915897438726119
"rs359952"	0.614082385040182	348	1.11380679105649
"rs1757752"	0.61409228000363	348	1.10871139069562
"rs1807765"	0.614102458308257	348	0.908716049990321
"rs736892"	0.614133651302855	348	0.84840678133752
"rs1774887"	0.614178213562118	348	0.92615653128994
"rs1357264"	0.614228863133942	348	0.910646232799371
"rs1907108"	0.614235723426126	348	1.14550113368302
"rs623668"	0.614247077383485	348	0.867396472920308
"rs472704"	0.614258315533613	348	1.09039283567496
"rs204802"	0.614267099270128	348	0.908577819462278
"rs811066"	0.614288584546724	348	0.902575107878515
"rs1707946"	0.614306127087314	348	0.885802274795045
"rs1288435"	0.614319354853009	348	0.911248672241477
"rs1288454"	0.614319354853009	348	0.911248672241477
"rs1288465"	0.614319354853009	348	0.911248672241477
"rs1035666"	0.614358479168385	348	0.928756243064258
"rs1011228"	0.614375929934835	348	1.15045243042677
"rs828887"	0.614406296597797	348	1.0880942799336
"rs276690"	0.61443696194672	348	1.15076010436404
"rs972953"	0.614444618801849	348	0.972407046075296
"rs1961698"	0.614446902436375	348	1.10113259677259
"rs210340"	0.614459406634505	348	0.879706290204332
"rs1415920"	0.614484562249663	348	1.10700041630115
"rs1070869"	0.614506411126429	348	0.92559296575689
"rs1354553"	0.614536891310603	348	1.1047238459735
"rs2157785"	0.614556686268374	348	1.08651284042469
"rs683081"	0.614573254313695	348	0.862927190116503
"rs683105"	0.614573254313695	348	0.862927190116503
"rs683108"	0.614573254313695	348	0.862927190116503
"rs2010951"	0.61460372348893	348	0.907327917338298
"rs553030"	0.614614821680892	348	0.904819741472487
"rs329570"	0.614651153850959	348	0.89583000745511
"rs1963692"	0.614656486467121	348	0.888565672976283
"rs967888"	0.614721845979759	348	1.0884844212139
"rs967915"	0.614721845979759	348	1.0884844212139
"rs967918"	0.614721845979759	348	1.0884844212139
"rs2137312"	0.614725381748993	348	1.08599966111601
"rs1573026"	0.614771128558153	348	1.17948979327842
"rs1380921"	0.614820559045069	348	0.862682066266568
"rs1381027"	0.614820559045069	348	0.862682066266568
"rs436002"	0.614830720643983	348	1.07370547250975
"rs299530"	0.61483647934345	348	0.909803462580396
"rs1692541"	0.614839436319259	348	1.09384601873749
"rs798823"	0.614843853897913	348	1.12118206769836
"rs1044363"	0.61485722754804	348	0.894776996753049
"rs881525"	0.614975887292032	348	1.12876836961911
"rs302593"	0.614985807125741	348	0.917006543934644
"rs130551"	0.615074009871926	348	1.19735979762445
"rs574631"	0.615087641579122	348	1.04322023841262
"rs1596099"	0.615087773566731	348	0.893860579546309
"rs1478784"	0.615089294354546	348	0.908997406723173
"rs1902626"	0.615090516392104	348	1.22841136265177
"rs1902670"	0.615090516392105	348	1.22841136265177
"rs1532542"	0.61518644723495	348	1.15041129154934
"rs1317996"	0.615192129005703	348	1.10042745092487
"rs173213"	0.615221647919562	348	1.15775296525415
"rs484839"	0.615224846433731	348	1.18077036829931
"rs713357"	0.615226900641277	348	0.882148752483861
"rs1359969"	0.61524041710077	348	1.0612371256855
"rs1066495"	0.615243017598633	348	1.07899836658178
"rs1066314"	0.615243017598634	348	1.07899836658178
"rs944931"	0.615291406087093	348	0.9350787083159
"rs1346685"	0.615315692035556	348	1.14954378380694
"rs649194"	0.615364317399394	348	1.04721007614532
"rs2105959"	0.615379264805332	348	0.872619173126155
"rs1488902"	0.61538811685375	348	0.96426853871471
"rs1653262"	0.615428825258181	348	0.905237082095061
"rs419143"	0.615508018609456	348	0.905302496965381
"rs699704"	0.615517009791578	348	1.03013762961691
"rs1129348"	0.61552446654592	348	0.915636876877478
"rs952249"	0.615543389024758	348	0.897455982606681
"rs993941"	0.615569928893051	348	0.914538454713258
"rs993944"	0.615569928893051	348	0.914538454713258
"rs993947"	0.615569928893051	348	0.914538454713258
"rs1614064"	0.615572882249436	348	0.903546326859137
"rs440055"	0.615586707942768	348	1.14711571485869
"rs397124"	0.615607840973631	348	0.845182543421553
"rs1013295"	0.615649732552817	348	0.911107173376958
"rs1919415"	0.615656558686429	348	0.868787056492847
"rs1711039"	0.615668083520461	348	1.09881338814952
"rs1710639"	0.615668083520464	348	1.09881338814952
"rs1710764"	0.615668083520467	348	1.09881338814952
"rs1711016"	0.615668083520467	348	1.09881338814952
"rs2159690"	0.615668641924632	348	1.08464790674726
"rs569501"	0.615734962204461	348	0.887103583058396
"rs569502"	0.615734962204461	348	0.887103583058396
"rs569503"	0.615734962204461	348	0.887103583058396
"rs253508"	0.615735627258212	348	0.920846272985238
"rs1906452"	0.615745110113497	348	1.07454066090075
"rs2119853"	0.61575485370526	348	1.06894112079383
"rs1073814"	0.615781874777119	348	1.07026248844861
"rs1962433"	0.615785108976066	348	0.89116657323648
"rs1962437"	0.615785108976066	348	0.89116657323648
"rs611183"	0.615798574794203	348	1.09979919138646
"rs227635"	0.615809618284769	348	1.21333955663196
"rs228907"	0.615809618284769	348	1.21333955663196
"rs2025013"	0.615811580453685	348	0.907763743291562
"rs2025017"	0.615811580453685	348	0.907763743291562
"rs1127929"	0.615840681198494	348	1.0628422948605
"rs1316674"	0.615854048928377	348	0.920492231142347
"rs870552"	0.615865893943579	348	1.17754176406083
"rs132289"	0.615867793851505	348	0.679109043177939
"rs132459"	0.615867793851505	348	0.679109043177939
"rs1076701"	0.615871221238996	348	1.11210325035567
"rs1587312"	0.615908218810929	348	1.0848290312751
"rs1633664"	0.615922279266569	348	0.375560330408099
"rs2192096"	0.615925964107716	348	0.905964070657908
"rs303407"	0.615978563453666	348	1.06341835851486
"rs1844424"	0.615991575180588	348	1.10553621557949
"rs275057"	0.616005511126453	348	0.931915978905847
"rs827816"	0.616057401125517	348	1.07750929915255
"rs598365"	0.616060276288588	348	0.847642233493071
"rs1962704"	0.616061812013115	348	1.13011664307682
"rs485038"	0.616097668709483	348	0.887404684974473
"rs25270"	0.616100332879984	348	1.1972981840423
"rs321145"	0.616110190640465	348	1.15223627053032
"rs1307244"	0.616141280523621	348	0.886140590526831
"rs456737"	0.616148727712189	348	1.11543790524661
"rs127161"	0.616149417201364	348	0.924099005219698
"rs1818950"	0.616239514024655	348	0.88712088768236
"rs1440716"	0.616263480579246	348	0.897773683734065
"rs2114302"	0.616280959001668	348	0.916722828492727
"rs1743265"	0.616288784009409	348	1.11535976665578
"rs517758"	0.616318574726155	348	1.10108215290073
"rs517782"	0.616318574726155	348	1.10108215290073
"rs517787"	0.616318574726155	348	1.10108215290073
"rs517797"	0.616318574726155	348	1.10108215290073
"rs517798"	0.616318574726155	348	1.10108215290073
"rs517803"	0.616318574726155	348	1.10108215290073
"rs517804"	0.616318574726155	348	1.10108215290073
"rs517842"	0.616318574726155	348	1.10108215290073
"rs517851"	0.616318574726155	348	1.10108215290073
"rs517854"	0.616318574726155	348	1.10108215290073
"rs517877"	0.616318574726155	348	1.10108215290073
"rs278553"	0.616337925644826	348	1.07977819140114
"rs664136"	0.616386350690981	348	0.852169983981395
"rs1330330"	0.616428312778182	348	0.923926235784789
"rs322640"	0.616457341848066	348	1.04007287821486
"rs1059641"	0.616467026467261	348	1.13791055286688
"rs1397606"	0.616489692412806	348	0.911009583456926
"rs118122"	0.616520813686442	348	1.03557195347445
"rs304706"	0.616541547010749	348	1.10330823281411
"rs304710"	0.616541547010749	348	1.10330823281411
"rs846123"	0.61655895750638	348	0.92564292910851
"rs704738"	0.616577332330275	348	1.47870216804598
"rs1013717"	0.616579280772505	348	0.858559222495092
"rs295299"	0.616579331596381	348	0.929841110007971
"rs463674"	0.616690194820784	348	1.08861130497993
"rs659921"	0.616772619486547	348	1.24028004321348
"rs807375"	0.61677625704601	348	1.1256638959541
"rs430259"	0.616788820733797	348	0.871890666887179
"rs1742855"	0.616857133970408	348	0.914891960463209
"rs1861585"	0.616858673905276	348	0.824913221340591
"rs1406097"	0.616861618431629	348	1.0950118588942
"rs508801"	0.616881057559144	348	0.692288907843388
"rs1049090"	0.616881057559144	348	0.692288907843388
"rs1592073"	0.616881057559144	348	0.692288907843388
"rs216094"	0.616881057559148	348	0.692288907843381
"rs1387593"	0.616881057559148	348	0.692288907843381
"rs610067"	0.616881057559148	348	0.692288907843389
"rs2055268"	0.616881057559148	348	0.692288907843389
"rs1086154"	0.616881057559151	348	0.692288907843392
"rs955076"	0.616881057559151	348	0.692288907843392
"rs164578"	0.616881057559151	348	0.692288907843391
"rs164626"	0.616881057559151	348	0.692288907843391
"rs1307615"	0.616881057559152	348	0.692288907843392
"rs1307618"	0.616881057559152	348	0.692288907843392
"rs1461580"	0.616881057559152	348	0.692288907843392
"rs175269"	0.616881057559152	348	0.692288907843393
"rs175281"	0.616881057559152	348	0.692288907843393
"rs175284"	0.616881057559152	348	0.692288907843393
"rs175293"	0.616881057559152	348	0.692288907843393
"rs175306"	0.616881057559152	348	0.692288907843393
"rs175317"	0.616881057559152	348	0.692288907843393
"rs175370"	0.616881057559152	348	0.692288907843393
"rs175380"	0.616881057559152	348	0.692288907843393
"rs175388"	0.616881057559152	348	0.692288907843393
"rs175389"	0.616881057559152	348	0.692288907843393
"rs175401"	0.616881057559152	348	0.692288907843393
"rs581994"	0.616881057559153	348	0.692288907843393
"rs1351238"	0.616881057559153	348	0.692288907843393
"rs572462"	0.616881057559153	348	0.692288907843393
"rs2207412"	0.616881057559153	348	0.692288907843393
"rs133050"	0.616881057559154	348	0.692288907843393
"rs838785"	0.616881057559154	348	0.692288907843394
"rs256107"	0.616881057559154	348	0.692288907843394
"rs1308477"	0.616881057559154	348	0.692288907843394
"rs1308488"	0.616881057559154	348	0.692288907843394
"rs1308495"	0.616881057559154	348	0.692288907843394
"rs1308498"	0.616881057559154	348	0.692288907843394
"rs1308519"	0.616881057559154	348	0.692288907843394
"rs2024689"	0.616881057559154	348	0.692288907843394
"rs815965"	0.616881057559155	348	0.692288907843394
"rs816140"	0.616881057559155	348	0.692288907843394
"rs816182"	0.616881057559155	348	0.692288907843394
"rs822072"	0.616881057559155	348	0.692288907843394
"rs822124"	0.616881057559155	348	0.692288907843394
"rs1112260"	0.616881057559155	348	0.692288907843394
"rs1313030"	0.616881057559155	348	0.692288907843394
"rs1326207"	0.616881057559155	348	0.692288907843394
"rs1326217"	0.616881057559155	348	0.692288907843394
"rs1326241"	0.616881057559155	348	0.692288907843394
"rs1326259"	0.616881057559155	348	0.692288907843394
"rs1326268"	0.616881057559155	348	0.692288907843394
"rs1326355"	0.616881057559155	348	0.692288907843394
"rs1326369"	0.616881057559155	348	0.692288907843394
"rs1326421"	0.616881057559155	348	0.692288907843394
"rs1326457"	0.616881057559155	348	0.692288907843394
"rs23146"	0.616881057559156	348	0.692288907843394
"rs23183"	0.616881057559156	348	0.692288907843394
"rs23223"	0.616881057559156	348	0.692288907843394
"rs1350911"	0.616881057559156	348	0.692288907843394
"rs1351066"	0.616881057559156	348	0.692288907843394
"rs105851"	0.616881057559156	348	0.692288907843394
"rs132756"	0.616881057559156	348	0.692288907843394
"rs1103832"	0.616881057559156	348	0.692288907843394
"rs1326352"	0.616881057559156	348	0.692288907843394
"rs1326430"	0.616881057559156	348	0.692288907843394
"rs35202"	0.616881057559157	348	0.692288907843395
"rs50801"	0.616881057559157	348	0.692288907843395
"rs55626"	0.616881057559157	348	0.692288907843395
"rs55827"	0.616881057559157	348	0.692288907843395
"rs58755"	0.616881057559157	348	0.692288907843395
"rs58801"	0.616881057559157	348	0.692288907843395
"rs60397"	0.616881057559157	348	0.692288907843395
"rs73931"	0.616881057559157	348	0.692288907843395
"rs76581"	0.616881057559157	348	0.692288907843395
"rs78790"	0.616881057559157	348	0.692288907843395
"rs84584"	0.616881057559157	348	0.692288907843395
"rs87117"	0.616881057559157	348	0.692288907843395
"rs98253"	0.616881057559157	348	0.692288907843395
"rs98328"	0.616881057559157	348	0.692288907843395
"rs101899"	0.616881057559157	348	0.692288907843395
"rs154873"	0.616881057559157	348	0.692288907843395
"rs155249"	0.616881057559157	348	0.692288907843395
"rs156314"	0.616881057559157	348	0.692288907843395
"rs176100"	0.616881057559157	348	0.692288907843395
"rs176586"	0.616881057559157	348	0.692288907843395
"rs184917"	0.616881057559157	348	0.692288907843395
"rs190403"	0.616881057559157	348	0.692288907843395
"rs190477"	0.616881057559157	348	0.692288907843395
"rs197408"	0.616881057559157	348	0.692288907843395
"rs208471"	0.616881057559157	348	0.692288907843395
"rs209470"	0.616881057559157	348	0.692288907843395
"rs211655"	0.616881057559157	348	0.692288907843395
"rs215111"	0.616881057559157	348	0.692288907843395
"rs216956"	0.616881057559157	348	0.692288907843395
"rs223734"	0.616881057559157	348	0.692288907843395
"rs229629"	0.616881057559157	348	0.692288907843395
"rs230430"	0.616881057559157	348	0.692288907843395
"rs230610"	0.616881057559157	348	0.692288907843395
"rs230657"	0.616881057559157	348	0.692288907843395
"rs231169"	0.616881057559157	348	0.692288907843395
"rs231285"	0.616881057559157	348	0.692288907843395
"rs231802"	0.616881057559157	348	0.692288907843395
"rs232381"	0.616881057559157	348	0.692288907843395
"rs239230"	0.616881057559157	348	0.692288907843395
"rs239284"	0.616881057559157	348	0.692288907843395
"rs256527"	0.616881057559157	348	0.692288907843395
"rs256863"	0.616881057559157	348	0.692288907843395
"rs265875"	0.616881057559157	348	0.692288907843395
"rs329599"	0.616881057559157	348	0.692288907843395
"rs329907"	0.616881057559157	348	0.692288907843395
"rs338601"	0.616881057559157	348	0.692288907843395
"rs340187"	0.616881057559157	348	0.692288907843395
"rs345720"	0.616881057559157	348	0.692288907843395
"rs349040"	0.616881057559157	348	0.692288907843395
"rs349948"	0.616881057559157	348	0.692288907843395
"rs350765"	0.616881057559157	348	0.692288907843395
"rs365544"	0.616881057559157	348	0.692288907843395
"rs367165"	0.616881057559157	348	0.692288907843395
"rs370049"	0.616881057559157	348	0.692288907843395
"rs373704"	0.616881057559157	348	0.692288907843395
"rs374166"	0.616881057559157	348	0.692288907843395
"rs374699"	0.616881057559157	348	0.692288907843395
"rs376026"	0.616881057559157	348	0.692288907843395
"rs380118"	0.616881057559157	348	0.692288907843395
"rs381871"	0.616881057559157	348	0.692288907843395
"rs390073"	0.616881057559157	348	0.692288907843395
"rs394721"	0.616881057559157	348	0.692288907843395
"rs402106"	0.616881057559157	348	0.692288907843395
"rs405580"	0.616881057559157	348	0.692288907843395
"rs406772"	0.616881057559157	348	0.692288907843395
"rs410365"	0.616881057559157	348	0.692288907843395
"rs410540"	0.616881057559157	348	0.692288907843395
"rs423156"	0.616881057559157	348	0.692288907843395
"rs424878"	0.616881057559157	348	0.692288907843395
"rs425867"	0.616881057559157	348	0.692288907843395
"rs427149"	0.616881057559157	348	0.692288907843395
"rs427815"	0.616881057559157	348	0.692288907843395
"rs454537"	0.616881057559157	348	0.692288907843395
"rs461610"	0.616881057559157	348	0.692288907843395
"rs462044"	0.616881057559157	348	0.692288907843395
"rs464599"	0.616881057559157	348	0.692288907843395
"rs465326"	0.616881057559157	348	0.692288907843395
"rs465344"	0.616881057559157	348	0.692288907843395
"rs465413"	0.616881057559157	348	0.692288907843395
"rs468731"	0.616881057559157	348	0.692288907843395
"rs482694"	0.616881057559157	348	0.692288907843395
"rs483365"	0.616881057559157	348	0.692288907843395
"rs483484"	0.616881057559157	348	0.692288907843395
"rs484131"	0.616881057559157	348	0.692288907843395
"rs485696"	0.616881057559157	348	0.692288907843395
"rs485702"	0.616881057559157	348	0.692288907843395
"rs487202"	0.616881057559157	348	0.692288907843395
"rs506024"	0.616881057559157	348	0.692288907843395
"rs507245"	0.616881057559157	348	0.692288907843395
"rs527414"	0.616881057559157	348	0.692288907843395
"rs546570"	0.616881057559157	348	0.692288907843395
"rs551109"	0.616881057559157	348	0.692288907843395
"rs558985"	0.616881057559157	348	0.692288907843395
"rs572829"	0.616881057559157	348	0.692288907843395
"rs575791"	0.616881057559157	348	0.692288907843395
"rs584590"	0.616881057559157	348	0.692288907843395
"rs586555"	0.616881057559157	348	0.692288907843395
"rs591089"	0.616881057559157	348	0.692288907843395
"rs597048"	0.616881057559157	348	0.692288907843395
"rs612416"	0.616881057559157	348	0.692288907843395
"rs614145"	0.616881057559157	348	0.692288907843395
"rs615556"	0.616881057559157	348	0.692288907843395
"rs615573"	0.616881057559157	348	0.692288907843395
"rs616169"	0.616881057559157	348	0.692288907843395
"rs616441"	0.616881057559157	348	0.692288907843395
"rs617515"	0.616881057559157	348	0.692288907843395
"rs618341"	0.616881057559157	348	0.692288907843395
"rs618412"	0.616881057559157	348	0.692288907843395
"rs636692"	0.616881057559157	348	0.692288907843395
"rs637370"	0.616881057559157	348	0.692288907843395
"rs642861"	0.616881057559157	348	0.692288907843395
"rs643167"	0.616881057559157	348	0.692288907843395
"rs643768"	0.616881057559157	348	0.692288907843395
"rs643907"	0.616881057559157	348	0.692288907843395
"rs664017"	0.616881057559157	348	0.692288907843395
"rs674611"	0.616881057559157	348	0.692288907843395
"rs682951"	0.616881057559157	348	0.692288907843395
"rs683577"	0.616881057559157	348	0.692288907843395
"rs699389"	0.616881057559157	348	0.692288907843395
"rs700731"	0.616881057559157	348	0.692288907843395
"rs701529"	0.616881057559157	348	0.692288907843395
"rs701754"	0.616881057559157	348	0.692288907843395
"rs702432"	0.616881057559157	348	0.692288907843395
"rs702704"	0.616881057559157	348	0.692288907843395
"rs703461"	0.616881057559157	348	0.692288907843395
"rs704982"	0.616881057559157	348	0.692288907843395
"rs706063"	0.616881057559157	348	0.692288907843395
"rs714049"	0.616881057559157	348	0.692288907843395
"rs724253"	0.616881057559157	348	0.692288907843395
"rs724332"	0.616881057559157	348	0.692288907843395
"rs725430"	0.616881057559157	348	0.692288907843395
"rs726423"	0.616881057559157	348	0.692288907843395
"rs727148"	0.616881057559157	348	0.692288907843395
"rs727629"	0.616881057559157	348	0.692288907843395
"rs728070"	0.616881057559157	348	0.692288907843395
"rs741101"	0.616881057559157	348	0.692288907843395
"rs745299"	0.616881057559157	348	0.692288907843395
"rs747508"	0.616881057559157	348	0.692288907843395
"rs748227"	0.616881057559157	348	0.692288907843395
"rs751653"	0.616881057559157	348	0.692288907843395
"rs755678"	0.616881057559157	348	0.692288907843395
"rs760858"	0.616881057559157	348	0.692288907843395
"rs761644"	0.616881057559157	348	0.692288907843395
"rs773413"	0.616881057559157	348	0.692288907843395
"rs782981"	0.616881057559157	348	0.692288907843395
"rs795033"	0.616881057559157	348	0.692288907843395
"rs795471"	0.616881057559157	348	0.692288907843395
"rs799036"	0.616881057559157	348	0.692288907843395
"rs800057"	0.616881057559157	348	0.692288907843395
"rs801178"	0.616881057559157	348	0.692288907843395
"rs802065"	0.616881057559157	348	0.692288907843395
"rs802347"	0.616881057559157	348	0.692288907843395
"rs804872"	0.616881057559157	348	0.692288907843395
"rs805266"	0.616881057559157	348	0.692288907843395
"rs805475"	0.616881057559157	348	0.692288907843395
"rs807903"	0.616881057559157	348	0.692288907843395
"rs808137"	0.616881057559157	348	0.692288907843395
"rs810716"	0.616881057559157	348	0.692288907843395
"rs810797"	0.616881057559157	348	0.692288907843395
"rs811789"	0.616881057559157	348	0.692288907843395
"rs839435"	0.616881057559157	348	0.692288907843395
"rs854023"	0.616881057559157	348	0.692288907843395
"rs855858"	0.616881057559157	348	0.692288907843395
"rs858294"	0.616881057559157	348	0.692288907843395
"rs858358"	0.616881057559157	348	0.692288907843395
"rs858372"	0.616881057559157	348	0.692288907843395
"rs858405"	0.616881057559157	348	0.692288907843395
"rs861707"	0.616881057559157	348	0.692288907843395
"rs882762"	0.616881057559157	348	0.692288907843395
"rs910343"	0.616881057559157	348	0.692288907843395
"rs914285"	0.616881057559157	348	0.692288907843395
"rs914363"	0.616881057559157	348	0.692288907843395
"rs915807"	0.616881057559157	348	0.692288907843395
"rs916025"	0.616881057559157	348	0.692288907843395
"rs916475"	0.616881057559157	348	0.692288907843395
"rs917530"	0.616881057559157	348	0.692288907843395
"rs917533"	0.616881057559157	348	0.692288907843395
"rs920309"	0.616881057559157	348	0.692288907843395
"rs920322"	0.616881057559157	348	0.692288907843395
"rs920540"	0.616881057559157	348	0.692288907843395
"rs953379"	0.616881057559157	348	0.692288907843395
"rs964977"	0.616881057559157	348	0.692288907843395
"rs969898"	0.616881057559157	348	0.692288907843395
"rs974043"	0.616881057559157	348	0.692288907843395
"rs983009"	0.616881057559157	348	0.692288907843395
"rs983035"	0.616881057559157	348	0.692288907843395
"rs983113"	0.616881057559157	348	0.692288907843395
"rs983221"	0.616881057559157	348	0.692288907843395
"rs983838"	0.616881057559157	348	0.692288907843395
"rs989447"	0.616881057559157	348	0.692288907843395
"rs989846"	0.616881057559157	348	0.692288907843395
"rs991037"	0.616881057559157	348	0.692288907843395
"rs991419"	0.616881057559157	348	0.692288907843395
"rs991460"	0.616881057559157	348	0.692288907843395
"rs992768"	0.616881057559157	348	0.692288907843395
"rs993432"	0.616881057559157	348	0.692288907843395
"rs993848"	0.616881057559157	348	0.692288907843395
"rs995751"	0.616881057559157	348	0.692288907843395
"rs1000491"	0.616881057559157	348	0.692288907843395
"rs1004630"	0.616881057559157	348	0.692288907843395
"rs1005038"	0.616881057559157	348	0.692288907843395
"rs1011546"	0.616881057559157	348	0.692288907843395
"rs1015662"	0.616881057559157	348	0.692288907843395
"rs1016715"	0.616881057559157	348	0.692288907843395
"rs1019063"	0.616881057559157	348	0.692288907843395
"rs1019468"	0.616881057559157	348	0.692288907843395
"rs1019612"	0.616881057559157	348	0.692288907843395
"rs1020921"	0.616881057559157	348	0.692288907843395
"rs1021086"	0.616881057559157	348	0.692288907843395
"rs1022653"	0.616881057559157	348	0.692288907843395
"rs1062866"	0.616881057559157	348	0.692288907843395
"rs1063170"	0.616881057559157	348	0.692288907843395
"rs1063319"	0.616881057559157	348	0.692288907843395
"rs1065541"	0.616881057559157	348	0.692288907843395
"rs1068947"	0.616881057559157	348	0.692288907843395
"rs1069191"	0.616881057559157	348	0.692288907843395
"rs1069501"	0.616881057559157	348	0.692288907843395
"rs1069992"	0.616881057559157	348	0.692288907843395
"rs1075223"	0.616881057559157	348	0.692288907843395
"rs1076692"	0.616881057559157	348	0.692288907843395
"rs1078434"	0.616881057559157	348	0.692288907843395
"rs1078659"	0.616881057559157	348	0.692288907843395
"rs1079107"	0.616881057559157	348	0.692288907843395
"rs1079125"	0.616881057559157	348	0.692288907843395
"rs1079365"	0.616881057559157	348	0.692288907843395
"rs1083034"	0.616881057559157	348	0.692288907843395
"rs1087264"	0.616881057559157	348	0.692288907843395
"rs1087800"	0.616881057559157	348	0.692288907843395
"rs1088530"	0.616881057559157	348	0.692288907843395
"rs1088718"	0.616881057559157	348	0.692288907843395
"rs1088719"	0.616881057559157	348	0.692288907843395
"rs1089375"	0.616881057559157	348	0.692288907843395
"rs1091936"	0.616881057559157	348	0.692288907843395
"rs1097760"	0.616881057559157	348	0.692288907843395
"rs1098387"	0.616881057559157	348	0.692288907843395
"rs1101975"	0.616881057559157	348	0.692288907843395
"rs1101981"	0.616881057559157	348	0.692288907843395
"rs1101993"	0.616881057559157	348	0.692288907843395
"rs1101996"	0.616881057559157	348	0.692288907843395
"rs1102014"	0.616881057559157	348	0.692288907843395
"rs1102023"	0.616881057559157	348	0.692288907843395
"rs1102029"	0.616881057559157	348	0.692288907843395
"rs1102038"	0.616881057559157	348	0.692288907843395
"rs1102041"	0.616881057559157	348	0.692288907843395
"rs1102044"	0.616881057559157	348	0.692288907843395
"rs1102050"	0.616881057559157	348	0.692288907843395
"rs1104037"	0.616881057559157	348	0.692288907843395
"rs1109425"	0.616881057559157	348	0.692288907843395
"rs1111805"	0.616881057559157	348	0.692288907843395
"rs1113374"	0.616881057559157	348	0.692288907843395
"rs1114964"	0.616881057559157	348	0.692288907843395
"rs1114991"	0.616881057559157	348	0.692288907843395
"rs1115104"	0.616881057559157	348	0.692288907843395
"rs1117448"	0.616881057559157	348	0.692288907843395
"rs1117937"	0.616881057559157	348	0.692288907843395
"rs1117955"	0.616881057559157	348	0.692288907843395
"rs1118299"	0.616881057559157	348	0.692288907843395
"rs1121527"	0.616881057559157	348	0.692288907843395
"rs1126151"	0.616881057559157	348	0.692288907843395
"rs1126391"	0.616881057559157	348	0.692288907843395
"rs1126409"	0.616881057559157	348	0.692288907843395
"rs1126413"	0.616881057559157	348	0.692288907843395
"rs1126474"	0.616881057559157	348	0.692288907843395
"rs1126477"	0.616881057559157	348	0.692288907843395
"rs1126482"	0.616881057559157	348	0.692288907843395
"rs1126501"	0.616881057559157	348	0.692288907843395
"rs1126509"	0.616881057559157	348	0.692288907843395
"rs1126510"	0.616881057559157	348	0.692288907843395
"rs1126513"	0.616881057559157	348	0.692288907843395
"rs1126516"	0.616881057559157	348	0.692288907843395
"rs1128560"	0.616881057559157	348	0.692288907843395
"rs1133401"	0.616881057559157	348	0.692288907843395
"rs1136895"	0.616881057559157	348	0.692288907843395
"rs1137909"	0.616881057559157	348	0.692288907843395
"rs1138364"	0.616881057559157	348	0.692288907843395
"rs1138594"	0.616881057559157	348	0.692288907843395
"rs1138858"	0.616881057559157	348	0.692288907843395
"rs1140055"	0.616881057559157	348	0.692288907843395
"rs1144905"	0.616881057559157	348	0.692288907843395
"rs1148018"	0.616881057559157	348	0.692288907843395
"rs1153224"	0.616881057559157	348	0.692288907843395
"rs1159740"	0.616881057559157	348	0.692288907843395
"rs1161921"	0.616881057559157	348	0.692288907843395
"rs1164552"	0.616881057559157	348	0.692288907843395
"rs1164818"	0.616881057559157	348	0.692288907843395
"rs1164942"	0.616881057559157	348	0.692288907843395
"rs1166371"	0.616881057559157	348	0.692288907843395
"rs1168434"	0.616881057559157	348	0.692288907843395
"rs1168449"	0.616881057559157	348	0.692288907843395
"rs1169060"	0.616881057559157	348	0.692288907843395
"rs1290543"	0.616881057559157	348	0.692288907843395
"rs1291137"	0.616881057559157	348	0.692288907843395
"rs1292272"	0.616881057559157	348	0.692288907843395
"rs1293513"	0.616881057559157	348	0.692288907843395
"rs1293549"	0.616881057559157	348	0.692288907843395
"rs1294325"	0.616881057559157	348	0.692288907843395
"rs1294818"	0.616881057559157	348	0.692288907843395
"rs1295735"	0.616881057559157	348	0.692288907843395
"rs1297825"	0.616881057559157	348	0.692288907843395
"rs1304491"	0.616881057559157	348	0.692288907843395
"rs1305397"	0.616881057559157	348	0.692288907843395
"rs1306238"	0.616881057559157	348	0.692288907843395
"rs1306411"	0.616881057559157	348	0.692288907843395
"rs1306414"	0.616881057559157	348	0.692288907843395
"rs1306440"	0.616881057559157	348	0.692288907843395
"rs1306504"	0.616881057559157	348	0.692288907843395
"rs1306516"	0.616881057559157	348	0.692288907843395
"rs1306519"	0.616881057559157	348	0.692288907843395
"rs1306522"	0.616881057559157	348	0.692288907843395
"rs1306524"	0.616881057559157	348	0.692288907843395
"rs1306525"	0.616881057559157	348	0.692288907843395
"rs1306537"	0.616881057559157	348	0.692288907843395
"rs1306539"	0.616881057559157	348	0.692288907843395
"rs1306540"	0.616881057559157	348	0.692288907843395
"rs1306593"	0.616881057559157	348	0.692288907843395
"rs1306610"	0.616881057559157	348	0.692288907843395
"rs1306611"	0.616881057559157	348	0.692288907843395
"rs1306626"	0.616881057559157	348	0.692288907843395
"rs1306629"	0.616881057559157	348	0.692288907843395
"rs1306656"	0.616881057559157	348	0.692288907843395
"rs1306671"	0.616881057559157	348	0.692288907843395
"rs1306677"	0.616881057559157	348	0.692288907843395
"rs1306704"	0.616881057559157	348	0.692288907843395
"rs1306725"	0.616881057559157	348	0.692288907843395
"rs1306745"	0.616881057559157	348	0.692288907843395
"rs1306811"	0.616881057559157	348	0.692288907843395
"rs1306812"	0.616881057559157	348	0.692288907843395
"rs1306821"	0.616881057559157	348	0.692288907843395
"rs1306830"	0.616881057559157	348	0.692288907843395
"rs1306844"	0.616881057559157	348	0.692288907843395
"rs1306864"	0.616881057559157	348	0.692288907843395
"rs1306865"	0.616881057559157	348	0.692288907843395
"rs1306875"	0.616881057559157	348	0.692288907843395
"rs1306877"	0.616881057559157	348	0.692288907843395
"rs1306884"	0.616881057559157	348	0.692288907843395
"rs1306920"	0.616881057559157	348	0.692288907843395
"rs1306998"	0.616881057559157	348	0.692288907843395
"rs1307007"	0.616881057559157	348	0.692288907843395
"rs1307058"	0.616881057559157	348	0.692288907843395
"rs1307070"	0.616881057559157	348	0.692288907843395
"rs1307129"	0.616881057559157	348	0.692288907843395
"rs1307130"	0.616881057559157	348	0.692288907843395
"rs1307191"	0.616881057559157	348	0.692288907843395
"rs1307226"	0.616881057559157	348	0.692288907843395
"rs1307232"	0.616881057559157	348	0.692288907843395
"rs1307238"	0.616881057559157	348	0.692288907843395
"rs1307265"	0.616881057559157	348	0.692288907843395
"rs1307274"	0.616881057559157	348	0.692288907843395
"rs1307277"	0.616881057559157	348	0.692288907843395
"rs1307289"	0.616881057559157	348	0.692288907843395
"rs1307355"	0.616881057559157	348	0.692288907843395
"rs1307379"	0.616881057559157	348	0.692288907843395
"rs1307382"	0.616881057559157	348	0.692288907843395
"rs1307405"	0.616881057559157	348	0.692288907843395
"rs1307457"	0.616881057559157	348	0.692288907843395
"rs1307459"	0.616881057559157	348	0.692288907843395
"rs1307502"	0.616881057559157	348	0.692288907843395
"rs1307516"	0.616881057559157	348	0.692288907843395
"rs1307537"	0.616881057559157	348	0.692288907843395
"rs1307588"	0.616881057559157	348	0.692288907843395
"rs1307603"	0.616881057559157	348	0.692288907843395
"rs1307611"	0.616881057559157	348	0.692288907843395
"rs1307648"	0.616881057559157	348	0.692288907843395
"rs1307650"	0.616881057559157	348	0.692288907843395
"rs1307651"	0.616881057559157	348	0.692288907843395
"rs1307657"	0.616881057559157	348	0.692288907843395
"rs1307660"	0.616881057559157	348	0.692288907843395
"rs1308401"	0.616881057559157	348	0.692288907843395
"rs1308414"	0.616881057559157	348	0.692288907843395
"rs1308504"	0.616881057559157	348	0.692288907843395
"rs1308537"	0.616881057559157	348	0.692288907843395
"rs1308993"	0.616881057559157	348	0.692288907843395
"rs1309462"	0.616881057559157	348	0.692288907843395
"rs1309913"	0.616881057559157	348	0.692288907843395
"rs1311371"	0.616881057559157	348	0.692288907843395
"rs1312172"	0.616881057559157	348	0.692288907843395
"rs1312388"	0.616881057559157	348	0.692288907843395
"rs1314697"	0.616881057559157	348	0.692288907843395
"rs1315325"	0.616881057559157	348	0.692288907843395
"rs1316366"	0.616881057559157	348	0.692288907843395
"rs1317891"	0.616881057559157	348	0.692288907843395
"rs1321077"	0.616881057559157	348	0.692288907843395
"rs1321080"	0.616881057559157	348	0.692288907843395
"rs1321215"	0.616881057559157	348	0.692288907843395
"rs1323538"	0.616881057559157	348	0.692288907843395
"rs1324940"	0.616881057559157	348	0.692288907843395
"rs1325009"	0.616881057559157	348	0.692288907843395
"rs1326146"	0.616881057559157	348	0.692288907843395
"rs1326285"	0.616881057559157	348	0.692288907843395
"rs1326286"	0.616881057559157	348	0.692288907843395
"rs1326289"	0.616881057559157	348	0.692288907843395
"rs1326295"	0.616881057559157	348	0.692288907843395
"rs1326301"	0.616881057559157	348	0.692288907843395
"rs1326337"	0.616881057559157	348	0.692288907843395
"rs1326340"	0.616881057559157	348	0.692288907843395
"rs1326358"	0.616881057559157	348	0.692288907843395
"rs1326373"	0.616881057559157	348	0.692288907843395
"rs1326385"	0.616881057559157	348	0.692288907843395
"rs1326463"	0.616881057559157	348	0.692288907843395
"rs1326505"	0.616881057559157	348	0.692288907843395
"rs1327955"	0.616881057559157	348	0.692288907843395
"rs1330707"	0.616881057559157	348	0.692288907843395
"rs1331145"	0.616881057559157	348	0.692288907843395
"rs1336520"	0.616881057559157	348	0.692288907843395
"rs1336658"	0.616881057559157	348	0.692288907843395
"rs1337045"	0.616881057559157	348	0.692288907843395
"rs1337572"	0.616881057559157	348	0.692288907843395
"rs1342960"	0.616881057559157	348	0.692288907843395
"rs1344580"	0.616881057559157	348	0.692288907843395
"rs1344994"	0.616881057559157	348	0.692288907843395
"rs1346652"	0.616881057559157	348	0.692288907843395
"rs1346694"	0.616881057559157	348	0.692288907843395
"rs1346976"	0.616881057559157	348	0.692288907843395
"rs1348355"	0.616881057559157	348	0.692288907843395
"rs1349527"	0.616881057559157	348	0.692288907843395
"rs1352389"	0.616881057559157	348	0.692288907843395
"rs1352909"	0.616881057559157	348	0.692288907843395
"rs1353363"	0.616881057559157	348	0.692288907843395
"rs1354550"	0.616881057559157	348	0.692288907843395
"rs1355968"	0.616881057559157	348	0.692288907843395
"rs1358210"	0.616881057559157	348	0.692288907843395
"rs1374989"	0.616881057559157	348	0.692288907843395
"rs1377516"	0.616881057559157	348	0.692288907843395
"rs1378535"	0.616881057559157	348	0.692288907843395
"rs1380371"	0.616881057559157	348	0.692288907843395
"rs1380733"	0.616881057559157	348	0.692288907843395
"rs1380863"	0.616881057559157	348	0.692288907843395
"rs1383972"	0.616881057559157	348	0.692288907843395
"rs1387659"	0.616881057559157	348	0.692288907843395
"rs1387985"	0.616881057559157	348	0.692288907843395
"rs1391740"	0.616881057559157	348	0.692288907843395
"rs1391779"	0.616881057559157	348	0.692288907843395
"rs1391781"	0.616881057559157	348	0.692288907843395
"rs1392103"	0.616881057559157	348	0.692288907843395
"rs1397357"	0.616881057559157	348	0.692288907843395
"rs1400902"	0.616881057559157	348	0.692288907843395
"rs1401178"	0.616881057559157	348	0.692288907843395
"rs1402040"	0.616881057559157	348	0.692288907843395
"rs1403518"	0.616881057559157	348	0.692288907843395
"rs1411723"	0.616881057559157	348	0.692288907843395
"rs1411877"	0.616881057559157	348	0.692288907843395
"rs1414274"	0.616881057559157	348	0.692288907843395
"rs1415280"	0.616881057559157	348	0.692288907843395
"rs1415371"	0.616881057559157	348	0.692288907843395
"rs1415379"	0.616881057559157	348	0.692288907843395
"rs1415380"	0.616881057559157	348	0.692288907843395
"rs1416830"	0.616881057559157	348	0.692288907843395
"rs1417634"	0.616881057559157	348	0.692288907843395
"rs1419123"	0.616881057559157	348	0.692288907843395
"rs1420682"	0.616881057559157	348	0.692288907843395
"rs1421071"	0.616881057559157	348	0.692288907843395
"rs1421090"	0.616881057559157	348	0.692288907843395
"rs1421230"	0.616881057559157	348	0.692288907843395
"rs1421235"	0.616881057559157	348	0.692288907843395
"rs1421452"	0.616881057559157	348	0.692288907843395
"rs1421490"	0.616881057559157	348	0.692288907843395
"rs1422572"	0.616881057559157	348	0.692288907843395
"rs1424338"	0.616881057559157	348	0.692288907843395
"rs1425451"	0.616881057559157	348	0.692288907843395
"rs1429494"	0.616881057559157	348	0.692288907843395
"rs1439416"	0.616881057559157	348	0.692288907843395
"rs1440120"	0.616881057559157	348	0.692288907843395
"rs1447552"	0.616881057559157	348	0.692288907843395
"rs1448255"	0.616881057559157	348	0.692288907843395
"rs1449537"	0.616881057559157	348	0.692288907843395
"rs1449973"	0.616881057559157	348	0.692288907843395
"rs1457341"	0.616881057559157	348	0.692288907843395
"rs1458510"	0.616881057559157	348	0.692288907843395
"rs1460630"	0.616881057559157	348	0.692288907843395
"rs1461086"	0.616881057559157	348	0.692288907843395
"rs1461719"	0.616881057559157	348	0.692288907843395
"rs1478272"	0.616881057559157	348	0.692288907843395
"rs1479185"	0.616881057559157	348	0.692288907843395
"rs1480532"	0.616881057559157	348	0.692288907843395
"rs1481109"	0.616881057559157	348	0.692288907843395
"rs1482660"	0.616881057559157	348	0.692288907843395
"rs1482687"	0.616881057559157	348	0.692288907843395
"rs1482690"	0.616881057559157	348	0.692288907843395
"rs1482717"	0.616881057559157	348	0.692288907843395
"rs1485776"	0.616881057559157	348	0.692288907843395
"rs1536045"	0.616881057559157	348	0.692288907843395
"rs1536712"	0.616881057559157	348	0.692288907843395
"rs1536881"	0.616881057559157	348	0.692288907843395
"rs1539352"	0.616881057559157	348	0.692288907843395
"rs1541802"	0.616881057559157	348	0.692288907843395
"rs1542170"	0.616881057559157	348	0.692288907843395
"rs1545549"	0.616881057559157	348	0.692288907843395
"rs1555240"	0.616881057559157	348	0.692288907843395
"rs1556538"	0.616881057559157	348	0.692288907843395
"rs1562824"	0.616881057559157	348	0.692288907843395
"rs1563612"	0.616881057559157	348	0.692288907843395
"rs1565040"	0.616881057559157	348	0.692288907843395
"rs1565700"	0.616881057559157	348	0.692288907843395
"rs1573519"	0.616881057559157	348	0.692288907843395
"rs1573735"	0.616881057559157	348	0.692288907843395
"rs1576958"	0.616881057559157	348	0.692288907843395
"rs1580468"	0.616881057559157	348	0.692288907843395
"rs1583579"	0.616881057559157	348	0.692288907843395
"rs1587322"	0.616881057559157	348	0.692288907843395
"rs1587471"	0.616881057559157	348	0.692288907843395
"rs1587832"	0.616881057559157	348	0.692288907843395
"rs1588305"	0.616881057559157	348	0.692288907843395
"rs1588680"	0.616881057559157	348	0.692288907843395
"rs1592123"	0.616881057559157	348	0.692288907843395
"rs1592367"	0.616881057559157	348	0.692288907843395
"rs1603131"	0.616881057559157	348	0.692288907843395
"rs1603248"	0.616881057559157	348	0.692288907843395
"rs1603426"	0.616881057559157	348	0.692288907843395
"rs1603603"	0.616881057559157	348	0.692288907843395
"rs1604821"	0.616881057559157	348	0.692288907843395
"rs1606910"	0.616881057559157	348	0.692288907843395
"rs1607941"	0.616881057559157	348	0.692288907843395
"rs1609724"	0.616881057559157	348	0.692288907843395
"rs1610361"	0.616881057559157	348	0.692288907843395
"rs1616911"	0.616881057559157	348	0.692288907843395
"rs1621293"	0.616881057559157	348	0.692288907843395
"rs1624795"	0.616881057559157	348	0.692288907843395
"rs1643729"	0.616881057559157	348	0.692288907843395
"rs1644272"	0.616881057559157	348	0.692288907843395
"rs1652557"	0.616881057559157	348	0.692288907843395
"rs1654043"	0.616881057559157	348	0.692288907843395
"rs1657293"	0.616881057559157	348	0.692288907843395
"rs1657324"	0.616881057559157	348	0.692288907843395
"rs1657786"	0.616881057559157	348	0.692288907843395
"rs1657787"	0.616881057559157	348	0.692288907843395
"rs1661899"	0.616881057559157	348	0.692288907843395
"rs1671408"	0.616881057559157	348	0.692288907843395
"rs1675203"	0.616881057559157	348	0.692288907843395
"rs1675209"	0.616881057559157	348	0.692288907843395
"rs1675213"	0.616881057559157	348	0.692288907843395
"rs1676029"	0.616881057559157	348	0.692288907843395
"rs1679333"	0.616881057559157	348	0.692288907843395
"rs1690505"	0.616881057559157	348	0.692288907843395
"rs1693083"	0.616881057559157	348	0.692288907843395
"rs1736493"	0.616881057559157	348	0.692288907843395
"rs1737085"	0.616881057559157	348	0.692288907843395
"rs1750326"	0.616881057559157	348	0.692288907843395
"rs1751755"	0.616881057559157	348	0.692288907843395
"rs1752522"	0.616881057559157	348	0.692288907843395
"rs1779207"	0.616881057559157	348	0.692288907843395
"rs1796229"	0.616881057559157	348	0.692288907843395
"rs1798394"	0.616881057559157	348	0.692288907843395
"rs1798731"	0.616881057559157	348	0.692288907843395
"rs1801982"	0.616881057559157	348	0.692288907843395
"rs1802278"	0.616881057559157	348	0.692288907843395
"rs1822184"	0.616881057559157	348	0.692288907843395
"rs1828164"	0.616881057559157	348	0.692288907843395
"rs1848573"	0.616881057559157	348	0.692288907843395
"rs1864045"	0.616881057559157	348	0.692288907843395
"rs1874076"	0.616881057559157	348	0.692288907843395
"rs1880931"	0.616881057559157	348	0.692288907843395
"rs1883397"	0.616881057559157	348	0.692288907843395
"rs1885088"	0.616881057559157	348	0.692288907843395
"rs1888968"	0.616881057559157	348	0.692288907843395
"rs1891004"	0.616881057559157	348	0.692288907843395
"rs1922058"	0.616881057559157	348	0.692288907843395
"rs1929289"	0.616881057559157	348	0.692288907843395
"rs1940476"	0.616881057559157	348	0.692288907843395
"rs1941724"	0.616881057559157	348	0.692288907843395
"rs1942549"	0.616881057559157	348	0.692288907843395
"rs1943034"	0.616881057559157	348	0.692288907843395
"rs1944095"	0.616881057559157	348	0.692288907843395
"rs1944104"	0.616881057559157	348	0.692288907843395
"rs1944107"	0.616881057559157	348	0.692288907843395
"rs1944116"	0.616881057559157	348	0.692288907843395
"rs1944134"	0.616881057559157	348	0.692288907843395
"rs1944137"	0.616881057559157	348	0.692288907843395
"rs1948342"	0.616881057559157	348	0.692288907843395
"rs1948348"	0.616881057559157	348	0.692288907843395
"rs1948874"	0.616881057559157	348	0.692288907843395
"rs1949498"	0.616881057559157	348	0.692288907843395
"rs1949681"	0.616881057559157	348	0.692288907843395
"rs1952238"	0.616881057559157	348	0.692288907843395
"rs1963204"	0.616881057559157	348	0.692288907843395
"rs1998722"	0.616881057559157	348	0.692288907843395
"rs1999289"	0.616881057559157	348	0.692288907843395
"rs2018719"	0.616881057559157	348	0.692288907843395
"rs2037860"	0.616881057559157	348	0.692288907843395
"rs2041383"	0.616881057559157	348	0.692288907843395
"rs2042255"	0.616881057559157	348	0.692288907843395
"rs2054782"	0.616881057559157	348	0.692288907843395
"rs2055109"	0.616881057559157	348	0.692288907843395
"rs2056831"	0.616881057559157	348	0.692288907843395
"rs2057049"	0.616881057559157	348	0.692288907843395
"rs2059857"	0.616881057559157	348	0.692288907843395
"rs2065866"	0.616881057559157	348	0.692288907843395
"rs2071451"	0.616881057559157	348	0.692288907843395
"rs2071960"	0.616881057559157	348	0.692288907843395
"rs2072257"	0.616881057559157	348	0.692288907843395
"rs2074643"	0.616881057559157	348	0.692288907843395
"rs2075584"	0.616881057559157	348	0.692288907843395
"rs2088015"	0.616881057559157	348	0.692288907843395
"rs2187429"	0.616881057559157	348	0.692288907843395
"rs2188060"	0.616881057559157	348	0.692288907843395
"rs2189166"	0.616881057559157	348	0.692288907843395
"rs2199182"	0.616881057559157	348	0.692288907843395
"rs2204603"	0.616881057559157	348	0.692288907843395
"rs2205773"	0.616881057559157	348	0.692288907843395
"rs2207237"	0.616881057559157	348	0.692288907843395
"rs2212254"	0.616881057559157	348	0.692288907843395
"rs2213855"	0.616881057559157	348	0.692288907843395
"rs2214697"	0.616881057559157	348	0.692288907843395
"rs2217412"	0.616881057559157	348	0.692288907843395
"rs853546"	0.616881057559157	348	0.692288907843395
"rs1351342"	0.616881057559157	348	0.692288907843395
"rs164425"	0.616881057559158	348	0.692288907843396
"rs164569"	0.616881057559158	348	0.692288907843396
"rs164618"	0.616881057559158	348	0.692288907843396
"rs165209"	0.616881057559158	348	0.692288907843396
"rs557799"	0.616881057559158	348	0.692288907843396
"rs1127729"	0.616881057559158	348	0.692288907843396
"rs1141416"	0.616881057559158	348	0.692288907843396
"rs1141437"	0.616881057559158	348	0.692288907843396
"rs1141439"	0.616881057559158	348	0.692288907843396
"rs1318980"	0.616881057559158	348	0.692288907843396
"rs967734"	0.616881057559159	348	0.692288907843395
"rs2213635"	0.616881057559162	348	0.692288907843397
"rs914906"	0.616881057559167	348	0.6922889078434
"rs262785"	0.616881057559179	348	0.692288907843412
"rs347372"	0.616881057559179	348	0.692288907843412
"rs1164686"	0.616881057559179	348	0.692288907843412
"rs1164728"	0.616881057559179	348	0.692288907843412
"rs1164731"	0.616881057559179	348	0.692288907843412
"rs1890458"	0.616881057559179	348	0.692288907843412
"rs1350573"	0.616881057559194	348	0.010308012172728
"rs483883"	0.616881057559198	348	0.0454517514888638
"rs751630"	0.616908819918812	348	0.859719910630764
"rs487737"	0.616921619406461	348	1.0975416165651
"rs1899182"	0.616952975233548	348	1.17773768042971
"rs100354"	0.617018881747538	348	0.918605045545929
"rs1422061"	0.617025237001863	348	0.87220172908534
"rs1568981"	0.617097469315866	348	1.07605318348199
"rs2163512"	0.617100609064137	348	1.0626787635385
"rs1060761"	0.617106651847187	348	0.852402106422481
"rs1060787"	0.617106651847187	348	0.852402106422481
"rs729763"	0.617152341457369	348	0.804180570409225
"rs729802"	0.617152341457369	348	0.804180570409225
"rs729860"	0.617152341457369	348	0.804180570409225
"rs729900"	0.617152341457369	348	0.804180570409225
"rs729901"	0.617152341457369	348	0.804180570409225
"rs729925"	0.617152341457369	348	0.804180570409225
"rs729926"	0.617152341457369	348	0.804180570409225
"rs2133683"	0.61715698472683	348	1.20410906969521
"rs114594"	0.617164328670077	348	1.04687193675121
"rs1620141"	0.617186541459727	348	0.889157382825726
"rs1828000"	0.617190998687063	348	1.21740670817725
"rs1828005"	0.617190998687063	348	1.21740670817725
"rs2121897"	0.617215215000582	348	1.04436729527668
"rs1734065"	0.617242264397445	348	1.05328668532599
"rs1585099"	0.617292314901269	348	0.878737261051373
"rs1774975"	0.617306918608515	348	1.21613984185845
"rs237017"	0.61730691860852	348	1.21613984185844
"rs723887"	0.617309228511391	348	1.16381519562064
"rs816257"	0.617311200863747	348	0.920849485642805
"rs1094572"	0.617349380647037	348	0.896226351160403
"rs1094632"	0.617349380647052	348	0.896226351160407
"rs254703"	0.617381966973461	348	0.911422748684719
"rs1858012"	0.617423645779967	348	1.21767859163639
"rs1488693"	0.617441740154908	348	1.03864539727014
"rs1715034"	0.61744210316349	348	1.09056224791711
"rs1715042"	0.61744210316349	348	1.09056224791711
"rs1715061"	0.61744210316349	348	1.09056224791711
"rs1715078"	0.61744210316349	348	1.09056224791711
"rs1715094"	0.61744210316349	348	1.09056224791711
"rs1715121"	0.61744210316349	348	1.09056224791711
"rs1715124"	0.61744210316349	348	1.09056224791711
"rs1715159"	0.61744210316349	348	1.09056224791711
"rs1715160"	0.61744210316349	348	1.09056224791711
"rs1715164"	0.61744210316349	348	1.09056224791711
"rs1715171"	0.61744210316349	348	1.09056224791711
"rs1715172"	0.61744210316349	348	1.09056224791711
"rs1715207"	0.61744210316349	348	1.09056224791711
"rs831823"	0.617447830910786	348	0.804693472995389
"rs928937"	0.617474671164678	348	0.929537316549093
"rs608179"	0.617481437889835	348	1.09710544387259
"rs507795"	0.617509832103185	348	1.0779951858686
"rs148824"	0.617548104581344	348	1.04906627625691
"rs823540"	0.617550865459568	348	0.906372773506055
"rs823543"	0.617550865459568	348	0.906372773506055
"rs823546"	0.617550865459568	348	0.906372773506055
"rs823549"	0.617550865459568	348	0.906372773506055
"rs823555"	0.617550865459568	348	0.906372773506055
"rs718076"	0.617560988511992	348	1.09153339551685
"rs542463"	0.617576207963926	348	1.12168680284175
"rs1844189"	0.617630071178091	348	1.10574700393192
"rs1844406"	0.617630071178091	348	1.10574700393192
"rs1844740"	0.617630071178091	348	1.10574700393192
"rs1845355"	0.617630071178091	348	1.10574700393192
"rs1845675"	0.617630071178091	348	1.10574700393192
"rs1847044"	0.617630071178091	348	1.10574700393192
"rs466331"	0.617630514984972	348	0.920557028332372
"rs466335"	0.617630514984972	348	0.920557028332372
"rs466449"	0.617630514984972	348	0.920557028332372
"rs466578"	0.617630514984972	348	0.920557028332372
"rs466737"	0.617630514984972	348	0.920557028332372
"rs1807620"	0.617696269221195	348	0.270625990528807
"rs1115326"	0.617713076320012	348	1.08992357283588
"rs2112921"	0.617779902971802	348	0.919393355386004
"rs2112924"	0.617779902971802	348	0.919393355386004
"rs2113017"	0.617779902971802	348	0.919393355386004
"rs364939"	0.617844401036836	348	0.908855726694578
"rs1736587"	0.617847948973027	348	0.904494874263546
"rs354008"	0.61785433226413	348	0.899177843634703
"rs354045"	0.61785433226413	348	0.899177843634703
"rs454190"	0.617854829650699	348	1.1845886193348
"rs1514969"	0.617861088992699	348	0.953610502335475
"rs664007"	0.617880461418933	348	0.86332976581466
"rs1010882"	0.617884725738521	348	1.49662247563981
"rs1965192"	0.617890829708572	348	1.05607003975803
"rs1715107"	0.617895315297835	348	1.0904447682573
"rs1715190"	0.617895315297835	348	1.0904447682573
"rs647924"	0.617951496689135	348	1.13605656221336
"rs1207341"	0.617981194198793	348	0.941265122562138
"rs1778499"	0.617991124792748	348	1.09763431666114
"rs1672986"	0.617992571999533	348	1.48452645212078
"rs1319322"	0.618023799416422	348	0.904238173442296
"rs1319327"	0.618023799416422	348	0.904238173442296
"rs1778276"	0.61803671825446	348	1.10268662894142
"rs1104550"	0.618041923091841	348	1.0884522535577
"rs713940"	0.618042273398239	348	0.902059942310787
"rs713840"	0.618042273398242	348	0.902059942310788
"rs1383916"	0.618104951118363	348	0.827796639269613
"rs1426282"	0.618104951118384	348	0.827796639269621
"rs1205534"	0.618123375951368	348	0.933356009722595
"rs409542"	0.618137788017599	348	1.08953690708186
"rs1338507"	0.618142258919733	348	1.07765711954864
"rs1338527"	0.618142258919733	348	1.07765711954864
"rs63490"	0.618194093794886	348	0.881044310708995
"rs63493"	0.618194093794886	348	0.881044310708995
"rs1648259"	0.618224269914109	348	1.20077106262509
"rs2069994"	0.618248853935613	348	0.957601587470298
"rs2145899"	0.61825458517279	348	1.07416272372798
"rs1639117"	0.618261678232874	348	1.09507589421849
"rs1637017"	0.618287967022267	348	1.0509147213285
"rs2091767"	0.618303299022551	348	1.13349505127846
"rs62294"	0.618313725099745	348	0.926423659908453
"rs62297"	0.618313725099745	348	0.926423659908453
"rs62301"	0.618313725099758	348	0.926423659908456
"rs62310"	0.618313725099758	348	0.926423659908456
"rs62312"	0.618313725099758	348	0.926423659908456
"rs62399"	0.618313725099758	348	0.926423659908456
"rs276282"	0.618373493583214	348	1.0759952492891
"rs795588"	0.618424910771234	348	1.14101177773422
"rs1162092"	0.618464818223376	348	1.0717865854355
"rs145900"	0.618472120861577	348	0.935897261407906
"rs225741"	0.618482617609266	348	0.949830763284796
"rs1639293"	0.618513173301605	348	0.823187533618811
"rs2058546"	0.618534393810217	348	0.868310493230075
"rs2058547"	0.618534393810217	348	0.868310493230075
"rs1142007"	0.618571634023983	348	1.12789126446684
"rs464447"	0.618608259638718	348	1.08578986745328
"rs562221"	0.61860998313551	348	1.04779669370109
"rs468620"	0.618662532731821	348	1.09046099521152
"rs539525"	0.618744119442242	348	0.89337297659339
"rs539540"	0.618744119442242	348	0.89337297659339
"rs539547"	0.618744119442242	348	0.89337297659339
"rs428360"	0.618745623624962	348	1.17633040987729
"rs250682"	0.618825000462411	348	0.72201143186814
"rs898495"	0.618831661231328	348	0.90024150215877
"rs2009738"	0.61885944377757	348	1.0902586612875
"rs793044"	0.618864291478273	348	0.943132789618149
"rs793118"	0.618864291478273	348	0.943132789618149
"rs574941"	0.618867411136909	348	0.964246924861825
"rs1925498"	0.618893583449806	348	1.18659784595272
"rs1667599"	0.618913821891755	348	1.13179853932149
"rs1995968"	0.618934277543199	348	0.908442278390709
"rs170438"	0.61895656172511	348	1.14400786107341
"rs427164"	0.618980754493216	348	0.863638851191763
"rs2191029"	0.618993209068228	348	0.811736263345774
"rs1603460"	0.61901728039665	348	1.08337807227285
"rs473198"	0.619033522588911	348	0.949231477683203
"rs473200"	0.619033522588911	348	0.949231477683203
"rs1092907"	0.619040744128193	348	0.938064293583752
"rs1678333"	0.61905094682121	348	1.09483618168049
"rs1678336"	0.61905094682121	348	1.09483618168049
"rs1678339"	0.61905094682121	348	1.09483618168049
"rs161077"	0.619075693027712	348	0.898309139159634
"rs904151"	0.619106372334854	348	0.850545281690447
"rs473413"	0.619143086557655	348	0.968646374652667
"rs2119772"	0.619151999865525	348	0.944437066757184
"rs2119776"	0.619151999865525	348	0.944437066757184
"rs2119778"	0.619151999865525	348	0.944437066757184
"rs2119782"	0.619151999865525	348	0.944437066757184
"rs2119784"	0.619151999865525	348	0.944437066757184
"rs2119787"	0.619151999865525	348	0.944437066757184
"rs1160404"	0.619207699988682	348	0.938783000405181
"rs1545821"	0.619211759664122	348	1.09470499005213
"rs344691"	0.619242372570099	348	0.883173178290726
"rs1060181"	0.61926003894684	348	1.23226675315042
"rs1086359"	0.619306862305452	348	0.917779666437187
"rs1386762"	0.619308668864406	348	0.836920494144133
"rs1117710"	0.619314489198782	348	0.942505387563362
"rs817562"	0.619326168085037	348	0.933599615769375
"rs817565"	0.619326168085037	348	0.933599615769375
"rs838668"	0.619330088519211	348	1.06931992497097
"rs2065193"	0.619384158541047	348	0.857656557512103
"rs729780"	0.619387068319464	348	0.805529869422121
"rs1575654"	0.619396668188479	348	1.08581410599234
"rs1406392"	0.619419540148034	348	0.940346634476494
"rs1553094"	0.619426261734983	348	0.859846606302121
"rs1325608"	0.619435893968235	348	0.901395416118559
"rs1710019"	0.619459281982012	348	1.09472331334744
"rs22659"	0.619465041252564	348	1.08785890241073
"rs531516"	0.619465336609807	348	1.09748211045023
"rs337956"	0.619491004456326	348	0.922598391831795
"rs107154"	0.619503504708938	348	0.910668195359777
"rs906076"	0.619513490106326	348	1.30229532473315
"rs64858"	0.619611540079217	348	0.902721766259694
"rs64860"	0.619611540079217	348	0.902721766259694
"rs1990383"	0.619626166699025	348	0.834962487658687
"rs1990645"	0.619626166699025	348	0.834962487658687
"rs1205760"	0.619639104676526	348	0.911156653237641
"rs947364"	0.619677083555458	348	1.09415890691741
"rs411552"	0.619686631551376	348	0.905525497335632
"rs488835"	0.61974161312773	348	0.888543419119042
"rs1783706"	0.619798151490232	348	1.14281173894252
"rs1784682"	0.619798151490232	348	1.14281173894252
"rs1786225"	0.619798151490232	348	1.14281173894252
"rs150101"	0.619805913056194	348	1.10306123129924
"rs2049985"	0.619836977269208	348	1.22389636169958
"rs2052392"	0.619836977269208	348	1.22389636169958
"rs2052578"	0.619836977269208	348	1.22389636169958
"rs2054173"	0.619836977269208	348	1.22389636169958
"rs2146545"	0.619836977269219	348	1.22389636169957
"rs2146831"	0.619836977269219	348	1.22389636169957
"rs2166145"	0.619836977269221	348	1.22389636169957
"rs1057767"	0.619836977269223	348	1.22389636169957
"rs1574354"	0.619836977269223	348	1.22389636169957
"rs1575586"	0.619836977269223	348	1.22389636169957
"rs2128716"	0.619836977269223	348	1.22389636169957
"rs2155605"	0.619836977269223	348	1.22389636169957
"rs2149024"	0.619836977269225	348	1.22389636169957
"rs542960"	0.619883109521331	348	1.07816407886862
"rs1647411"	0.619883949866537	348	1.09525099557214
"rs1647418"	0.619883949866537	348	1.09525099557214
"rs1647419"	0.619883949866537	348	1.09525099557214
"rs319375"	0.619884777764507	348	1.16464157626118
"rs319436"	0.619884777764512	348	2.8663455673593
"rs591950"	0.619889746180932	348	1.03975791157165
"rs2021722"	0.619890991702258	348	0.897911908309946
"rs2021723"	0.619890991702258	348	0.897911908309946
"rs2021725"	0.619890991702258	348	0.897911908309946
"rs2021726"	0.619890991702258	348	0.897911908309946
"rs2021727"	0.619890991702258	348	0.897911908309946
"rs303537"	0.619902916762143	348	0.921831419568763
"rs303540"	0.619902916762143	348	0.921831419568763
"rs91826"	0.619910962241659	348	1.19904102357895
"rs497640"	0.619921635095113	348	1.11466270111289
"rs497652"	0.619921635095113	348	1.11466270111289
"rs99737"	0.619933060124643	348	1.13839777869883
"rs99751"	0.619933060124643	348	1.13839777869883
"rs99618"	0.619933060124647	348	1.13839777869883
"rs99708"	0.619933060124647	348	1.13839777869883
"rs99711"	0.619933060124647	348	1.13839777869883
"rs1776266"	0.619933880743735	348	1.10484715090608
"rs2158217"	0.619935855556709	348	1.08357887997399
"rs2158306"	0.619935855556709	348	1.08357887997399
"rs1463315"	0.619942276683043	348	1.13869787339992
"rs816238"	0.619947797064506	348	0.920642669438383
"rs816243"	0.619947797064506	348	0.920642669438383
"rs1443822"	0.619955156084361	348	0.905310933867648
"rs509599"	0.619979458777909	348	0.95703617616848
"rs492287"	0.619994094047611	348	1.09869818256647
"rs1844706"	0.619997332601746	348	1.10636094260434
"rs1845349"	0.619997332601746	348	1.10636094260434
"rs1845378"	0.619997332601746	348	1.10636094260434
"rs1846829"	0.619997332601746	348	1.10636094260434
"rs1357276"	0.620005603082656	348	0.86233047779378
"rs1357288"	0.620005603082656	348	0.86233047779378
"rs1123669"	0.620052091193081	348	1.14813232478965
"rs740193"	0.620054778694031	348	0.871515842235525
"rs1928863"	0.620123309847447	348	0.832966913793757
"rs300842"	0.620173035304419	348	1.08812162859624
"rs295282"	0.62019491465364	348	0.81689352818372
"rs1937966"	0.620195714148933	348	0.909668171320834
"rs1168475"	0.620197248026264	348	0.855615409552852
"rs361419"	0.620252028396952	348	1.06829375883026
"rs361420"	0.620252028396952	348	1.06829375883026
"rs361421"	0.620252028396952	348	1.06829375883026
"rs361422"	0.620252028396952	348	1.06829375883026
"rs361423"	0.620252028396952	348	1.06829375883026
"rs361424"	0.620252028396952	348	1.06829375883026
"rs361425"	0.620252028396952	348	1.06829375883026
"rs361427"	0.620252028396952	348	1.06829375883026
"rs361429"	0.620252028396952	348	1.06829375883026
"rs361430"	0.620252028396952	348	1.06829375883026
"rs361431"	0.620252028396952	348	1.06829375883026
"rs619104"	0.620269591511286	348	1.1201312852509
"rs1483610"	0.620286706686265	348	1.08259538950209
"rs532258"	0.620303419477658	348	0.893850200264528
"rs1047746"	0.620322526968834	348	1.27844184344676
"rs1118479"	0.620351082641924	348	1.08280340189464
"rs471494"	0.620390923923174	348	1.06081360547361
"rs1677892"	0.620409847509803	348	0.79180404388605
"rs1678025"	0.620409847509803	348	0.79180404388605
"rs1325978"	0.620449662616313	348	0.912045155466227
"rs833627"	0.62045145364792	348	0.858561395783989
"rs833629"	0.62045145364792	348	0.858561395783989
"rs833667"	0.62045145364792	348	0.858561395783989
"rs1857491"	0.620460646785608	348	1.05972251857257
"rs1630512"	0.620469110935959	348	1.08436721092829
"rs117396"	0.620478980061507	348	0.942177794786963
"rs915392"	0.62049253014587	348	1.11212182131538
"rs2176068"	0.620493714593046	348	0.918581211215648
"rs1106703"	0.620494003996917	348	1.11115351260906
"rs2175750"	0.620496064204703	348	1.05609747939383
"rs487879"	0.620572075358585	348	0.701903539703414
"rs302553"	0.620577294191187	348	0.880612101855283
"rs1886865"	0.6206056744945	348	1.1233624312637
"rs863744"	0.620622493574783	348	1.08302023755022
"rs1673982"	0.620629578830523	348	0.893923258007775
"rs1952549"	0.620647160701501	348	1.15151704668543
"rs1543136"	0.620684659886227	348	1.12246028876588
"rs1624645"	0.620704765180285	348	1.23617438782082
"rs778275"	0.620733242961893	348	1.08689234996214
"rs1955686"	0.620745546792031	348	1.08484001918994
"rs900180"	0.620750464793544	348	1.15901052977299
"rs478065"	0.620779201694107	348	1.15296005153226
"rs478068"	0.620779201694107	348	1.15296005153226
"rs1399546"	0.620785828458833	348	1.12786675137448
"rs463185"	0.620812428912168	348	1.07906456637805
"rs295285"	0.620831595862039	348	0.81716798873714
"rs295288"	0.620831595862039	348	0.81716798873714
"rs1648801"	0.620853343063171	348	0.836157869647891
"rs1655989"	0.620863418093527	348	0.874631514142265
"rs1825563"	0.620897949406353	348	1.49061852726607
"rs1841746"	0.620926657542065	348	1.07398330004562
"rs1832914"	0.620932763954573	348	1.49100267392296
"rs1832979"	0.620932763954573	348	1.49100267392296
"rs2172987"	0.620975051587877	348	0.943818701932333
"rs483627"	0.621009908482253	348	1.14624446612575
"rs1735264"	0.621012167533117	348	1.09718504729316
"rs2084636"	0.62103092035736	348	0.875461479042809
"rs675322"	0.621095019558919	348	1.1302414547087
"rs93067"	0.621107347279284	348	0.920598521751907
"rs1291468"	0.621108350276027	348	1.15234597849242
"rs1291472"	0.621108350276027	348	1.15234597849242
"rs1291480"	0.621108350276027	348	1.15234597849242
"rs216908"	0.621127893115679	348	1.08677610910599
"rs216917"	0.621127893115679	348	1.08677610910599
"rs211640"	0.621147120261945	348	1.09598484305927
"rs1932339"	0.621150956753041	348	0.825904717764527
"rs111459"	0.621200906889378	348	1.14009129850759
"rs111468"	0.621200906889378	348	1.14009129850759
"rs111498"	0.621200906889378	348	1.14009129850759
"rs1318065"	0.621206923222273	348	1.09630565171434
"rs1889022"	0.621246253277462	348	0.917411741035582
"rs1024958"	0.621286898792891	348	0.824257870196611
"rs442294"	0.621297883804104	348	0.907679602081637
"rs642085"	0.621309942431321	348	1.26376052474094
"rs642906"	0.621309942431321	348	1.26376052474094
"rs644496"	0.621309942431321	348	1.26376052474094
"rs2169410"	0.621313465582691	348	1.14636887428377
"rs804050"	0.621364354279164	348	1.07270506126858
"rs44862"	0.621364568212771	348	0.879655604346876
"rs44942"	0.621364568212771	348	0.879655604346876
"rs1376839"	0.621375196660632	348	0.833879340558342
"rs607984"	0.62139603983355	348	0.888866469901807
"rs2158406"	0.621401432286482	348	1.08402073264599
"rs1479217"	0.621469843210844	348	0.919242092813256
"rs1479223"	0.621469843210844	348	0.919242092813256
"rs1479229"	0.621469843210844	348	0.919242092813256
"rs1479250"	0.621469843210844	348	0.919242092813256
"rs1479256"	0.621469843210844	348	0.919242092813256
"rs1116081"	0.621470591576422	348	1.08423754476378
"rs466386"	0.621492088089541	348	0.872346938755704
"rs550648"	0.621510721752744	348	0.776835262609491
"rs858357"	0.621510721752744	348	0.776835262609491
"rs858361"	0.621510721752744	348	0.776835262609491
"rs601649"	0.621532222835756	348	0.895514458041599
"rs902802"	0.621590804968457	348	1.05273784374921
"rs128258"	0.621611265405117	348	0.913499507410497
"rs118802"	0.621645291273914	348	1.06509419639105
"rs561711"	0.621688909001521	348	1.11627491881497
"rs458323"	0.621696809322611	348	0.957395729997812
"rs364896"	0.621706178880816	348	1.12863991459983
"rs279023"	0.621706284024692	348	0.904400395875719
"rs279025"	0.621706284024692	348	0.904400395875719
"rs980852"	0.621710600937074	348	0.821394518959824
"rs295257"	0.62171460348055	348	0.831733128574526
"rs786070"	0.62176586549375	348	1.15678402840702
"rs552826"	0.62178283464555	348	0.927322508467253
"rs939418"	0.621828592343376	348	0.873305029375101
"rs1670566"	0.621844785835029	348	1.18028003624202
"rs959915"	0.621859436309641	348	0.840572558380026
"rs1791964"	0.621871696740778	348	1.11309400496238
"rs1791969"	0.621871696740778	348	1.11309400496238
"rs1051409"	0.621875026494712	348	0.810519284502695
"rs145796"	0.621966539469544	348	0.882985413541324
"rs354249"	0.621983920069168	348	1.11930360515164
"rs356471"	0.621983920069168	348	1.11930360515164
"rs356559"	0.621983920069168	348	1.11930360515164
"rs361925"	0.621983920069168	348	1.11930360515164
"rs883280"	0.621984337320075	348	0.701458374161195
"rs883553"	0.621984337320075	348	0.701458374161195
"rs619828"	0.622013154771303	348	1.12940368587425
"rs139901"	0.622037218864	348	1.04877833971527
"rs885289"	0.622040605415273	348	1.27361287588442
"rs188020"	0.622040605415339	348	1.27361287588434
"rs885514"	0.622040605415341	348	1.27361287588435
"rs2025712"	0.622040605415344	348	1.27361287588435
"rs2058492"	0.62204060541535	348	1.27361287588434
"rs1411115"	0.6220668165023	348	1.13584848709912
"rs1360085"	0.622085245812693	348	0.94265904062078
"rs1974083"	0.622102363879592	348	0.90699549884447
"rs98988"	0.62211434913448	348	0.882285506562191
"rs1816236"	0.622123431146255	348	0.886565951243378
"rs224759"	0.622158448248319	348	1.1229106621485
"rs224777"	0.622158448248319	348	1.1229106621485
"rs224909"	0.622158448248319	348	1.1229106621485
"rs224914"	0.622158448248319	348	1.1229106621485
"rs1195274"	0.62216141607416	348	1.08385261308496
"rs1081522"	0.622188415963534	348	1.11366621548889
"rs1753674"	0.622194749615461	348	1.09800308505902
"rs556900"	0.622214454780122	348	0.852961391933777
"rs1799001"	0.62224834631026	348	1.16710668162741
"rs2065611"	0.622252674528774	348	0.88315663587363
"rs435901"	0.622256024354699	348	1.05503166991294
"rs1715679"	0.622262579025983	348	1.09325311731673
"rs544574"	0.622278068177436	348	1.08629613556171
"rs544578"	0.622278068177436	348	1.08629613556171
"rs544580"	0.622278068177436	348	1.08629613556171
"rs2025756"	0.622282790995704	348	0.86263325057405
"rs2025394"	0.622282790995759	348	0.862633250574092
"rs305203"	0.622299131099151	348	0.924661107415845
"rs277195"	0.622345246917726	348	1.18543294356475
"rs353058"	0.622359891998985	348	1.11306859873517
"rs639702"	0.622366497984977	348	0.919333375637994
"rs640080"	0.622366497984977	348	0.919333375637994
"rs129008"	0.622374951811527	348	1.08279781164523
"rs1780286"	0.622387104083121	348	1.1284917313864
"rs1628537"	0.622413527842419	348	0.909292871333562
"rs1713976"	0.622430950111349	348	0.922590020888156
"rs216019"	0.622471814648694	348	1.16634364760232
"rs304579"	0.622479543435495	348	1.12210037023617
"rs109371"	0.622479910781456	348	0.955698609128144
"rs1569058"	0.622491593007956	348	1.09766507934745
"rs40681"	0.622524449144642	348	0.872065282189665
"rs41077"	0.622524449144642	348	0.872065282189665
"rs862020"	0.622555915739412	348	0.834868907531832
"rs1753258"	0.622630753624932	348	1.07408977830591
"rs715280"	0.622663021322027	348	0.894427603019167
"rs240013"	0.622674839697094	348	0.908850404133461
"rs945237"	0.62267526271857	348	1.13453022770167
"rs1954132"	0.622675440413476	348	0.957081446637868
"rs118706"	0.622682508345751	348	1.06555511689609
"rs1304317"	0.622748301141221	348	1.13008367609974
"rs242826"	0.622753968243644	348	0.859031542702547
"rs619367"	0.622767460293202	348	1.11545018374683
"rs914525"	0.622780636899736	348	1.14573592536449
"rs914531"	0.622780636899736	348	1.14573592536449
"rs914534"	0.622780636899736	348	1.14573592536449
"rs914474"	0.622780636899747	348	1.14573592536448
"rs914480"	0.622780636899747	348	1.14573592536448
"rs914483"	0.622780636899747	348	1.14573592536448
"rs323867"	0.622802150218883	348	1.12034732085804
"rs1399974"	0.622802862169873	348	0.901797901109967
"rs2191991"	0.622832421541772	348	0.88902741122162
"rs2192006"	0.622847446874422	348	0.905063909167642
"rs1585092"	0.6228725089202	348	0.880561500598016
"rs182456"	0.622902732124403	348	1.16801042939288
"rs182459"	0.622902732124403	348	1.16801042939288
"rs1954291"	0.622914136648288	348	1.10156428000236
"rs1954392"	0.622914136648288	348	1.10156428000236
"rs1954474"	0.622914136648288	348	1.10156428000236
"rs140340"	0.622929493525965	348	0.905302574954403
"rs219768"	0.622936626510613	348	1.11943629582189
"rs2174456"	0.622949443327943	348	0.943377055200952
"rs508321"	0.622979597476877	348	1.09905471096426
"rs869801"	0.62298343741278	348	1.12495799843481
"rs1986794"	0.622996047299863	348	1.10172508461669
"rs357873"	0.623023826750831	348	1.10840443459214
"rs677557"	0.623079115029389	348	1.11672896500539
"rs473195"	0.623157684925523	348	0.952896777142255
"rs1712071"	0.623228935953841	348	1.10787073096504
"rs1712074"	0.623228935953841	348	1.10787073096504
"rs1712079"	0.623228935953841	348	1.10787073096504
"rs1712095"	0.623228935953841	348	1.10787073096504
"rs137640"	0.623249675504765	348	1.09921442522224
"rs429779"	0.623255784163452	348	1.10411522434041
"rs1422655"	0.623258725782674	348	0.900277358200673
"rs1963327"	0.623269122808931	348	1.1221005618573
"rs1065842"	0.623270899524935	348	1.08209982280247
"rs1065843"	0.623270899524935	348	1.08209982280247
"rs1065844"	0.623270899524935	348	1.08209982280247
"rs1065845"	0.623270899524935	348	1.08209982280247
"rs1065852"	0.623270899524935	348	1.08209982280247
"rs1065856"	0.623270899524935	348	1.08209982280247
"rs1065857"	0.623270899524935	348	1.08209982280247
"rs1065858"	0.623270899524935	348	1.08209982280247
"rs22813"	0.623272290758836	348	1.09798880379429
"rs2008893"	0.623276609842231	348	0.916025745470524
"rs2008898"	0.623276609842231	348	0.916025745470524
"rs2008904"	0.623276609842231	348	0.916025745470524
"rs2008905"	0.623276609842231	348	0.916025745470524
"rs1951819"	0.623287710709829	348	0.820591572684448
"rs1875144"	0.623295451978923	348	0.915286178518574
"rs692933"	0.623314362821876	348	1.14798158872517
"rs1344375"	0.623357088686355	348	0.880514601566477
"rs1618462"	0.623363205262828	348	1.14720998260025
"rs1618535"	0.623363205262828	348	1.14720998260025
"rs1618660"	0.623363205262828	348	1.14720998260025
"rs1945465"	0.623364337957697	348	0.779451531274738
"rs1945483"	0.623364337957705	348	0.779451531274741
"rs610255"	0.623364337957707	348	0.779451531274743
"rs766411"	0.623364337957707	348	0.779451531274743
"rs766913"	0.623364337957707	348	0.779451531274743
"rs767100"	0.623364337957707	348	0.779451531274743
"rs1945429"	0.623364337957717	348	0.779451531274749
"rs1945432"	0.623364337957717	348	0.779451531274749
"rs1945447"	0.623364337957717	348	0.779451531274749
"rs1945471"	0.623364337957717	348	0.779451531274749
"rs1945472"	0.623364337957717	348	0.779451531274749
"rs1945473"	0.623364337957717	348	0.779451531274749
"rs1945492"	0.623364337957717	348	0.779451531274749
"rs2025160"	0.623367370303156	348	0.898876866359849
"rs2025167"	0.623367370303156	348	0.898876866359849
"rs2025170"	0.623367370303156	348	0.898876866359849
"rs2025185"	0.623367370303156	348	0.898876866359849
"rs1939013"	0.623369786403647	348	0.90501340009843
"rs1399638"	0.623379252429958	348	0.881150434508103
"rs210172"	0.623379332533118	348	0.882410455905966
"rs1844793"	0.623397056720863	348	0.757275862078178
"rs2148209"	0.623431047185712	348	0.930417585128932
"rs2220248"	0.623439122168141	348	1.10626445469483
"rs1776174"	0.623468164558556	348	1.10720722776974
"rs867281"	0.623496889596487	348	0.908804079387578
"rs830738"	0.623503195839277	348	0.911800539903371
"rs830740"	0.623503195839277	348	0.911800539903371
"rs830741"	0.623503195839277	348	0.911800539903371
"rs830747"	0.623503195839277	348	0.911800539903371
"rs830750"	0.623503195839277	348	0.911800539903371
"rs830753"	0.623503195839277	348	0.911800539903371
"rs498426"	0.623525963711415	348	0.700068977866015
"rs81889"	0.6236214534111	348	1.08437342246621
"rs475076"	0.623629779648653	348	0.908298266580124
"rs2149117"	0.623637321842678	348	0.868411513706876
"rs2215134"	0.623667243790164	348	0.703585245676821
"rs629140"	0.623673055192597	348	0.891686402514757
"rs578669"	0.623757864810001	348	0.810315403917675
"rs1666588"	0.623795094154878	348	0.875707148386152
"rs441670"	0.623797203983117	348	0.863888102934934
"rs1748143"	0.623814546071499	348	0.916385097247546
"rs1748144"	0.623814546071499	348	0.916385097247546
"rs663505"	0.623894408693652	348	1.05240020193149
"rs37756"	0.623991124499939	348	1.15344669368274
"rs1664864"	0.623999808205625	348	0.916567889952761
"rs1103617"	0.624002909192437	348	0.886236030776064
"rs770770"	0.624023992785017	348	0.850403425333647
"rs770782"	0.624023992785017	348	0.850403425333647
"rs771630"	0.624023992785017	348	0.850403425333647
"rs1439426"	0.624026986108208	348	1.08227000044651
"rs763309"	0.624036836059872	348	1.05102486514968
"rs763310"	0.624036836059872	348	1.05102486514968
"rs46288"	0.624055902926605	348	0.88560474674183
"rs1424340"	0.624062768824809	348	0.834503465966822
"rs1154662"	0.624103232780605	348	1.07551387639965
"rs341930"	0.624103547778394	348	0.859405325543293
"rs342236"	0.624103547778394	348	0.859405325543293
"rs342510"	0.624103547778394	348	0.859405325543293
"rs725295"	0.624113294611745	348	0.85609403315252
"rs545919"	0.624127236004339	348	0.867379712791092
"rs545920"	0.624127236004339	348	0.867379712791092
"rs1317515"	0.624142966784439	348	1.10692072149168
"rs550595"	0.624160500673984	348	1.13663776141268
"rs132358"	0.624178018656332	348	0.707051796078229
"rs132643"	0.624178018656332	348	0.707051796078229
"rs56100"	0.62421591410087	348	0.682930441246948
"rs303666"	0.624219993734326	348	6.50880085095209
"rs671458"	0.624226376252007	348	1.22154858046716
"rs1923669"	0.624317884721085	348	1.11867382422457
"rs354529"	0.624453810681203	348	0.96638186529377
"rs171381"	0.624512568412578	348	0.864586542138177
"rs1039181"	0.624566726269798	348	0.893189942801188
"rs859025"	0.624570164100106	348	1.14779474515285
"rs1072887"	0.624579578183173	348	1.02764622646447
"rs2215749"	0.624636434769166	348	1.13386435897301
"rs264247"	0.624636517122555	348	1.02120605932211
"rs133883"	0.624651553185212	348	0.931224104362241
"rs308333"	0.624663492795352	348	0.903716019096969
"rs308342"	0.624663492795352	348	0.903716019096969
"rs1084178"	0.624670169830621	348	1.08829928763909
"rs1094389"	0.624692485724881	348	1.09175888256445
"rs1488680"	0.624696789622455	348	1.03911989099197
"rs21792"	0.624714045285328	348	0.9338879279126
"rs1743221"	0.624777704372141	348	1.08505501882829
"rs1743224"	0.624777704372141	348	1.08505501882829
"rs1743227"	0.624777704372141	348	1.08505501882829
"rs1743229"	0.624777704372141	348	1.08505501882829
"rs1743230"	0.624777704372141	348	1.08505501882829
"rs318877"	0.624780701288029	348	1.07452699833189
"rs684511"	0.624786870983439	348	0.866829253605817
"rs1092576"	0.6247886264433	348	0.896354673933751
"rs811060"	0.624788961888168	348	0.905377676387954
"rs1882040"	0.624811322499858	348	0.894705800911427
"rs1882043"	0.624811322499858	348	0.894705800911427
"rs162278"	0.624818891163417	348	0.933951549006286
"rs1070595"	0.624848730820714	348	0.896015811767631
"rs1070674"	0.624848730820714	348	0.896015811767631
"rs1638805"	0.624889999365092	348	1.07857618402538
"rs803278"	0.624891070650253	348	0.935716353315653
"rs1126593"	0.624893659000529	348	0.925023099043898
"rs1859871"	0.624932209810202	348	0.796589494503078
"rs912654"	0.624940390429898	348	0.897813903489093
"rs785115"	0.624957796696794	348	0.941169057259677
"rs967602"	0.625018116290716	348	1.12574830519338
"rs2096751"	0.62506973128947	348	1.0829425595055
"rs1402529"	0.625071284938785	348	0.847328041990586
"rs1402543"	0.625071284938785	348	0.847328041990586
"rs1370813"	0.62508773270315	348	1.08659223399958
"rs60393"	0.625101828235585	348	0.687682133820407
"rs132367"	0.625101828235585	348	0.687682133820407
"rs112573"	0.625118991493043	348	0.977318380958267
"rs1619970"	0.625127686794587	348	0.917627842845189
"rs860567"	0.625133724892746	348	1.09426779270058
"rs2131537"	0.625143224112672	348	1.10242060186022
"rs466695"	0.625199961687498	348	0.900346909259401
"rs1318245"	0.625202943598898	348	0.9239443077466
"rs808192"	0.625209954334813	348	0.894960047425596
"rs2213914"	0.625255599683842	348	1.06104870347804
"rs159244"	0.625324892071725	348	1.07122423704985
"rs126540"	0.625372845024532	348	0.921874662665324
"rs550625"	0.625373230860434	348	1.16817638015289
"rs1287913"	0.625395284858367	348	0.913449213303641
"rs1288256"	0.625395284858367	348	0.913449213303641
"rs1633534"	0.625399986961292	348	0.881253591773894
"rs1633663"	0.625399986961292	348	0.881253591773894
"rs47467"	0.625403151666407	348	0.899744457310558
"rs1060736"	0.625415009175081	348	0.91387923376539
"rs634958"	0.625426718070951	348	1.17843838681593
"rs189590"	0.625440851065645	348	0.857580369456174
"rs558346"	0.625524490104023	348	1.11657752774171
"rs405499"	0.625527947499253	348	0.795069653478161
"rs1654160"	0.625538876213104	348	1.12403506114728
"rs1931176"	0.625540329769347	348	1.10776562003171
"rs290336"	0.625590025457606	348	1.09474932218788
"rs723331"	0.625590992904636	348	1.1118092552994
"rs406374"	0.6255959819745	348	1.09181556865281
"rs22662"	0.625614073753914	348	1.07882030664014
"rs548645"	0.62564585146232	348	1.14540283999818
"rs649339"	0.625649019095532	348	0.856289777719802
"rs352875"	0.625658325380251	348	0.687573813137752
"rs239273"	0.625672507249335	348	1.14260699726634
"rs510170"	0.625701188519022	348	1.10264841800269
"rs510197"	0.625701188519022	348	1.10264841800269
"rs510204"	0.625701188519022	348	1.10264841800269
"rs510206"	0.625701188519022	348	1.10264841800269
"rs510233"	0.625701188519022	348	1.10264841800269
"rs1437270"	0.62571482665149	348	1.11697585146036
"rs1539678"	0.625832583710996	348	1.08824999219362
"rs306424"	0.625844710955034	348	0.899044764451815
"rs915644"	0.625947419346955	348	1.20717421660907
"rs915632"	0.625947419347039	348	1.20717421660899
"rs1195578"	0.625971115788434	348	0.912884133464259
"rs478371"	0.625978766245228	348	1.10869507289238
"rs1548663"	0.626020117102687	348	1.17024835536066
"rs2019375"	0.626021643438174	348	1.14881336716945
"rs324952"	0.626121813794784	348	0.907415486789942
"rs1264158"	0.626128791256222	348	1.07668335219599
"rs57351"	0.626144504515831	348	1.10544777487541
"rs488490"	0.626162037925651	348	0.907738093963694
"rs1354493"	0.626172120299037	348	0.915687865346487
"rs319309"	0.626182396437441	348	1.26751947699097
"rs465197"	0.626220186791017	348	0.909552121155457
"rs1286694"	0.626238975647718	348	0.789597033178284
"rs1801577"	0.626281128947824	348	1.08855695443933
"rs253661"	0.626299403371431	348	0.9042062355187
"rs254977"	0.626300077790672	348	1.1649462124652
"rs337326"	0.62634933768825	348	1.12326261033566
"rs558025"	0.62635179295242	348	1.06439230060894
"rs102504"	0.626353031567378	348	1.1312087781186
"rs610104"	0.626365482671664	348	1.20008920427795
"rs606896"	0.626365482671668	348	1.20008920427795
"rs609319"	0.626365482671668	348	1.20008920427795
"rs796384"	0.626368478913995	348	1.13342835827131
"rs850256"	0.626368736625719	348	0.915298477841583
"rs610528"	0.626437692055622	348	1.09750202321655
"rs648742"	0.626444264068901	348	0.93018332832995
"rs472707"	0.626446288752833	348	0.921372882009928
"rs448734"	0.626494800609487	348	0.973300121933735
"rs9945"	0.626498087373277	348	0.906439710799908
"rs1618614"	0.626499798550558	348	0.853747672061308
"rs1367501"	0.626503974438701	348	0.781041819222266
"rs1403741"	0.626509374988172	348	0.887192007426968
"rs2008576"	0.626535684100442	348	0.895308765013903
"rs304894"	0.62654905620332	348	1.0571819412241
"rs987174"	0.626561384786975	348	0.905594424702261
"rs579633"	0.626595694151709	348	1.4821315394361
"rs1759970"	0.626664877806492	348	1.13958845105207
"rs1760840"	0.626664877806492	348	1.13958845105207
"rs1761768"	0.626664877806492	348	1.13958845105207
"rs1585049"	0.626671768714066	348	0.881794700803577
"rs298213"	0.626702282730475	348	1.07337319566045
"rs1893395"	0.626800805578787	348	1.08743198458132
"rs942923"	0.626828028423869	348	1.10513800728651
"rs616027"	0.626921011974513	348	1.40925337216396
"rs1462267"	0.626939842904792	348	0.977409098199602
"rs306583"	0.626984999314231	348	0.916215372986665
"rs306602"	0.626984999314231	348	0.916215372986665
"rs1896353"	0.62704305108928	348	0.877990068449216
"rs757083"	0.627085986707175	348	0.902863825498734
"rs490703"	0.627137643025566	348	0.91670685028484
"rs1395340"	0.627151197970054	348	0.866821087930214
"rs179233"	0.627151771028547	348	0.855009898380764
"rs1319380"	0.62717730676087	348	0.904021513251906
"rs2123537"	0.627249612512211	348	1.08923197181407
"rs2188970"	0.627250298630619	348	0.868960997649196
"rs1144421"	0.627257715825452	348	0.92754387817227
"rs1791895"	0.627269169699881	348	1.11133132328325
"rs1791942"	0.627269169699881	348	1.11133132328325
"rs227824"	0.62727397824182	348	1.20596864342127
"rs1062731"	0.62732396739714	348	0.871923236056216
"rs852972"	0.627396224878292	348	0.891297148852565
"rs2118019"	0.627407202174787	348	0.854146689255648
"rs466237"	0.627438191266246	348	1.0681256647209
"rs124958"	0.627446855185236	348	0.893314187624548
"rs1659144"	0.627451043801448	348	0.916258956987659
"rs1659150"	0.627451043801448	348	0.916258956987659
"rs1659165"	0.627451043801448	348	0.916258956987659
"rs1659167"	0.627451043801448	348	0.916258956987659
"rs1659168"	0.627451043801448	348	0.916258956987659
"rs1659169"	0.627451043801448	348	0.916258956987659
"rs1904163"	0.627468192920178	348	0.895678096443598
"rs2025727"	0.627472298881886	348	1.09766128978425
"rs1002066"	0.627476023341628	348	0.884666727376775
"rs1002034"	0.62747602334163	348	0.884666727376774
"rs324774"	0.627479805694835	348	0.773796902533184
"rs145426"	0.627480834200391	348	0.952505409361453
"rs145437"	0.627480834200391	348	0.952505409361453
"rs145438"	0.627480834200391	348	0.952505409361453
"rs145447"	0.627480834200391	348	0.952505409361453
"rs145481"	0.627480834200391	348	0.952505409361453
"rs1806002"	0.627497466524049	348	0.903081001424655
"rs396999"	0.627498457470786	348	0.849941312098974
"rs1973633"	0.627506713190035	348	0.902841500562669
"rs1924649"	0.627527651955979	348	0.893649583468293
"rs1924652"	0.627527651955997	348	0.893649583468298
"rs1924727"	0.627527651955997	348	0.893649583468298
"rs1639014"	0.627539127026314	348	1.09221497802103
"rs259528"	0.627590500625806	348	1.10056340025751
"rs840171"	0.627656173656455	348	1.09163949371828
"rs1715268"	0.627657166957567	348	1.08783302465994
"rs94721"	0.627664173435931	348	1.09591782893997
"rs1647777"	0.62767669180209	348	1.1961286869067
"rs352381"	0.627692976735864	348	0.703071013818229
"rs352436"	0.627692976735864	348	0.703071013818229
"rs352561"	0.627692976735864	348	0.703071013818229
"rs912984"	0.627728108074215	348	1.14292562235349
"rs952753"	0.627747251985806	348	1.13342054169467
"rs88407"	0.627754803818978	348	1.09768786255429
"rs49147"	0.62779233425174	348	1.09460902865126
"rs1963014"	0.627834744337706	348	0.930328223609681
"rs1063729"	0.627866198965869	348	0.891600653239771
"rs87454"	0.627889732806905	348	0.94630421170755
"rs1193882"	0.62790361661158	348	0.906711929283235
"rs544301"	0.62791865411163	348	0.898934080021847
"rs797355"	0.627919073327721	348	1.19827063340364
"rs273718"	0.628058146558014	348	0.91283628081434
"rs357950"	0.628090498084391	348	1.10754139976117
"rs742610"	0.628099216401181	348	0.880732809729141
"rs588034"	0.628099622742981	348	0.901469066770871
"rs588035"	0.628099622742981	348	0.901469066770871
"rs588043"	0.628099622742981	348	0.901469066770871
"rs588044"	0.628099622742981	348	0.901469066770871
"rs588045"	0.628099622742981	348	0.901469066770871
"rs2094134"	0.628104165742174	348	1.05683120584
"rs486157"	0.628118147056253	348	0.890917597692316
"rs1981943"	0.628135907084876	348	1.09950215781188
"rs248039"	0.62814532737144	348	0.906693700758828
"rs248543"	0.62814532737144	348	0.906693700758828
"rs248576"	0.62814532737144	348	0.906693700758828
"rs1370870"	0.628150141683514	348	1.09218212402101
"rs1648146"	0.628171496052372	348	0.914432637167797
"rs1648149"	0.628171496052372	348	0.914432637167797
"rs494184"	0.628190842408344	348	0.86379121823797
"rs494253"	0.628190842408344	348	0.86379121823797
"rs301254"	0.628196652240733	348	0.886436762045403
"rs1117821"	0.628213972999211	348	1.09760258095892
"rs1258769"	0.628214722816423	348	1.11849669863636
"rs732339"	0.628239109066595	348	0.907997563540448
"rs1791930"	0.628280432902959	348	1.1109615130768
"rs1194907"	0.628283086622282	348	0.916428707014536
"rs1774529"	0.628305878042542	348	0.926963437176436
"rs1117707"	0.628325503944862	348	0.947978934956523
"rs1117709"	0.628325503944862	348	0.947978934956523
"rs1807362"	0.628335751359404	348	1.47949676819601
"rs1807834"	0.628335751359404	348	1.47949676819601
"rs179486"	0.628360665657154	348	0.928987158992366
"rs4392"	0.62841222958694	348	1.11670787877279
"rs1933726"	0.628415944120751	348	0.894972472333731
"rs1933733"	0.628415944120751	348	0.894972472333731
"rs915902"	0.62843283080537	348	1.17027670574077
"rs915650"	0.628432830805387	348	1.17027670574076
"rs915651"	0.628432830805387	348	1.17027670574076
"rs915896"	0.628432830805387	348	1.17027670574076
"rs915899"	0.628432830805387	348	1.17027670574076
"rs915908"	0.628432830805387	348	1.17027670574076
"rs915890"	0.628432830805392	348	1.17027670574076
"rs915905"	0.628432830805392	348	1.17027670574076
"rs833853"	0.628443307340167	348	0.831960522904355
"rs833867"	0.628443307340167	348	0.831960522904355
"rs833873"	0.628443307340167	348	0.831960522904355
"rs1488840"	0.628451647335983	348	1.03468095582279
"rs2176956"	0.628474860224146	348	1.07505202626718
"rs2176959"	0.628474860224146	348	1.07505202626718
"rs2176962"	0.628474860224146	348	1.07505202626718
"rs1857463"	0.628501790231874	348	0.914837724943649
"rs943016"	0.628539783705838	348	0.914713488557648
"rs275163"	0.628547444073261	348	1.08295115765154
"rs2090274"	0.628571464405964	348	0.934697266670062
"rs2159992"	0.628597141182265	348	1.08516321510084
"rs2159995"	0.628597141182265	348	1.08516321510084
"rs1107877"	0.628600200654427	348	0.904170373124267
"rs286340"	0.62861090369729	348	1.25067482884242
"rs286996"	0.62861090369729	348	1.25067482884242
"rs1264251"	0.628774782942441	348	1.07645011322469
"rs1264269"	0.628774782942441	348	1.07645011322469
"rs1264280"	0.628774782942441	348	1.07645011322469
"rs1264332"	0.628774782942441	348	1.07645011322469
"rs2059073"	0.628782915431096	348	0.894829151005209
"rs2059082"	0.628782915431096	348	0.894829151005209
"rs2059088"	0.628782915431096	348	0.894829151005209
"rs2059100"	0.628782915431096	348	0.894829151005209
"rs2059102"	0.628782915431096	348	0.894829151005209
"rs1741993"	0.628790058309419	348	0.912045370196789
"rs1158126"	0.628843549798421	348	1.13056374256287
"rs2046489"	0.628843776421368	348	1.09122663852652
"rs1332847"	0.628876091923473	348	1.0843932941279
"rs1332853"	0.628876091923473	348	1.0843932941279
"rs1332856"	0.628876091923473	348	1.0843932941279
"rs1332862"	0.628876091923473	348	1.0843932941279
"rs1332865"	0.628876091923473	348	1.0843932941279
"rs1551070"	0.628885110793151	348	0.854472743236579
"rs1023622"	0.6288851412411	348	1.47310162607063
"rs636877"	0.628900760074096	348	1.17863735423626
"rs91547"	0.628914333985424	348	0.863111721910076
"rs1546528"	0.62892664298851	348	1.08026308143017
"rs803084"	0.628957915451694	348	0.899061914986908
"rs470809"	0.628958659816942	348	1.08140737626974
"rs1896911"	0.628988010803244	348	0.899061664358467
"rs1896920"	0.628988010803244	348	0.899061664358467
"rs1896922"	0.628988010803244	348	0.899061664358467
"rs1102191"	0.62899426330444	348	0.718420525638152
"rs100287"	0.629032628083857	348	0.947463971032201
"rs1044889"	0.629050837520632	348	0.794134267856765
"rs811063"	0.629051062528507	348	0.906136171928723
"rs1394339"	0.629058805468648	348	1.11857286558167
"rs1394340"	0.62905880546865	348	1.11857286558167
"rs1394343"	0.62905880546865	348	1.11857286558167
"rs1394352"	0.62905880546865	348	1.11857286558167
"rs1394358"	0.62905880546865	348	1.11857286558167
"rs1394364"	0.62905880546865	348	1.11857286558167
"rs1394373"	0.62905880546865	348	1.11857286558167
"rs1394376"	0.62905880546865	348	1.11857286558167
"rs1394379"	0.62905880546865	348	1.11857286558167
"rs1394382"	0.62905880546865	348	1.11857286558167
"rs1716051"	0.629058842775372	348	1.07104246386111
"rs1092825"	0.629158092994332	348	1.13344219196603
"rs466245"	0.629189105824567	348	0.924269891036438
"rs70404"	0.629257086559591	348	1.02410780240156
"rs363433"	0.629284895269843	348	0.926425549644367
"rs1623481"	0.629289807229358	348	0.716850682248066
"rs1552775"	0.629316528700028	348	1.10741500948117
"rs411415"	0.629351335191049	348	0.163402894427377
"rs1893936"	0.629351595564948	348	1.12207402564225
"rs465962"	0.629358574915983	348	0.897528634284604
"rs478069"	0.629369045932187	348	1.15652051275008
"rs1197313"	0.62938075440423	348	1.31696475363777
"rs1012875"	0.629382856110541	348	0.862355628555812
"rs1012801"	0.629382856110543	348	0.862355628555812
"rs1324524"	0.6293867922824	348	0.886082892763265
"rs842316"	0.629396929688288	348	0.851393490948496
"rs553048"	0.62940380468564	348	0.914789133132203
"rs944534"	0.62941389173984	348	0.88873055062335
"rs473202"	0.629441402421485	348	0.950663113645421
"rs116284"	0.629448128983155	348	0.940477179544461
"rs1948837"	0.629485536792493	348	0.874910990728433
"rs1308551"	0.629518863914806	348	0.925206101882734
"rs253329"	0.629520229783623	348	1.09218359994851
"rs874967"	0.629521132250285	348	1.27054639070987
"rs652801"	0.629539968915734	348	1.2168025038477
"rs2214356"	0.629541781720161	348	1.12921224872714
"rs1017006"	0.62954742969013	348	0.898917336109237
"rs132794"	0.629558177938891	348	0.799547550386949
"rs828352"	0.62956310071076	348	1.08465517613906
"rs63502"	0.629617453026099	348	0.884602297823007
"rs2175108"	0.629619815417576	348	1.05473898434313
"rs2160380"	0.629626226200083	348	1.09202792981507
"rs1894063"	0.629662133063811	348	1.09729271805021
"rs2091051"	0.629670624177881	348	1.07850646201661
"rs325108"	0.629676702627303	348	1.09513230099308
"rs1489399"	0.629745448344426	348	1.04190615862999
"rs1489400"	0.629745448344426	348	1.04190615862999
"rs1489406"	0.629745448344426	348	1.04190615862999
"rs1489409"	0.629745448344426	348	1.04190615862999
"rs327322"	0.629758295172562	348	1.21400463699049
"rs264709"	0.629759646530867	348	1.02975255229458
"rs1204972"	0.629759882442888	348	0.928691116007617
"rs1205071"	0.629759882442888	348	0.928691116007617
"rs1205110"	0.629759882442888	348	0.928691116007617
"rs1205139"	0.629759882442888	348	0.928691116007617
"rs1988851"	0.629777540735285	348	0.904222786212618
"rs598293"	0.629779127898404	348	1.10689019981677
"rs1654052"	0.629818884316185	348	1.12252589238771
"rs1654058"	0.629818884316185	348	1.12252589238771
"rs1654106"	0.629818884316185	348	1.12252589238771
"rs1654121"	0.629818884316185	348	1.12252589238771
"rs1654130"	0.629818884316185	348	1.12252589238771
"rs1654133"	0.629818884316185	348	1.12252589238771
"rs1654139"	0.629818884316185	348	1.12252589238771
"rs1654142"	0.629818884316185	348	1.12252589238771
"rs1654166"	0.629818884316185	348	1.12252589238771
"rs1654180"	0.629818884316191	348	1.12252589238771
"rs1654183"	0.629818884316191	348	1.12252589238771
"rs1654199"	0.629818884316191	348	1.12252589238771
"rs1654201"	0.629818884316191	348	1.12252589238771
"rs1654205"	0.629818884316191	348	1.12252589238771
"rs1654211"	0.629818884316191	348	1.12252589238771
"rs1116186"	0.629837090190881	348	0.926130127345396
"rs736351"	0.629859201284905	348	0.901107279923166
"rs1887735"	0.630143215804416	348	0.907284100295437
"rs415692"	0.6301566677462	348	1.10413723204208
"rs415698"	0.6301566677462	348	1.10413723204208
"rs302650"	0.630212204686186	348	0.918205924269041
"rs302667"	0.630212204686186	348	0.918205924269041
"rs1385802"	0.630219410865422	348	1.12749918887774
"rs418153"	0.630252040498526	348	0.84324537034101
"rs1779941"	0.630257861632262	348	1.14625884013128
"rs1734104"	0.630270289418403	348	1.05662012831104
"rs1359928"	0.630278212883065	348	1.05962227657276
"rs1753184"	0.630302131825303	348	1.07868000535868
"rs32088"	0.630313897250801	348	0.954237358955214
"rs32199"	0.630313897250801	348	0.954237358955214
"rs32200"	0.630313897250801	348	0.954237358955214
"rs649070"	0.630381377739251	348	0.711144510210637
"rs2017159"	0.630463394552376	348	1.12874645701841
"rs1895252"	0.630485179348591	348	1.0650640287545
"rs2073226"	0.630493235013099	348	0.92748134897949
"rs438050"	0.630496185374602	348	1.15735419480803
"rs438056"	0.630496185374602	348	1.15735419480803
"rs472306"	0.630505207254686	348	0.911218249365936
"rs1845291"	0.630507524995466	348	0.890747526570245
"rs2158560"	0.630509012131671	348	1.08161181902373
"rs133169"	0.630514213180786	348	0.704055516439706
"rs1346517"	0.630514515463493	348	1.13196370292128
"rs497669"	0.630539642505211	348	1.09677999671692
"rs956054"	0.630560042749194	348	0.87280081723511
"rs291349"	0.630569236706417	348	1.08963720907462
"rs649753"	0.630592557514222	348	1.10337736953755
"rs649764"	0.630592557514222	348	1.10337736953755
"rs649770"	0.630592557514222	348	1.10337736953755
"rs649779"	0.630592557514222	348	1.10337736953755
"rs649784"	0.630592557514222	348	1.10337736953755
"rs649791"	0.630592557514222	348	1.10337736953755
"rs649794"	0.630592557514222	348	1.10337736953755
"rs1156809"	0.630599904879957	348	0.925591698831732
"rs714380"	0.630608723105471	348	0.917331866529536
"rs417259"	0.630625745738993	348	1.18178473988791
"rs1662645"	0.630626804403941	348	0.790334048760127
"rs96884"	0.630686127949975	348	1.11762190993892
"rs96890"	0.630686127949975	348	1.11762190993892
"rs729214"	0.630705278809812	348	0.811545551406233
"rs729253"	0.630705278809812	348	0.811545551406233
"rs2077155"	0.630725226045436	348	0.902799090240351
"rs1769344"	0.630766874705152	348	1.08026831811377
"rs832081"	0.630809405459638	348	1.08687715605929
"rs583443"	0.630813527643269	348	0.829107530024535
"rs68960"	0.630871199464698	348	0.924631909034599
"rs1102658"	0.630881983996426	348	1.04804049049375
"rs353834"	0.630888054196862	348	1.11192935226983
"rs2190159"	0.630905060507108	348	0.909581656295755
"rs144664"	0.630921249040737	348	1.07407348042927
"rs2145632"	0.630935326915188	348	1.2154041934526
"rs145771"	0.630953000262497	348	1.08168639851852
"rs2148506"	0.630958006438356	348	1.12642661841836
"rs2148507"	0.630958006438356	348	1.12642661841836
"rs2149914"	0.630958006438363	348	1.12642661841836
"rs1804479"	0.631000070841319	348	0.896057953343029
"rs821652"	0.631005300329493	348	1.03759729958015
"rs722857"	0.631035117435828	348	0.910606337002841
"rs2150926"	0.63104469154198	348	1.10591710193398
"rs1844911"	0.631057159803783	348	1.09605271614466
"rs356299"	0.631059335446009	348	1.11188652505348
"rs358742"	0.631059335446009	348	1.11188652505348
"rs359476"	0.631059335446009	348	1.11188652505348
"rs1769931"	0.631080492484592	348	1.08994146484198
"rs1769936"	0.631080492484592	348	1.08994146484198
"rs2117620"	0.631120101167819	348	1.1075473274324
"rs2117623"	0.631120101167819	348	1.1075473274324
"rs111501"	0.631156071979675	348	0.87934794738592
"rs831825"	0.631196466045039	348	0.865682512861891
"rs831827"	0.631196466045039	348	0.865682512861891
"rs1985682"	0.631200074570232	348	1.09885808542093
"rs2170997"	0.631217640179363	348	0.945487379103139
"rs489236"	0.631328790971183	348	1.12013759629467
"rs489239"	0.631328790971183	348	1.12013759629467
"rs489244"	0.631328790971183	348	1.12013759629467
"rs489251"	0.631328790971183	348	1.12013759629467
"rs489255"	0.631328790971183	348	1.12013759629467
"rs81465"	0.631354691721983	348	0.876521973182079
"rs1589881"	0.631362557956081	348	0.91888313324684
"rs976669"	0.631376166608458	348	0.909261158263512
"rs1515698"	0.631395187400556	348	1.03757894200853
"rs1515700"	0.631395187400556	348	1.03757894200853
"rs122454"	0.631414118722213	348	0.924013907621531
"rs1864153"	0.631422214538606	348	0.854243166848172
"rs1296195"	0.631453415982912	348	1.04075125270697
"rs547201"	0.631469870252506	348	1.13309691150419
"rs991374"	0.631493007598072	348	1.08294292285417
"rs808116"	0.631524739870715	348	1.06590716569177
"rs302447"	0.631531718901427	348	0.897987929490955
"rs874238"	0.631599771470126	348	0.837018595050899
"rs566264"	0.631602259847114	348	1.03144236852845
"rs842313"	0.631660811751565	348	0.909605691042451
"rs867109"	0.631695469777724	348	0.923084330995342
"rs549409"	0.631712913929258	348	1.09740146418511
"rs1585065"	0.631741079984412	348	0.883431828704224
"rs1585070"	0.631741079984412	348	0.883431828704224
"rs1585075"	0.631741079984412	348	0.883431828704224
"rs1585076"	0.631741079984412	348	0.883431828704224
"rs1585077"	0.631741079984412	348	0.883431828704224
"rs1585079"	0.631741079984412	348	0.883431828704224
"rs1585080"	0.631741079984412	348	0.883431828704224
"rs1585087"	0.631741079984412	348	0.883431828704224
"rs1977744"	0.631752229635536	348	1.11114853372337
"rs623094"	0.631761665665783	348	1.09638076731209
"rs1849050"	0.631764798628513	348	0.868215199290761
"rs1488659"	0.631794200347958	348	1.03797470297502
"rs917332"	0.631812504583304	348	0.908963456507467
"rs397100"	0.631814541122347	348	0.851439949757839
"rs729130"	0.631818179216277	348	0.812029121914208
"rs653175"	0.631838203837868	348	0.829252407931168
"rs1403339"	0.631870895068362	348	1.05660965535551
"rs1196737"	0.63188202124583	348	0.939641245651414
"rs1205893"	0.631882630177073	348	1.08356797906078
"rs1205898"	0.631882630177073	348	1.08356797906078
"rs1205904"	0.631882630177073	348	1.08356797906078
"rs1205907"	0.631882630177073	348	1.08356797906078
"rs127829"	0.631945864778302	348	0.932587570538372
"rs818082"	0.631948293638684	348	0.938295775137374
"rs353065"	0.631989223612348	348	0.916201669289948
"rs266731"	0.63202164474152	348	1.08173499584018
"rs307971"	0.632022378393942	348	1.13845596034648
"rs849815"	0.632104027425785	348	1.10503135663128
"rs347151"	0.632110930295785	348	0.922834691428853
"rs347155"	0.632110930295785	348	0.922834691428853
"rs347158"	0.632110930295785	348	0.922834691428853
"rs347163"	0.632110930295785	348	0.922834691428853
"rs225780"	0.632126303172521	348	1.09596451733226
"rs2099280"	0.63214840151844	348	1.06794046961074
"rs856067"	0.632159812427439	348	1.07336732933663
"rs1354436"	0.632163948490644	348	1.11285174503316
"rs1354437"	0.632163948490644	348	1.11285174503316
"rs1461129"	0.632166695130267	348	0.917203511136023
"rs575292"	0.632171590288598	348	0.897491269587047
"rs575300"	0.632171590288598	348	0.897491269587047
"rs575302"	0.632171590288598	348	0.897491269587047
"rs575306"	0.632171590288598	348	0.897491269587047
"rs648861"	0.632180960069	348	1.07772084707044
"rs928957"	0.632268429844622	348	0.897632905318296
"rs1900852"	0.632290901028366	348	1.18695008780415
"rs1945633"	0.632321374824004	348	0.794337971500189
"rs464040"	0.632321374824011	348	0.79433797150019
"rs2123333"	0.632324958985737	348	0.925532376960689
"rs1307054"	0.632337241849881	348	1.19805912854685
"rs475200"	0.632358641408448	348	0.91339774162531
"rs1675011"	0.632389393894139	348	0.847491954088941
"rs1675014"	0.632389393894139	348	0.847491954088941
"rs1675023"	0.632389393894139	348	0.847491954088941
"rs671972"	0.632390985030489	348	0.915358039722814
"rs671973"	0.632390985030489	348	0.915358039722814
"rs2147355"	0.632488075467531	348	0.875471485231896
"rs1952341"	0.632496094660159	348	1.11578788812286
"rs1952391"	0.632496094660164	348	1.11578788812286
"rs1116966"	0.632501987009942	348	1.10545374726249
"rs240286"	0.632529357251881	348	0.922341510063956
"rs942892"	0.632535698674829	348	0.847365327911608
"rs1432039"	0.632545116045499	348	0.834877314078081
"rs882865"	0.632616273593564	348	0.867778307604375
"rs2205049"	0.632635902446129	348	1.16634240073397
"rs532482"	0.632643560511148	348	0.900151928118374
"rs1363408"	0.632674527516161	348	1.12184780604396
"rs2121989"	0.632679751161922	348	1.08034432436717
"rs640146"	0.632691666153467	348	0.931931300360318
"rs845255"	0.63270446229221	348	1.08114116337257
"rs1753257"	0.632726918233138	348	1.07205289690808
"rs1366282"	0.632758215600488	348	1.25142849069531
"rs1366924"	0.632758215600488	348	1.25142849069531
"rs1367419"	0.632758215600488	348	1.25142849069531
"rs268753"	0.632761212338201	348	0.928306603860916
"rs1341809"	0.632791943839391	348	0.929435410691512
"rs1167917"	0.632808118503338	348	0.894717762642998
"rs476376"	0.632835614940684	348	1.11317042949718
"rs738451"	0.632835894643147	348	0.900233229440514
"rs702943"	0.632849517517587	348	0.871508920292225
"rs1104455"	0.632867913323844	348	0.906358041270755
"rs1994005"	0.632900233313662	348	0.884261452127855
"rs109818"	0.632926120227512	348	1.09388965324866
"rs2010631"	0.632979491710801	348	0.86868940323929
"rs2010633"	0.632979491710801	348	0.86868940323929
"rs2010674"	0.632979491710801	348	0.86868940323929
"rs2010677"	0.632979491710801	348	0.86868940323929
"rs2010678"	0.632979491710801	348	0.86868940323929
"rs2010679"	0.632979491710801	348	0.86868940323929
"rs2010682"	0.632979491710801	348	0.86868940323929
"rs2010690"	0.632979491710801	348	0.86868940323929
"rs2010700"	0.632979491710801	348	0.86868940323929
"rs2010709"	0.632979491710801	348	0.86868940323929
"rs1716244"	0.633033757233434	348	0.898620262141141
"rs886461"	0.633050040723949	348	1.21123012410378
"rs1633711"	0.633052170956849	348	0.884121657351879
"rs323652"	0.633118810172803	348	1.10044931232799
"rs737049"	0.633186738256923	348	1.12447342969252
"rs1387893"	0.633243113163623	348	1.1342229044017
"rs1653421"	0.633253883523141	348	0.89614377014862
"rs1527279"	0.633287542672051	348	0.903456104318631
"rs2093705"	0.633290386353249	348	1.09673765028786
"rs126960"	0.633301511402747	348	0.924046294147263
"rs819427"	0.633314162112842	348	1.06768148852844
"rs819435"	0.633314162112842	348	1.06768148852844
"rs1108396"	0.633367454974582	348	0.922012776804154
"rs1411591"	0.63344774041291	348	0.903766903140812
"rs35187"	0.633453368805313	348	0.913261830863733
"rs35190"	0.633453368805313	348	0.913261830863733
"rs799793"	0.633480880245215	348	0.928037026299686
"rs198300"	0.633507396601336	348	0.902673177846028
"rs430231"	0.633520884439307	348	0.877730090830051
"rs857847"	0.633538728249394	348	0.936944689065205
"rs857848"	0.633538728249394	348	0.936944689065205
"rs1703129"	0.633611011250349	348	1.10244342161371
"rs1324184"	0.633661627499767	348	1.1414856742106
"rs271671"	0.633712253178353	348	0.933172182006018
"rs1633790"	0.633726900565858	348	0.740929719538323
"rs466773"	0.633752875129127	348	0.960700386062118
"rs300351"	0.633782908114912	348	1.12940680694206
"rs1962074"	0.633819756952784	348	1.10558066939017
"rs244038"	0.633851353698297	348	0.900411883074572
"rs2084070"	0.633872562456906	348	1.06423335260819
"rs1963884"	0.633887423747378	348	1.10645092790155
"rs1963889"	0.633887423747378	348	1.10645092790155
"rs818031"	0.633983601067443	348	0.938948705883567
"rs818037"	0.633983601067443	348	0.938948705883567
"rs818061"	0.633983601067443	348	0.938948705883567
"rs1734184"	0.633992484651983	348	0.930965531155884
"rs784199"	0.634004302457512	348	1.097061770179
"rs273590"	0.634040782261697	348	0.705840701700587
"rs275374"	0.634040782261697	348	0.705840701700587
"rs275747"	0.634040782261697	348	0.705840701700587
"rs275799"	0.634040782261697	348	0.705840701700587
"rs275804"	0.634040782261697	348	0.705840701700587
"rs276330"	0.634040782261697	348	0.705840701700587
"rs277772"	0.634040782261697	348	0.705840701700587
"rs279310"	0.634040782261697	348	0.705840701700587
"rs279403"	0.634040782261697	348	0.705840701700587
"rs282101"	0.634040782261697	348	0.705840701700587
"rs288351"	0.634040782261697	348	0.705840701700587
"rs642298"	0.634040782261697	348	0.705840701700587
"rs1164320"	0.634040782261697	348	0.705840701700587
"rs1351421"	0.634040782261697	348	0.705840701700587
"rs344062"	0.634049620060287	348	0.866611848563324
"rs906708"	0.634065341504635	348	0.882030536684736
"rs1897510"	0.634089862882594	348	1.07772704363136
"rs240292"	0.634093133567402	348	0.922570353987009
"rs1447735"	0.63410754051626	348	1.08774681112275
"rs1447738"	0.63410754051626	348	1.08774681112275
"rs1621971"	0.634118750655787	348	1.09559031202318
"rs498581"	0.634139466545109	348	0.811151012191288
"rs544571"	0.634147516421203	348	1.08797264412917
"rs1963868"	0.634170874715945	348	1.11674571384317
"rs1777563"	0.634180441714344	348	0.923623752305116
"rs665950"	0.634190604661163	348	1.11447393559156
"rs1790868"	0.634216623374187	348	0.928223511284983
"rs1370196"	0.634338417618573	348	1.05427093850738
"rs1404679"	0.634419408648486	348	0.9076905087365
"rs815878"	0.634527981071751	348	1.09364141993979
"rs1710351"	0.634575466450544	348	1.09128378881592
"rs1116762"	0.634578073016313	348	1.07212377577711
"rs1116714"	0.634578073016314	348	1.07212377577711
"rs1309844"	0.634597668438029	348	1.37901994063386
"rs1361086"	0.634714925890386	348	1.10735709716973
"rs1564224"	0.63471611556606	348	0.944325952004478
"rs122481"	0.634720813541933	348	1.15828860076766
"rs132807"	0.634803228117073	348	0.804571591082453
"rs1024904"	0.634814465028857	348	1.03103476991577
"rs1142385"	0.634821238454768	348	1.11294991970789
"rs1930936"	0.634821238454768	348	1.11294991970789
"rs1672295"	0.634839424553066	348	0.842890015979767
"rs2094095"	0.634840709509291	348	0.946228154481681
"rs626172"	0.634844156846602	348	0.769045893041805
"rs642465"	0.634854595689019	348	1.13124210668398
"rs1104552"	0.634860171233478	348	0.9238054713643
"rs476493"	0.634868067152062	348	1.1438595049432
"rs1162772"	0.634890194740278	348	0.818015360474448
"rs132639"	0.634896245468661	348	0.700944919200521
"rs132642"	0.634896245468661	348	0.700944919200521
"rs132698"	0.634896245468661	348	0.700944919200521
"rs132708"	0.634896245468661	348	0.700944919200521
"rs132720"	0.634896245468661	348	0.700944919200521
"rs132724"	0.634896245468661	348	0.700944919200521
"rs132725"	0.634896245468661	348	0.700944919200521
"rs132726"	0.634896245468661	348	0.700944919200521
"rs132727"	0.634896245468661	348	0.700944919200521
"rs132731"	0.634896245468661	348	0.700944919200521
"rs132733"	0.634896245468661	348	0.700944919200521
"rs132745"	0.634896245468661	348	0.700944919200521
"rs132753"	0.634896245468661	348	0.700944919200521
"rs132769"	0.634896245468661	348	0.700944919200521
"rs42750"	0.634940417252148	348	0.926033803820109
"rs751568"	0.634972164065358	348	1.17627388399886
"rs1018823"	0.63499389442731	348	0.894114369587111
"rs1024907"	0.634997082788475	348	1.0310181567648
"rs331257"	0.635003556068795	348	0.912883750214703
"rs662671"	0.635051411720255	348	0.881520943969561
"rs1340820"	0.635059642565956	348	1.46555808125451
"rs145935"	0.635068034250469	348	1.05423891576319
"rs1998996"	0.635071597031767	348	0.927522316842201
"rs845182"	0.635083759105407	348	0.814089486508998
"rs776408"	0.635107785603088	348	0.86062773405923
"rs127772"	0.635112782918657	348	0.937760222107017
"rs2193124"	0.6351130785574	348	1.05416088797478
"rs1097442"	0.635179135830228	348	1.08680446938415
"rs2133044"	0.635185181882427	348	0.928490821840297
"rs1926965"	0.635222880485582	348	1.13578680225541
"rs132814"	0.635226029441454	348	0.701215104461869
"rs132822"	0.635226029441454	348	0.701215104461869
"rs132832"	0.635226029441454	348	0.701215104461869
"rs132841"	0.635226029441454	348	0.701215104461869
"rs132843"	0.635226029441454	348	0.701215104461869
"rs132849"	0.635226029441454	348	0.701215104461869
"rs1692271"	0.635233697021358	348	1.10959217863845
"rs1079290"	0.63528623233271	348	0.922765261644367
"rs132283"	0.635352586065264	348	0.714258507086214
"rs1086485"	0.635355948398402	348	0.92275846455738
"rs1791898"	0.635374753181777	348	1.10831181410252
"rs225423"	0.63538194819291	348	0.964164985256968
"rs228908"	0.635392638425917	348	1.15059173434609
"rs228910"	0.635392638425917	348	1.15059173434609
"rs228914"	0.635392638425917	348	1.15059173434609
"rs228922"	0.635392638425917	348	1.15059173434609
"rs228924"	0.635392638425917	348	1.15059173434609
"rs228926"	0.635392638425917	348	1.15059173434609
"rs228929"	0.635392638425917	348	1.15059173434609
"rs228932"	0.635392638425917	348	1.15059173434609
"rs228936"	0.635392638425917	348	1.15059173434609
"rs498343"	0.635427391872695	348	0.899983295234681
"rs362917"	0.635443752949779	348	1.13312011079862
"rs532456"	0.635459769940635	348	1.1131297259053
"rs858645"	0.635466307297945	348	1.09366391613011
"rs1618600"	0.63547727037533	348	1.06094052570783
"rs337941"	0.635498166269953	348	0.921773380032506
"rs337944"	0.635498166269953	348	0.921773380032506
"rs486956"	0.635499804425428	348	0.834151921155349
"rs1939690"	0.635553991310608	348	0.761691299890615
"rs196902"	0.635605129720243	348	0.912779267570798
"rs430228"	0.63560752621594	348	0.876750950495861
"rs363020"	0.63560982830193	348	1.1243001302655
"rs135788"	0.635621338678069	348	0.909917929081328
"rs616371"	0.63562136616558	348	1.10021679939961
"rs616374"	0.63562136616558	348	1.10021679939961
"rs591900"	0.635639603613698	348	0.915541297442788
"rs175041"	0.635677875084887	348	1.10173077645249
"rs1429746"	0.635695252019849	348	0.771487844136395
"rs328678"	0.635695252019875	348	0.77148784413641
"rs875621"	0.635695252019875	348	0.77148784413641
"rs2070847"	0.635695252019875	348	0.77148784413641
"rs1534114"	0.635777516234282	348	1.09662290928868
"rs570400"	0.635801856648047	348	1.08713127042026
"rs1474326"	0.635815082725682	348	1.0824321281998
"rs1691283"	0.635858544712735	348	1.13351805185589
"rs1691295"	0.635858544712735	348	1.13351805185589
"rs830796"	0.635863991442109	348	1.46697894528305
"rs831368"	0.635863991442109	348	1.46697894528305
"rs2130884"	0.635863991442109	348	1.46697894528305
"rs214980"	0.635894607433325	348	1.14741901583627
"rs452940"	0.63590202745075	348	1.46757543869426
"rs1822880"	0.635918713614223	348	1.09204225174413
"rs614426"	0.635922623724707	348	0.855839280506949
"rs355775"	0.635940611651526	348	1.07289591236951
"rs397141"	0.635957085914843	348	0.853167082465997
"rs890240"	0.635963659881812	348	0.866617448075878
"rs580957"	0.635988404779121	348	0.85683359408547
"rs580991"	0.635988404779121	348	0.85683359408547
"rs581006"	0.635988404779121	348	0.85683359408547
"rs581015"	0.635988404779121	348	0.85683359408547
"rs581028"	0.635988404779121	348	0.85683359408547
"rs581030"	0.635988404779121	348	0.85683359408547
"rs581078"	0.635988404779121	348	0.85683359408547
"rs581081"	0.635988404779121	348	0.85683359408547
"rs581082"	0.635988404779121	348	0.85683359408547
"rs581083"	0.635988404779121	348	0.85683359408547
"rs581084"	0.635988404779121	348	0.85683359408547
"rs581090"	0.635988404779121	348	0.85683359408547
"rs581092"	0.635988404779121	348	0.85683359408547
"rs581093"	0.635988404779121	348	0.85683359408547
"rs581096"	0.635988404779121	348	0.85683359408547
"rs581196"	0.635988404779121	348	0.85683359408547
"rs581212"	0.635988404779121	348	0.85683359408547
"rs581241"	0.635988404779121	348	0.85683359408547
"rs581275"	0.635988404779121	348	0.85683359408547
"rs430220"	0.635998317560589	348	0.87754339345981
"rs1647951"	0.636000617251963	348	1.08961996910276
"rs1665836"	0.636006851333414	348	0.879904424739776
"rs1665204"	0.636006851333416	348	0.879904424739776
"rs1665348"	0.636006851333416	348	0.879904424739776
"rs1665577"	0.636006851333416	348	0.879904424739776
"rs1666234"	0.636006851333416	348	0.879904424739776
"rs1666605"	0.636006851333419	348	0.879904424739777
"rs305443"	0.636034572133444	348	0.921390864443923
"rs809198"	0.636050561065945	348	0.936135898100888
"rs1733769"	0.636069345233594	348	1.04377515060976
"rs2116001"	0.63607373630998	348	1.0775783080861
"rs1716166"	0.636108183033397	348	0.898016750886307
"rs491453"	0.636116343136936	348	0.951949489852616
"rs901643"	0.636137904453279	348	0.715258616321315
"rs1629453"	0.636146582659258	348	1.08436163026351
"rs858741"	0.636168759870354	348	0.899229864511414
"rs858754"	0.636168759870354	348	0.899229864511414
"rs1317786"	0.636188079465904	348	0.882613814687546
"rs1432991"	0.636189675816609	348	1.09838209345993
"rs1433014"	0.636189675816609	348	1.09838209345993
"rs1433016"	0.636189675816609	348	1.09838209345993
"rs1433023"	0.636189675816609	348	1.09838209345993
"rs122777"	0.636254579142917	348	0.928041984227731
"rs1963380"	0.636256252942249	348	0.930840754699399
"rs178126"	0.636263281734344	348	0.913610099250871
"rs619993"	0.636273528943509	348	1.14615977309931
"rs1780431"	0.636292065742897	348	1.13125655215357
"rs1780610"	0.636292065742913	348	1.13125655215357
"rs1780496"	0.636292065742914	348	1.13125655215357
"rs1780553"	0.636292065742914	348	1.13125655215357
"rs1780589"	0.636292065742914	348	1.13125655215357
"rs1780625"	0.636292065742914	348	1.13125655215357
"rs1940027"	0.636324291184263	348	0.775558482546922
"rs478032"	0.636324291184301	348	0.775558482546948
"rs1906877"	0.636331331916953	348	1.13599743737766
"rs492758"	0.636343963206083	348	0.866324758842626
"rs1934234"	0.636459566574419	348	0.813173445184732
"rs651032"	0.63656273385487	348	1.18496894505458
"rs2193308"	0.636600250386999	348	1.0820110638266
"rs2114678"	0.636618797549716	348	0.872622443910052
"rs1681322"	0.636693242867877	348	0.884752846266838
"rs1681323"	0.636693242867877	348	0.884752846266838
"rs1681325"	0.636693242867877	348	0.884752846266838
"rs1681327"	0.636693242867877	348	0.884752846266838
"rs1681328"	0.636693242867877	348	0.884752846266838
"rs1681331"	0.636693242867877	348	0.884752846266838
"rs1681334"	0.636693242867877	348	0.884752846266838
"rs1695445"	0.636725893168841	348	1.0977334331451
"rs1537963"	0.636765941803058	348	0.909235158644056
"rs65040"	0.636773801463122	348	0.977166542622694
"rs735650"	0.636778084348211	348	0.934482205800365
"rs1618652"	0.636787962647004	348	1.06167485846052
"rs1736738"	0.636789940553966	348	1.12364352306137
"rs150646"	0.636814108581012	348	0.944135246621725
"rs1962383"	0.63684258250828	348	1.12027922302772
"rs353314"	0.636845987932865	348	1.09089576463878
"rs120736"	0.636900479748565	348	1.04064924570047
"rs1963372"	0.636954320962759	348	0.890338972686804
"rs1044899"	0.637051074895677	348	0.821718853400121
"rs1044941"	0.637051074895677	348	0.821718853400121
"rs1092555"	0.637054682194635	348	0.902066370787403
"rs1802447"	0.637074159424351	348	1.07517600116735
"rs1802484"	0.637074159424351	348	1.07517600116735
"rs626384"	0.637077274012148	348	1.11045928121697
"rs1866254"	0.637111036728492	348	0.95269115234249
"rs2065296"	0.637141225703606	348	0.900976995382752
"rs1291322"	0.637175446891733	348	1.14516739058115
"rs566226"	0.637185170687239	348	0.940215402066594
"rs1784495"	0.637303631332994	348	1.46375760543927
"rs266002"	0.637314621700773	348	0.921580317874914
"rs1123348"	0.63732605490632	348	1.23294365581854
"rs1123372"	0.63732605490632	348	1.23294365581854
"rs1022487"	0.637340994788068	348	0.89140574817013
"rs350479"	0.63734101577373	348	1.07486942703316
"rs350482"	0.63734101577373	348	1.07486942703316
"rs350485"	0.63734101577373	348	1.07486942703316
"rs579263"	0.637343519485415	348	1.15329012146147
"rs1477607"	0.637343796147349	348	1.07383238464138
"rs519801"	0.637400198686	348	0.903475284437998
"rs1395356"	0.637427599066571	348	0.870484102371922
"rs1395369"	0.637427599066571	348	0.870484102371922
"rs406001"	0.637428332128007	348	0.880371890193207
"rs60873"	0.637484113999991	348	0.852554039443217
"rs644769"	0.63749565313034	348	0.910647110179988
"rs1774506"	0.637497068614318	348	0.922611598874192
"rs1774507"	0.637497068614318	348	0.922611598874192
"rs1777334"	0.637518645008146	348	1.0658422273835
"rs2214377"	0.637522211201843	348	1.12666026750162
"rs556709"	0.637566939314767	348	0.954825119677656
"rs1964939"	0.637605569881259	348	0.679802108305401
"rs1964966"	0.637605569881259	348	0.679802108305401
"rs1964969"	0.637605569881259	348	0.679802108305401
"rs134044"	0.637632298980814	348	1.05905497671667
"rs570139"	0.637634776391141	348	1.06584407319856
"rs780404"	0.637715639597608	348	0.871569867553719
"rs1487338"	0.637721400419947	348	0.869558968225335
"rs1917898"	0.637768766594783	348	1.11795650632782
"rs1558689"	0.637795013719564	348	1.08826582855525
"rs271472"	0.63779886047871	348	1.14083923604711
"rs1161645"	0.637820643412507	348	1.09464983176056
"rs408398"	0.637857389153963	348	1.16327699208116
"rs1954712"	0.637900238906686	348	1.23244048727746
"rs122610"	0.637953471624626	348	0.933661370923993
"rs487930"	0.637968296760544	348	1.08905651401436
"rs598095"	0.637972144041182	348	0.945443749591198
"rs987293"	0.637973634444089	348	1.07515024702482
"rs1606287"	0.638028978585132	348	0.875481239489441
"rs264400"	0.638039309876118	348	0.904637067722602
"rs264403"	0.638039309876118	348	0.904637067722602
"rs343116"	0.638045485494261	348	0.864022790088994
"rs343505"	0.638045485494265	348	0.864022790088996
"rs342878"	0.638045485494265	348	0.864022790088996
"rs343206"	0.638045485494265	348	0.864022790088996
"rs343444"	0.638045485494311	348	0.216164351300749
"rs1205703"	0.638082812328377	348	1.0784870914017
"rs609792"	0.638087374510527	348	1.17958897297826
"rs302848"	0.638093175572068	348	0.948149087232011
"rs1889055"	0.638117746934213	348	1.08099242845758
"rs2169317"	0.638132604563684	348	0.941247611419804
"rs947033"	0.638144863525941	348	1.12871993757625
"rs947085"	0.638144863525941	348	1.12871993757625
"rs948327"	0.638144863525941	348	1.12871993757625
"rs949750"	0.638144863525941	348	1.12871993757625
"rs950022"	0.638144863525941	348	1.12871993757625
"rs1944470"	0.638170659377435	348	0.881577733994117
"rs100161"	0.638304823433065	348	1.09744754809922
"rs2106621"	0.638324148517316	348	1.13083331945063
"rs2106626"	0.638324148517316	348	1.13083331945063
"rs2010809"	0.638329985310132	348	1.16596196678734
"rs1962050"	0.63834728552857	348	0.765468930225804
"rs1626809"	0.63837352556646	348	0.904604915527839
"rs1907727"	0.638389710171589	348	0.976638196856104
"rs777087"	0.638399487840239	348	0.895031212023737
"rs1962434"	0.638403876194221	348	1.24333031446849
"rs2033631"	0.638440567112031	348	0.974412040616483
"rs2009869"	0.638508159714018	348	0.903881422888032
"rs303568"	0.638521573347403	348	0.926225378315141
"rs908393"	0.63853546621148	348	0.868949235521517
"rs532284"	0.638544582893848	348	1.14694337621777
"rs532285"	0.638544582893848	348	1.14694337621777
"rs175446"	0.63857995053675	348	0.923013667670546
"rs2074580"	0.638581354307666	348	0.885310232711561
"rs1307689"	0.6385913762465	348	0.886143877503442
"rs1742491"	0.638612206929979	348	1.10101692719767
"rs1742501"	0.638612206929979	348	1.10101692719767
"rs704507"	0.638621464481509	348	1.08506273357949
"rs814935"	0.638627846030895	348	1.09128111513342
"rs1447891"	0.638629711180944	348	1.07938583291298
"rs415590"	0.638641716846793	348	0.891668849774976
"rs530511"	0.638656002188513	348	1.46363397398664
"rs990732"	0.638656002188513	348	1.46363397398664
"rs295215"	0.638664338643655	348	0.919174164788253
"rs1085278"	0.638694315067407	348	1.06880436170741
"rs1071978"	0.63870397925637	348	0.918703010939761
"rs1819929"	0.638716989659396	348	1.13581754673489
"rs669149"	0.638719302128648	348	0.898514800805657
"rs393487"	0.638758405527491	348	1.10885039835422
"rs155049"	0.638758438602841	348	1.05534413838367
"rs326510"	0.638825825654956	348	1.11209478730732
"rs1146318"	0.638847726704539	348	1.14561736584369
"rs454124"	0.638888013869809	348	1.46187158050958
"rs1963831"	0.638921616766534	348	0.911960388143386
"rs407753"	0.638984012566294	348	0.926661758816857
"rs1786021"	0.638985715042181	348	0.945280132670611
"rs1786027"	0.638985715042181	348	0.945280132670611
"rs2118028"	0.638999586462944	348	0.858571291156888
"rs663409"	0.639012135727884	348	1.08445194762001
"rs663413"	0.639012135727884	348	1.08445194762001
"rs128654"	0.639027163827345	348	0.929797426678925
"rs847690"	0.639038468586699	348	1.09768805986766
"rs341504"	0.639094874406853	348	0.960469073332351
"rs1401942"	0.639126388638487	348	0.865467190307634
"rs1065593"	0.639152245769581	348	1.17890127137222
"rs1376981"	0.639157394241106	348	1.08918452587491
"rs308438"	0.63917496304196	348	1.16866333144326
"rs308453"	0.63917496304196	348	1.16866333144326
"rs726873"	0.63918297550668	348	0.916344225317012
"rs1405561"	0.639203725444227	348	1.0643789929561
"rs1955983"	0.63931295898729	348	1.12302734216358
"rs782879"	0.639332428698735	348	1.02871769670842
"rs435936"	0.639380171478268	348	0.898287248851474
"rs1742064"	0.639387797498389	348	0.941771447957634
"rs1375753"	0.639391053940012	348	0.883996262619843
"rs23227"	0.639393505698858	348	1.21176783987067
"rs23238"	0.639393505698858	348	1.21176783987067
"rs1013978"	0.639404455577214	348	0.956889673081438
"rs582117"	0.639420453965621	348	0.885879676250651
"rs1135654"	0.639421982063413	348	1.14422215774435
"rs152668"	0.639422301874693	348	0.917381381496399
"rs132410"	0.639432341574085	348	0.70945256836718
"rs1104076"	0.639432341574085	348	0.70945256836718
"rs1104229"	0.639432341574085	348	0.70945256836718
"rs1104230"	0.639432341574085	348	0.70945256836718
"rs1104276"	0.639432341574085	348	0.70945256836718
"rs1104281"	0.639432341574085	348	0.70945256836718
"rs1104403"	0.639432341574085	348	0.70945256836718
"rs1104508"	0.639432341574085	348	0.70945256836718
"rs1104541"	0.639432341574085	348	0.70945256836718
"rs1126037"	0.639432341574085	348	0.70945256836718
"rs927795"	0.639451747009113	348	0.836088088645774
"rs830788"	0.639452481755189	348	0.907493126850474
"rs604171"	0.639461624867805	348	0.900319125407943
"rs2160082"	0.639465197923277	348	0.935082524933677
"rs133409"	0.639477355494389	348	0.713436608708291
"rs1965540"	0.639508586465791	348	0.872450085602177
"rs298308"	0.639509745732314	348	0.91804668595734
"rs1535162"	0.639522974523642	348	1.09201221068595
"rs255519"	0.639535905914838	348	0.908553158334986
"rs1848371"	0.63955669684292	348	1.10365182457736
"rs774528"	0.639584887946524	348	0.895849012545865
"rs1154771"	0.639593804254467	348	0.972050233406704
"rs873395"	0.639597990502192	348	1.09235495656095
"rs1488662"	0.639614531967303	348	1.03730979689549
"rs1488668"	0.639614531967303	348	1.03730979689549
"rs1488671"	0.639614531967303	348	1.03730979689549
"rs1886767"	0.639644422174939	348	1.11903533524688
"rs1701050"	0.639657727238573	348	1.09791965132266
"rs1701052"	0.639657727238573	348	1.09791965132266
"rs1701055"	0.639657727238573	348	1.09791965132266
"rs1701076"	0.639657727238573	348	1.09791965132266
"rs1701085"	0.639657727238573	348	1.09791965132266
"rs1701086"	0.639657727238573	348	1.09791965132266
"rs1701088"	0.639657727238573	348	1.09791965132266
"rs613614"	0.639720631180872	348	0.709689582030013
"rs2120039"	0.639726352222237	348	1.07150227116667
"rs1569830"	0.639731144610132	348	1.11615579463976
"rs863627"	0.639741065070802	348	0.949843419492066
"rs358709"	0.639760261339817	348	1.10445937806351
"rs836233"	0.639797843024314	348	1.0875159637546
"rs1160293"	0.639802342018573	348	0.934035053243649
"rs1352913"	0.639863006644491	348	0.899115567179492
"rs1159947"	0.639922095588998	348	1.08374356345625
"rs1160010"	0.639922095588998	348	1.08374356345625
"rs1160013"	0.639922095588998	348	1.08374356345625
"rs492791"	0.639939637259403	348	0.928450341850409
"rs2133496"	0.639953696155728	348	1.0858016328668
"rs1565169"	0.639953960745356	348	1.15425436536916
"rs126336"	0.639991876917526	348	0.8609646893101
"rs328585"	0.640009448110919	348	0.924046232107193
"rs1893343"	0.640022721035354	348	1.08872785584429
"rs1098950"	0.640024540056774	348	1.09932471431352
"rs1794668"	0.640024599649103	348	1.09020274356631
"rs1776913"	0.640035293408376	348	1.09992568477961
"rs1546156"	0.640038518694578	348	0.904360359670615
"rs468563"	0.640041014951529	348	0.928443441208541
"rs471919"	0.640045173987847	348	0.967852341844742
"rs613418"	0.640048481728602	348	0.862077206530158
"rs1783126"	0.64008279862704	348	0.908529538233748
"rs227445"	0.640091742344285	348	1.1890389869814
"rs809777"	0.640097881807325	348	1.09501140603858
"rs433646"	0.64010355439426	348	1.1537519799163
"rs1083290"	0.640140289937308	348	0.858119610078378
"rs1083292"	0.640140289937308	348	0.858119610078378
"rs1083316"	0.640140289937308	348	0.858119610078378
"rs236069"	0.640163479970939	348	1.09551962795677
"rs236015"	0.640163479970973	348	1.09551962795676
"rs236018"	0.640163479970973	348	1.09551962795676
"rs236033"	0.640163479970976	348	1.09551962795676
"rs236036"	0.640163479970976	348	1.09551962795676
"rs236048"	0.640163479970976	348	1.09551962795676
"rs236054"	0.640163479970976	348	1.09551962795676
"rs236063"	0.640163479970976	348	1.09551962795676
"rs1562075"	0.640176450346597	348	1.07956346685573
"rs1562108"	0.640176450346597	348	1.07956346685573
"rs2089044"	0.640188287059226	348	0.911158103964789
"rs1961959"	0.640208028177479	348	1.06637179235791
"rs2119718"	0.640238090736882	348	0.919491320464059
"rs2119697"	0.640238090736891	348	0.919491320464061
"rs2119698"	0.640238090736891	348	0.919491320464061
"rs2119703"	0.640238090736891	348	0.919491320464061
"rs2119706"	0.640238090736891	348	0.919491320464061
"rs784294"	0.640244026794428	348	0.925273726776424
"rs488840"	0.640244725854241	348	0.894175681013378
"rs2118819"	0.640284996919887	348	0.920800045737425
"rs1637582"	0.640305690383489	348	0.92890398497038
"rs1117776"	0.640370472884553	348	0.913433963576041
"rs2148970"	0.640377320356711	348	1.12747388146585
"rs1011734"	0.640403702641049	348	0.876277277579919
"rs546204"	0.640426332497875	348	1.07761628044094
"rs120922"	0.640436287637093	348	1.07247070818075
"rs541377"	0.640469280681746	348	1.08857463077534
"rs489227"	0.640482350113806	348	1.12069924080965
"rs489228"	0.640482350113806	348	1.12069924080965
"rs872359"	0.640508633263349	348	1.10593693785679
"rs1850474"	0.640553883596842	348	1.09845534021489
"rs1964888"	0.64055785300082	348	0.682315597795616
"rs1964909"	0.64055785300082	348	0.682315597795616
"rs1964911"	0.64055785300082	348	0.682315597795616
"rs1964930"	0.64055785300082	348	0.682315597795616
"rs1964932"	0.64055785300082	348	0.682315597795616
"rs1964933"	0.64055785300082	348	0.682315597795616
"rs581131"	0.640570830803255	348	0.868015130438536
"rs1101734"	0.640582061199426	348	0.862817739576175
"rs489271"	0.640630884806017	348	1.12069881216393
"rs489281"	0.640630884806017	348	1.12069881216393
"rs482121"	0.640634995199621	348	1.13105809515403
"rs482172"	0.640634995199621	348	1.13105809515403
"rs1804978"	0.640636136946213	348	1.09477867104511
"rs489029"	0.640653871574896	348	1.11679880290311
"rs489041"	0.640653871574896	348	1.11679880290311
"rs489044"	0.640653871574896	348	1.11679880290311
"rs489045"	0.640653871574896	348	1.11679880290311
"rs489047"	0.640653871574896	348	1.11679880290311
"rs1700659"	0.640666141566979	348	1.10281272451156
"rs473354"	0.640682622366825	348	0.907785171843907
"rs191975"	0.64069409036609	348	0.917034109588693
"rs1489003"	0.640714099458776	348	0.943805080184
"rs1104197"	0.640774250450664	348	0.710557461179459
"rs1743377"	0.640798549750471	348	0.960022969404364
"rs1930550"	0.640811324737391	348	0.685885929576949
"rs1839783"	0.640831301553896	348	0.912356485666938
"rs1680960"	0.640843708883695	348	1.15339619168267
"rs1381354"	0.640843931708876	348	0.887535184270236
"rs516658"	0.640880924160424	348	0.941198516263947
"rs327823"	0.640890033694482	348	0.905799731377001
"rs2080462"	0.640914644661288	348	0.717454807211547
"rs1367387"	0.640924171109389	348	0.735504082888053
"rs703422"	0.640968011369488	348	0.913063983353001
"rs514660"	0.640990399721394	348	0.901410562208459
"rs942880"	0.641035173494614	348	0.845640361053005
"rs1824609"	0.641049981703673	348	0.883294922811686
"rs2175682"	0.641144992745743	348	0.944295089824646
"rs1964375"	0.64117066308435	348	1.13055291600625
"rs1964380"	0.64117066308435	348	1.13055291600625
"rs1987444"	0.641187331159836	348	1.1487390500355
"rs711426"	0.641214664124995	348	0.934764373698877
"rs1635515"	0.641221823217754	348	0.921923745934499
"rs1635518"	0.641221823217754	348	0.921923745934499
"rs1635521"	0.641221823217754	348	0.921923745934499
"rs1635524"	0.641221823217754	348	0.921923745934499
"rs1635527"	0.641221823217754	348	0.921923745934499
"rs1635530"	0.641221823217754	348	0.921923745934499
"rs1615973"	0.641225937684616	348	1.08880921340551
"rs2057527"	0.641258169832166	348	1.08290699096008
"rs2057528"	0.641258169832166	348	1.08290699096008
"rs2057530"	0.641258169832166	348	1.08290699096008
"rs2057536"	0.641258169832166	348	1.08290699096008
"rs2057542"	0.641258169832166	348	1.08290699096008
"rs2057545"	0.641258169832166	348	1.08290699096008
"rs2057554"	0.641258169832166	348	1.08290699096008
"rs2057560"	0.641258169832166	348	1.08290699096008
"rs2057564"	0.641258169832166	348	1.08290699096008
"rs2057566"	0.641258169832166	348	1.08290699096008
"rs2057569"	0.641258169832166	348	1.08290699096008
"rs2057572"	0.641258169832166	348	1.08290699096008
"rs2057573"	0.641258169832166	348	1.08290699096008
"rs2057575"	0.641258169832166	348	1.08290699096008
"rs2057578"	0.641258169832166	348	1.08290699096008
"rs2057602"	0.641258169832166	348	1.08290699096008
"rs2057608"	0.641258169832166	348	1.08290699096008
"rs1453880"	0.641270864747873	348	1.16377439130955
"rs1456432"	0.641270864747873	348	1.16377439130955
"rs545771"	0.641286035038452	348	1.07787441278956
"rs819028"	0.641316633306632	348	0.928026294900478
"rs1902830"	0.641347574903111	348	0.861275661573114
"rs1253000"	0.641384581715426	348	1.11704167353043
"rs966948"	0.641455623060355	348	1.19536993804163
"rs943680"	0.641462604499892	348	0.926580775475322
"rs1963359"	0.641483509699418	348	1.0796599051134
"rs2127153"	0.641498199387926	348	1.08168674764244
"rs1062746"	0.641499766904755	348	1.12820526688468
"rs146428"	0.641522061441827	348	1.0673132426281
"rs146429"	0.641522061441827	348	1.0673132426281
"rs1946343"	0.641524582659432	348	0.944113228533078
"rs784569"	0.641553358880077	348	0.913556181088781
"rs462217"	0.641561851409111	348	0.910857176450381
"rs823579"	0.641584424497212	348	0.924659714669892
"rs2170418"	0.641620526029835	348	1.05988901683922
"rs1596923"	0.641622240589281	348	1.09349962712976
"rs650277"	0.64163510514903	348	0.904935578725602
"rs353925"	0.641635860619629	348	0.902356028774572
"rs1489004"	0.641636456983812	348	0.943637671387195
"rs1954400"	0.641672828617063	348	1.0934683869917
"rs1954534"	0.641672828617063	348	1.0934683869917
"rs1954544"	0.641672828617063	348	1.0934683869917
"rs285676"	0.641676866317793	348	0.902765389882922
"rs466098"	0.641697652582072	348	0.905615316004021
"rs1988653"	0.641713558201438	348	1.07378522689083
"rs853379"	0.641718533584764	348	0.931252892328353
"rs466809"	0.641742706777642	348	0.901311875396992
"rs466665"	0.641752281745386	348	0.865156743851926
"rs1672866"	0.641802003397488	348	1.03986632805342
"rs1783687"	0.641819719318714	348	0.932118248395536
"rs1962602"	0.641826418570823	348	1.11929618490034
"rs133811"	0.641846004697133	348	1.07556015444809
"rs2094787"	0.64184632085778	348	0.923915341837388
"rs503200"	0.641861951859642	348	0.822082965786798
"rs580344"	0.641885980957127	348	0.82377113726388
"rs2172597"	0.641921926856193	348	0.911527774880887
"rs401955"	0.641929690344208	348	1.12672339567674
"rs1591998"	0.641937272938643	348	0.925526815153762
"rs1700995"	0.641989698720226	348	1.096875402651
"rs1700998"	0.641989698720226	348	1.096875402651
"rs1701016"	0.641989698720226	348	1.096875402651
"rs466566"	0.641994898209154	348	0.9012713944085
"rs502137"	0.642039250281022	348	1.15983951965848
"rs501671"	0.642039250281025	348	1.15983951965848
"rs501858"	0.642039250281026	348	1.15983951965848
"rs502023"	0.642039250281026	348	1.15983951965848
"rs502122"	0.642039250281026	348	1.15983951965848
"rs502240"	0.642039250281026	348	1.15983951965848
"rs502434"	0.642039250281026	348	1.15983951965848
"rs2054922"	0.642072012499032	348	1.12572972312329
"rs1688735"	0.6420964402676	348	0.856467958027289
"rs304671"	0.642121921500632	348	0.926839437227477
"rs1160810"	0.642163506448147	348	1.06500061260895
"rs1372584"	0.642189857889128	348	1.08959602916006
"rs847971"	0.642197848658012	348	1.25696552556837
"rs125980"	0.642233884192286	348	1.13494561903361
"rs1071052"	0.642285610044881	348	1.09098754474408
"rs648465"	0.642303185061442	348	0.958455223561362
"rs265207"	0.642317440573717	348	1.24474531366683
"rs1846626"	0.642333572754803	348	0.913935924381666
"rs164449"	0.642339527423091	348	1.12308449226089
"rs448738"	0.642355603832276	348	0.974419584869094
"rs2086335"	0.642370143946771	348	1.12971674500476
"rs1576077"	0.642389020152523	348	1.09311098927537
"rs910956"	0.642437829447853	348	0.867778244970942
"rs910300"	0.642437829447854	348	0.867778244970942
"rs282844"	0.64245020239326	348	1.45661195632122
"rs285472"	0.64245020239326	348	1.45661195632122
"rs288477"	0.64245020239326	348	1.45661195632122
"rs288487"	0.64245020239326	348	1.45661195632122
"rs411927"	0.642466222496727	348	1.07769851722292
"rs1010766"	0.642466596463377	348	1.15901731450731
"rs648714"	0.64247312787074	348	0.958884377664999
"rs1204841"	0.642510328937019	348	0.931010224547524
"rs1204850"	0.642510328937019	348	0.931010224547524
"rs416946"	0.642536820902093	348	0.913943779482193
"rs1404855"	0.642616639160017	348	0.719323484416074
"rs466239"	0.642628928720737	348	1.06199969380484
"rs1370757"	0.642654699009911	348	1.08204680065102
"rs300470"	0.642722526549659	348	0.905828147730614
"rs84212"	0.64275671386534	348	0.92781112457677
"rs591851"	0.6427690332837	348	0.956771397039404
"rs224828"	0.642783028998666	348	1.13897588562977
"rs224940"	0.642783028998666	348	1.13897588562977
"rs2105397"	0.642804419962548	348	1.07648543294218
"rs1845785"	0.642820467699119	348	1.09837968657247
"rs743169"	0.642849754620509	348	1.0764328012138
"rs2048575"	0.642855294005328	348	0.880560139025914
"rs2048620"	0.642855294005328	348	0.880560139025914
"rs972932"	0.642883084408538	348	1.02943644693331
"rs134084"	0.642910690548896	348	1.05586659794362
"rs304014"	0.64292167348756	348	0.310784847763514
"rs304089"	0.642921673487637	348	0.416241020399185
"rs624658"	0.642945441608468	348	0.846271942894957
"rs1635079"	0.64295620492172	348	0.891785727509828
"rs633471"	0.642970896841723	348	0.914195808926481
"rs1963737"	0.64298068180496	348	1.225807587034
"rs562433"	0.642991641451341	348	0.927107683237033
"rs1354698"	0.643042459073823	348	1.18267941696707
"rs1428032"	0.643054342918661	348	1.08687420495881
"rs460281"	0.643086796815	348	1.06696589722002
"rs1144722"	0.643089353629098	348	0.911102789848775
"rs1113608"	0.643121904780561	348	1.18419363457961
"rs1907725"	0.643152714974618	348	0.976713133309103
"rs1907739"	0.643152714974618	348	0.976713133309103
"rs1907749"	0.643152714974618	348	0.976713133309103
"rs745087"	0.643275874417858	348	1.07057442163639
"rs745117"	0.643275874417858	348	1.07057442163639
"rs745134"	0.643275874417858	348	1.07057442163639
"rs745144"	0.643275874417858	348	1.07057442163639
"rs745150"	0.643275874417858	348	1.07057442163639
"rs745156"	0.643275874417858	348	1.07057442163639
"rs1001093"	0.643279069034424	348	1.21160913265913
"rs1001280"	0.643279069034424	348	1.21160913265913
"rs1381336"	0.643314943431156	348	0.873337747451165
"rs1381381"	0.643314943431156	348	0.873337747451165
"rs1424742"	0.643336593685611	348	1.1190767599693
"rs2020207"	0.64335744364783	348	0.836289897241378
"rs429878"	0.643460553206657	348	1.05346345270641
"rs847750"	0.643496362683952	348	0.816663464450263
"rs2105840"	0.643571894217204	348	1.08886709933492
"rs1609662"	0.643581099262537	348	0.909334400985243
"rs704496"	0.643586560929547	348	1.05590832229142
"rs779149"	0.643592722746158	348	1.08116376975847
"rs941278"	0.643597892547899	348	1.12978175726803
"rs46135"	0.643608915283772	348	1.084495694447
"rs2099763"	0.643619675710188	348	1.11934889978672
"rs849773"	0.643682504202597	348	1.11410793151766
"rs1297501"	0.643690682398291	348	1.07984009914538
"rs1352552"	0.643764471058189	348	0.92587413571821
"rs133787"	0.643774412326199	348	0.918042793902301
"rs522791"	0.643777233549501	348	0.900437415580316
"rs1882205"	0.643793928797019	348	0.898403775964465
"rs308205"	0.643811031867136	348	1.16614450355954
"rs147666"	0.643811563501653	348	1.06559503164378
"rs496953"	0.643837278996664	348	0.868260101346407
"rs2213583"	0.643864492689318	348	0.733099006035841
"rs227479"	0.643891586271431	348	1.09821245589267
"rs1325986"	0.643917222049717	348	1.10438934031466
"rs1364354"	0.643924302857189	348	1.05436777744614
"rs1038446"	0.643926998380839	348	1.09568551633272
"rs1669546"	0.64392725277687	348	0.905500592837912
"rs1669549"	0.64392725277687	348	0.905500592837912
"rs1669550"	0.64392725277687	348	0.905500592837912
"rs1669555"	0.64392725277687	348	0.905500592837912
"rs1121576"	0.643935737789893	348	0.848731267716723
"rs1331549"	0.643978921295933	348	0.920984380061083
"rs1874983"	0.643996715067229	348	0.928992510629002
"rs1592289"	0.644035302435349	348	0.916753241266687
"rs42969"	0.644063977295806	348	0.942565798883016
"rs736245"	0.644081960592348	348	0.859009377248487
"rs171028"	0.644089792011882	348	1.15744616153826
"rs102228"	0.644108824000434	348	0.909489110121896
"rs98006"	0.644126191648344	348	1.14359079563082
"rs2113989"	0.644181641871	348	1.08784008689213
"rs2113991"	0.644181641871	348	1.08784008689213
"rs919946"	0.644190233806595	348	1.09124982905443
"rs893495"	0.644214853755708	348	0.850926559138141
"rs888776"	0.64421851788113	348	0.826895359055591
"rs206832"	0.644224084399247	348	1.24009160315675
"rs207121"	0.644224084399247	348	1.24009160315675
"rs207191"	0.644224084399247	348	1.24009160315675
"rs208537"	0.644224084399247	348	1.24009160315675
"rs209641"	0.644224084399247	348	1.24009160315675
"rs1421096"	0.644224084399247	348	1.24009160315675
"rs1921914"	0.644224084399247	348	1.24009160315675
"rs1924076"	0.644224084399247	348	1.24009160315675
"rs1925851"	0.644224084399247	348	1.24009160315675
"rs261317"	0.644224084399251	348	1.24009160315675
"rs362419"	0.644224084399251	348	1.24009160315675
"rs362608"	0.644224084399251	348	1.24009160315675
"rs364400"	0.644224084399251	348	1.24009160315675
"rs364717"	0.644224084399251	348	1.24009160315675
"rs819069"	0.644224084399251	348	1.24009160315675
"rs1787786"	0.644224084399251	348	1.24009160315675
"rs265420"	0.644224084399257	348	1.24009160315674
"rs267970"	0.644224084399257	348	1.24009160315674
"rs269921"	0.644224084399257	348	1.24009160315674
"rs349945"	0.644224084399257	348	1.24009160315674
"rs1818360"	0.644224084399257	348	1.24009160315674
"rs1824730"	0.644224084399257	348	1.24009160315674
"rs1922511"	0.644224084399258	348	1.24009160315674
"rs405447"	0.644247060116886	348	0.805239812746364
"rs145886"	0.644287048001405	348	1.04969098207616
"rs145888"	0.644287048001405	348	1.04969098207616
"rs1533312"	0.644302156531435	348	0.870842978527
"rs1533315"	0.644302156531435	348	0.870842978527
"rs1533316"	0.644302156531435	348	0.870842978527
"rs1533319"	0.644302156531435	348	0.870842978527
"rs1533326"	0.644302156531435	348	0.870842978527
"rs762688"	0.644385529872996	348	1.08214467247756
"rs518315"	0.644385612711368	348	1.12122395137451
"rs1678315"	0.644409039021094	348	1.09086672550398
"rs1678316"	0.644409039021094	348	1.09086672550398
"rs1678321"	0.644409039021094	348	1.09086672550398
"rs472596"	0.644416759431788	348	1.07693207771672
"rs1352093"	0.644431027347365	348	0.714745108094109
"rs1708849"	0.644434024897104	348	1.04968016077507
"rs386233"	0.644446867725207	348	1.07335642903517
"rs31987"	0.644452099911948	348	1.04549722590093
"rs1734855"	0.644462051942146	348	1.09840486012967
"rs2111648"	0.644467677974256	348	1.14571091507279
"rs1360632"	0.644514010768165	348	0.910813546754232
"rs683155"	0.644559756301904	348	1.09223103684521
"rs461007"	0.644586709605405	348	1.07453463112939
"rs592448"	0.644629661405192	348	1.09743839447469
"rs344508"	0.644642669084305	348	0.865512445969801
"rs466383"	0.644645358704315	348	1.08888247676112
"rs940675"	0.644649725600433	348	1.14976375742113
"rs940963"	0.644649725600433	348	1.14976375742113
"rs940987"	0.644649725600433	348	1.14976375742113
"rs578643"	0.644666608343956	348	0.900618228162901
"rs1814052"	0.644674694699061	348	1.18041135404685
"rs1814055"	0.644674694699061	348	1.18041135404685
"rs1814058"	0.644674694699061	348	1.18041135404685
"rs1814061"	0.644674694699061	348	1.18041135404685
"rs1814064"	0.644674694699061	348	1.18041135404685
"rs1814067"	0.644674694699061	348	1.18041135404685
"rs1814076"	0.644674694699061	348	1.18041135404685
"rs1814093"	0.644674694699061	348	1.18041135404685
"rs1814118"	0.644674694699061	348	1.18041135404685
"rs1814119"	0.644674694699061	348	1.18041135404685
"rs1814120"	0.644674694699061	348	1.18041135404685
"rs1814123"	0.644674694699061	348	1.18041135404685
"rs1814136"	0.644674694699061	348	1.18041135404685
"rs1814148"	0.644674694699157	348	1.18041135404679
"rs1814163"	0.644674694699157	348	1.18041135404679
"rs1814166"	0.644674694699157	348	1.18041135404679
"rs1814169"	0.644674694699157	348	1.18041135404679
"rs1814199"	0.644674694699157	348	1.18041135404679
"rs1814225"	0.644674694699157	348	1.18041135404679
"rs1814267"	0.644674694699157	348	1.18041135404679
"rs1814394"	0.644674694699157	348	1.18041135404679
"rs1814214"	0.644674694699164	348	1.18041135404678
"rs867353"	0.644687198776417	348	0.893179036098476
"rs1059587"	0.644706025518639	348	1.11752388656607
"rs2093977"	0.64472421719623	348	0.91592778913803
"rs1321728"	0.644845439622203	348	1.10601969984878
"rs467871"	0.644863919637561	348	1.08910619464481
"rs1710638"	0.644865409624312	348	1.08428489368688
"rs548911"	0.644866254295045	348	1.08417634264238
"rs32986"	0.644876091665865	348	1.09250460157136
"rs1406102"	0.644883902485937	348	1.08067174794281
"rs490892"	0.644884428982581	348	1.18946244171254
"rs830749"	0.644933229173191	348	0.713053578628398
"rs1631962"	0.644933229173191	348	0.713053578628398
"rs1351604"	0.644933229173192	348	0.713053578628398
"rs2124454"	0.644992899854876	348	0.917329293895328
"rs349253"	0.645003055512247	348	0.89985230012287
"rs87947"	0.645012236843174	348	0.927614254676973
"rs722915"	0.645044965233301	348	1.12961958985427
"rs1328670"	0.645067595616564	348	1.13254224719131
"rs815869"	0.645074319565292	348	0.94135402707679
"rs815872"	0.645074319565292	348	0.94135402707679
"rs815879"	0.645074319565292	348	0.94135402707679
"rs815882"	0.645074319565292	348	0.94135402707679
"rs226335"	0.645096792566562	348	1.07293292235919
"rs849239"	0.645142845772175	348	1.12468903377023
"rs1805737"	0.645267528774206	348	1.16733727520943
"rs1987136"	0.645328034856672	348	1.15699546422461
"rs700847"	0.645368968963662	348	0.91236709820533
"rs1784372"	0.64536972686782	348	0.976498083387698
"rs764735"	0.645387963674111	348	1.07865469913274
"rs303535"	0.645408779636496	348	0.927446268478536
"rs728786"	0.64543999751002	348	0.874859787050288
"rs147646"	0.645464739107101	348	1.08048664726816
"rs147654"	0.645464739107101	348	1.08048664726816
"rs1463911"	0.645503323119906	348	0.908915400228055
"rs1463914"	0.645503323119906	348	0.908915400228055
"rs1463920"	0.645503323119906	348	0.908915400228055
"rs1463932"	0.645503323119906	348	0.908915400228055
"rs1463935"	0.645503323119906	348	0.908915400228055
"rs1463944"	0.645503323119906	348	0.908915400228055
"rs1463947"	0.645503323119906	348	0.908915400228055
"rs1464127"	0.645503323119906	348	0.908915400228055
"rs1464148"	0.645503323119906	348	0.908915400228055
"rs1464151"	0.645503323119906	348	0.908915400228055
"rs1583030"	0.645533487678251	348	1.0995152396068
"rs546574"	0.645555663035075	348	0.880063434935833
"rs821772"	0.645639820338745	348	0.718251013958143
"rs1069833"	0.645674932457194	348	1.2251078304748
"rs1070085"	0.645674932457194	348	1.2251078304748
"rs1070555"	0.645674932457194	348	1.2251078304748
"rs1074899"	0.645674932457194	348	1.2251078304748
"rs1075246"	0.645674932457194	348	1.2251078304748
"rs1076048"	0.645674932457194	348	1.2251078304748
"rs128243"	0.64573226730545	348	0.920650876620161
"rs1463884"	0.645758865884904	348	0.908983076667481
"rs1126006"	0.645770733531462	348	1.16934062751436
"rs566516"	0.645788405198125	348	0.936850060321298
"rs1153355"	0.645798734404007	348	1.10336774879536
"rs1404987"	0.645813653544629	348	1.44568309061638
"rs642514"	0.645824242330022	348	1.15429742864586
"rs339099"	0.6458471352343	348	1.0854316722409
"rs339102"	0.6458471352343	348	1.0854316722409
"rs245806"	0.645875173767037	348	0.919897755755147
"rs492752"	0.645916441663359	348	1.08573567813207
"rs639711"	0.645918193224193	348	0.874291775402669
"rs1110988"	0.6459225110313	348	1.08477538086198
"rs579597"	0.645982309014425	348	1.4494346814942
"rs815196"	0.646008071853132	348	1.08873638894305
"rs430023"	0.646044896360796	348	0.882245910704852
"rs2091075"	0.646048994686221	348	1.11979658410104
"rs1306425"	0.646066540654514	348	1.15675842620406
"rs1749526"	0.646088328655708	348	1.10711866054755
"rs2147726"	0.646107675345062	348	0.925808853138024
"rs2147728"	0.646107675345062	348	0.925808853138024
"rs2147733"	0.646107675345062	348	0.925808853138024
"rs212528"	0.646110392723151	348	0.913708818225011
"rs1144941"	0.646192581919684	348	1.14930826718093
"rs489143"	0.646209290857222	348	1.05132249359633
"rs1020639"	0.646269090769907	348	1.11251700341503
"rs1038129"	0.646295159235098	348	1.32299685936198
"rs616479"	0.646296350241251	348	0.905072485375427
"rs1996366"	0.646359847205558	348	0.850679162186908
"rs729751"	0.646385327115838	348	0.920675890308568
"rs580364"	0.646396432421566	348	0.850047046112591
"rs1350532"	0.646413100864983	348	0.874943965319569
"rs942739"	0.646438277285881	348	1.22102827478155
"rs1157345"	0.646462893966767	348	0.928097826325128
"rs148815"	0.646561547375798	348	1.04116698685605
"rs1609022"	0.646604258343677	348	0.891342848040235
"rs418172"	0.64661679762249	348	1.10537966634446
"rs633581"	0.64663852655781	348	0.91614607129321
"rs652324"	0.646661105644278	348	1.21391234726318
"rs653232"	0.646661105644278	348	1.21391234726318
"rs418345"	0.646682289622058	348	1.11660610735859
"rs254241"	0.646683919252698	348	1.44088320315938
"rs1618372"	0.646688055890349	348	0.926875964817146
"rs626212"	0.646705769189388	348	1.24742234023221
"rs2102359"	0.64673268236624	348	1.15296225469557
"rs2102384"	0.64673268236624	348	1.15296225469557
"rs172650"	0.646745547532987	348	0.892395067455368
"rs123097"	0.646784224481449	348	1.09707638415336
"rs1618649"	0.646794435900281	348	0.917302473427551
"rs1466323"	0.64683640113292	348	1.13467048075022
"rs1466335"	0.64683640113292	348	1.13467048075022
"rs424933"	0.646851965522405	348	1.07634551090686
"rs429976"	0.646877185744675	348	0.879858042380487
"rs2157815"	0.646883401165603	348	1.07782083177005
"rs2158509"	0.646883401165603	348	1.07782083177005
"rs468379"	0.646914716994149	348	1.07531465462956
"rs468385"	0.646914716994149	348	1.07531465462956
"rs1395475"	0.646932830747052	348	1.09082609971404
"rs2041329"	0.646936850014087	348	1.07246970677965
"rs485034"	0.646958954677585	348	0.934334322518149
"rs1570524"	0.646970764433575	348	0.931665813385332
"rs1864622"	0.646978490995258	348	0.860661907321938
"rs1958382"	0.647009851840332	348	0.898734120880862
"rs2173051"	0.647013444402418	348	1.05990436613297
"rs1609788"	0.647022215561955	348	0.907606440227519
"rs1609818"	0.647022215561955	348	0.907606440227519
"rs1698666"	0.647041936380386	348	1.07324981628879
"rs1332200"	0.647044772381071	348	0.908208588977214
"rs1488243"	0.647070834570879	348	0.963828521135191
"rs489089"	0.647073050653787	348	1.09094631577698
"rs2193561"	0.647114020793391	348	1.1090075411582
"rs230005"	0.647151326896099	348	1.18198190251088
"rs230217"	0.647151326896099	348	1.18198190251088
"rs230256"	0.647151326896099	348	1.18198190251088
"rs230277"	0.647151326896099	348	1.18198190251088
"rs232387"	0.647151326896099	348	1.18198190251088
"rs416999"	0.647205336748609	348	1.09072904834783
"rs552517"	0.647205833199527	348	0.9050162815554
"rs1647726"	0.647233388077098	348	1.18381267705396
"rs1647990"	0.647233388077098	348	1.18381267705396
"rs633879"	0.647255463784748	348	0.91747781607732
"rs1651663"	0.647261909155088	348	0.892632639779129
"rs1651667"	0.647261909155088	348	0.892632639779129
"rs1651680"	0.647261909155088	348	0.892632639779129
"rs341572"	0.647277564194295	348	0.868459796332982
"rs342580"	0.647277564194295	348	0.868459796332982
"rs468291"	0.647306679594987	348	1.08724339554021
"rs518873"	0.647327627213868	348	1.08041912603007
"rs1963407"	0.64737950179376	348	1.05023275705938
"rs254834"	0.647394034055908	348	1.07012573853899
"rs133081"	0.647395344368506	348	0.71989227584986
"rs1121627"	0.647395344368506	348	0.71989227584986
"rs1406552"	0.647415827220139	348	1.06483478002811
"rs1003872"	0.647417723024154	348	1.10103381108176
"rs2099071"	0.647448164351135	348	1.11460430180224
"rs1816831"	0.647456411187889	348	1.21516273873492
"rs789840"	0.647500337730381	348	1.09571071192071
"rs492356"	0.647561741369538	348	1.1487174104987
"rs2047161"	0.64757895772226	348	0.912225638356179
"rs1472597"	0.647606666937598	348	0.891541254882253
"rs643049"	0.647682806636507	348	1.15374928341623
"rs443525"	0.647683890186123	348	1.09077416548814
"rs1171981"	0.647687758231189	348	1.03407530163264
"rs114996"	0.647694665309997	348	0.947516804466212
"rs117640"	0.647694665309997	348	0.947516804466212
"rs1117019"	0.647698341699617	348	0.902076575177022
"rs1357833"	0.647699662239545	348	0.875578955409211
"rs481959"	0.647703848072008	348	0.884959192725963
"rs481968"	0.647703848072008	348	0.884959192725963
"rs481983"	0.647703848072008	348	0.884959192725963
"rs481986"	0.647703848072008	348	0.884959192725963
"rs669103"	0.647750238922441	348	0.861395656359787
"rs642395"	0.647787844024624	348	1.43740146628882
"rs735902"	0.647796980961607	348	1.12510813690177
"rs1551330"	0.647799648775466	348	0.933529434506242
"rs1404910"	0.647842825737064	348	1.4219750654698
"rs152872"	0.647885135926121	348	0.931982396598261
"rs181770"	0.647897216173154	348	1.08398622963902
"rs181806"	0.647897216173154	348	1.08398622963902
"rs988816"	0.647918945273263	348	0.917202384537086
"rs1661943"	0.64799091020479	348	1.15921934559888
"rs586573"	0.648020468577658	348	0.912185670124268
"rs494373"	0.648040009216425	348	1.25574366289959
"rs494382"	0.648040009216425	348	1.25574366289959
"rs494385"	0.648040009216425	348	1.25574366289959
"rs494400"	0.648040009216425	348	1.25574366289959
"rs494526"	0.648040009216425	348	1.25574366289959
"rs494536"	0.648040009216425	348	1.25574366289959
"rs494545"	0.648040009216425	348	1.25574366289959
"rs1820503"	0.648042555602276	348	0.899028627399754
"rs23120"	0.648042597067689	348	1.1133751713947
"rs1096530"	0.648080206334556	348	0.914874851821774
"rs2162898"	0.648083287750554	348	0.932595368190516
"rs2162906"	0.648083287750554	348	0.932595368190516
"rs1632080"	0.648342201893134	348	0.722965440095439
"rs274813"	0.648365106786037	348	0.718652079835331
"rs507330"	0.648368538312416	348	0.922192628280216
"rs507375"	0.648368538312416	348	0.922192628280216
"rs507387"	0.648368538312416	348	0.922192628280216
"rs507389"	0.648368538312416	348	0.922192628280216
"rs507390"	0.648368538312416	348	0.922192628280216
"rs1106448"	0.648378715148891	348	0.879817031858364
"rs1694682"	0.648404769816486	348	1.06948297574245
"rs532173"	0.648419762571442	348	1.10852956892082
"rs472812"	0.648439291926193	348	1.07650349840851
"rs130170"	0.64844685100656	348	1.04515633889817
"rs352563"	0.648469453305349	348	1.22577210569138
"rs1936898"	0.648574838452219	348	0.807270509494891
"rs1936230"	0.648629667198049	348	0.910864444887925
"rs854010"	0.648639187143408	348	1.07295658897685
"rs419687"	0.648681279437976	348	1.15391345916907
"rs730538"	0.648720145101222	348	0.913388050126465
"rs1694245"	0.648742429100305	348	1.27912072270801
"rs1737666"	0.648742429100305	348	1.27912072270801
"rs1741544"	0.648742429100305	348	1.27912072270801
"rs1750795"	0.64874242910031	348	1.27912072270801
"rs1845447"	0.648753574539067	348	0.896905676929606
"rs1845449"	0.648753574539067	348	0.896905676929606
"rs1845456"	0.648753574539067	348	0.896905676929606
"rs816859"	0.648763945337577	348	1.11191563788959
"rs816865"	0.648763945337577	348	1.11191563788959
"rs1932196"	0.648789856782413	348	0.912846887635915
"rs1170897"	0.648814042961198	348	0.954164702131419
"rs736666"	0.648816271155527	348	0.860775448940766
"rs736699"	0.648816271155527	348	0.860775448940766
"rs736742"	0.648816271155527	348	0.860775448940766
"rs737021"	0.648816271155527	348	0.860775448940766
"rs737304"	0.648816271155527	348	0.860775448940766
"rs739295"	0.648816271155527	348	0.860775448940766
"rs740308"	0.648816271155527	348	0.860775448940766
"rs1573107"	0.648816271155527	348	0.860775448940766
"rs1336310"	0.648844060396136	348	0.886860104222443
"rs2089579"	0.648895619499552	348	1.09093244507341
"rs408425"	0.648955131074507	348	0.877894535009192
"rs408431"	0.648955131074507	348	0.877894535009192
"rs745006"	0.648963984308476	348	0.935470669667214
"rs745031"	0.648963984308476	348	0.935470669667214
"rs745011"	0.648963984308477	348	0.935470669667213
"rs745012"	0.648963984308477	348	0.935470669667213
"rs133928"	0.648966466430467	348	1.0478009184418
"rs2200944"	0.648968244234883	348	0.922743023637422
"rs616681"	0.648983915384931	348	1.09535292419281
"rs843120"	0.6490452161579	348	1.09608599666402
"rs320557"	0.649051620064395	348	1.21617389012019
"rs789893"	0.649061963711091	348	1.13628003878229
"rs789895"	0.649061963711091	348	1.13628003878229
"rs858227"	0.649072948115058	348	1.13834437557945
"rs858231"	0.649072948115058	348	1.13834437557945
"rs858242"	0.649072948115058	348	1.13834437557945
"rs2113087"	0.649098223955999	348	1.12742447608857
"rs2115994"	0.649115058729357	348	1.07131112861128
"rs1719883"	0.649125167506709	348	1.08773544161895
"rs858914"	0.649165428784144	348	0.933037829857925
"rs1817127"	0.649179894579309	348	0.917881818918023
"rs1817128"	0.649179894579309	348	0.917881818918023
"rs1817155"	0.649179894579309	348	0.917881818918023
"rs638877"	0.64920396870355	348	1.0953725367367
"rs638886"	0.64920396870355	348	1.0953725367367
"rs259567"	0.649240385541338	348	1.08758301285948
"rs516741"	0.649242470392545	348	0.920733553039676
"rs272602"	0.649250723181165	348	1.06224106764657
"rs36668"	0.649259228524108	348	0.911163087038671
"rs1601647"	0.649340286343575	348	0.896313757887086
"rs1387335"	0.649349257394432	348	0.899039479256101
"rs730935"	0.649358172744652	348	0.908728381496815
"rs730945"	0.649358172744652	348	0.908728381496815
"rs731156"	0.649358172744652	348	0.908728381496815
"rs731173"	0.649358172744652	348	0.908728381496815
"rs731182"	0.649358172744652	348	0.908728381496815
"rs731388"	0.649358172744652	348	0.908728381496815
"rs731671"	0.649358172744652	348	0.908728381496815
"rs2036040"	0.649421118974594	348	1.12959193787601
"rs1010083"	0.649463127969575	348	0.720909840814197
"rs146199"	0.649463440965608	348	1.04572217192012
"rs41014"	0.649489568215923	348	0.901584416917734
"rs659988"	0.649519179394629	348	0.898821388699724
"rs1963965"	0.649520098116157	348	1.18815963380517
"rs1963966"	0.649520098116157	348	1.18815963380517
"rs1963972"	0.649520098116157	348	1.18815963380517
"rs743004"	0.649529588120515	348	1.19253944717648
"rs362492"	0.649535481696317	348	1.0966166063768
"rs2133622"	0.649556838843485	348	1.21157076741177
"rs1799038"	0.649568464617033	348	0.901734755201302
"rs522667"	0.649597717123294	348	0.979474983045423
"rs1446303"	0.649625603072603	348	0.707831169425997
"rs1649524"	0.64967404869806	348	1.10403701220048
"rs1083351"	0.649696483232584	348	0.915411304111324
"rs329852"	0.649716183864402	348	1.12338853247462
"rs1794847"	0.649780426266727	348	1.1151705647162
"rs1316875"	0.649786211180383	348	1.11045774024344
"rs1316876"	0.649786211180383	348	1.11045774024344
"rs1316877"	0.649786211180383	348	1.11045774024344
"rs1316881"	0.649786211180383	348	1.11045774024344
"rs295349"	0.649814613400379	348	0.913817695351403
"rs1835831"	0.649833056984507	348	0.90159768010454
"rs23572"	0.649836990252324	348	1.12312850545858
"rs814303"	0.649850574322025	348	1.09317281930655
"rs81295"	0.64989341120701	348	0.96108397909403
"rs121005"	0.649910763030811	348	0.958938054130269
"rs427659"	0.64991223247214	348	1.19124135145166
"rs1074018"	0.649954091104197	348	0.897257783452354
"rs1962194"	0.649960372132294	348	1.10085181917845
"rs1962197"	0.649960372132294	348	1.10085181917845
"rs445182"	0.649994839300911	348	0.980620396114467
"rs1716130"	0.649998035152631	348	0.901375297453775
"rs1463276"	0.650012463744842	348	1.06608437854158
"rs1039363"	0.650033539190161	348	1.05808829353173
"rs1397676"	0.65023285699953	348	0.916758397609625
"rs783880"	0.650315136162656	348	1.08149973328149
"rs424229"	0.650318771034907	348	0.92764436508631
"rs364514"	0.650339434565575	348	1.27723987502714
"rs780806"	0.650339434565575	348	1.27723987502714
"rs780828"	0.650339434565575	348	1.27723987502714
"rs786572"	0.650339434565575	348	1.27723987502714
"rs799728"	0.650339434565575	348	1.27723987502714
"rs802758"	0.650339434565575	348	1.27723987502714
"rs1345490"	0.650339434565575	348	1.27723987502714
"rs1346202"	0.650339434565575	348	1.27723987502714
"rs1346399"	0.650339434565575	348	1.27723987502714
"rs1964423"	0.650348606349574	348	0.881308056841204
"rs1779069"	0.65039824709302	348	0.906028671266029
"rs1749889"	0.650418124413961	348	1.05806187188639
"rs663514"	0.650481179428177	348	0.911592291305216
"rs1647670"	0.650497268574529	348	1.1823059736566
"rs700170"	0.650511795754886	348	0.824140846548906
"rs700207"	0.650511795754886	348	0.824140846548906
"rs2069184"	0.650511795754896	348	0.82414084654891
"rs2069185"	0.650511795754896	348	0.82414084654891
"rs2070474"	0.650511795754896	348	0.82414084654891
"rs2072319"	0.650511795754896	348	0.82414084654891
"rs662839"	0.650608534816253	348	1.118483501747
"rs787565"	0.650617373512522	348	0.916941616906674
"rs417242"	0.650627219615956	348	1.09073452537895
"rs76687"	0.650665759179152	348	1.1508298531447
"rs733098"	0.650666257518699	348	0.884245966029382
"rs733182"	0.650666257518699	348	0.884245966029382
"rs420699"	0.650669163005906	348	0.924589905075388
"rs420701"	0.650669163005906	348	0.924589905075388
"rs420702"	0.650669163005906	348	0.924589905075388
"rs420714"	0.650669163005906	348	0.924589905075388
"rs1403175"	0.650681199515473	348	0.937911513394976
"rs602579"	0.650705881802375	348	0.858462746290689
"rs563374"	0.650735580637456	348	1.08043034581897
"rs566298"	0.650745576941199	348	0.949437170077483
"rs566304"	0.650745576941199	348	0.949437170077483
"rs389788"	0.650763441752285	348	0.918725022716926
"rs88031"	0.65079242037248	348	1.08868850686682
"rs1881983"	0.650813436618201	348	0.901005579829882
"rs1882024"	0.650813436618201	348	0.901005579829882
"rs1366040"	0.650886039602793	348	1.17913818154748
"rs645542"	0.650933423313149	348	0.906209759631424
"rs556332"	0.650938603296356	348	0.89854221981375
"rs556345"	0.650938603296356	348	0.89854221981375
"rs149977"	0.650994843188679	348	1.08647215424748
"rs150208"	0.650994843188679	348	1.08647215424748
"rs150316"	0.650994843188679	348	1.08647215424748
"rs150634"	0.650994843188679	348	1.08647215424748
"rs825118"	0.65101996917705	348	1.44345537475194
"rs1046980"	0.651019969177051	348	1.44345537475193
"rs215366"	0.651019969177052	348	1.44345537475193
"rs338667"	0.651019969177052	348	1.44345537475193
"rs40804"	0.651019969177052	348	0.692782068286566
"rs143220"	0.651019969177052	348	1.44345537475193
"rs542970"	0.651019969177052	348	1.44345537475193
"rs1576357"	0.651019969177053	348	1.44345537475193
"rs2024748"	0.651019969177053	348	1.44345537475193
"rs291033"	0.651019969177053	348	1.44345537475193
"rs291837"	0.651019969177053	348	1.44345537475193
"rs519053"	0.651019969177053	348	1.44345537475193
"rs23240"	0.651019969177054	348	1.44345537475193
"rs295611"	0.651019969177055	348	1.44345537475193
"rs296946"	0.651019969177055	348	1.44345537475193
"rs297457"	0.651019969177055	348	1.44345537475193
"rs842536"	0.651019969177055	348	1.44345537475193
"rs1044708"	0.651019969177055	348	0.69278206828656
"rs2059103"	0.651019969177055	348	1.44345537475193
"rs188037"	0.651019969177056	348	1.44345537475193
"rs1829108"	0.651019969177056	348	1.44345537475193
"rs1017922"	0.651019969177056	348	1.44345537475193
"rs1019068"	0.651019969177056	348	1.44345537475193
"rs468085"	0.651019969177056	348	1.44345537475193
"rs1161484"	0.651019969177056	348	1.44345537475193
"rs454006"	0.651019969177057	348	1.44345537475193
"rs454015"	0.651019969177057	348	1.44345537475193
"rs454072"	0.651019969177057	348	1.44345537475193
"rs454110"	0.651019969177057	348	1.44345537475193
"rs1576352"	0.651019969177057	348	1.44345537475193
"rs1576401"	0.651019969177057	348	1.44345537475193
"rs1661157"	0.651019969177057	348	1.44345537475193
"rs926"	0.651019969177057	348	1.44345537475193
"rs1540287"	0.651019969177057	348	1.44345537475193
"rs2019527"	0.651019969177057	348	1.44345537475193
"rs2023328"	0.651019969177057	348	1.44345537475193
"rs293"	0.651019969177058	348	1.44345537475193
"rs2865"	0.651019969177058	348	1.44345537475193
"rs4080"	0.651019969177058	348	1.44345537475193
"rs4623"	0.651019969177058	348	1.44345537475193
"rs39646"	0.651019969177058	348	1.44345537475193
"rs39676"	0.651019969177058	348	1.44345537475193
"rs39832"	0.651019969177058	348	1.44345537475193
"rs40559"	0.651019969177058	348	1.44345537475193
"rs57193"	0.651019969177058	348	1.44345537475193
"rs68081"	0.651019969177058	348	1.44345537475193
"rs72941"	0.651019969177058	348	1.44345537475193
"rs86386"	0.651019969177058	348	1.44345537475193
"rs86700"	0.651019969177058	348	1.44345537475193
"rs91370"	0.651019969177058	348	1.44345537475193
"rs97643"	0.651019969177058	348	1.44345537475193
"rs104450"	0.651019969177058	348	1.44345537475193
"rs150733"	0.651019969177058	348	1.44345537475193
"rs158667"	0.651019969177058	348	1.44345537475193
"rs162687"	0.651019969177058	348	1.44345537475193
"rs170776"	0.651019969177058	348	1.44345537475193
"rs177442"	0.651019969177058	348	1.44345537475193
"rs186715"	0.651019969177058	348	1.44345537475193
"rs187527"	0.651019969177058	348	1.44345537475193
"rs193359"	0.651019969177058	348	1.44345537475193
"rs199860"	0.651019969177058	348	1.44345537475193
"rs200358"	0.651019969177058	348	1.44345537475193
"rs216421"	0.651019969177058	348	1.44345537475193
"rs218029"	0.651019969177058	348	1.44345537475193
"rs219163"	0.651019969177058	348	1.44345537475193
"rs254152"	0.651019969177058	348	1.44345537475193
"rs257954"	0.651019969177058	348	1.44345537475193
"rs291238"	0.651019969177058	348	1.44345537475193
"rs300746"	0.651019969177058	348	1.44345537475193
"rs330972"	0.651019969177058	348	1.44345537475193
"rs338103"	0.651019969177058	348	1.44345537475193
"rs339847"	0.651019969177058	348	1.44345537475193
"rs346685"	0.651019969177058	348	1.44345537475193
"rs348200"	0.651019969177058	348	1.44345537475193
"rs372438"	0.651019969177058	348	1.44345537475193
"rs388435"	0.651019969177058	348	1.44345537475193
"rs397692"	0.651019969177058	348	1.44345537475193
"rs398784"	0.651019969177058	348	1.44345537475193
"rs426499"	0.651019969177058	348	1.44345537475193
"rs438667"	0.651019969177058	348	1.44345537475193
"rs440599"	0.651019969177058	348	1.44345537475193
"rs440622"	0.651019969177058	348	1.44345537475193
"rs442290"	0.651019969177058	348	1.44345537475193
"rs453456"	0.651019969177058	348	1.44345537475193
"rs454176"	0.651019969177058	348	1.44345537475193
"rs454669"	0.651019969177058	348	1.44345537475193
"rs457415"	0.651019969177058	348	1.44345537475193
"rs460140"	0.651019969177058	348	1.44345537475193
"rs461778"	0.651019969177058	348	1.44345537475193
"rs461822"	0.651019969177058	348	1.44345537475193
"rs487336"	0.651019969177058	348	1.44345537475193
"rs516378"	0.651019969177058	348	1.44345537475193
"rs517403"	0.651019969177058	348	1.44345537475193
"rs517880"	0.651019969177058	348	1.44345537475193
"rs518628"	0.651019969177058	348	1.44345537475193
"rs520791"	0.651019969177058	348	1.44345537475193
"rs522726"	0.651019969177058	348	1.44345537475193
"rs527055"	0.651019969177058	348	1.44345537475193
"rs529087"	0.651019969177058	348	1.44345537475193
"rs540070"	0.651019969177058	348	1.44345537475193
"rs540317"	0.651019969177058	348	1.44345537475193
"rs540937"	0.651019969177058	348	1.44345537475193
"rs543220"	0.651019969177058	348	1.44345537475193
"rs545461"	0.651019969177058	348	1.44345537475193
"rs546652"	0.651019969177058	348	1.44345537475193
"rs549347"	0.651019969177058	348	1.44345537475193
"rs584013"	0.651019969177058	348	1.44345537475193
"rs586119"	0.651019969177058	348	1.44345537475193
"rs586921"	0.651019969177058	348	1.44345537475193
"rs590786"	0.651019969177058	348	1.44345537475193
"rs605047"	0.651019969177058	348	1.44345537475193
"rs643759"	0.651019969177058	348	1.44345537475193
"rs661801"	0.651019969177058	348	1.44345537475193
"rs668987"	0.651019969177058	348	1.44345537475193
"rs669242"	0.651019969177058	348	1.44345537475193
"rs678717"	0.651019969177058	348	1.44345537475193
"rs700198"	0.651019969177058	348	1.44345537475193
"rs701014"	0.651019969177058	348	1.44345537475193
"rs705570"	0.651019969177058	348	1.44345537475193
"rs717065"	0.651019969177058	348	1.44345537475193
"rs717830"	0.651019969177058	348	1.44345537475193
"rs718060"	0.651019969177058	348	1.44345537475193
"rs720275"	0.651019969177058	348	1.44345537475193
"rs735717"	0.651019969177058	348	1.44345537475193
"rs737053"	0.651019969177058	348	1.44345537475193
"rs739160"	0.651019969177058	348	1.44345537475193
"rs741883"	0.651019969177058	348	1.44345537475193
"rs753510"	0.651019969177058	348	1.44345537475193
"rs765308"	0.651019969177058	348	1.44345537475193
"rs765633"	0.651019969177058	348	1.44345537475193
"rs766587"	0.651019969177058	348	1.44345537475193
"rs767086"	0.651019969177058	348	1.44345537475193
"rs776748"	0.651019969177058	348	1.44345537475193
"rs777231"	0.651019969177058	348	1.44345537475193
"rs779134"	0.651019969177058	348	1.44345537475193
"rs784726"	0.651019969177058	348	1.44345537475193
"rs786797"	0.651019969177058	348	1.44345537475193
"rs787417"	0.651019969177058	348	1.44345537475193
"rs797851"	0.651019969177058	348	1.44345537475193
"rs801163"	0.651019969177058	348	1.44345537475193
"rs803851"	0.651019969177058	348	1.44345537475193
"rs809399"	0.651019969177058	348	1.44345537475193
"rs823577"	0.651019969177058	348	1.44345537475193
"rs828559"	0.651019969177058	348	1.44345537475193
"rs838556"	0.651019969177058	348	1.44345537475193
"rs839401"	0.651019969177058	348	1.44345537475193
"rs846775"	0.651019969177058	348	1.44345537475193
"rs862551"	0.651019969177058	348	1.44345537475193
"rs873907"	0.651019969177058	348	1.44345537475193
"rs874178"	0.651019969177058	348	1.44345537475193
"rs874673"	0.651019969177058	348	1.44345537475193
"rs874778"	0.651019969177058	348	1.44345537475193
"rs875147"	0.651019969177058	348	1.44345537475193
"rs876391"	0.651019969177058	348	1.44345537475193
"rs879940"	0.651019969177058	348	1.44345537475193
"rs883599"	0.651019969177058	348	1.44345537475193
"rs886674"	0.651019969177058	348	1.44345537475193
"rs909697"	0.651019969177058	348	1.44345537475193
"rs915570"	0.651019969177058	348	1.44345537475193
"rs919158"	0.651019969177058	348	1.44345537475193
"rs919510"	0.651019969177058	348	1.44345537475193
"rs921015"	0.651019969177058	348	1.44345537475193
"rs951749"	0.651019969177058	348	1.44345537475193
"rs954945"	0.651019969177058	348	1.44345537475193
"rs968365"	0.651019969177058	348	1.44345537475193
"rs973691"	0.651019969177058	348	1.44345537475193
"rs977575"	0.651019969177058	348	1.44345537475193
"rs978981"	0.651019969177058	348	1.44345537475193
"rs980112"	0.651019969177058	348	1.44345537475193
"rs984250"	0.651019969177058	348	1.44345537475193
"rs986845"	0.651019969177058	348	1.44345537475193
"rs987960"	0.651019969177058	348	1.44345537475193
"rs988012"	0.651019969177058	348	1.44345537475193
"rs992441"	0.651019969177058	348	1.44345537475193
"rs992665"	0.651019969177058	348	1.44345537475193
"rs993522"	0.651019969177058	348	1.44345537475193
"rs1002452"	0.651019969177058	348	1.44345537475193
"rs1019879"	0.651019969177058	348	1.44345537475193
"rs1020160"	0.651019969177058	348	1.44345537475193
"rs1020521"	0.651019969177058	348	1.44345537475193
"rs1022798"	0.651019969177058	348	1.44345537475193
"rs1040270"	0.651019969177058	348	1.44345537475193
"rs1043815"	0.651019969177058	348	1.44345537475193
"rs1048768"	0.651019969177058	348	1.44345537475193
"rs1049542"	0.651019969177058	348	1.44345537475193
"rs1075531"	0.651019969177058	348	1.44345537475193
"rs1076092"	0.651019969177058	348	1.44345537475193
"rs1079161"	0.651019969177058	348	1.44345537475193
"rs1079983"	0.651019969177058	348	1.44345537475193
"rs1084745"	0.651019969177058	348	1.44345537475193
"rs1098488"	0.651019969177058	348	1.44345537475193
"rs1099328"	0.651019969177058	348	1.44345537475193
"rs1129420"	0.651019969177058	348	1.44345537475193
"rs1133806"	0.651019969177058	348	1.44345537475193
"rs1135296"	0.651019969177058	348	1.44345537475193
"rs1136630"	0.651019969177058	348	1.44345537475193
"rs1144670"	0.651019969177058	348	1.44345537475193
"rs1156866"	0.651019969177058	348	1.44345537475193
"rs1165011"	0.651019969177058	348	1.44345537475193
"rs1290664"	0.651019969177058	348	1.44345537475193
"rs1295687"	0.651019969177058	348	1.44345537475193
"rs1302530"	0.651019969177058	348	1.44345537475193
"rs1303734"	0.651019969177058	348	1.44345537475193
"rs1316261"	0.651019969177058	348	1.44345537475193
"rs1316611"	0.651019969177058	348	1.44345537475193
"rs1317758"	0.651019969177058	348	1.44345537475193
"rs1323738"	0.651019969177058	348	1.44345537475193
"rs1325843"	0.651019969177058	348	1.44345537475193
"rs1328114"	0.651019969177058	348	1.44345537475193
"rs1329981"	0.651019969177058	348	1.44345537475193
"rs1330257"	0.651019969177058	348	1.44345537475193
"rs1330494"	0.651019969177058	348	1.44345537475193
"rs1333210"	0.651019969177058	348	1.44345537475193
"rs1333456"	0.651019969177058	348	1.44345537475193
"rs1334120"	0.651019969177058	348	1.44345537475193
"rs1336744"	0.651019969177058	348	1.44345537475193
"rs1338550"	0.651019969177058	348	1.44345537475193
"rs1338940"	0.651019969177058	348	1.44345537475193
"rs1339918"	0.651019969177058	348	1.44345537475193
"rs1341669"	0.651019969177058	348	1.44345537475193
"rs1349700"	0.651019969177058	348	1.44345537475193
"rs1378911"	0.651019969177058	348	1.44345537475193
"rs1379364"	0.651019969177058	348	1.44345537475193
"rs1384775"	0.651019969177058	348	1.44345537475193
"rs1387704"	0.651019969177058	348	1.44345537475193
"rs1390534"	0.651019969177058	348	1.44345537475193
"rs1396133"	0.651019969177058	348	1.44345537475193
"rs1402125"	0.651019969177058	348	1.44345537475193
"rs1424984"	0.651019969177058	348	1.44345537475193
"rs1427545"	0.651019969177058	348	1.44345537475193
"rs1427867"	0.651019969177058	348	1.44345537475193
"rs1429360"	0.651019969177058	348	1.44345537475193
"rs1432158"	0.651019969177058	348	1.44345537475193
"rs1432333"	0.651019969177058	348	1.44345537475193
"rs1439231"	0.651019969177058	348	1.44345537475193
"rs1444868"	0.651019969177058	348	1.44345537475193
"rs1452910"	0.651019969177058	348	1.44345537475193
"rs1458014"	0.651019969177058	348	1.44345537475193
"rs1458387"	0.651019969177058	348	1.44345537475193
"rs1459599"	0.651019969177058	348	1.44345537475193
"rs1460593"	0.651019969177058	348	1.44345537475193
"rs1473445"	0.651019969177058	348	1.44345537475193
"rs1577674"	0.651019969177058	348	1.44345537475193
"rs1590068"	0.651019969177058	348	1.44345537475193
"rs1590477"	0.651019969177058	348	1.44345537475193
"rs1591931"	0.651019969177058	348	1.44345537475193
"rs1592398"	0.651019969177058	348	1.44345537475193
"rs1594363"	0.651019969177058	348	1.44345537475193
"rs1602162"	0.651019969177058	348	1.44345537475193
"rs1603225"	0.651019969177058	348	1.44345537475193
"rs1603343"	0.651019969177058	348	1.44345537475193
"rs1603485"	0.651019969177058	348	1.44345537475193
"rs1604431"	0.651019969177058	348	1.44345537475193
"rs1605030"	0.651019969177058	348	1.44345537475193
"rs1607221"	0.651019969177058	348	1.44345537475193
"rs1626404"	0.651019969177058	348	1.44345537475193
"rs1629633"	0.651019969177058	348	1.44345537475193
"rs1639425"	0.651019969177058	348	1.44345537475193
"rs1639580"	0.651019969177058	348	1.44345537475193
"rs1656685"	0.651019969177058	348	1.44345537475193
"rs1667615"	0.651019969177058	348	1.44345537475193
"rs1673191"	0.651019969177058	348	1.44345537475193
"rs1674789"	0.651019969177058	348	1.44345537475193
"rs1683922"	0.651019969177058	348	1.44345537475193
"rs1687842"	0.651019969177058	348	1.44345537475193
"rs1687865"	0.651019969177058	348	1.44345537475193
"rs1687902"	0.651019969177058	348	1.44345537475193
"rs1687926"	0.651019969177058	348	1.44345537475193
"rs1687953"	0.651019969177058	348	1.44345537475193
"rs1687956"	0.651019969177058	348	1.44345537475193
"rs1687959"	0.651019969177058	348	1.44345537475193
"rs1687962"	0.651019969177058	348	1.44345537475193
"rs1687968"	0.651019969177058	348	1.44345537475193
"rs1687977"	0.651019969177058	348	1.44345537475193
"rs1688058"	0.651019969177058	348	1.44345537475193
"rs1688112"	0.651019969177058	348	1.44345537475193
"rs1688121"	0.651019969177058	348	1.44345537475193
"rs1688148"	0.651019969177058	348	1.44345537475193
"rs1688154"	0.651019969177058	348	1.44345537475193
"rs1688157"	0.651019969177058	348	1.44345537475193
"rs1688190"	0.651019969177058	348	1.44345537475193
"rs1688196"	0.651019969177058	348	1.44345537475193
"rs1688310"	0.651019969177058	348	1.44345537475193
"rs1688325"	0.651019969177058	348	1.44345537475193
"rs1688337"	0.651019969177058	348	1.44345537475193
"rs1688346"	0.651019969177058	348	1.44345537475193
"rs1688375"	0.651019969177058	348	1.44345537475193
"rs1688456"	0.651019969177058	348	1.44345537475193
"rs1695091"	0.651019969177058	348	1.44345537475193
"rs1737782"	0.651019969177058	348	1.44345537475193
"rs1791516"	0.651019969177058	348	1.44345537475193
"rs1796436"	0.651019969177058	348	1.44345537475193
"rs1797005"	0.651019969177058	348	1.44345537475193
"rs1797515"	0.651019969177058	348	1.44345537475193
"rs1798220"	0.651019969177058	348	1.44345537475193
"rs1798284"	0.651019969177058	348	1.44345537475193
"rs1798509"	0.651019969177058	348	1.44345537475193
"rs1800961"	0.651019969177058	348	1.44345537475193
"rs1801877"	0.651019969177058	348	1.44345537475193
"rs1802289"	0.651019969177058	348	1.44345537475193
"rs1802556"	0.651019969177058	348	1.44345537475193
"rs1806112"	0.651019969177058	348	1.44345537475193
"rs1814003"	0.651019969177058	348	1.44345537475193
"rs1819745"	0.651019969177058	348	1.44345537475193
"rs1820969"	0.651019969177058	348	1.44345537475193
"rs1827740"	0.651019969177058	348	1.44345537475193
"rs1832734"	0.651019969177058	348	1.44345537475193
"rs1833536"	0.651019969177058	348	1.44345537475193
"rs1835504"	0.651019969177058	348	1.44345537475193
"rs1841534"	0.651019969177058	348	1.44345537475193
"rs1842817"	0.651019969177058	348	1.44345537475193
"rs1855872"	0.651019969177058	348	1.44345537475193
"rs1863980"	0.651019969177058	348	1.44345537475193
"rs1882241"	0.651019969177058	348	1.44345537475193
"rs1883118"	0.651019969177058	348	1.44345537475193
"rs1891015"	0.651019969177058	348	1.44345537475193
"rs1891738"	0.651019969177058	348	1.44345537475193
"rs1900159"	0.651019969177058	348	1.44345537475193
"rs1901234"	0.651019969177058	348	1.44345537475193
"rs1921979"	0.651019969177058	348	1.44345537475193
"rs1924657"	0.651019969177058	348	1.44345537475193
"rs1949198"	0.651019969177058	348	1.44345537475193
"rs1957480"	0.651019969177058	348	1.44345537475193
"rs1974105"	0.651019969177058	348	1.44345537475193
"rs1980349"	0.651019969177058	348	1.44345537475193
"rs1983191"	0.651019969177058	348	1.44345537475193
"rs1988319"	0.651019969177058	348	1.44345537475193
"rs2021334"	0.651019969177058	348	1.44345537475193
"rs2034047"	0.651019969177058	348	1.44345537475193
"rs2035415"	0.651019969177058	348	1.44345537475193
"rs2049539"	0.651019969177058	348	1.44345537475193
"rs2054456"	0.651019969177058	348	1.44345537475193
"rs2055072"	0.651019969177058	348	1.44345537475193
"rs2055073"	0.651019969177058	348	1.44345537475193
"rs2059025"	0.651019969177058	348	1.44345537475193
"rs2060053"	0.651019969177058	348	1.44345537475193
"rs2060626"	0.651019969177058	348	1.44345537475193
"rs2061576"	0.651019969177058	348	1.44345537475193
"rs2067967"	0.651019969177058	348	1.44345537475193
"rs2071954"	0.651019969177058	348	1.44345537475193
"rs2128753"	0.651019969177058	348	1.44345537475193
"rs2128755"	0.651019969177058	348	1.44345537475193
"rs2129908"	0.651019969177058	348	1.44345537475193
"rs2149980"	0.651019969177058	348	1.44345537475193
"rs2168272"	0.651019969177058	348	1.44345537475193
"rs2178442"	0.651019969177058	348	1.44345537475193
"rs2180346"	0.651019969177058	348	1.44345537475193
"rs2181403"	0.651019969177058	348	1.44345537475193
"rs2184570"	0.651019969177058	348	1.44345537475193
"rs2184664"	0.651019969177058	348	1.44345537475193
"rs2188634"	0.651019969177058	348	1.44345537475193
"rs2191509"	0.651019969177058	348	1.44345537475193
"rs2203195"	0.651019969177058	348	1.44345537475193
"rs2208901"	0.651019969177058	348	1.44345537475193
"rs2210911"	0.651019969177058	348	1.44345537475193
"rs2211887"	0.651019969177058	348	1.44345537475193
"rs2212127"	0.651019969177058	348	1.44345537475193
"rs1945005"	0.651019969177061	348	0.692782068286571
"rs1945732"	0.651019969177061	348	0.692782068286571
"rs477703"	0.651019969177068	348	0.692782068286576
"rs477709"	0.651019969177068	348	0.692782068286576
"rs477739"	0.651019969177068	348	0.692782068286576
"rs477766"	0.651019969177068	348	0.692782068286576
"rs477829"	0.651019969177068	348	0.692782068286576
"rs477832"	0.651019969177068	348	0.692782068286576
"rs477833"	0.651019969177068	348	0.692782068286576
"rs477940"	0.651019969177068	348	0.692782068286576
"rs477985"	0.651019969177068	348	0.692782068286576
"rs477993"	0.651019969177068	348	0.692782068286576
"rs477998"	0.651019969177068	348	0.692782068286576
"rs478007"	0.651019969177068	348	0.692782068286576
"rs478038"	0.651019969177068	348	0.692782068286576
"rs478049"	0.651019969177068	348	0.692782068286576
"rs478051"	0.651019969177068	348	0.692782068286576
"rs478052"	0.651019969177068	348	0.692782068286576
"rs478176"	0.651019969177068	348	0.692782068286576
"rs478245"	0.651019969177068	348	0.692782068286576
"rs478410"	0.651019969177068	348	0.692782068286576
"rs478521"	0.651019969177068	348	0.692782068286576
"rs478533"	0.651019969177068	348	0.692782068286576
"rs478548"	0.651019969177068	348	0.692782068286576
"rs478696"	0.651019969177068	348	0.692782068286576
"rs868134"	0.651019969177104	348	38.8332031486149
"rs239280"	0.651048716595756	348	0.917083480199896
"rs435338"	0.651057028468894	348	1.07464286646994
"rs545844"	0.65106355050691	348	1.05168456651421
"rs545848"	0.65106355050691	348	1.05168456651421
"rs1543139"	0.651072447224404	348	1.12871934430638
"rs682569"	0.651076902614331	348	1.18160269671395
"rs2091159"	0.651088698479791	348	0.902734685938801
"rs255205"	0.651095611940034	348	1.09577062400505
"rs912706"	0.651118386829391	348	0.908737456645851
"rs2091102"	0.651135756501655	348	1.07752492142837
"rs1734066"	0.651155763214114	348	1.05457098325637
"rs1117800"	0.651178203198971	348	1.1145382635157
"rs844347"	0.651181467363949	348	1.02910906852252
"rs508086"	0.651183962156255	348	1.07161454932882
"rs165845"	0.651196437662335	348	0.937224181715731
"rs845795"	0.651221615565718	348	0.913544640029057
"rs1697903"	0.651247647992841	348	1.06522792792933
"rs2207983"	0.651254759669846	348	0.824953075927232
"rs133195"	0.651309623911807	348	0.718318355480838
"rs1351581"	0.651309623911807	348	0.718318355480838
"rs1632005"	0.651309623911807	348	0.718318355480838
"rs1102523"	0.651312306440957	348	0.723431639151154
"rs815029"	0.651328157269189	348	1.05772877859849
"rs815046"	0.651328157269189	348	1.05772877859849
"rs1935120"	0.651347366906622	348	1.09145400374515
"rs155434"	0.651365865495264	348	0.956444217310993
"rs1688475"	0.651387929018074	348	1.12953029661967
"rs1688487"	0.651387929018074	348	1.12953029661967
"rs1688490"	0.651387929018074	348	1.12953029661967
"rs1933388"	0.65143670950466	348	0.842650898165199
"rs1475919"	0.651440137834906	348	0.924139415295042
"rs342020"	0.651452338140218	348	1.12658173418816
"rs1478707"	0.651452839834001	348	1.08200738260243
"rs1478713"	0.651452839834001	348	1.08200738260243
"rs1478728"	0.651452839834001	348	1.08200738260243
"rs1987776"	0.651471317636929	348	0.923140908085159
"rs425027"	0.651505934121182	348	1.07836718645186
"rs592723"	0.651556734616209	348	1.09540321972266
"rs790193"	0.651558851148299	348	1.07561302466576
"rs1146977"	0.651603933793826	348	0.912831452707238
"rs1147015"	0.651603933793826	348	0.912831452707238
"rs1105992"	0.651610849280068	348	0.927050330595066
"rs831209"	0.651614636997733	348	1.09598829303988
"rs2040116"	0.651649617205148	348	1.05152160679018
"rs1317737"	0.651669501894274	348	0.886478151179904
"rs2094435"	0.651703268417591	348	1.0212178738216
"rs778984"	0.651736609977054	348	0.901106109548476
"rs778987"	0.651736609977054	348	0.901106109548476
"rs778993"	0.651736609977054	348	0.901106109548476
"rs779044"	0.651736609977054	348	0.901106109548476
"rs779047"	0.651736609977054	348	0.901106109548476
"rs779050"	0.651736609977054	348	0.901106109548476
"rs779106"	0.651736609977054	348	0.901106109548476
"rs779107"	0.651736609977054	348	0.901106109548476
"rs1998346"	0.651738822613928	348	0.916602518509648
"rs2085537"	0.651755196104853	348	1.08096432817404
"rs79212"	0.651774807981415	348	0.923847796855931
"rs1167934"	0.651786193186037	348	0.906230418184843
"rs1117758"	0.651828258858286	348	0.912977575615431
"rs802422"	0.651846641991898	348	1.12163370794493
"rs1117714"	0.651854981915453	348	0.949911099516929
"rs1963174"	0.65189584107527	348	1.09335217985129
"rs729865"	0.651912538851245	348	0.82126707158111
"rs1304614"	0.651921262097666	348	1.09578497739316
"rs1304752"	0.651921262097666	348	1.09578497739316
"rs1887322"	0.651922779787879	348	1.12980437200103
"rs1887645"	0.651922779787879	348	1.12980437200103
"rs1381546"	0.651932724869491	348	1.08464273623944
"rs102303"	0.6519392163013	348	0.90335368478586
"rs803521"	0.651956252854411	348	0.886598867088011
"rs803530"	0.651956252854411	348	0.886598867088011
"rs1956927"	0.651977736127739	348	1.15768776254343
"rs1642540"	0.651978609350003	348	1.14757806784214
"rs787281"	0.651985421173068	348	0.823888922950316
"rs284742"	0.651997084688115	348	0.929053268433793
"rs1906775"	0.65200309144416	348	0.840137706329551
"rs1122425"	0.652081083206558	348	0.915982964039909
"rs367409"	0.652103312920644	348	1.08981452546043
"rs1720864"	0.652115978252683	348	1.12361746270459
"rs1720900"	0.652115978252683	348	1.12361746270459
"rs1720907"	0.652115978252683	348	1.12361746270459
"rs219977"	0.652124651557415	348	0.926668371373133
"rs854452"	0.65213561500728	348	0.907869139880287
"rs2020977"	0.652179682732077	348	0.971646674125833
"rs1698564"	0.652183322600161	348	1.06984019832642
"rs1793465"	0.652183745990609	348	1.09315949363514
"rs1142241"	0.65220729951546	348	0.894769778277131
"rs145154"	0.652245021327015	348	0.926885687613971
"rs145155"	0.652245021327015	348	0.926885687613971
"rs857969"	0.652265698674123	348	1.0992351072323
"rs444093"	0.65231746731474	348	1.0758855937632
"rs344264"	0.652321016485739	348	0.894136884291222
"rs488687"	0.652328272069393	348	1.20310908383815
"rs1003469"	0.652335864073395	348	0.920230808063218
"rs2016491"	0.652366796787226	348	0.899314797634021
"rs1488977"	0.652374996139021	348	1.05834662200489
"rs1488980"	0.652374996139021	348	1.05834662200489
"rs1488982"	0.652374996139021	348	1.05834662200489
"rs1689201"	0.652390466083566	348	1.11329973220742
"rs401944"	0.652411381876305	348	0.912064249789279
"rs1020380"	0.652417755703649	348	1.11675579909239
"rs1322895"	0.652430745417162	348	0.898200491587659
"rs729957"	0.652449096598436	348	0.821756670733217
"rs817736"	0.652456103010675	348	0.942894626580678
"rs225311"	0.652460019858465	348	1.1265490392262
"rs596954"	0.652475784885321	348	0.924220612752292
"rs1734442"	0.652481359002351	348	1.25530648327244
"rs973477"	0.652533915610911	348	0.909410075999362
"rs1399773"	0.652608248838761	348	1.19023723585152
"rs1791902"	0.652627444806204	348	0.945867141413484
"rs2170615"	0.652649025784677	348	1.03231542762468
"rs353391"	0.652659693108527	348	1.10497564365018
"rs1639677"	0.652665250488492	348	1.0895402628836
"rs1961770"	0.652703610618103	348	1.1183391487024
"rs417001"	0.652708209326792	348	1.08976703131571
"rs730393"	0.652751625322382	348	0.822956573263027
"rs1688644"	0.652762829545163	348	0.861207253047471
"rs1768044"	0.652768917287451	348	1.10080948892815
"rs1768159"	0.652768917287451	348	1.10080948892815
"rs2073487"	0.652769574416926	348	0.935280502547131
"rs1541418"	0.652778093344989	348	0.943409737182878
"rs649383"	0.652791812467668	348	1.17484349847292
"rs23"	0.652807863446284	348	1.13293955440629
"rs410220"	0.652812317231396	348	0.918865780454419
"rs410240"	0.652812317231396	348	0.918865780454419
"rs410251"	0.652812317231396	348	0.918865780454419
"rs1753996"	0.652814406079061	348	1.06616472587482
"rs356667"	0.652874712060761	348	1.1000532936229
"rs356907"	0.652874712060761	348	1.1000532936229
"rs357364"	0.652874712060761	348	1.1000532936229
"rs357464"	0.652874712060761	348	1.1000532936229
"rs358329"	0.652874712060761	348	1.1000532936229
"rs359039"	0.652874712060761	348	1.1000532936229
"rs359374"	0.652874712060761	348	1.1000532936229
"rs360186"	0.652874712060761	348	1.1000532936229
"rs360361"	0.652874712060761	348	1.1000532936229
"rs55736"	0.652881511119104	348	0.858868712764573
"rs620730"	0.65288529305637	348	0.910899212557526
"rs620735"	0.652885293056373	348	0.910899212557527
"rs1450211"	0.652899837655577	348	0.927711632913812
"rs148825"	0.652935621134846	348	1.04641290150846
"rs148826"	0.652935621134846	348	1.04641290150846
"rs1463158"	0.652953878375435	348	0.908331752163909
"rs2091147"	0.652986902315003	348	1.08087192628454
"rs626323"	0.653013364340072	348	1.18372298989074
"rs1177406"	0.653041315000105	348	0.905534507664831
"rs1177478"	0.653041315000105	348	0.905534507664831
"rs1177504"	0.653041315000105	348	0.905534507664831
"rs1177538"	0.653041315000105	348	0.905534507664831
"rs1177594"	0.653041315000105	348	0.905534507664831
"rs1177736"	0.653041315000105	348	0.905534507664831
"rs525531"	0.653043504101388	348	1.1862299357231
"rs1857244"	0.653146148397126	348	0.903201793589042
"rs374771"	0.653170052403355	348	1.06595920601386
"rs1793054"	0.653208698430547	348	1.11116800767411
"rs1753175"	0.653247862997777	348	0.959072809299196
"rs396738"	0.653275032346996	348	1.2024984332265
"rs1467177"	0.653297606566705	348	1.31150287479674
"rs1411422"	0.653344965383577	348	0.720987032780273
"rs1411462"	0.653344965383577	348	0.720987032780273
"rs532776"	0.653394831814053	348	0.924311613206769
"rs393448"	0.653440568108422	348	1.09622079775267
"rs393451"	0.653440568108422	348	1.09622079775267
"rs6593"	0.653443990715476	348	1.17038296692037
"rs133052"	0.653466953514205	348	0.718813256329543
"rs1383673"	0.653466953514209	348	0.718813256329545
"rs1383674"	0.653466953514209	348	0.718813256329545
"rs1383675"	0.653466953514209	348	0.718813256329545
"rs1359418"	0.653476234630191	348	1.08165381705383
"rs1963336"	0.653479529054103	348	1.09290455950454
"rs162758"	0.653513593984718	348	0.91091008852376
"rs548276"	0.653574314464684	348	1.09095890962909
"rs548286"	0.653574314464684	348	1.09095890962909
"rs548302"	0.653574314464684	348	1.09095890962909
"rs1886101"	0.653579283819765	348	1.1704692566234
"rs1351205"	0.653592816026176	348	0.788223920122496
"rs1351282"	0.653592816026176	348	0.788223920122496
"rs553099"	0.653634640074169	348	0.905943715604895
"rs1414709"	0.653651787804713	348	0.914489216756833
"rs1076814"	0.653664147414379	348	1.17051455650462
"rs1740354"	0.653671820711524	348	1.12154208661259
"rs1350950"	0.653694549164671	348	0.721849233170204
"rs1103476"	0.653774733176946	348	0.825564830017103
"rs634041"	0.65380053375643	348	1.07877973169722
"rs634451"	0.65380053375643	348	1.07877973169722
"rs1738055"	0.653816253004605	348	1.05395561538592
"rs1074095"	0.653915363340822	348	0.719152011922884
"rs1085999"	0.653922733643305	348	0.92982065980075
"rs392315"	0.653948549211391	348	0.929208526079671
"rs633575"	0.654037852335708	348	1.09162700458194
"rs308279"	0.654070329545691	348	1.11405646467212
"rs54961"	0.654071741647845	348	0.927518863051374
"rs188086"	0.654073541799507	348	1.10606977257955
"rs519768"	0.654107673950988	348	0.843244902186648
"rs519783"	0.654107673950991	348	0.843244902186648
"rs519789"	0.654107673950991	348	0.843244902186648
"rs1791938"	0.654121642982733	348	1.10200767574541
"rs129428"	0.65415474512063	348	1.0634433882177
"rs550558"	0.654159672635166	348	0.795801908843029
"rs636451"	0.654165327229593	348	0.892782005372922
"rs827177"	0.654187830275546	348	1.09295704987584
"rs827186"	0.654187830275546	348	1.09295704987584
"rs827225"	0.654187830275546	348	1.09295704987584
"rs827228"	0.654187830275546	348	1.09295704987584
"rs577097"	0.654240236848852	348	1.07619013985426
"rs2190177"	0.654241087043736	348	0.911016453735303
"rs553159"	0.654260597798892	348	1.06491847565855
"rs2113715"	0.654270769891008	348	1.18850037228866
"rs330544"	0.654293919603188	348	1.02292744940283
"rs1996266"	0.654296227226281	348	0.924188241367219
"rs265580"	0.654312091305539	348	1.0654164954898
"rs2084615"	0.654329485342067	348	1.07936652604917
"rs1121621"	0.654357876375513	348	1.0667258995851
"rs1118454"	0.65436817083046	348	0.865400469208818
"rs1118457"	0.65436817083046	348	0.865400469208818
"rs92250"	0.654400860773228	348	1.09809157813729
"rs776977"	0.654402645413016	348	0.883558567827884
"rs1341907"	0.654520772778149	348	1.19399243498169
"rs786602"	0.654528831554792	348	0.92149584946375
"rs1964480"	0.654592895235439	348	1.02025077950624
"rs562192"	0.654602893883627	348	1.0529816741506
"rs848103"	0.654611193712886	348	0.885582697576227
"rs1716142"	0.654636000474732	348	0.902508354766378
"rs1716154"	0.654636000474732	348	0.902508354766378
"rs1932906"	0.654693613935922	348	0.914856441418059
"rs857885"	0.654726164017126	348	1.10693285127506
"rs857892"	0.654726164017126	348	1.10693285127506
"rs857907"	0.654726164017126	348	1.10693285127506
"rs1658640"	0.654737381575671	348	0.871538865540695
"rs556995"	0.654759153743068	348	1.43317117036688
"rs883340"	0.654759153743068	348	1.43317117036688
"rs883406"	0.654759153743068	348	1.43317117036688
"rs2085543"	0.654761485474468	348	1.07212559283689
"rs47972"	0.654837479172227	348	1.08836993187601
"rs47977"	0.654837479172227	348	1.08836993187601
"rs2172548"	0.654868881129631	348	1.06530715863516
"rs578572"	0.654896215547355	348	0.923660678366168
"rs660450"	0.654964099416573	348	0.914925811445424
"rs556754"	0.654974262842208	348	1.04690097872385
"rs1787775"	0.654991505425043	348	0.871438190635358
"rs331500"	0.65501950937449	348	0.932446909634625
"rs1116108"	0.65503160481837	348	1.07959085568982
"rs1116111"	0.65503160481837	348	1.07959085568982
"rs1116210"	0.65503160481837	348	1.07959085568982
"rs1116219"	0.65503160481837	348	1.07959085568982
"rs1550533"	0.655096311196938	348	1.08519126922183
"rs2034286"	0.655131221885589	348	0.89888671339793
"rs1964426"	0.655138492188784	348	0.898315688545118
"rs122841"	0.655156656588771	348	1.09843376119322
"rs276368"	0.655229082976125	348	1.07154517091955
"rs2162312"	0.655255094731793	348	1.02600581216037
"rs566287"	0.655261825759494	348	0.950412610773121
"rs1287420"	0.655263161971963	348	0.920126390060212
"rs1287547"	0.655263161971963	348	0.920126390060212
"rs1287761"	0.655263161971963	348	0.920126390060212
"rs1287872"	0.655263161971963	348	0.920126390060212
"rs1287905"	0.655263161971963	348	0.920126390060212
"rs1288252"	0.655263161971963	348	0.920126390060212
"rs637753"	0.655269480639014	348	1.18196695051693
"rs1351184"	0.655341004418894	348	0.722410762533466
"rs473377"	0.655383347006429	348	1.03401570317269
"rs960442"	0.655384088317201	348	0.919680311139125
"rs960409"	0.655384088317202	348	0.919680311139125
"rs475139"	0.655385847510412	348	0.921997904615927
"rs475227"	0.655385847510412	348	0.921997904615927
"rs116609"	0.655407514114906	348	0.947275557241222
"rs1748202"	0.655417263191536	348	0.875322785412517
"rs1350962"	0.655466776120509	348	0.722517599445648
"rs167749"	0.655539968326585	348	1.11048005754295
"rs1432873"	0.655612271975138	348	0.922424078350498
"rs561515"	0.655624560876429	348	0.931351974569977
"rs1779760"	0.655654131968834	348	0.93124526959958
"rs1779790"	0.655654131968834	348	0.93124526959958
"rs1256559"	0.655658476750156	348	0.911755734878964
"rs2121898"	0.655685371443483	348	1.03443352513602
"rs1546495"	0.655698921310624	348	1.08107406828859
"rs1546498"	0.655698921310624	348	1.08107406828859
"rs2069505"	0.655699382085981	348	1.10020265023919
"rs1861917"	0.655711602432408	348	1.19836218550564
"rs635612"	0.655716759541204	348	0.895458891907411
"rs1975283"	0.655733532663695	348	0.90965009797507
"rs1776885"	0.655763100954231	348	1.09638738993072
"rs1488629"	0.655765226025254	348	1.02902302543813
"rs2134673"	0.655833667029928	348	1.0768426325167
"rs1716271"	0.655852441880069	348	0.917358194272806
"rs637193"	0.655855636824859	348	0.850357549079927
"rs1963856"	0.655900799904862	348	0.896866467734433
"rs1997958"	0.655902481360077	348	1.08790996103134
"rs2161425"	0.655926178278666	348	1.07858638241722
"rs1055165"	0.655959237890291	348	1.07001862771661
"rs177919"	0.655966089023473	348	1.09639611591714
"rs177979"	0.655966089023473	348	1.09639611591714
"rs178108"	0.655966089023473	348	1.09639611591714
"rs178154"	0.655966089023473	348	1.09639611591714
"rs1043953"	0.655990974189583	348	1.09887115729928
"rs1647383"	0.656012580155206	348	1.08471786211979
"rs1647385"	0.656012580155206	348	1.08471786211979
"rs736940"	0.656015521577206	348	0.864539896387395
"rs619888"	0.656020335060299	348	0.840461001904762
"rs1687785"	0.656020335060302	348	0.84046100190476
"rs1687788"	0.656020335060302	348	0.84046100190476
"rs1859727"	0.656034277554642	348	0.852986884130461
"rs627522"	0.656038385548109	348	1.12111096513944
"rs116946"	0.656047976416557	348	0.947430529490444
"rs117081"	0.656047976416557	348	0.947430529490444
"rs807466"	0.656062021327633	348	0.944679459224956
"rs1651770"	0.656081619607737	348	1.13853944577861
"rs1651773"	0.656081619607737	348	1.13853944577861
"rs1651791"	0.656081619607737	348	1.13853944577861
"rs1651794"	0.656081619607737	348	1.13853944577861
"rs1651847"	0.656081619607737	348	1.13853944577861
"rs1651873"	0.656081619607737	348	1.13853944577861
"rs1632018"	0.656090548910437	348	0.724863200053
"rs116943"	0.656113036566343	348	0.940679012801202
"rs429565"	0.656131576203938	348	0.857552666181942
"rs2090552"	0.656190092061149	348	0.935761537759096
"rs1964093"	0.656220869941299	348	0.90647829997925
"rs913344"	0.656272721368846	348	0.866377540498875
"rs1963193"	0.656296728708768	348	1.09632250903563
"rs1963203"	0.656296728708768	348	1.09632250903563
"rs1963242"	0.656296728708768	348	1.09632250903563
"rs417189"	0.656348044832307	348	0.923013856151031
"rs573677"	0.656381798066802	348	0.924571643229159
"rs573680"	0.656381798066802	348	0.924571643229159
"rs489489"	0.656432804405924	348	1.11366426187864
"rs1071064"	0.656455644968589	348	1.10604927868
"rs811748"	0.656461840730841	348	1.05453549269975
"rs811763"	0.656461840730841	348	1.05453549269975
"rs730531"	0.656484272561705	348	1.1112295167308
"rs730534"	0.656484272561705	348	1.1112295167308
"rs730552"	0.656484272561705	348	1.1112295167308
"rs2159589"	0.656507500327946	348	1.08086488834629
"rs1688460"	0.656510522744593	348	1.09796963751094
"rs1688499"	0.656510522744593	348	1.09796963751094
"rs1688502"	0.656510522744593	348	1.09796963751094
"rs1688508"	0.656510522744593	348	1.09796963751094
"rs1688511"	0.656510522744593	348	1.09796963751094
"rs1577825"	0.656512730719585	348	1.07561828309735
"rs890113"	0.65654036129786	348	0.885112833682069
"rs2020209"	0.656566614665533	348	1.14818704350811
"rs1146464"	0.656584621859233	348	1.08131458662514
"rs702208"	0.656586355868291	348	1.06199692714813
"rs1719397"	0.656592604043763	348	1.07579344536148
"rs1719400"	0.656592604043763	348	1.07579344536148
"rs1719405"	0.656592604043763	348	1.07579344536148
"rs1719406"	0.656592604043763	348	1.07579344536148
"rs1719409"	0.656592604043763	348	1.07579344536148
"rs1719415"	0.656592604043763	348	1.07579344536148
"rs1719416"	0.656592604043763	348	1.07579344536148
"rs1719418"	0.656592604043763	348	1.07579344536148
"rs1585025"	0.656602849684825	348	0.891432171376107
"rs134397"	0.656623555934735	348	0.922962526387672
"rs1205670"	0.656632144555272	348	1.07577735975331
"rs1963930"	0.656682942170039	348	1.11005251817418
"rs258508"	0.656713569340904	348	1.08796378218842
"rs1839317"	0.656723628725871	348	0.897412785674106
"rs2159631"	0.656736149470157	348	0.915117052656561
"rs2159634"	0.656736149470157	348	0.915117052656561
"rs105105"	0.656739015047287	348	1.08236671598751
"rs2146102"	0.656763966205514	348	1.19584256115408
"rs1317868"	0.656784689909889	348	0.852218955399628
"rs1647895"	0.656811295231502	348	1.17835189851895
"rs552556"	0.656824496333839	348	1.1368176389753
"rs439158"	0.656895335014251	348	1.14136463705446
"rs1005886"	0.656934973742841	348	0.911845760070971
"rs811304"	0.657006096996504	348	1.12060013441191
"rs496995"	0.657021266588215	348	1.13166086581655
"rs506598"	0.657027119845962	348	1.07833655042018
"rs484979"	0.657043706817022	348	1.10508754760934
"rs1682284"	0.657093294527017	348	0.903736539978103
"rs1432651"	0.657094401644805	348	1.08954008683247
"rs1639116"	0.657101720549803	348	1.08485818476838
"rs467764"	0.657139193660472	348	1.08334790261784
"rs467524"	0.657139193660474	348	1.08334790261784
"rs467581"	0.657139193660474	348	1.08334790261784
"rs467605"	0.657139193660474	348	1.08334790261784
"rs467650"	0.657139193660474	348	1.08334790261784
"rs2071816"	0.657151288693099	348	1.09665865540543
"rs550469"	0.657164755150343	348	0.793741241500862
"rs1888189"	0.657165823209896	348	1.09464137853459
"rs1157523"	0.657171896938171	348	0.938921284884903
"rs410006"	0.65721344654955	348	1.08343536776652
"rs410007"	0.65721344654955	348	1.08343536776652
"rs1566531"	0.657226621754871	348	0.918402498438186
"rs1359954"	0.657247642190512	348	1.05540292100113
"rs2092465"	0.6573040085822	348	0.90516328558727
"rs221609"	0.657333311545936	348	1.17559967506511
"rs819278"	0.657362896563433	348	1.07555625894545
"rs1863085"	0.657406465547796	348	0.846655564495861
"rs1887167"	0.657481755708093	348	1.14529694963317
"rs1887585"	0.657481755708093	348	1.14529694963317
"rs234403"	0.657491084334254	348	0.909546888523945
"rs584992"	0.657498921918229	348	0.728402710872643
"rs2099664"	0.65750329628423	348	1.09342153457128
"rs1139877"	0.657504138318743	348	0.845854766701705
"rs389030"	0.657505338787229	348	1.09626148395372
"rs389070"	0.657505338787229	348	1.09626148395372
"rs915513"	0.657514366905745	348	1.09275567314804
"rs1800224"	0.657539528276142	348	1.12243694320115
"rs72877"	0.657598523701676	348	0.952222545011387
"rs1021640"	0.657628648131744	348	0.854054073681948
"rs1864279"	0.657677518715793	348	0.923336669730882
"rs857638"	0.65768375533577	348	1.06642037379694
"rs1083398"	0.657694747567813	348	0.913517907682408
"rs1074896"	0.657701884998465	348	1.09124540289774
"rs872745"	0.657710673310892	348	0.892128876674534
"rs1103767"	0.657716662296876	348	0.882398497613125
"rs126642"	0.657763050112639	348	0.923051756950618
"rs445117"	0.65777123459808	348	1.01898625570115
"rs430226"	0.657787835205251	348	0.885948870336892
"rs842412"	0.657821250860224	348	1.09735260037369
"rs1964861"	0.657842206301157	348	0.722955372830888
"rs2172991"	0.657871739838613	348	0.949873316615287
"rs1528196"	0.657940924535179	348	1.10122355784181
"rs915512"	0.657941900087271	348	1.15617014963575
"rs915517"	0.657941900087271	348	1.15617014963575
"rs915747"	0.657941900087271	348	1.15617014963575
"rs915481"	0.657941900087309	348	1.15617014963573
"rs915830"	0.657941900087309	348	1.15617014963573
"rs1474344"	0.657948094199367	348	1.09440008288457
"rs1474356"	0.657948094199367	348	1.09440008288457
"rs1474407"	0.657948094199367	348	1.09440008288457
"rs1474590"	0.657948094199367	348	1.09440008288457
"rs1474716"	0.657948094199367	348	1.09440008288457
"rs1474761"	0.657948094199367	348	1.09440008288457
"rs1474806"	0.657948094199367	348	1.09440008288457
"rs1474812"	0.657948094199367	348	1.09440008288457
"rs1474857"	0.657948094199367	348	1.09440008288457
"rs950739"	0.657960684390914	348	0.909254580624644
"rs950740"	0.657960684390914	348	0.909254580624644
"rs1610346"	0.657967113932668	348	1.15168652098417
"rs1610350"	0.657967113932668	348	1.15168652098417
"rs1610355"	0.657967113932668	348	1.15168652098417
"rs1610367"	0.657967113932668	348	1.15168652098417
"rs1610370"	0.657967113932668	348	1.15168652098417
"rs937276"	0.657994970844242	348	0.915885323329039
"rs607244"	0.657999241789909	348	0.899941717267675
"rs1068668"	0.658012405636063	348	0.911240779733386
"rs1740290"	0.658044995696943	348	0.923668724084915
"rs651921"	0.658064921487207	348	0.82967216400281
"rs651946"	0.658064921487207	348	0.82967216400281
"rs830792"	0.65810218225106	348	1.0764159940441
"rs830795"	0.65810218225106	348	1.0764159940441
"rs2203097"	0.658107164811556	348	0.863238014866322
"rs886136"	0.658130276630455	348	1.11742750453417
"rs1790769"	0.658130310341433	348	1.08639161389058
"rs1749621"	0.658158354706886	348	0.941774954660632
"rs2011248"	0.658201753970256	348	1.0766651866303
"rs1569071"	0.658209509964764	348	1.09713586497886
"rs1488626"	0.658212109032005	348	1.02829136085617
"rs1010145"	0.65823909141171	348	0.882701954910423
"rs769244"	0.658258350471696	348	1.09762807697811
"rs769250"	0.658258350471696	348	1.09762807697811
"rs769253"	0.658258350471696	348	1.09762807697811
"rs769256"	0.658258350471696	348	1.09762807697811
"rs769259"	0.658258350471696	348	1.09762807697811
"rs580787"	0.658262641179549	348	1.14183543248333
"rs1809277"	0.658315493062066	348	0.879180991990609
"rs984684"	0.65833278993356	348	0.936784221137765
"rs755192"	0.658333821523974	348	1.07604614695188
"rs744546"	0.658429205741774	348	0.943082481035258
"rs1116977"	0.658434233224102	348	0.921706028323694
"rs1056351"	0.658441457023189	348	1.12181625662585
"rs1293283"	0.658458054114112	348	1.09082854554655
"rs1820175"	0.658474936925253	348	0.915313196206181
"rs929031"	0.658484870790014	348	0.873983874168641
"rs1293486"	0.658558260981648	348	0.933148609714151
"rs588576"	0.658562394091681	348	0.825286450051983
"rs1845363"	0.658586907377673	348	1.10377649006739
"rs936575"	0.65859991298207	348	1.09329361923927
"rs206025"	0.658614001537999	348	1.0688795575727
"rs1174365"	0.658626468724144	348	0.913591533366225
"rs1174556"	0.658626468724144	348	0.913591533366225
"rs1174561"	0.658626468724144	348	0.913591533366225
"rs1174618"	0.658626468724144	348	0.913591533366225
"rs1174721"	0.658626468724144	348	0.913591533366225
"rs1174801"	0.658626468724144	348	0.913591533366225
"rs1443359"	0.658645365953116	348	1.13262177405469
"rs1357233"	0.658653045165431	348	0.884611358041879
"rs731824"	0.658690898644502	348	0.89889662729679
"rs385196"	0.658694380584428	348	1.10202839598331
"rs385385"	0.658694380584428	348	1.10202839598331
"rs2148467"	0.65871685455724	348	1.19587340312148
"rs327454"	0.658720387291441	348	1.1179585988826
"rs842415"	0.658757381962666	348	0.873395842212612
"rs546429"	0.658771657197895	348	1.0814673242828
"rs1880233"	0.658789226364893	348	0.902212884981134
"rs1880236"	0.658789226364893	348	0.902212884981134
"rs852362"	0.658810449732992	348	0.920357170745482
"rs1123516"	0.65881419892322	348	0.909708715341605
"rs684701"	0.658863518200018	348	1.08960945729264
"rs1735381"	0.658935077431255	348	1.1068974035657
"rs1165072"	0.658940108367005	348	1.06841200881606
"rs1393742"	0.658942412270009	348	0.895388786269955
"rs99585"	0.658957759449103	348	0.871608359676782
"rs548231"	0.658997795303589	348	1.08695228465586
"rs817138"	0.658999931959734	348	0.925375387254561
"rs817295"	0.658999931959734	348	0.925375387254561
"rs1436394"	0.659067163796917	348	0.837894671429411
"rs590669"	0.65907198596991	348	0.914402832442135
"rs1577384"	0.659074063268874	348	0.93011879399327
"rs2148634"	0.659151655977661	348	0.901324169313113
"rs374012"	0.659160687393943	348	0.905298961194912
"rs203912"	0.659181084758352	348	1.06623648586847
"rs789883"	0.659218199684646	348	1.13474763961431
"rs115713"	0.659319035177553	348	0.947365242857476
"rs115739"	0.659319035177553	348	0.947365242857476
"rs115805"	0.659319035177553	348	0.947365242857476
"rs504498"	0.659344230496869	348	1.09560598399342
"rs1629274"	0.659367271572191	348	1.06595522364456
"rs565755"	0.659449335547281	348	0.935052647361571
"rs1565526"	0.659462510830134	348	1.07745753275437
"rs1565583"	0.659462510830134	348	1.07745753275437
"rs591135"	0.659490805901289	348	1.09412062577612
"rs819789"	0.659522953347328	348	0.926872123120244
"rs377903"	0.659527555027637	348	0.909435264109887
"rs1961701"	0.659529540243644	348	1.09097997465687
"rs305431"	0.659530199403076	348	1.11406113952053
"rs1469059"	0.659547728629748	348	1.10572463209494
"rs808112"	0.659566120731681	348	0.938859489098262
"rs1301229"	0.659577690373304	348	0.896382195234954
"rs1301151"	0.65957769037331	348	0.896382195234956
"rs1845025"	0.659578618533006	348	0.595498844233451
"rs1845304"	0.659578618533006	348	0.595498844233451
"rs1845653"	0.659578618533006	348	0.595498844233451
"rs1845737"	0.659578618533006	348	0.595498844233451
"rs1845749"	0.659578618533006	348	0.595498844233451
"rs1845916"	0.659578618533006	348	0.595498844233451
"rs1846893"	0.659578618533006	348	0.595498844233451
"rs1846951"	0.659578618533006	348	0.595498844233451
"rs1847222"	0.659578618533023	348	0.915601612267211
"rs722795"	0.65958425088366	348	1.06428668841111
"rs330433"	0.659589949004486	348	1.11275018638047
"rs1515858"	0.659591167208638	348	0.971611590761783
"rs1195652"	0.659597367376986	348	0.921726457297529
"rs790048"	0.659612211546142	348	1.12917464452831
"rs598318"	0.659627369031216	348	0.873330470513957
"rs1118979"	0.659636583296878	348	0.880229808652588
"rs1565140"	0.65963658329688	348	0.88022980865259
"rs1469720"	0.659646613046174	348	1.0864712278124
"rs393913"	0.659673604047431	348	1.13651800374143
"rs941348"	0.659684829558619	348	1.13444928170225
"rs1928154"	0.659714753878238	348	0.850180888311188
"rs92866"	0.659724893178861	348	0.933108460391726
"rs1963324"	0.65972643923202	348	1.09534872154968
"rs787778"	0.659730567458532	348	1.07036173315361
"rs1734446"	0.659749514529677	348	1.08560345481627
"rs1610565"	0.65975356319884	348	1.07819793687126
"rs1452010"	0.659762340197708	348	0.938760920727988
"rs1286822"	0.659772258687377	348	0.829830470088184
"rs1077008"	0.659902161997264	348	0.916881727206984
"rs1605154"	0.659973921044892	348	1.1242567771238
"rs1930578"	0.659980766753384	348	0.911521868262171
"rs2169347"	0.660018916297767	348	1.08391696580269
"rs1698021"	0.660023311606478	348	0.940115807691695
"rs894301"	0.660043746545948	348	1.07458938917577
"rs1395323"	0.660159746428476	348	0.878572814347339
"rs1395326"	0.660159746428476	348	0.878572814347339
"rs1395327"	0.660159746428476	348	0.878572814347339
"rs1395333"	0.660159746428476	348	0.878572814347339
"rs1395336"	0.660159746428476	348	0.878572814347339
"rs1395342"	0.660159746428476	348	0.878572814347339
"rs1395352"	0.660159746428476	348	0.878572814347339
"rs1395357"	0.660159746428476	348	0.878572814347339
"rs1816799"	0.660165774868816	348	0.92662908070696
"rs359122"	0.660168780879024	348	1.09732104954764
"rs553045"	0.660178404026885	348	0.854800903329835
"rs553054"	0.660178404026885	348	0.854800903329835
"rs118844"	0.660209060922099	348	1.06050315990404
"rs223673"	0.660235040158748	348	1.26372031587182
"rs1681603"	0.660287072566932	348	1.0802763491531
"rs1648488"	0.660314242829569	348	1.17602096586568
"rs704775"	0.660316079313928	348	1.08974755545702
"rs488598"	0.660326230297624	348	1.07839747454597
"rs488599"	0.660326230297624	348	1.07839747454597
"rs619252"	0.660342307792859	348	0.898543266289294
"rs304353"	0.660351006295395	348	2.87678052917999
"rs1792421"	0.660357139402041	348	1.09062961649363
"rs1444326"	0.66036059920235	348	0.928493951168896
"rs1108397"	0.660462660837458	348	1.19551774578798
"rs712222"	0.660476290226247	348	0.839124701168733
"rs1414698"	0.660490811728226	348	1.08489068357644
"rs266479"	0.660552297934933	348	0.750451019716158
"rs110680"	0.660601338861539	348	0.928851704490139
"rs110689"	0.660601338861539	348	0.928851704490139
"rs110695"	0.660601338861539	348	0.928851704490139
"rs110701"	0.660601338861539	348	0.928851704490139
"rs1070283"	0.660619923554258	348	0.748090199845221
"rs1070331"	0.660619923554258	348	0.748090199845221
"rs546816"	0.660624980024801	348	0.886466681944398
"rs1817445"	0.660639279488322	348	1.13433943016639
"rs553623"	0.660646270113291	348	0.744951990239105
"rs1847148"	0.660694200696785	348	0.918594814947326
"rs505733"	0.660724881214993	348	1.12599199881862
"rs785788"	0.660770197709494	348	1.26643019874131
"rs1126521"	0.660813996518487	348	0.863371749545771
"rs1127077"	0.660813996518487	348	0.863371749545771
"rs1127080"	0.660813996518487	348	0.863371749545771
"rs1127086"	0.660813996518487	348	0.863371749545771
"rs1127098"	0.660813996518487	348	0.863371749545771
"rs1127101"	0.660813996518487	348	0.863371749545771
"rs1127221"	0.660813996518487	348	0.863371749545771
"rs1127233"	0.660813996518487	348	0.863371749545771
"rs1127245"	0.660813996518487	348	0.863371749545771
"rs1127284"	0.660813996518487	348	0.863371749545771
"rs1127365"	0.660813996518487	348	0.863371749545771
"rs1127372"	0.660813996518487	348	0.863371749545771
"rs1127377"	0.660813996518487	348	0.863371749545771
"rs1127388"	0.660813996518487	348	0.863371749545771
"rs1127443"	0.660813996518487	348	0.863371749545771
"rs1127472"	0.660813996518487	348	0.863371749545771
"rs1984714"	0.660830941609089	348	0.930735087295172
"rs1127146"	0.660832115819408	348	0.8727714350556
"rs730153"	0.660896282588835	348	0.833503516194038
"rs344836"	0.660936450262257	348	0.906344035454964
"rs326038"	0.66093827987902	348	1.08872693057611
"rs845250"	0.66093989756176	348	0.894067261540337
"rs1576305"	0.66094660320084	348	1.42632906969449
"rs544821"	0.660953508150959	348	0.930612562013764
"rs544832"	0.660953508150959	348	0.930612562013764
"rs544835"	0.660953508150959	348	0.930612562013764
"rs544838"	0.660953508150959	348	0.930612562013764
"rs502593"	0.660982956489813	348	1.10842506681112
"rs1945001"	0.660984847025046	348	0.920401627115896
"rs145201"	0.661054008133518	348	1.06771421737041
"rs1962496"	0.661096477689165	348	1.11135882723521
"rs1962497"	0.661096477689165	348	1.11135882723521
"rs2174393"	0.661133303777186	348	1.18361508108196
"rs640442"	0.661136315625279	348	0.852537799532541
"rs353706"	0.661172637481529	348	1.11001643192693
"rs651907"	0.661216969979877	348	1.19251144006104
"rs289445"	0.661237453755831	348	1.08199275639377
"rs118709"	0.661259915714184	348	1.0579903315292
"rs118722"	0.661259915714184	348	1.0579903315292
"rs118723"	0.661259915714184	348	1.0579903315292
"rs898176"	0.661299315868294	348	1.02041595492791
"rs154337"	0.661349649856049	348	0.92551442796083
"rs949706"	0.661362221547583	348	1.1028386081299
"rs610459"	0.661364420644444	348	1.10371423232469
"rs610453"	0.661364420644445	348	1.10371423232469
"rs1982583"	0.661388039960682	348	1.0663798792212
"rs1432495"	0.661400533056254	348	0.921482093757356
"rs2057539"	0.661424763000163	348	1.07903676838004
"rs1488743"	0.661458877835613	348	0.97034211143497
"rs43224"	0.661460672867171	348	0.901641869426187
"rs1450170"	0.661466837432673	348	0.927878366057524
"rs465395"	0.661539713494983	348	0.930595832702747
"rs465425"	0.661539713494983	348	0.930595832702747
"rs1580646"	0.661568796922932	348	0.832655644488768
"rs730065"	0.66158627228716	348	1.10474340362103
"rs1778780"	0.661590437083909	348	0.931907155197808
"rs1205890"	0.661590520098894	348	1.07878358371949
"rs1013443"	0.661592860686268	348	0.935640546789088
"rs987422"	0.661624203165855	348	0.934017405380169
"rs987428"	0.661624203165855	348	0.934017405380169
"rs652964"	0.661663661999843	348	1.17566552595199
"rs509219"	0.661716445204746	348	1.10700022401327
"rs2203358"	0.661767487696851	348	0.923309020503729
"rs2203596"	0.661844596304498	348	1.12463314028875
"rs177965"	0.661875999169036	348	0.904514534667717
"rs177970"	0.661875999169036	348	0.904514534667717
"rs1329595"	0.661891462798903	348	1.07732097498943
"rs1332226"	0.661904401641193	348	1.08915532033559
"rs941503"	0.661943201442234	348	1.1334207035256
"rs941552"	0.661943201442234	348	1.1334207035256
"rs720518"	0.661958535704066	348	1.13568671866118
"rs153968"	0.661970024107978	348	1.07945655008011
"rs744487"	0.662004981516992	348	0.940160734636148
"rs1360135"	0.66204013271824	348	1.06288192690872
"rs1962239"	0.662049009753421	348	1.07254492122839
"rs211277"	0.66216508248473	348	0.902960069462903
"rs464513"	0.662170128715508	348	1.07839838188026
"rs162650"	0.662181530878602	348	0.927485550283494
"rs613466"	0.662206299949895	348	1.13904390862698
"rs1104225"	0.662228935909104	348	1.1088981386018
"rs823162"	0.662234646739129	348	0.921496232679186
"rs823243"	0.662234646739129	348	0.921496232679186
"rs823249"	0.662234646739129	348	0.921496232679186
"rs823252"	0.662234646739129	348	0.921496232679186
"rs823255"	0.662234646739129	348	0.921496232679186
"rs823257"	0.662234646739129	348	0.921496232679186
"rs388871"	0.662241664373006	348	0.922162090546973
"rs1103623"	0.66233900262216	348	0.893366158680339
"rs397898"	0.662366288654761	348	0.854294687854511
"rs704737"	0.662391992406848	348	0.916122014799558
"rs509274"	0.662400078608921	348	1.07301335701034
"rs509275"	0.662400078608921	348	1.07301335701034
"rs652684"	0.662432927227559	348	1.18532200553841
"rs704813"	0.662444736981487	348	1.08261188111463
"rs704815"	0.662444736981487	348	1.08261188111463
"rs704818"	0.662444736981487	348	1.08261188111463
"rs369176"	0.662464690467907	348	0.893582764628009
"rs1807800"	0.662505566902649	348	0.728808880117288
"rs1115147"	0.662519373627421	348	1.06290113662754
"rs1115150"	0.662519373627421	348	1.06290113662754
"rs1055981"	0.662549347663418	348	0.901558636042394
"rs1055984"	0.662549347663418	348	0.901558636042394
"rs2159970"	0.662567233888735	348	1.0817637438717
"rs2159997"	0.662567233888735	348	1.0817637438717
"rs494475"	0.66259655704963	348	1.25180648782671
"rs1095914"	0.66261278245701	348	0.921895018273902
"rs1159959"	0.662615846576781	348	1.07466054591066
"rs1159974"	0.662615846576781	348	1.07466054591066
"rs1159979"	0.662615846576781	348	1.07466054591066
"rs1159980"	0.662615846576781	348	1.07466054591066
"rs1159986"	0.662615846576781	348	1.07466054591066
"rs1159992"	0.662615846576781	348	1.07466054591066
"rs1160007"	0.662615846576781	348	1.07466054591066
"rs1123077"	0.662688126108428	348	0.913947248759524
"rs763086"	0.662700436059298	348	1.08528261243495
"rs863360"	0.662750049951069	348	0.870392794003296
"rs623144"	0.662750652212608	348	1.08103358327171
"rs1571311"	0.662774566611438	348	0.927855296358636
"rs1102522"	0.662829830402812	348	0.726960406477353
"rs564774"	0.662853000147304	348	0.902062042642485
"rs564775"	0.662853000147304	348	0.902062042642485
"rs564066"	0.662853000147306	348	0.902062042642487
"rs564115"	0.662853000147306	348	0.902062042642487
"rs564126"	0.662853000147306	348	0.902062042642487
"rs564143"	0.662853000147306	348	0.902062042642487
"rs564147"	0.662853000147306	348	0.902062042642487
"rs564153"	0.662853000147306	348	0.902062042642487
"rs564165"	0.662853000147306	348	0.902062042642487
"rs564168"	0.662853000147306	348	0.902062042642487
"rs564174"	0.662853000147306	348	0.902062042642487
"rs564204"	0.662853000147306	348	0.902062042642487
"rs564223"	0.662853000147306	348	0.902062042642487
"rs564285"	0.662853000147306	348	0.902062042642487
"rs564291"	0.662853000147306	348	0.902062042642487
"rs564294"	0.662853000147306	348	0.902062042642487
"rs564315"	0.662853000147306	348	0.902062042642487
"rs564375"	0.662853000147306	348	0.902062042642487
"rs564450"	0.662853000147306	348	0.902062042642487
"rs564456"	0.662853000147306	348	0.902062042642487
"rs564487"	0.662853000147306	348	0.902062042642487
"rs564514"	0.662853000147306	348	0.902062042642487
"rs564600"	0.662853000147306	348	0.902062042642487
"rs564609"	0.662853000147306	348	0.902062042642487
"rs564624"	0.662853000147306	348	0.902062042642487
"rs564660"	0.662853000147306	348	0.902062042642487
"rs564681"	0.662853000147306	348	0.902062042642487
"rs564693"	0.662853000147306	348	0.902062042642487
"rs564735"	0.662853000147306	348	0.902062042642487
"rs564750"	0.662853000147306	348	0.902062042642487
"rs564751"	0.662853000147306	348	0.902062042642487
"rs564755"	0.662853000147306	348	0.902062042642487
"rs564765"	0.662853000147306	348	0.902062042642487
"rs564773"	0.662853000147306	348	0.902062042642487
"rs564786"	0.662853000147306	348	0.902062042642487
"rs564792"	0.662853000147306	348	0.902062042642487
"rs564795"	0.662853000147306	348	0.902062042642487
"rs564801"	0.662853000147306	348	0.902062042642487
"rs909062"	0.662858382428756	348	0.82305568067456
"rs2213769"	0.662858382428756	348	0.82305568067456
"rs729394"	0.662865811409031	348	0.826605199710994
"rs729429"	0.662865811409031	348	0.826605199710994
"rs729432"	0.662865811409031	348	0.826605199710994
"rs729509"	0.662865811409031	348	0.826605199710994
"rs729514"	0.662865811409031	348	0.826605199710994
"rs729424"	0.662865811409054	348	0.826605199711008
"rs729433"	0.662865811409054	348	0.826605199711008
"rs729520"	0.662865811409054	348	0.826605199711008
"rs729349"	0.662865811409054	348	0.826605199711007
"rs729358"	0.662865811409054	348	0.826605199711007
"rs729361"	0.662865811409054	348	0.826605199711007
"rs729403"	0.662865811409054	348	0.826605199711007
"rs729427"	0.662865811409054	348	0.826605199711007
"rs729445"	0.662865811409054	348	0.826605199711007
"rs729451"	0.662865811409054	348	0.826605199711007
"rs729454"	0.662865811409054	348	0.826605199711007
"rs729457"	0.662865811409054	348	0.826605199711007
"rs729529"	0.662865811409054	348	0.826605199711007
"rs730147"	0.662865811409054	348	0.826605199711007
"rs730177"	0.662865811409054	348	0.826605199711007
"rs730180"	0.662865811409054	348	0.826605199711007
"rs730360"	0.662865811409054	348	0.826605199711007
"rs730375"	0.662865811409054	348	0.826605199711007
"rs730402"	0.662865811409054	348	0.826605199711007
"rs746109"	0.662865811409054	348	0.826605199711007
"rs1610079"	0.662916513639607	348	0.926510725183255
"rs1311200"	0.662930920640354	348	1.12293395490838
"rs747982"	0.662955884234845	348	1.06866532410026
"rs969513"	0.662960997502584	348	1.07179321558201
"rs812692"	0.662984233464696	348	0.897748964436908
"rs2166226"	0.662998991862821	348	0.90523864373289
"rs1488335"	0.662999050292644	348	1.03248288649906
"rs2105477"	0.663023479513941	348	1.11185437924274
"rs1328535"	0.663046095333893	348	0.92296889396444
"rs844350"	0.663122280005759	348	1.02837327871439
"rs1408490"	0.663122932215629	348	1.16465044740096
"rs639558"	0.663144517224357	348	0.934687792745059
"rs485890"	0.663183153159288	348	1.08709688910384
"rs1452405"	0.663210707594295	348	1.11982302495632
"rs989027"	0.663252530735905	348	0.942314436030707
"rs635638"	0.663255805899073	348	0.927845684909162
"rs1038133"	0.663268194153872	348	1.08506798222158
"rs1103590"	0.663282034361462	348	1.15224816587644
"rs618163"	0.663302162431174	348	0.924725152144193
"rs545961"	0.663355312051329	348	0.920086262075856
"rs1954071"	0.663402409637025	348	0.716128687437684
"rs598356"	0.663407398400333	348	0.885592435605472
"rs598358"	0.663407398400333	348	0.885592435605472
"rs857268"	0.663419069094583	348	0.932266329419978
"rs815918"	0.66342328360888	348	0.943728334210254
"rs382534"	0.66342467541799	348	0.855583086379619
"rs1162137"	0.663449185536781	348	1.06492810552507
"rs730288"	0.663468937347463	348	0.920852994496059
"rs354297"	0.663486483689916	348	1.10035283243528
"rs356932"	0.663486483689916	348	1.10035283243528
"rs356997"	0.663486483689916	348	1.10035283243528
"rs357107"	0.663486483689916	348	1.10035283243528
"rs357947"	0.663486483689916	348	1.10035283243528
"rs1637379"	0.663496939559728	348	0.961227608973726
"rs1892569"	0.663508537651279	348	0.751582782145526
"rs152811"	0.6635088803379	348	1.41903156979975
"rs152914"	0.6635088803379	348	1.41903156979975
"rs1370764"	0.663514527244858	348	1.0778745377427
"rs1370789"	0.663514527244858	348	1.0778745377427
"rs1965382"	0.66355047675622	348	1.0802336215857
"rs511057"	0.663567370755342	348	1.08193943853811
"rs153506"	0.663568317542149	348	0.95367184421187
"rs1562000"	0.663572492198307	348	1.07705645606967
"rs1562007"	0.663572492198307	348	1.07705645606967
"rs1562015"	0.663572492198311	348	0.928456437324689
"rs598033"	0.663581452047506	348	0.939151945296291
"rs557043"	0.663584773609773	348	0.750372538248954
"rs145165"	0.663591042695594	348	0.931538579951302
"rs145167"	0.663591042695594	348	0.931538579951302
"rs696917"	0.663647630353174	348	1.09844367752797
"rs918727"	0.663654206944541	348	0.886932182445365
"rs1622553"	0.663758921290257	348	0.932878136929723
"rs302876"	0.66381429775852	348	1.03964964818079
"rs2131571"	0.663847368867562	348	1.08498279573452
"rs620038"	0.66385444422753	348	1.13586216512233
"rs620056"	0.66385444422753	348	1.13586216512233
"rs2143530"	0.663857437202459	348	0.916748784856226
"rs1402865"	0.66386921242136	348	0.89716783466579
"rs1650593"	0.663883924894858	348	0.905958945609168
"rs1650922"	0.663883924894858	348	0.905958945609168
"rs951770"	0.663895282159683	348	1.11248683353187
"rs951778"	0.663895282159683	348	1.11248683353187
"rs1654597"	0.66390443911905	348	0.885357668276562
"rs921676"	0.663914702856323	348	0.928566366147734
"rs122457"	0.663924220480826	348	1.05325622615147
"rs407747"	0.663955220520916	348	0.931345703899731
"rs255691"	0.663983171955424	348	1.04507104876909
"rs255692"	0.663983171955424	348	1.04507104876909
"rs1716921"	0.663991079974663	348	1.07594334115629
"rs1950996"	0.66400982234364	348	0.92217850495235
"rs1013593"	0.664036066966529	348	1.08942751530134
"rs1775713"	0.664040174836945	348	1.09188347393885
"rs272335"	0.664043616857602	348	1.07393109267152
"rs272410"	0.664043616857602	348	1.07393109267152
"rs272441"	0.664043616857602	348	1.07393109267152
"rs994062"	0.664066819764606	348	1.13934386952924
"rs57213"	0.664096711369642	348	0.908316789013886
"rs57216"	0.664096711369642	348	0.908316789013886
"rs134174"	0.664127876833208	348	0.936468302893164
"rs303530"	0.664167550525076	348	0.93043296842325
"rs1403051"	0.664174963575002	348	0.916537348164365
"rs1154769"	0.664175124437316	348	1.03373133319534
"rs278095"	0.664190566050218	348	1.07541834972508
"rs1743098"	0.664277412110781	348	0.932404513420198
"rs802222"	0.664343964538857	348	0.935389871680869
"rs802365"	0.664343964538859	348	0.935389871680869
"rs1845561"	0.664359959857002	348	0.912181772899652
"rs922328"	0.664369194087645	348	0.745831388926269
"rs1995912"	0.664413108045669	348	1.10705387094502
"rs1576399"	0.664434875876828	348	1.12072337529522
"rs492779"	0.6644611073497	348	0.932616427975388
"rs492709"	0.664461107349703	348	0.932616427975388
"rs492717"	0.664461107349703	348	0.932616427975388
"rs492719"	0.664461107349703	348	0.932616427975388
"rs1001924"	0.664484063704809	348	0.897106673992424
"rs562198"	0.664521771932822	348	1.04041682928304
"rs1369522"	0.664554472042204	348	1.11721814715216
"rs1264408"	0.664592014545817	348	1.07160574905236
"rs1712787"	0.664595522244397	348	1.08638899044415
"rs492801"	0.664621548313198	348	1.0605850535838
"rs492802"	0.664621548313198	348	1.0605850535838
"rs492803"	0.664621548313198	348	1.0605850535838
"rs1875126"	0.66468068915852	348	1.08216006195727
"rs1875134"	0.66468068915852	348	1.08216006195727
"rs817137"	0.664711949337671	348	0.753789850055338
"rs381208"	0.664712472417106	348	1.08146479554282
"rs803884"	0.664729646953472	348	1.09535282566086
"rs803885"	0.664729646953472	348	1.09535282566086
"rs803898"	0.664729646953472	348	1.09535282566086
"rs255153"	0.664744902099835	348	0.926560881376043
"rs2009747"	0.664746056346335	348	0.92798764053212
"rs1287643"	0.66478897566235	348	0.918720425446457
"rs543873"	0.664806129677797	348	0.899844979417995
"rs1024905"	0.664809046422682	348	1.05066943000352
"rs917506"	0.664833009200288	348	1.14895357100861
"rs503589"	0.66489013028857	348	0.908182398910141
"rs150865"	0.664898610658069	348	1.08923352290705
"rs484095"	0.664924471239989	348	1.10339037960293
"rs1425130"	0.664961196747706	348	1.15154526411011
"rs1379431"	0.664968941667151	348	1.08683190270983
"rs1556546"	0.665004757822239	348	1.13769654802184
"rs1556549"	0.665004757822239	348	1.13769654802184
"rs1717637"	0.665007504122235	348	0.932894600157562
"rs853997"	0.665038797558424	348	0.894167455109351
"rs491888"	0.66506413756644	348	0.901767991348468
"rs491894"	0.66506413756644	348	0.901767991348468
"rs491898"	0.66506413756644	348	0.901767991348468
"rs491904"	0.66506413756644	348	0.901767991348468
"rs491905"	0.66506413756644	348	0.901767991348468
"rs491906"	0.66506413756644	348	0.901767991348468
"rs491919"	0.66506413756644	348	0.901767991348468
"rs491921"	0.66506413756644	348	0.901767991348468
"rs491930"	0.66506413756644	348	0.901767991348468
"rs491939"	0.66506413756644	348	0.901767991348468
"rs388659"	0.665095656232276	348	1.09250895952729
"rs1550404"	0.665129595237977	348	1.12886184703071
"rs592826"	0.665143353853077	348	0.897411635489266
"rs592980"	0.665143353853077	348	0.897411635489266
"rs593260"	0.665143353853077	348	0.897411635489266
"rs594194"	0.665143353853077	348	0.897411635489266
"rs594216"	0.665143353853077	348	0.897411635489266
"rs594228"	0.665143353853077	348	0.897411635489266
"rs594234"	0.665143353853077	348	0.897411635489266
"rs594237"	0.665143353853077	348	0.897411635489266
"rs594239"	0.665143353853077	348	0.897411635489266
"rs594249"	0.665143353853077	348	0.897411635489266
"rs594254"	0.665143353853077	348	0.897411635489266
"rs594264"	0.665143353853077	348	0.897411635489266
"rs594285"	0.665143353853077	348	0.897411635489266
"rs594291"	0.665143353853077	348	0.897411635489266
"rs594324"	0.665143353853077	348	0.897411635489266
"rs594403"	0.665143353853077	348	0.897411635489266
"rs1897966"	0.665150282125153	348	1.07642954515863
"rs1647719"	0.665156780045653	348	1.17349745854505
"rs2157400"	0.665157057654467	348	1.07675855402353
"rs405023"	0.665230265492318	348	1.08709223646989
"rs1993999"	0.665249701516121	348	1.06551529774676
"rs587961"	0.665259334502305	348	0.79002007351738
"rs271966"	0.665272118689038	348	0.904647142059412
"rs1778913"	0.665310426764861	348	1.08590628278219
"rs512619"	0.665314967171198	348	0.891578446553893
"rs11891"	0.665336925990765	348	1.10180735240124
"rs1576309"	0.665366896125887	348	1.41725313702068
"rs133601"	0.66542557865921	348	1.09613666528796
"rs1734059"	0.665477106968731	348	1.04389040278287
"rs1956564"	0.665484195119624	348	0.907004085850549
"rs795107"	0.665536414093806	348	0.910153369193355
"rs265620"	0.665554268193635	348	0.940701024201358
"rs1882707"	0.665587510403083	348	0.918695914009375
"rs1677726"	0.66559158308435	348	1.10874223145492
"rs1716772"	0.665620514831819	348	1.07525813778025
"rs633771"	0.665655649150888	348	0.919829847520297
"rs633783"	0.665655649150888	348	0.919829847520297
"rs585095"	0.66567318931524	348	1.09371361138356
"rs218570"	0.665678809400252	348	1.11463983892745
"rs494310"	0.665718644844533	348	0.725182030436063
"rs786324"	0.665757700969816	348	0.981543555133118
"rs1426619"	0.665779401333972	348	1.16337189793412
"rs1403222"	0.665782361065498	348	1.1419086102705
"rs1403238"	0.665782361065498	348	1.1419086102705
"rs1819822"	0.665811763890023	348	1.13145334473811
"rs1392741"	0.665889505420398	348	0.903892431750208
"rs1933122"	0.665942846505796	348	1.1314857614889
"rs1933173"	0.665942846505796	348	1.1314857614889
"rs854691"	0.665959970163311	348	0.817806689518263
"rs854706"	0.665959970163311	348	0.817806689518263
"rs854737"	0.665959970163311	348	0.817806689518263
"rs854755"	0.665959970163311	348	0.817806689518263
"rs304425"	0.666005610885882	348	1.04268037943617
"rs783772"	0.666077321331535	348	1.09022883675634
"rs783775"	0.666077321331535	348	1.09022883675634
"rs783787"	0.666077321331535	348	1.09022883675634
"rs783794"	0.666077321331535	348	1.09022883675634
"rs783796"	0.666077321331535	348	1.09022883675634
"rs783799"	0.666077321331535	348	1.09022883675634
"rs783802"	0.666077321331535	348	1.09022883675634
"rs783818"	0.666077321331535	348	1.09022883675634
"rs783821"	0.666077321331535	348	1.09022883675634
"rs783823"	0.666077321331535	348	1.09022883675634
"rs569850"	0.666081483402734	348	0.882128658333257
"rs1561649"	0.666090279014167	348	1.08392694866635
"rs1561667"	0.666090279014167	348	1.08392694866635
"rs1743218"	0.666129407250413	348	1.07402114152353
"rs992334"	0.666137110131232	348	1.10992712872154
"rs436015"	0.666147301281936	348	1.06617007336804
"rs1982622"	0.666163598419357	348	1.06940354138015
"rs51115"	0.666203150677999	348	1.08173375614486
"rs1706854"	0.666242846945154	348	1.07773533456983
"rs823591"	0.666246719411859	348	0.92416924963772
"rs553210"	0.666305527545028	348	0.967209396830949
"rs1577336"	0.666309916110301	348	0.827312603117602
"rs506549"	0.666317176892582	348	0.915271139850331
"rs784600"	0.666359920467993	348	0.922213306078138
"rs2013845"	0.666468642007246	348	0.927585248838009
"rs2094647"	0.666483350359813	348	0.888524971998251
"rs518052"	0.666513873878419	348	0.927036275814582
"rs1077075"	0.6665210461125	348	1.11709074633745
"rs1665507"	0.666525286825955	348	0.890459435623535
"rs145114"	0.666528874280298	348	0.92936311620068
"rs145116"	0.666528874280298	348	0.92936311620068
"rs1666054"	0.666537619379428	348	0.889855440178923
"rs171761"	0.666537927440867	348	1.09707637007964
"rs634909"	0.666549756680333	348	1.11700448273693
"rs1753915"	0.666580831829621	348	0.925704345006561
"rs742463"	0.666581766314682	348	0.936031666274003
"rs1748195"	0.666624976268896	348	0.880023015854367
"rs40801"	0.666626308753513	348	0.925614175889718
"rs911984"	0.666627657880676	348	1.09257412867671
"rs441902"	0.666652067185854	348	0.919049548007877
"rs783170"	0.666726745954773	348	0.828797577857099
"rs489077"	0.66672976089858	348	1.10721110578296
"rs1739410"	0.666763519454006	348	1.07700505715117
"rs899816"	0.66679394398088	348	0.747384331706198
"rs2099553"	0.666798684980212	348	1.10802438173989
"rs463186"	0.66680258554853	348	1.10880194567798
"rs463257"	0.66680258554853	348	1.10880194567798
"rs463278"	0.66680258554853	348	1.10880194567798
"rs463284"	0.66680258554853	348	1.10880194567798
"rs1774256"	0.66684967841798	348	0.888876274248537
"rs1774266"	0.66684967841798	348	0.888876274248537
"rs1774267"	0.66684967841798	348	0.888876274248537
"rs65041"	0.666904468517863	348	0.979722225238363
"rs255345"	0.666911719672652	348	0.936832357943094
"rs255353"	0.666911719672652	348	0.936832357943094
"rs255361"	0.666911719672652	348	0.936832357943094
"rs255364"	0.666911719672652	348	0.936832357943094
"rs255371"	0.666911719672652	348	0.936832357943094
"rs1798955"	0.666913462169323	348	0.927959282644286
"rs1857282"	0.666944685220393	348	0.907823716445304
"rs265159"	0.666951277854741	348	0.944239841253784
"rs1394068"	0.666974478711939	348	1.10221352135403
"rs1394071"	0.666974478711939	348	1.10221352135403
"rs1394074"	0.666974478711939	348	1.10221352135403
"rs1394077"	0.666974478711939	348	1.10221352135403
"rs1394080"	0.666974478711939	348	1.10221352135403
"rs1394083"	0.666974478711939	348	1.10221352135403
"rs1394089"	0.666974478711939	348	1.10221352135403
"rs1394092"	0.666974478711939	348	1.10221352135403
"rs1394098"	0.666974478711939	348	1.10221352135403
"rs790016"	0.667015246222022	348	1.12613926365748
"rs1291289"	0.667060841077884	348	0.742366246914839
"rs1291290"	0.667060841077884	348	0.742366246914839
"rs553201"	0.667102609386876	348	0.972980074418146
"rs116164"	0.66711586981172	348	0.94809108528888
"rs116206"	0.66711586981172	348	0.94809108528888
"rs116215"	0.66711586981172	348	0.94809108528888
"rs116218"	0.66711586981172	348	0.94809108528888
"rs982480"	0.667130926401869	348	0.898641432438619
"rs68249"	0.667134996432142	348	1.07282605884296
"rs1579366"	0.66715927956266	348	1.17273805540144
"rs938995"	0.667168364875752	348	0.922054226766553
"rs210595"	0.667194909527937	348	1.0690387056635
"rs342772"	0.667218662049651	348	0.875344658137202
"rs343624"	0.667218662049651	348	0.875344658137202
"rs343665"	0.667218662049651	348	0.875344658137202
"rs343922"	0.667218662049651	348	0.875344658137202
"rs161213"	0.667231918465668	348	1.14688820041361
"rs168270"	0.667231918465668	348	1.14688820041361
"rs168371"	0.667231918465668	348	1.14688820041361
"rs170607"	0.667231918465668	348	1.14688820041361
"rs173584"	0.667231918465668	348	1.14688820041361
"rs179389"	0.667231918465668	348	1.14688820041361
"rs244684"	0.667231918465668	348	1.14688820041361
"rs245656"	0.667231918465668	348	1.14688820041361
"rs247879"	0.667231918465668	348	1.14688820041361
"rs294843"	0.667231918465668	348	1.14688820041361
"rs522806"	0.667231918465668	348	1.14688820041361
"rs523043"	0.667231918465668	348	1.14688820041361
"rs526353"	0.667231918465668	348	1.14688820041361
"rs1161711"	0.667231918465668	348	1.14688820041361
"rs1981688"	0.667231918465668	348	1.14688820041361
"rs1983991"	0.667231918465668	348	1.14688820041361
"rs175251"	0.667231918465668	348	1.14688820041361
"rs181521"	0.667231918465672	348	1.1468882004136
"rs1118756"	0.667236481360888	348	0.921194055306165
"rs319559"	0.667245130418424	348	1.1366584140738
"rs1116303"	0.667252273066994	348	1.0649916113469
"rs1116306"	0.667252273066994	348	1.0649916113469
"rs557009"	0.667254451453987	348	1.41761826546943
"rs1767499"	0.66726141831869	348	1.09842056259157
"rs1564556"	0.667300718090178	348	0.919448890264612
"rs115894"	0.667352137766002	348	0.949362435934031
"rs87939"	0.667380175896219	348	0.932576679266331
"rs1151353"	0.667389723854844	348	1.0453274672068
"rs2120198"	0.667392359966475	348	1.07754679783688
"rs2120199"	0.667392359966475	348	1.07754679783688
"rs345360"	0.667423141384831	348	0.914566875774257
"rs324790"	0.667427675775849	348	0.94312567428018
"rs762708"	0.667438614829312	348	0.88242976423163
"rs3029"	0.667448284407091	348	0.787460380157459
"rs1036868"	0.667448284407091	348	0.787460380157459
"rs1037201"	0.667448284407091	348	0.787460380157459
"rs964166"	0.667471527946232	348	1.10612992377414
"rs785997"	0.667493418693508	348	1.09386586796732
"rs1637584"	0.667502357554002	348	0.933349688951678
"rs1874506"	0.667506408666144	348	1.08721742550614
"rs782910"	0.667513348200879	348	0.938217998249837
"rs782916"	0.667513348200879	348	0.938217998249837
"rs1682026"	0.667515093222165	348	1.10220536784387
"rs1657198"	0.667573260269283	348	1.10033170996029
"rs1104227"	0.667577936087149	348	1.10993983948009
"rs1104228"	0.667577936087149	348	1.10993983948009
"rs2089646"	0.667608325902606	348	1.05987522495494
"rs2089647"	0.667608325902606	348	1.05987522495494
"rs2089659"	0.667608325902606	348	1.05987522495494
"rs2089660"	0.667608325902606	348	1.05987522495494
"rs2089662"	0.667608325902606	348	1.05987522495494
"rs1716181"	0.667628337546687	348	0.919826882330691
"rs1117917"	0.667651234401096	348	0.881950995350967
"rs1118121"	0.667651234401096	348	0.881950995350967
"rs1118125"	0.667651234401096	348	0.881950995350967
"rs1118126"	0.667651234401096	348	0.881950995350967
"rs1118127"	0.667651234401096	348	0.881950995350967
"rs1118139"	0.667651234401096	348	0.881950995350967
"rs1118182"	0.667651234401096	348	0.881950995350967
"rs1118195"	0.667651234401096	348	0.881950995350967
"rs1118220"	0.667651234401096	348	0.881950995350967
"rs1118223"	0.667651234401096	348	0.881950995350967
"rs1118319"	0.667651234401096	348	0.881950995350967
"rs1064786"	0.667656195165883	348	1.1916808741861
"rs1161249"	0.667659167821522	348	1.06341208291765
"rs1106841"	0.66769718664708	348	1.14038755184872
"rs1103353"	0.667701585554224	348	0.735220903519445
"rs839797"	0.667750203634972	348	0.885901169900676
"rs783910"	0.66775140229127	348	1.08270231105575
"rs783918"	0.66775140229127	348	1.08270231105575
"rs1944311"	0.667852429323224	348	1.08103414489844
"rs148446"	0.66785839498605	348	0.888721567615266
"rs742643"	0.667859810461349	348	0.886231475356436
"rs1846186"	0.667878532273179	348	1.0849345342858
"rs682070"	0.667879654394804	348	0.918390734301685
"rs1964325"	0.667896621289047	348	0.911687958857292
"rs47526"	0.667971404636289	348	0.944911067948847
"rs158902"	0.667972880146189	348	0.902252523468026
"rs636646"	0.667985666323202	348	1.13746364960858
"rs636654"	0.667985666323202	348	1.13746364960858
"rs636658"	0.667985666323202	348	1.13746364960858
"rs819660"	0.668035857549562	348	0.92866331089222
"rs1373442"	0.668093633260246	348	0.963057318589976
"rs145291"	0.668154880921319	348	0.901530099152528
"rs1802786"	0.66815504951224	348	1.16913090244138
"rs1576332"	0.668174963397546	348	1.41589831638711
"rs1832997"	0.668174963397546	348	1.41589831638711
"rs256455"	0.66817838124712	348	0.88663553413409
"rs407261"	0.668179175444264	348	1.06955615166019
"rs853936"	0.668197436465952	348	0.249119434413028
"rs781490"	0.668208755356401	348	1.15238319459643
"rs552439"	0.668209318918406	348	0.911931431873752
"rs552446"	0.668209318918406	348	0.911931431873752
"rs552448"	0.668209318918406	348	0.911931431873752
"rs2147818"	0.668217712611004	348	0.929389352723706
"rs885978"	0.668228772643347	348	0.920596546025612
"rs2204854"	0.668229755974479	348	0.885563091038148
"rs546081"	0.668255121619684	348	1.09605176927455
"rs546082"	0.668255121619684	348	1.09605176927455
"rs546087"	0.668255121619684	348	1.09605176927455
"rs760196"	0.668257414036223	348	0.940404499754598
"rs134185"	0.668280985319927	348	1.12066319958555
"rs134285"	0.668280985319927	348	1.12066319958555
"rs134289"	0.668280985319927	348	1.12066319958555
"rs134290"	0.668280985319927	348	1.12066319958555
"rs1974652"	0.66828991558342	348	1.11102395391517
"rs2102651"	0.668316316833343	348	0.932953142296727
"rs1487870"	0.668377497755027	348	1.06244793694573
"rs2008914"	0.668393457598937	348	1.08417928759771
"rs2008920"	0.668393457598937	348	1.08417928759771
"rs253607"	0.668397549999194	348	0.920574852469962
"rs1317053"	0.668419047081627	348	1.07514513852529
"rs1317062"	0.668419047081627	348	1.07514513852529
"rs1397418"	0.668424783828256	348	1.09080008580441
"rs1618713"	0.668463582989354	348	0.936593729150972
"rs564639"	0.668473730869803	348	0.903348434602862
"rs1803829"	0.66850724132074	348	1.09575428745024
"rs307986"	0.668509021617697	348	1.14977663530018
"rs255237"	0.668522721707092	348	1.14462136155336
"rs1546420"	0.668525683564242	348	0.934327604644976
"rs1546426"	0.668525683564242	348	0.934327604644976
"rs1546456"	0.668525683564242	348	0.934327604644976
"rs1674499"	0.668533023569584	348	0.902910546669124
"rs808769"	0.668536069798444	348	0.930346532213577
"rs1739331"	0.668586616891538	348	0.948224761531891
"rs2194323"	0.668597547277429	348	0.919011421610669
"rs1532875"	0.668642432141383	348	1.10602878748259
"rs741422"	0.668645554840799	348	0.915899819115591
"rs591699"	0.668645953365399	348	1.08141897522793
"rs1654025"	0.668665067854182	348	1.1124919570574
"rs2006947"	0.668680564407514	348	0.875563171718332
"rs1789868"	0.668692630549973	348	1.17500094732888
"rs916957"	0.668707697685399	348	0.898458760660091
"rs916960"	0.668707697685399	348	0.898458760660091
"rs916963"	0.668707697685399	348	0.898458760660091
"rs2180739"	0.668748373857982	348	1.05982243635844
"rs1888991"	0.668768395033285	348	1.12121335810841
"rs640528"	0.668799827884953	348	1.07006115511639
"rs212627"	0.668833406600389	348	0.917943365325247
"rs419677"	0.6688534123277	348	1.14367790913969
"rs419683"	0.6688534123277	348	1.14367790913969
"rs64737"	0.6688685249307	348	0.893333507803645
"rs64749"	0.6688685249307	348	0.893333507803645
"rs264688"	0.668968187567346	348	1.03848015513616
"rs1130313"	0.668998052821885	348	0.928519285374625
"rs33037"	0.66900052420618	348	0.901541863245367
"rs1166151"	0.66901411798777	348	1.10563926418192
"rs2022464"	0.669062117082661	348	1.14363316379142
"rs2022471"	0.669062117082661	348	1.14363316379142
"rs2022475"	0.669062117082661	348	1.14363316379142
"rs2022479"	0.669062117082661	348	1.14363316379142
"rs757032"	0.669072598834007	348	1.06979806126444
"rs778857"	0.669083130197285	348	1.14843549557463
"rs429399"	0.669084561588712	348	0.925436812530654
"rs1885234"	0.669086133688117	348	1.10790883844857
"rs857852"	0.669089670384973	348	0.943905830137107
"rs613629"	0.669115970336471	348	1.07841107962869
"rs616261"	0.669120851902941	348	1.09462142663698
"rs149462"	0.669134132182707	348	1.124641271052
"rs1376312"	0.669135222265056	348	1.13497327974699
"rs889063"	0.669135606116397	348	1.10796959251482
"rs368933"	0.669143409744962	348	0.909365034564221
"rs446111"	0.669180726363665	348	1.07428371714362
"rs1371581"	0.669271014690418	348	1.08026176929984
"rs1839300"	0.669372159977439	348	0.899989281912053
"rs1552779"	0.669377515363378	348	1.09394785370907
"rs556650"	0.669388989053414	348	1.03689966948332
"rs1714934"	0.669429478801195	348	1.06547833551242
"rs276991"	0.669430270278282	348	0.940268075459962
"rs1952585"	0.669484691655598	348	1.12901256456847
"rs790602"	0.669493462343155	348	1.03170747510099
"rs2216250"	0.669504905944838	348	0.820568256008322
"rs1666057"	0.669519556134696	348	0.88901823509511
"rs1900952"	0.669525955641122	348	0.899505413987571
"rs1094219"	0.669534953827491	348	1.32192369579044
"rs1154455"	0.669541877957029	348	1.06847515527387
"rs1154461"	0.669541877957029	348	1.06847515527387
"rs1154464"	0.669541877957029	348	1.06847515527387
"rs1154466"	0.669541877957029	348	1.06847515527387
"rs1154473"	0.669541877957029	348	1.06847515527387
"rs1154477"	0.669541877957029	348	1.06847515527387
"rs1154495"	0.669541877957029	348	1.06847515527387
"rs1154498"	0.669541877957029	348	1.06847515527387
"rs1420377"	0.669556859406662	348	0.919629076125247
"rs1420434"	0.669556859406662	348	0.919629076125247
"rs940621"	0.669599793001178	348	1.13912181779436
"rs783072"	0.669640753812994	348	1.0640553518867
"rs787908"	0.669645383409093	348	1.06623528075689
"rs565173"	0.669649914015993	348	1.04401654747471
"rs565174"	0.669649914015993	348	1.04401654747471
"rs475643"	0.669656487371964	348	0.901095672986435
"rs972942"	0.66965975332719	348	0.976583802590906
"rs1609227"	0.669683531144132	348	1.1221241516233
"rs1402777"	0.669696005146107	348	1.09930300717228
"rs463056"	0.669777713580869	348	0.910261873113237
"rs1832937"	0.669863139732225	348	1.40966663872961
"rs816053"	0.669874570993802	348	1.11399143025456
"rs816083"	0.669874570993802	348	1.11399143025456
"rs151876"	0.66990684319453	348	0.932981147774847
"rs616077"	0.669911546660727	348	0.909843372475638
"rs616104"	0.669911546660727	348	0.909843372475638
"rs581265"	0.669951981217441	348	0.870353086217551
"rs2170612"	0.669989118873225	348	1.03379351734591
"rs351961"	0.669999807292769	348	1.09187495165948
"rs1964213"	0.670006995464359	348	1.07496792079332
"rs375787"	0.670018237010832	348	1.08852090970675
"rs375866"	0.670018237010885	348	1.08852090970673
"rs651071"	0.670019568929625	348	1.19295158397345
"rs651127"	0.670019568929625	348	1.19295158397345
"rs651205"	0.670019568929625	348	1.19295158397345
"rs132606"	0.670033875768423	348	0.73419324365411
"rs1548597"	0.670079406916379	348	1.07548462731576
"rs581063"	0.670096531792522	348	1.09965557408331
"rs2049690"	0.670116193916836	348	1.1117206777139
"rs1714929"	0.670125867734293	348	1.06532705368346
"rs1658861"	0.670218610258764	348	0.936529359395734
"rs35527"	0.670267348214325	348	1.12060544174835
"rs584455"	0.670274669407158	348	1.08910913771632
"rs1160936"	0.670290195291568	348	0.942823952907346
"rs1321015"	0.670355504226511	348	0.870446484719083
"rs1010761"	0.670366173163422	348	1.20847102869994
"rs417179"	0.670376452041304	348	1.12818248173928
"rs779101"	0.670432371374594	348	1.07990633569111
"rs121766"	0.67046484306387	348	0.932515940886096
"rs121769"	0.67046484306387	348	0.932515940886096
"rs121771"	0.67046484306387	348	0.932515940886096
"rs1291368"	0.670600046315664	348	1.04249544030522
"rs492347"	0.670649176943779	348	1.03740952380382
"rs343813"	0.67070797903129	348	0.877512292897763
"rs307557"	0.670735085927247	348	1.16005638741389
"rs1576529"	0.670746720200236	348	1.11814132055884
"rs434465"	0.670766593852201	348	1.11602122172966
"rs454065"	0.670793747244102	348	1.41092019232573
"rs858654"	0.67080199074264	348	1.06636082560575
"rs1659562"	0.670832457657468	348	1.15068879736617
"rs565278"	0.67085051426553	348	0.960586559933936
"rs1699428"	0.670852969341595	348	1.18075949884375
"rs1964921"	0.670878404029805	348	0.891778334662971
"rs1392399"	0.670900306685369	348	0.892344065110368
"rs1665299"	0.67090426517221	348	0.891504461086012
"rs1666362"	0.67090426517221	348	0.891504461086012
"rs955796"	0.670918556806868	348	0.849325146527497
"rs1964965"	0.670981186305847	348	0.891810447839841
"rs1365517"	0.671085215412725	348	1.07991381516782
"rs1960032"	0.671113114981012	348	0.898417546332809
"rs510865"	0.671120106647003	348	1.09310570940811
"rs1665242"	0.671123973327044	348	0.891581582834983
"rs274131"	0.671142117826819	348	0.906533926943986
"rs507198"	0.671156353683245	348	1.08064853655773
"rs2135438"	0.671184988701062	348	0.903740199002341
"rs1014790"	0.671207859293825	348	0.851210287872905
"rs304953"	0.671213157794851	348	0.524168082044761
"rs307229"	0.671242365663949	348	1.13235685318303
"rs307244"	0.671242365663949	348	1.13235685318303
"rs301158"	0.671293113175259	348	1.07587447592521
"rs301161"	0.671293113175259	348	1.07587447592521
"rs1710101"	0.671294812597934	348	1.08044945287076
"rs1104783"	0.671300847897369	348	1.1840394997061
"rs1471461"	0.671307750536572	348	0.725249832263707
"rs898224"	0.67134493415965	348	1.11685070329774
"rs1964186"	0.671388201764685	348	0.92579412882028
"rs906899"	0.671397548328149	348	0.944593527524835
"rs1047397"	0.671420474073858	348	1.10471517580583
"rs126014"	0.671465635186198	348	1.07904147570254
"rs942791"	0.671475381601915	348	1.08628920047433
"rs942796"	0.671475381601915	348	1.08628920047433
"rs1597216"	0.671482640893858	348	1.0722406036892
"rs1023683"	0.671492625855713	348	0.739140043955042
"rs1024376"	0.671492625855713	348	0.739140043955042
"rs1024380"	0.671492625855713	348	0.739140043955042
"rs1024778"	0.671492625855713	348	0.739140043955042
"rs225438"	0.671500678704811	348	0.956253012450363
"rs438065"	0.671506230909465	348	1.02932453778747
"rs438066"	0.671506230909465	348	1.02932453778747
"rs1118181"	0.671512455328077	348	1.10485598674658
"rs1954133"	0.671558066826649	348	0.96530242834625
"rs1489302"	0.671569287173749	348	0.967228813709359
"rs118747"	0.67158142339852	348	1.06080808297032
"rs227412"	0.671584100338635	348	1.1732096146896
"rs601937"	0.671662009887241	348	1.10320174385835
"rs729939"	0.67167595237699	348	0.831113248040179
"rs1946433"	0.671692047935889	348	0.853440557038764
"rs613738"	0.671774717477266	348	0.804463242410389
"rs842578"	0.67179575495376	348	1.08443317910068
"rs1018841"	0.671797137872559	348	1.12038124245246
"rs1833034"	0.671830714751445	348	1.40667313589814
"rs1921800"	0.67183327827005	348	1.10510614338811
"rs1154401"	0.67185523354591	348	1.04270272212138
"rs641104"	0.671950197417787	348	0.22013057511053
"rs1332395"	0.671964930000393	348	1.09220710751617
"rs1697988"	0.672002254209601	348	0.951383062331775
"rs372339"	0.672005965797117	348	1.07504688346469
"rs694421"	0.672024006434633	348	0.91649871577849
"rs1716682"	0.672039900869677	348	0.918535303989067
"rs1841304"	0.672045510340134	348	0.844125819192089
"rs810409"	0.67204798455319	348	0.947356523888452
"rs1531525"	0.67205857291394	348	0.932285793867118
"rs636427"	0.672101187427812	348	0.932972031987896
"rs636477"	0.672101187427812	348	0.932972031987896
"rs295370"	0.672105172460114	348	1.40817752631187
"rs295389"	0.672105172460114	348	1.40817752631187
"rs912017"	0.672109857100647	348	0.913188137501122
"rs2006911"	0.672113549681966	348	0.887864371865177
"rs170188"	0.672162725821134	348	1.12263883712063
"rs247589"	0.672173003549596	348	1.08771505809572
"rs2146635"	0.672186296525366	348	1.18778110083581
"rs1919416"	0.672237315121433	348	0.888510677104148
"rs579436"	0.672245657414064	348	1.09271110634925
"rs579437"	0.672245657414064	348	1.09271110634925
"rs823462"	0.672255766116149	348	1.10584291007687
"rs1670434"	0.67230131934412	348	0.911779297206592
"rs1447832"	0.672306436585342	348	0.934255448441577
"rs2112313"	0.672313784752039	348	1.1044474802484
"rs1604100"	0.672327751364564	348	1.06994049161483
"rs914933"	0.672341262492906	348	1.2105107991312
"rs653487"	0.672395327646719	348	1.19346584311543
"rs653499"	0.672395327646719	348	1.19346584311543
"rs653522"	0.672395327646719	348	1.19346584311543
"rs653523"	0.672395327646719	348	1.19346584311543
"rs653526"	0.672395327646719	348	1.19346584311543
"rs685463"	0.672409118591521	348	0.922670212652471
"rs2135054"	0.672416113340224	348	1.01956166491647
"rs363313"	0.672441696397276	348	1.10046890073348
"rs2060753"	0.672476937363009	348	0.926748161769313
"rs1898167"	0.672486135923504	348	0.833975673524019
"rs766399"	0.672509762469809	348	0.890333097749541
"rs414519"	0.672527571051319	348	0.927699510096833
"rs621049"	0.67256080669517	348	1.080075891561
"rs939043"	0.672562134032549	348	1.11654317295992
"rs939044"	0.672562134032549	348	1.11654317295992
"rs939053"	0.672562134032549	348	1.11654317295992
"rs939054"	0.672562134032549	348	1.11654317295992
"rs395212"	0.672595292679704	348	1.11067064445406
"rs1539002"	0.672606572910687	348	0.87920762967469
"rs579632"	0.672690333282809	348	1.40866214618848
"rs1065675"	0.67271175349061	348	1.10203054142852
"rs1065678"	0.67271175349061	348	1.10203054142852
"rs1065680"	0.67271175349061	348	1.10203054142852
"rs614918"	0.672723258031096	348	0.801253216971146
"rs2127399"	0.672723465654187	348	1.07915601240899
"rs133851"	0.672780138743472	348	0.913191405321216
"rs1117235"	0.672837557292738	348	0.923870281028609
"rs121066"	0.672850740557526	348	0.94188387589901
"rs1647435"	0.672916834783911	348	0.846196252440878
"rs2168365"	0.672917718726679	348	0.950564945884127
"rs714623"	0.672951733019024	348	0.838234751511046
"rs722673"	0.672957759396253	348	0.921567780866538
"rs1783393"	0.672977656909881	348	1.08621078795138
"rs1783396"	0.672977656909881	348	1.08621078795138
"rs2161798"	0.673079081534465	348	1.07434378257324
"rs1656241"	0.67308171956781	348	1.07915007536344
"rs1656242"	0.67308171956781	348	1.07915007536344
"rs1656243"	0.67308171956781	348	1.07915007536344
"rs1656244"	0.67308171956781	348	1.07915007536344
"rs330589"	0.673147861300259	348	1.02204910942928
"rs1038208"	0.673155055815699	348	1.09613944140964
"rs1024103"	0.673179549372804	348	0.74072132379094
"rs214532"	0.673180016556303	348	0.869075476455089
"rs729011"	0.673199790769077	348	0.916610416561667
"rs1356148"	0.673224200678703	348	1.24999359327052
"rs2014880"	0.673224200678768	348	1.24999359327039
"rs1156902"	0.673244938022856	348	1.08767663392379
"rs1395315"	0.673255776242652	348	0.922685827399971
"rs1988677"	0.673264978041844	348	0.918990333339708
"rs1988685"	0.673264978041844	348	0.918990333339708
"rs420019"	0.673283110404832	348	0.881464884835677
"rs1610897"	0.673331726319486	348	0.905484640589317
"rs1488785"	0.673334166866585	348	0.969035191519634
"rs1118552"	0.673344407228591	348	0.918505606403848
"rs264802"	0.673427357176242	348	1.04705494432278
"rs1084349"	0.673440106005964	348	0.883854502669991
"rs1022283"	0.673453238082921	348	1.05161440452116
"rs915626"	0.673462022181296	348	1.17622653837985
"rs73384"	0.673470745752692	348	0.868425453740565
"rs225502"	0.673478894061049	348	0.893776797118349
"rs1637052"	0.673479426950021	348	0.951485742236016
"rs903896"	0.673514899633631	348	0.806875355564151
"rs219701"	0.673537712410017	348	1.09663548011642
"rs1733756"	0.673574199021776	348	1.04336700822341
"rs685440"	0.673590624008913	348	0.923759616609983
"rs685443"	0.673590624008913	348	0.923759616609983
"rs685445"	0.673590624008913	348	0.923759616609983
"rs685448"	0.673590624008913	348	0.923759616609983
"rs685455"	0.673590624008913	348	0.923759616609983
"rs685461"	0.673590624008913	348	0.923759616609983
"rs685473"	0.673590624008913	348	0.923759616609983
"rs685485"	0.673590624008913	348	0.923759616609983
"rs367042"	0.673597793524131	348	0.932489089036345
"rs556427"	0.673603043863684	348	0.924274087205674
"rs1655611"	0.673629572781327	348	0.922775318303828
"rs1350279"	0.673657019081064	348	1.12252077436359
"rs225014"	0.673688903300994	348	0.949462630889992
"rs1765036"	0.673708587763661	348	0.919753174988067
"rs562549"	0.673723462610647	348	0.943201395544079
"rs872992"	0.673736621900155	348	0.902813715873196
"rs961463"	0.673773858389358	348	0.904126269416621
"rs347439"	0.673855341992523	348	0.897154405880727
"rs1116819"	0.673876825085426	348	1.05463566988969
"rs473437"	0.673930779243055	348	0.968671541072961
"rs304848"	0.673951514537141	348	1.07186631034194
"rs438625"	0.67403353868447	348	1.11367780489816
"rs1934231"	0.674041992478088	348	1.0927619025473
"rs1720942"	0.674065580613456	348	1.12785605152764
"rs1720951"	0.674065580613456	348	1.12785605152764
"rs1720981"	0.674065580613456	348	1.12785605152764
"rs1720982"	0.674065580613456	348	1.12785605152764
"rs754267"	0.674084619190046	348	0.910010679615339
"rs509933"	0.674086486309007	348	1.04025812681022
"rs986094"	0.674102641319279	348	0.954537930689669
"rs105845"	0.674185666072496	348	1.07728928332653
"rs1395316"	0.674203342582972	348	0.922894989532311
"rs1395317"	0.674203342582972	348	0.922894989532311
"rs1641715"	0.674216082072834	348	0.932108580462579
"rs1071130"	0.674255333670037	348	0.849431175851493
"rs133457"	0.674262350325548	348	0.73586306763762
"rs133476"	0.674262350325548	348	0.73586306763762
"rs133479"	0.674262350325548	348	0.73586306763762
"rs133480"	0.674262350325548	348	0.73586306763762
"rs133502"	0.674262350325548	348	0.73586306763762
"rs133553"	0.674262350325548	348	0.73586306763762
"rs133556"	0.674262350325548	348	0.73586306763762
"rs1351053"	0.674262350325548	348	0.73586306763762
"rs547180"	0.674272677939886	348	1.13822886596774
"rs989918"	0.67428961261235	348	0.891112056820972
"rs1972366"	0.674325294366608	348	1.08330119465308
"rs928956"	0.674409599791697	348	0.94170413004513
"rs341589"	0.674426224221596	348	0.877258691164964
"rs342602"	0.674426224221598	348	0.877258691164965
"rs1924517"	0.674461934272018	348	0.912596487039903
"rs497456"	0.674466014426953	348	1.11402174104252
"rs1320057"	0.674487305389323	348	0.935511832121331
"rs1072155"	0.674522695827668	348	0.971898877638775
"rs1315757"	0.674527225412861	348	1.08960958769947
"rs303744"	0.674570868726408	348	63.6671802452297
"rs1166828"	0.674570868726422	348	0.00111035030046092
"rs1996254"	0.674570868726448	348	1.43204980474408
"rs1958992"	0.674570868726496	348	1.43204980474397
"rs1022608"	0.674570868726497	348	1.43204980474397
"rs1043779"	0.674570868726497	348	1.43204980474397
"rs1379621"	0.674570868726497	348	1.43204980474397
"rs1838164"	0.674570868726497	348	1.43204980474397
"rs920589"	0.674570868726499	348	0.698299735586911
"rs325435"	0.674570868726499	348	1.43204980474396
"rs1307394"	0.6745708687265	348	1.43204980474396
"rs685768"	0.674570868726506	348	1.43204980474394
"rs1335033"	0.674570868726506	348	1.43204980474394
"rs1667827"	0.674570868726506	348	1.43204980474394
"rs1147586"	0.674570868726509	348	0.698299735586923
"rs1147646"	0.674570868726509	348	0.698299735586923
"rs1162186"	0.674570868726509	348	0.698299735586923
"rs531328"	0.674570868726528	348	0.698299735586891
"rs607930"	0.674570868726594	348	0.698299735586983
"rs1694004"	0.674570868726594	348	0.698299735586983
"rs1165278"	0.674625756354967	348	1.08209160501252
"rs37805"	0.674668555666223	348	1.06368891906726
"rs1130106"	0.674678636094331	348	0.929662554454746
"rs1130112"	0.674678636094331	348	0.929662554454746
"rs1130130"	0.674678636094331	348	0.929662554454746
"rs1130141"	0.674678636094331	348	0.929662554454746
"rs1130145"	0.674678636094331	348	0.929662554454746
"rs1130148"	0.674678636094331	348	0.929662554454746
"rs1130151"	0.674678636094331	348	0.929662554454746
"rs133854"	0.674689876286863	348	0.914714719709936
"rs306575"	0.674702667261847	348	0.92079990813551
"rs99933"	0.674731118154677	348	0.909529157398085
"rs1945742"	0.674753630755447	348	0.895423303730087
"rs1945746"	0.674753630755447	348	0.895423303730087
"rs2170839"	0.674765538279658	348	0.955479402956687
"rs1665960"	0.674795110498698	348	0.892762198840589
"rs1609752"	0.674805380653598	348	0.924918973439635
"rs552505"	0.674806238704527	348	1.07927778787345
"rs2043581"	0.674813030799633	348	1.06609432026615
"rs1906691"	0.674818482972393	348	0.939817807955162
"rs302830"	0.674878995510549	348	1.05926273674881
"rs993317"	0.67491063553127	348	1.35767397402309
"rs1609834"	0.674921596679422	348	0.911278646990996
"rs337506"	0.674930510336413	348	1.09095034912008
"rs132640"	0.674975108008868	348	0.736434848693048
"rs1593218"	0.674997148253107	348	1.11003647646867
"rs939115"	0.675067510822835	348	1.11844036265384
"rs1024937"	0.675067832189521	348	0.855920023863239
"rs1687781"	0.675101368406561	348	0.925942633891195
"rs1759805"	0.675103594526684	348	1.06126975942266
"rs554509"	0.675104313128808	348	1.07625824741245
"rs554510"	0.675104313128808	348	1.07625824741245
"rs1778720"	0.675149456626804	348	1.14870988020294
"rs1780781"	0.675149456626804	348	1.14870988020294
"rs1774733"	0.675149456626807	348	1.14870988020294
"rs1782329"	0.675149456626807	348	1.14870988020294
"rs575268"	0.675159537637429	348	1.06875651000124
"rs464562"	0.675199598875583	348	1.07866278552039
"rs893758"	0.67524358411894	348	1.10669649739277
"rs145750"	0.675258491428039	348	1.06508267373699
"rs145751"	0.675258491428039	348	1.06508267373699
"rs896688"	0.675422966234819	348	0.958256600606956
"rs2148407"	0.675466848515517	348	1.10924994348221
"rs608188"	0.675496777307108	348	0.922574025607356
"rs1803344"	0.675549571273297	348	1.09238054049536
"rs602864"	0.675592546905139	348	0.8846820361057
"rs1647766"	0.675620380271157	348	1.1669630039651
"rs669924"	0.675631854123449	348	0.914405487867338
"rs2071927"	0.675710167003867	348	1.08455048823944
"rs994895"	0.675727913779851	348	0.837951783451655
"rs994919"	0.675727913779851	348	0.837951783451655
"rs994922"	0.675727913779851	348	0.837951783451655
"rs994976"	0.675727913779851	348	0.837951783451655
"rs994979"	0.675727913779851	348	0.837951783451655
"rs994980"	0.675727913779851	348	0.837951783451655
"rs994997"	0.675727913779851	348	0.837951783451655
"rs995025"	0.675727913779851	348	0.837951783451655
"rs995026"	0.675727913779851	348	0.837951783451655
"rs995044"	0.675727913779851	348	0.837951783451655
"rs995062"	0.675727913779851	348	0.837951783451655
"rs995096"	0.675727913779851	348	0.837951783451655
"rs1925411"	0.675727913779851	348	0.837951783451655
"rs1951690"	0.675727913779851	348	0.837951783451655
"rs995029"	0.675727913779856	348	0.837951783451655
"rs744201"	0.675729273126157	348	1.08624850471924
"rs489277"	0.675879513554653	348	1.11280943254948
"rs489290"	0.675879513554653	348	1.11280943254948
"rs1415542"	0.675889128344019	348	1.06678518810592
"rs512954"	0.675976013278131	348	1.39943151731982
"rs513024"	0.675976013278131	348	1.39943151731982
"rs1318820"	0.675990981425659	348	0.918293176764141
"rs1342315"	0.676031120593347	348	0.913773590647798
"rs579278"	0.67603123732278	348	1.08818901916379
"rs655435"	0.67603475956088	348	0.884237127965243
"rs850547"	0.676044859918569	348	1.15274214433192
"rs1343520"	0.676061281560522	348	1.09797108857282
"rs1924547"	0.676069028640273	348	0.917585395973558
"rs115933"	0.676158617738992	348	0.951089784720567
"rs1207068"	0.676175826700706	348	0.949981866437571
"rs1206506"	0.676195543480973	348	0.952735825160352
"rs1206512"	0.676195543480973	348	0.952735825160352
"rs1206527"	0.676195543480973	348	0.952735825160352
"rs1206537"	0.676195543480973	348	0.952735825160352
"rs618540"	0.676223145128412	348	0.914418376334127
"rs1484414"	0.676251603098305	348	0.867610861758822
"rs1959517"	0.676260055574466	348	1.09198008785882
"rs1608995"	0.676262755408768	348	0.908823942054685
"rs1431936"	0.676297437838574	348	0.975264217641707
"rs839499"	0.676324720844099	348	0.93474775488571
"rs1566333"	0.676333857927271	348	1.09676930402849
"rs84846"	0.676425359795197	348	0.928995136249997
"rs1766338"	0.676448221690916	348	1.09248710237592
"rs1372983"	0.676470421692266	348	1.0777991133568
"rs298002"	0.676479436515031	348	0.926739480980034
"rs1609010"	0.676489574068338	348	0.908921850707181
"rs849857"	0.676529269825623	348	1.10410007441783
"rs1374031"	0.676556290871328	348	0.927764545156696
"rs344570"	0.676562420871836	348	0.87152148136746
"rs126781"	0.676677458380692	348	0.932751541613544
"rs951550"	0.676692795511291	348	1.09001977161508
"rs144331"	0.676724269972752	348	0.936912735582609
"rs2180646"	0.676732330906839	348	0.946362636348902
"rs1751018"	0.676738824957667	348	0.884770989287718
"rs163126"	0.676743372931974	348	0.801933622195966
"rs34542"	0.676743372931978	348	0.801933622195967
"rs34755"	0.676743372931978	348	0.801933622195967
"rs1783322"	0.676743372931978	348	0.801933622195967
"rs2033637"	0.676796385356199	348	1.02976561263225
"rs630439"	0.676885025706922	348	1.14747403638004
"rs1479289"	0.676904994514813	348	0.930019128101159
"rs1351329"	0.676916601973567	348	1.10586641512905
"rs1351378"	0.676916601973567	348	1.10586641512905
"rs1351534"	0.676916601973567	348	1.10586641512905
"rs705702"	0.677063661698986	348	0.90868328501242
"rs763301"	0.677064393104287	348	1.06071092576733
"rs752689"	0.677066829711854	348	1.09737354991734
"rs585622"	0.677088088935741	348	0.908160689204246
"rs468298"	0.67711179504948	348	0.934051841312897
"rs349606"	0.677118456494765	348	1.07489799584269
"rs1651739"	0.677148669130062	348	1.03233469566403
"rs429072"	0.677165884247567	348	1.07564958753937
"rs347692"	0.677179192180135	348	1.07723575462516
"rs353840"	0.677217838010326	348	1.09437969157315
"rs353855"	0.677217838010326	348	1.09437969157315
"rs899798"	0.677229526509227	348	0.753966467880391
"rs971845"	0.677240940587874	348	1.13004188340286
"rs264706"	0.677260664066487	348	1.05903777752215
"rs107013"	0.677264535347588	348	0.910853697314152
"rs1447820"	0.677267320726198	348	1.10655825492264
"rs343005"	0.677317558618751	348	0.874831805046377
"rs343685"	0.677317558618751	348	0.874831805046377
"rs1639400"	0.67732710076847	348	1.07223934692628
"rs1639403"	0.67732710076847	348	1.07223934692628
"rs370536"	0.677368030574822	348	0.93392111715314
"rs370644"	0.677368030574822	348	0.93392111715314
"rs191810"	0.677386807375572	348	1.0987856443965
"rs1561955"	0.677391628458677	348	1.07634037722122
"rs2034949"	0.677407070071562	348	1.10809158222808
"rs280825"	0.677415602619295	348	1.05262493678888
"rs743513"	0.677423822234941	348	1.22497123992027
"rs777911"	0.677423822234941	348	1.22497123992027
"rs2019645"	0.677423934599521	348	1.10458676451417
"rs2019647"	0.677423934599521	348	1.10458676451417
"rs2122244"	0.67745586594189	348	1.09962388652882
"rs2172581"	0.677466102188371	348	1.05901905876349
"rs1147460"	0.677483222234508	348	0.93958560454153
"rs1963387"	0.677541923938889	348	1.05057307398629
"rs1665409"	0.677549296412974	348	0.892261664581839
"rs1666018"	0.677549296412974	348	0.892261664581839
"rs1714956"	0.677569292512808	348	1.06418250174999
"rs2059021"	0.677573554539577	348	1.09273119898545
"rs2059038"	0.677573554539577	348	1.09273119898545
"rs1640077"	0.677635253448878	348	1.20245669796234
"rs122959"	0.677663715308202	348	1.06851157553453
"rs349036"	0.677666279970253	348	0.921982639543237
"rs58942"	0.677680709953416	348	1.09491060942337
"rs1146348"	0.677781994634417	348	1.09521930778686
"rs1146354"	0.677781994634417	348	1.09521930778686
"rs1341548"	0.677793739103726	348	1.06307893118452
"rs1100511"	0.677816312783612	348	1.14191720273169
"rs788157"	0.67784936345937	348	0.877432647691012
"rs1299713"	0.677870309918817	348	0.935913381490729
"rs319345"	0.677882603767132	348	1.11645197792418
"rs319348"	0.677882603767132	348	1.11645197792418
"rs319354"	0.677882603767132	348	1.11645197792418
"rs319360"	0.677882603767132	348	1.11645197792418
"rs1752570"	0.677887441781189	348	0.929417315640489
"rs2159568"	0.677898575537048	348	1.06454783318164
"rs1624741"	0.677910391999084	348	1.1082425373934
"rs1396344"	0.677928658984186	348	0.890521134913015
"rs1647730"	0.67792928637017	348	1.16558668129087
"rs1647764"	0.67792928637017	348	1.16558668129087
"rs1648229"	0.67792928637017	348	1.16558668129087
"rs549796"	0.677938278194733	348	0.919374493768181
"rs2118670"	0.677957442223914	348	1.06302225914431
"rs1896931"	0.678001872919159	348	1.1251141593787
"rs1648602"	0.67800748971432	348	1.06550684085297
"rs532779"	0.678013534413088	348	1.11696924514019
"rs967050"	0.678080582557438	348	0.91578558790932
"rs729760"	0.678090731168022	348	1.11250116747365
"rs2113109"	0.678121263949161	348	0.938556345768877
"rs2193315"	0.678130259671592	348	1.07337579614705
"rs2118877"	0.678151723869916	348	0.941007126062384
"rs2118895"	0.678151723869916	348	0.941007126062384
"rs2118901"	0.678151723869916	348	0.941007126062384
"rs2118910"	0.678151723869916	348	0.941007126062384
"rs2118919"	0.678151723869916	348	0.941007126062384
"rs2118928"	0.678151723869916	348	0.941007126062384
"rs2118943"	0.678151723869916	348	0.941007126062384
"rs2118952"	0.678151723869916	348	0.941007126062384
"rs2118958"	0.678151723869916	348	0.941007126062384
"rs2118970"	0.678151723869916	348	0.941007126062384
"rs2118973"	0.678151723869916	348	0.941007126062384
"rs2118979"	0.678151723869916	348	0.941007126062384
"rs1043090"	0.678175266806063	348	0.919001130090513
"rs1043124"	0.678175266806063	348	0.919001130090513
"rs2089415"	0.67818986355988	348	0.879703288728198
"rs913751"	0.678233311898113	348	1.08476925558214
"rs1606947"	0.678238340762929	348	0.881375691229481
"rs842610"	0.678261574724141	348	0.902461211732746
"rs1024071"	0.678285393382795	348	0.745531942690389
"rs1024126"	0.678285393382795	348	0.745531942690389
"rs1024129"	0.678285393382795	348	0.745531942690389
"rs1024332"	0.678285393382795	348	0.745531942690389
"rs1024336"	0.678285393382795	348	0.745531942690389
"rs1024338"	0.678285393382795	348	0.745531942690389
"rs1024339"	0.678285393382795	348	0.745531942690389
"rs1024413"	0.678285393382795	348	0.745531942690389
"rs408278"	0.678303055124621	348	1.06572695796567
"rs967500"	0.678326271205917	348	0.870207704229529
"rs1936966"	0.678429441364577	348	0.927507876349564
"rs1936968"	0.678429441364577	348	0.927507876349564
"rs1936983"	0.678429441364577	348	0.927507876349564
"rs1936989"	0.678429441364577	348	0.927507876349564
"rs1593325"	0.678475957979494	348	1.09114874855185
"rs1652298"	0.678495981288526	348	1.18521919403194
"rs900197"	0.678504338068869	348	1.16601516843666
"rs1905417"	0.67850812441333	348	0.91675620387573
"rs2026358"	0.678510708851403	348	0.909266392352441
"rs2026360"	0.678510708851403	348	0.909266392352441
"rs246380"	0.678542738264674	348	1.14091150314738
"rs570118"	0.678588693514177	348	0.936655739873329
"rs570119"	0.678588693514177	348	0.936655739873329
"rs570120"	0.678588693514177	348	0.936655739873329
"rs1659779"	0.678606508521136	348	1.09928017805271
"rs899549"	0.678607486274604	348	0.75562944388239
"rs899930"	0.678607486274604	348	0.75562944388239
"rs627368"	0.678610441696538	348	1.08030076001334
"rs2175660"	0.678638827512219	348	1.07758097370744
"rs1397412"	0.678647126720694	348	0.919356677764759
"rs987452"	0.678662883423297	348	0.937136007165939
"rs987479"	0.678662883423297	348	0.937136007165939
"rs2160307"	0.67870498879084	348	1.0743403443513
"rs598041"	0.678712642577512	348	0.9152780021302
"rs598044"	0.678712642577512	348	0.9152780021302
"rs598047"	0.678712642577512	348	0.9152780021302
"rs598048"	0.678712642577512	348	0.9152780021302
"rs598059"	0.678712642577512	348	0.9152780021302
"rs598062"	0.678712642577512	348	0.9152780021302
"rs598063"	0.678712642577512	348	0.9152780021302
"rs598065"	0.678712642577512	348	0.9152780021302
"rs783212"	0.678719475983374	348	0.82661985483284
"rs783217"	0.678719475983374	348	0.82661985483284
"rs783218"	0.678719475983374	348	0.82661985483284
"rs783230"	0.678719475983374	348	0.82661985483284
"rs783231"	0.678719475983374	348	0.82661985483284
"rs783232"	0.678719475983374	348	0.82661985483284
"rs783233"	0.678719475983374	348	0.82661985483284
"rs618832"	0.678751525456537	348	0.893851260657256
"rs430212"	0.678758016281622	348	0.891168902150276
"rs820385"	0.678888218721035	348	0.93974371989032
"rs1319226"	0.678968401092016	348	0.921429468782803
"rs736852"	0.678995971721379	348	0.912643952492905
"rs896691"	0.679026912263415	348	0.949787142129619
"rs755927"	0.679029023445413	348	1.06429123089745
"rs116350"	0.679064356361291	348	0.948324538194853
"rs377923"	0.679076029475029	348	1.06837483484386
"rs22665"	0.679109322246664	348	1.06545602610057
"rs2020992"	0.679124180526902	348	1.14637115915061
"rs394304"	0.67914032929925	348	0.911569521225137
"rs2172603"	0.679201470937865	348	0.944852475510744
"rs327058"	0.679227871899172	348	1.05514988006281
"rs2093615"	0.679255504214641	348	1.08385959550091
"rs1561985"	0.679266184644651	348	1.07081309254947
"rs854547"	0.679309557015427	348	0.911636060689768
"rs854555"	0.679309557015427	348	0.911636060689768
"rs684446"	0.679319445098093	348	1.0887797475242
"rs633563"	0.679445817642216	348	0.924235368551112
"rs633564"	0.679445817642216	348	0.924235368551112
"rs633569"	0.679445817642216	348	0.924235368551112
"rs633573"	0.679445817642216	348	0.924235368551112
"rs633574"	0.679445817642216	348	0.924235368551112
"rs35944"	0.679461269197782	348	1.05386137294758
"rs1541205"	0.679468576729073	348	1.04341293196375
"rs1874721"	0.679559043596583	348	0.927002269811329
"rs1874728"	0.679559043596583	348	0.927002269811329
"rs1874751"	0.679559043596583	348	0.927002269811329
"rs1874772"	0.679559043596583	348	0.927002269811329
"rs1874788"	0.679559043596583	348	0.927002269811329
"rs1874790"	0.679559043596583	348	0.927002269811329
"rs1613503"	0.679585704795622	348	1.08602204818802
"rs2057755"	0.679597980213266	348	0.887740607975115
"rs2024998"	0.679614744780628	348	0.852334280713911
"rs2024999"	0.679614744780628	348	0.852334280713911
"rs2025002"	0.679614744780628	348	0.852334280713911
"rs2025014"	0.679614744780628	348	0.852334280713911
"rs364727"	0.679618243547529	348	0.877575512132969
"rs591933"	0.679623242235502	348	1.06747638876686
"rs591936"	0.679623242235502	348	1.06747638876686
"rs1751176"	0.679664286635957	348	1.0861126911814
"rs562440"	0.679673042563597	348	0.937518394676291
"rs1017414"	0.67969839141084	348	0.744834663744579
"rs145304"	0.67970801141219	348	1.04397459881232
"rs227229"	0.679760239008014	348	0.897936449807392
"rs1116909"	0.679799564311354	348	1.079973932263
"rs1116912"	0.679799564311354	348	1.079973932263
"rs1116921"	0.679799564311354	348	1.079973932263
"rs1978798"	0.679820787757583	348	1.0420822921159
"rs129185"	0.679871475043947	348	1.06032941213412
"rs404297"	0.67992147264546	348	0.931540957157771
"rs1825708"	0.679953465275245	348	1.09122328949237
"rs52874"	0.679957199447874	348	0.828681043898777
"rs1564463"	0.679957199447874	348	0.828681043898777
"rs1021717"	0.679957199447875	348	0.828681043898776
"rs1776579"	0.679997887583943	348	1.08602591864281
"rs1293783"	0.680004552094916	348	0.938621489399141
"rs1009584"	0.680012190167141	348	0.902850837683589
"rs319571"	0.680037362525625	348	1.12880886943755
"rs1816307"	0.680071604825407	348	0.930172890535572
"rs1119042"	0.680091269202481	348	0.864350073996556
"rs1373359"	0.68012355925084	348	0.877052150236767
"rs122156"	0.680161394304077	348	0.942833185193509
"rs1815926"	0.680172018273544	348	0.89810256496435
"rs808505"	0.680172478643586	348	0.880845807298885
"rs1785186"	0.680221320451416	348	1.05861050418852
"rs755338"	0.680350811504793	348	0.881358825737131
"rs1365425"	0.680356057149855	348	1.06405597882997
"rs1158136"	0.680357288907751	348	0.947056772022298
"rs1693093"	0.680392817404699	348	1.07594517563373
"rs1738056"	0.680431709467666	348	1.04699403918492
"rs1352647"	0.680492207727767	348	0.916879431013167
"rs683453"	0.680497866881775	348	0.907458846636231
"rs1078875"	0.680507109420485	348	1.07281188841975
"rs618238"	0.680537054169327	348	1.09965730245267
"rs618247"	0.680537054169327	348	1.09965730245267
"rs1688421"	0.680539564381057	348	0.91993121291538
"rs1688427"	0.680539564381057	348	0.91993121291538
"rs1153378"	0.68054630276152	348	0.930519550315361
"rs505152"	0.680546594513314	348	1.0754769923787
"rs505215"	0.680546594513314	348	1.0754769923787
"rs1748412"	0.680594253194176	348	0.913931560480331
"rs470036"	0.680596153743575	348	1.1026892002727
"rs545915"	0.680600399605346	348	0.887541249119988
"rs219938"	0.680686037788661	348	1.06103513237562
"rs1651742"	0.680743171138243	348	1.0311210437517
"rs723354"	0.680760743294482	348	1.09625964250089
"rs222258"	0.680787284322747	348	0.926128322483479
"rs1738447"	0.680787935331439	348	1.18761216844184
"rs265849"	0.680822842826053	348	0.902518312214713
"rs1688520"	0.680826738889736	348	0.872060650733936
"rs1688549"	0.680826738889736	348	0.872060650733936
"rs1688550"	0.680826738889736	348	0.872060650733936
"rs1688553"	0.680826738889736	348	0.872060650733936
"rs1688556"	0.680826738889736	348	0.872060650733936
"rs1688580"	0.680826738889736	348	0.872060650733936
"rs1688582"	0.680826738889736	348	0.872060650733936
"rs1688598"	0.680826738889736	348	0.872060650733936
"rs1688607"	0.680826738889736	348	0.872060650733936
"rs462747"	0.680852836581602	348	0.8764124783218
"rs462666"	0.680852836581602	348	0.876412478321801
"rs644515"	0.680872565140555	348	1.14168337737044
"rs2112501"	0.68088079151546	348	1.07149640220487
"rs729272"	0.680907842448784	348	1.06960195024485
"rs146678"	0.680945862379915	348	1.02123512199296
"rs60751"	0.680956663655719	348	0.861347075581909
"rs60755"	0.680956663655719	348	0.861347075581909
"rs60760"	0.680956663655719	348	0.861347075581909
"rs60763"	0.680956663655719	348	0.861347075581909
"rs60766"	0.680956663655719	348	0.861347075581909
"rs60772"	0.680956663655719	348	0.861347075581909
"rs60773"	0.680956663655719	348	0.861347075581909
"rs1999063"	0.680975422111163	348	0.933306675822374
"rs1451529"	0.680982039060582	348	1.0895196109109
"rs121079"	0.681014858755727	348	1.05562832532124
"rs508487"	0.681072027568694	348	0.914286655275494
"rs2178147"	0.681082395747075	348	1.04658820111669
"rs522764"	0.681138071753267	348	1.08899213975072
"rs51805"	0.681184432059278	348	0.928652117106416
"rs319366"	0.681187406956461	348	1.13147435064041
"rs319381"	0.681187406956461	348	1.13147435064041
"rs319387"	0.681187406956461	348	1.13147435064041
"rs145969"	0.681196120920031	348	1.0517803205921
"rs629160"	0.681218371039664	348	1.12721238566543
"rs629166"	0.681218371039664	348	1.12721238566543
"rs1317008"	0.681245362717129	348	1.09061651168572
"rs462901"	0.681258334584745	348	1.08311722702973
"rs462903"	0.681258334584745	348	1.08311722702973
"rs462918"	0.681258334584745	348	1.08311722702973
"rs462879"	0.681258334584745	348	1.08311722702973
"rs462950"	0.681258334584745	348	1.08311722702973
"rs305215"	0.681270080684109	348	1.0809381672162
"rs305216"	0.681270080684109	348	1.0809381672162
"rs305217"	0.681270080684109	348	1.0809381672162
"rs1560707"	0.681277442432743	348	0.94061004761253
"rs353402"	0.681303159390146	348	1.09404014161146
"rs2003529"	0.681311155277283	348	1.08201559092938
"rs1382958"	0.681324344551502	348	0.913508220768975
"rs854032"	0.681338226790741	348	0.929705587577559
"rs784204"	0.681344702672197	348	0.935171642796914
"rs784207"	0.681344702672197	348	0.935171642796914
"rs784234"	0.681344702672197	348	0.935171642796914
"rs784243"	0.681344702672197	348	0.935171642796914
"rs784249"	0.681344702672197	348	0.935171642796914
"rs784255"	0.681344702672197	348	0.935171642796914
"rs784300"	0.681344702672197	348	0.935171642796914
"rs784309"	0.681344702672197	348	0.935171642796914
"rs784312"	0.681344702672197	348	0.935171642796914
"rs784318"	0.681344702672197	348	0.935171642796914
"rs784321"	0.681344702672197	348	0.935171642796914
"rs784333"	0.681344702672197	348	0.935171642796914
"rs784337"	0.681344702672197	348	0.935171642796914
"rs784345"	0.681344702672197	348	0.935171642796914
"rs784360"	0.681344702672197	348	0.935171642796914
"rs784369"	0.681344702672197	348	0.935171642796914
"rs784370"	0.681344702672197	348	0.935171642796914
"rs784390"	0.681344702672197	348	0.935171642796914
"rs784397"	0.681344702672197	348	0.935171642796914
"rs784399"	0.681344702672197	348	0.935171642796914
"rs784429"	0.681344702672197	348	0.935171642796914
"rs784439"	0.681344702672197	348	0.935171642796914
"rs784447"	0.681344702672197	348	0.935171642796914
"rs784518"	0.681344702672197	348	0.935171642796914
"rs784522"	0.681344702672197	348	0.935171642796914
"rs784536"	0.681344702672197	348	0.935171642796914
"rs784542"	0.681344702672197	348	0.935171642796914
"rs1356896"	0.681361026519569	348	1.14439004682346
"rs1618068"	0.68138662755087	348	1.11766663213536
"rs742248"	0.681497708153945	348	0.908975187977439
"rs941400"	0.681500523622748	348	1.13515474243086
"rs941401"	0.681500523622748	348	1.13515474243086
"rs1776709"	0.681509585909867	348	1.08479120631785
"rs823106"	0.681517536507406	348	0.94498465326737
"rs823108"	0.681517536507406	348	0.94498465326737
"rs1463564"	0.681521470759916	348	1.14547734414268
"rs739102"	0.681568327038817	348	0.889549943676069
"rs132539"	0.681651048894787	348	0.74317313779627
"rs782114"	0.681681705442168	348	0.862023470963249
"rs1965099"	0.681694789410831	348	1.09075761321968
"rs209339"	0.681715373306242	348	0.851959176286758
"rs678220"	0.681736834308083	348	0.792791029774335
"rs788094"	0.681749580708359	348	1.10312625265755
"rs928205"	0.681754552967525	348	1.07417163740544
"rs1698009"	0.681755301725969	348	0.935385862442304
"rs1649470"	0.681758512090391	348	1.0935953093019
"rs1880927"	0.681770649790725	348	1.1370728404056
"rs1880928"	0.681770649790725	348	1.1370728404056
"rs424184"	0.681810816555109	348	1.06104108136343
"rs1893725"	0.681830552976408	348	1.1563534758747
"rs591658"	0.681883561540605	348	1.10291817236798
"rs126795"	0.681951626764014	348	1.05398503292381
"rs1350842"	0.682009344902815	348	0.742338392088065
"rs1351196"	0.682009344902815	348	0.742338392088065
"rs1351582"	0.682009344902815	348	0.742338392088065
"rs1351622"	0.682009344902815	348	0.742338392088065
"rs1662234"	0.682027418160838	348	0.929463725747955
"rs1264292"	0.682029912339006	348	1.0624565891749
"rs96863"	0.682039852113612	348	0.931406850378332
"rs433548"	0.68211186254603	348	1.08035114451327
"rs1353105"	0.682112052661506	348	0.922755379895229
"rs1716193"	0.68212782704316	348	1.07295043125616
"rs1897910"	0.682148238379384	348	0.858039991388933
"rs364081"	0.682160409190565	348	1.09437603160813
"rs364210"	0.682160409190565	348	1.09437603160813
"rs1641512"	0.682225803853406	348	1.07880932594781
"rs2015929"	0.682227232156394	348	1.06739569569547
"rs307126"	0.682240072704645	348	1.12886296923922
"rs307128"	0.682240072704645	348	1.12886296923922
"rs651605"	0.682262582956315	348	1.18337333851543
"rs842343"	0.682312363570564	348	1.09515169526409
"rs150448"	0.682372816372279	348	0.917231492036716
"rs716036"	0.682383453817191	348	0.849030345760137
"rs2193460"	0.682412105623392	348	0.815900193242603
"rs302854"	0.682421585513499	348	1.0375878374332
"rs2122138"	0.682432904995525	348	0.970414391366717
"rs44601"	0.682460405391491	348	0.928754179920577
"rs1885414"	0.682530823536006	348	0.868843153352133
"rs1488496"	0.68253514030303	348	1.02825353152142
"rs1488497"	0.68253514030303	348	1.02825353152142
"rs1488499"	0.68253514030303	348	1.02825353152142
"rs1264488"	0.682576976852113	348	1.06234145246876
"rs942139"	0.682578324277914	348	0.913603193750904
"rs997323"	0.682584815981019	348	1.04740069675191
"rs256653"	0.682588282468977	348	0.932272508613398
"rs1616782"	0.682594615733189	348	1.07114918896339
"rs385138"	0.682628526624961	348	0.883823839244761
"rs648929"	0.682674695292778	348	1.04330453669962
"rs116188"	0.682768177890524	348	0.950518201122839
"rs306391"	0.682863224099182	348	1.17698564390171
"rs306485"	0.682863224099182	348	1.17698564390171
"rs852367"	0.682880144852979	348	0.771956720496712
"rs1641143"	0.682893118125173	348	0.898608618766997
"rs224852"	0.682896555214901	348	1.18124624577654
"rs224853"	0.682896555214901	348	1.18124624577654
"rs224858"	0.682896555214901	348	1.18124624577654
"rs224894"	0.682896555214901	348	1.18124624577654
"rs1414742"	0.682938355259186	348	0.921834980767106
"rs1381066"	0.682957179551977	348	0.837676036248813
"rs239965"	0.682974418980125	348	0.910885951625091
"rs239971"	0.682974418980125	348	0.910885951625091
"rs239983"	0.682974418980125	348	0.910885951625091
"rs240001"	0.682974418980125	348	0.910885951625091
"rs240007"	0.682974418980125	348	0.910885951625091
"rs240021"	0.682974418980125	348	0.910885951625091
"rs240076"	0.682974418980125	348	0.910885951625091
"rs240103"	0.682974418980125	348	0.910885951625091
"rs240112"	0.682974418980125	348	0.910885951625091
"rs240163"	0.682974418980125	348	0.910885951625091
"rs240175"	0.682974418980125	348	0.910885951625091
"rs240262"	0.682974418980125	348	0.910885951625091
"rs1659188"	0.682979905360756	348	0.956788052382782
"rs528613"	0.683009799974449	348	1.15563779292027
"rs1806530"	0.683070550575486	348	0.908449348334343
"rs1999054"	0.683088388159801	348	0.905206995549646
"rs1116042"	0.683105148177449	348	0.939563984078655
"rs2121638"	0.683115742359103	348	1.05517721099647
"rs523718"	0.683154175002525	348	1.02182826994762
"rs971282"	0.68320192359926	348	1.08046030865446
"rs984607"	0.683205208754831	348	0.977127507635295
"rs649370"	0.683219561335591	348	0.891457179166877
"rs2124313"	0.683291706088734	348	0.923800208814804
"rs225460"	0.683313468332453	348	1.12556028324721
"rs1160136"	0.683330939807168	348	0.825173658034218
"rs983585"	0.683335216449282	348	0.864129280581767
"rs983600"	0.683335216449282	348	0.864129280581767
"rs983603"	0.683335216449282	348	0.864129280581767
"rs983609"	0.683335216449282	348	0.864129280581767
"rs983612"	0.683335216449282	348	0.864129280581767
"rs839024"	0.683340448619337	348	0.935166483296739
"rs502572"	0.68334054564336	348	0.935719061066096
"rs507983"	0.683347172372965	348	1.10509477333202
"rs507996"	0.683347172372965	348	1.10509477333202
"rs230273"	0.683353171794503	348	1.13027763724859
"rs651535"	0.683380603841562	348	1.15965746632415
"rs815821"	0.683396299264337	348	0.941975225152687
"rs1897916"	0.683456385304773	348	0.934511661458439
"rs938929"	0.68346793006602	348	1.08503662190399
"rs1735033"	0.683477081596588	348	1.07540175898779
"rs1688324"	0.683485274704704	348	1.11296346886479
"rs1064005"	0.683514546172837	348	0.933615960286683
"rs1318038"	0.683552021076339	348	0.916987516054514
"rs305911"	0.683572728366113	348	0.955223903968333
"rs1138527"	0.683613259002068	348	1.06915502752108
"rs582558"	0.683663760622027	348	0.838389933539092
"rs304413"	0.683674941426498	348	0.898206083597263
"rs13916"	0.683708819829452	348	0.840137868854498
"rs1019141"	0.683727921894005	348	1.12434092873487
"rs1906959"	0.683784696176575	348	0.813103395513144
"rs2002635"	0.683785738069392	348	0.936807227586174
"rs967263"	0.683799336674206	348	0.743170020034169
"rs636370"	0.683823109189887	348	1.08873186516831
"rs636373"	0.683823109189887	348	1.08873186516831
"rs1802565"	0.683826976905914	348	1.0686846902674
"rs109759"	0.683829891076744	348	0.910447685953758
"rs911879"	0.683835114975226	348	1.09294838504578
"rs1431900"	0.683845835525346	348	0.965768483560979
"rs1818233"	0.68385975817163	348	0.862270646992013
"rs466761"	0.683861024896988	348	0.944009544736685
"rs1127205"	0.683913214965866	348	1.07291765429369
"rs1935033"	0.683913686720275	348	0.925259206751077
"rs1092546"	0.683927529565699	348	1.37474165567161
"rs1411077"	0.683930801844289	348	0.984119260858799
"rs145504"	0.683958505197773	348	0.956407971661059
"rs653478"	0.683985196468193	348	1.18107939377859
"rs867476"	0.684009522050314	348	1.07572579100905
"rs422919"	0.684016821114789	348	0.931909336159972
"rs1775313"	0.684041008616537	348	1.08629131834171
"rs1776793"	0.684041008616537	348	1.08629131834171
"rs100300"	0.684059605178835	348	0.935179383696212
"rs1552833"	0.684060836471333	348	1.08235011065994
"rs1961341"	0.684085138449102	348	1.11185444884929
"rs326967"	0.684101113999436	348	1.06314104368535
"rs1798480"	0.68413238621032	348	1.38796230337469
"rs1874731"	0.684164612249516	348	0.931467306467475
"rs48686"	0.68420817829539	348	1.14384611176819
"rs186554"	0.68420817829539	348	1.14384611176819
"rs258531"	0.68420817829539	348	1.14384611176819
"rs684171"	0.68420817829539	348	1.14384611176819
"rs768604"	0.68420817829539	348	1.14384611176819
"rs846444"	0.68420817829539	348	1.14384611176819
"rs890032"	0.68420817829539	348	1.14384611176819
"rs902057"	0.68420817829539	348	1.14384611176819
"rs907456"	0.68420817829539	348	1.14384611176819
"rs1347416"	0.68420817829539	348	1.14384611176819
"rs1550075"	0.68420817829539	348	1.14384611176819
"rs1945962"	0.68420817829539	348	1.14384611176819
"rs2042624"	0.68420817829539	348	1.14384611176819
"rs2066345"	0.68420817829539	348	1.14384611176819
"rs2203083"	0.68420817829539	348	1.14384611176819
"rs98075"	0.684216069811226	348	1.21160246426382
"rs1137807"	0.684218903488702	348	1.13011850957049
"rs1138072"	0.684218903488702	348	1.13011850957049
"rs1138212"	0.684218903488702	348	1.13011850957049
"rs1138342"	0.684218903488702	348	1.13011850957049
"rs1478731"	0.684242724744716	348	1.07569136058309
"rs1478734"	0.684242724744716	348	1.07569136058309
"rs1479001"	0.684242724744716	348	1.07569136058309
"rs1532200"	0.684257861598272	348	1.09274947219118
"rs867230"	0.68426808162065	348	0.91103559787249
"rs867231"	0.68426808162065	348	0.91103559787249
"rs867233"	0.68426808162065	348	0.91103559787249
"rs1964363"	0.684290227406143	348	0.913133938378935
"rs1852444"	0.68431388160607	348	0.935714673266712
"rs1734261"	0.684324251909923	348	1.07928214175315
"rs631999"	0.684328553883647	348	0.903044897143487
"rs1044448"	0.684336168215487	348	0.865050652356067
"rs1204346"	0.684341903770448	348	1.05925408400322
"rs2172515"	0.684355047592987	348	1.0584739870902
"rs596961"	0.684392959366181	348	0.929957138820199
"rs1964345"	0.684396337536011	348	0.913155358342256
"rs216944"	0.684397499284845	348	1.07322983989909
"rs1964159"	0.684451451769733	348	0.931859212032728
"rs1625595"	0.684458333922608	348	0.918499653548328
"rs236465"	0.684463317216398	348	1.08200798591234
"rs1668614"	0.684489632814407	348	0.919784294371395
"rs1597500"	0.684544025732235	348	1.06644376747642
"rs630449"	0.684550867334438	348	1.06351940895107
"rs1707928"	0.684600697974344	348	1.0895266630776
"rs73347"	0.684614691438301	348	1.06701774559868
"rs1737325"	0.684656203946425	348	1.15878757359605
"rs2047660"	0.684702354103374	348	1.03174129823178
"rs341213"	0.684708751416686	348	0.933904752958647
"rs1775339"	0.684845156430358	348	1.08441646632842
"rs1775342"	0.684845156430358	348	1.08441646632842
"rs620176"	0.684864975385794	348	0.919677563788626
"rs910302"	0.684876177489979	348	1.11607841378841
"rs910314"	0.684876177489979	348	1.11607841378841
"rs910329"	0.684876177489979	348	1.11607841378841
"rs910338"	0.684876177489979	348	1.11607841378841
"rs910353"	0.684876177489979	348	1.11607841378841
"rs910394"	0.684876177489979	348	1.11607841378841
"rs910473"	0.684876177489979	348	1.11607841378841
"rs910492"	0.684876177489979	348	1.11607841378841
"rs910506"	0.684876177489979	348	1.11607841378841
"rs120946"	0.684889263722171	348	1.08634304429108
"rs2025254"	0.684896872346562	348	0.906430199149122
"rs2025257"	0.684896872346562	348	0.906430199149122
"rs2025284"	0.684896872346562	348	0.906430199149122
"rs2025290"	0.684896872346562	348	0.906430199149122
"rs2025308"	0.684896872346572	348	0.906430199149124
"rs2025312"	0.684896872346572	348	0.906430199149124
"rs489146"	0.684908445108738	348	0.954338745315036
"rs664336"	0.684936879886354	348	1.08067676786194
"rs2214401"	0.684943655339854	348	1.11512378813637
"rs1860258"	0.684985139739803	348	0.895997411391743
"rs1859931"	0.685112403859525	348	0.741889688707693
"rs547335"	0.685145785136477	348	1.08595909929863
"rs304850"	0.685200374990046	348	1.06898819503563
"rs2159176"	0.685230775577216	348	0.925484956170822
"rs530873"	0.685240618472891	348	1.38451946533339
"rs750043"	0.685276438468284	348	0.961290280770117
"rs2084139"	0.685283147909468	348	0.957004525243253
"rs1637636"	0.685308921949771	348	0.936216487531087
"rs1611556"	0.685330773001252	348	0.940404722011963
"rs1964147"	0.68535727570729	348	0.918725964281315
"rs189100"	0.685388826383191	348	1.10365843456749
"rs988874"	0.685420784975832	348	1.09413271779848
"rs225658"	0.685463977672303	348	0.852521589405186
"rs1886858"	0.685496959426272	348	0.735008247745365
"rs1886932"	0.685496959426272	348	0.735008247745365
"rs1887388"	0.685496959426272	348	0.735008247745365
"rs1887568"	0.685496959426272	348	0.735008247745365
"rs2207706"	0.685512367322531	348	0.916444191323675
"rs1806174"	0.68552304027586	348	0.919000989143644
"rs492479"	0.685535578409753	348	0.85209306094501
"rs189644"	0.685541677507164	348	1.12279335717597
"rs189650"	0.685541677507164	348	1.12279335717597
"rs189656"	0.685541677507164	348	1.12279335717597
"rs189659"	0.685541677507164	348	1.12279335717597
"rs189665"	0.685541677507164	348	1.12279335717597
"rs189683"	0.685541677507164	348	1.12279335717597
"rs189686"	0.685541677507164	348	1.12279335717597
"rs189689"	0.685541677507164	348	1.12279335717597
"rs189695"	0.685541677507164	348	1.12279335717597
"rs189722"	0.685541677507164	348	1.12279335717597
"rs189731"	0.685541677507164	348	1.12279335717597
"rs189737"	0.685541677507164	348	1.12279335717597
"rs189740"	0.685541677507164	348	1.12279335717597
"rs189743"	0.685541677507164	348	1.12279335717597
"rs189746"	0.685541677507164	348	1.12279335717597
"rs1636358"	0.685553544311921	348	0.943386658129815
"rs545114"	0.685567577892218	348	1.10421144277465
"rs2122661"	0.685575294924947	348	0.921366592799679
"rs1551367"	0.685609608834843	348	0.937683304565719
"rs1557973"	0.685617668701497	348	0.915047193508241
"rs327064"	0.685663490943915	348	1.05877978294753
"rs1803733"	0.685704634506244	348	0.911783840055543
"rs109704"	0.685713536547499	348	1.13019156930593
"rs854130"	0.685742991020948	348	0.76179814296664
"rs1561546"	0.685753149237342	348	1.02817749389156
"rs1561565"	0.685753149237342	348	1.02817749389156
"rs1561577"	0.685753149237342	348	1.02817749389156
"rs497015"	0.685755449299767	348	0.889272383309839
"rs788147"	0.685772697867192	348	0.880469857060547
"rs1752255"	0.685849641619922	348	1.11203030447839
"rs369004"	0.68587811807976	348	0.86569597042955
"rs347716"	0.685927632200282	348	0.933954934897334
"rs1481972"	0.685934588699958	348	0.942512211243245
"rs856493"	0.685958365208572	348	0.919943884097996
"rs856494"	0.685958365208572	348	0.919943884097996
"rs1977062"	0.68596198339262	348	0.910205522102582
"rs2090067"	0.68599652648656	348	1.06694318048669
"rs2090078"	0.68599652648656	348	1.06694318048669
"rs1127730"	0.686008567989526	348	0.936534455245248
"rs1105872"	0.68604451052521	348	1.07808869197144
"rs1194723"	0.686060118863466	348	0.936812946555555
"rs944815"	0.686070305133921	348	1.14978714689293
"rs1676633"	0.686144721009607	348	0.876812114886234
"rs1894939"	0.686161134397143	348	1.15199713924741
"rs1742750"	0.686167919730908	348	0.903865831112007
"rs1962983"	0.686299272999352	348	1.09269742353397
"rs484936"	0.686304151406924	348	1.09456671877068
"rs484937"	0.686304151406924	348	1.09456671877068
"rs484941"	0.686304151406924	348	1.09456671877068
"rs1884538"	0.686304921535585	348	1.10933039952677
"rs1837867"	0.686351041197038	348	1.0790089494142
"rs597891"	0.686361221022056	348	1.06974907704138
"rs143557"	0.686373824320424	348	1.07632747914477
"rs112533"	0.686401922205315	348	1.0495531481167
"rs1779072"	0.686448397741723	348	0.915980666204838
"rs2024618"	0.686486704671029	348	0.925251465039137
"rs2024619"	0.686486704671029	348	0.925251465039137
"rs265326"	0.686502045927929	348	1.05989691810216
"rs1443804"	0.686518148679322	348	0.922603874335501
"rs1443813"	0.686518148679322	348	0.922603874335501
"rs1443816"	0.686518148679322	348	0.922603874335501
"rs1443819"	0.686518148679322	348	0.922603874335501
"rs1443825"	0.686518148679322	348	0.922603874335501
"rs1293827"	0.686537430830717	348	1.09740686197677
"rs1294357"	0.686537430830723	348	1.09740686197677
"rs369699"	0.686553067836233	348	0.897302562833258
"rs132867"	0.686587578832079	348	0.746908243008106
"rs1963148"	0.686620778963228	348	1.10387719166944
"rs109492"	0.68662646344197	348	1.10438837152865
"rs1372869"	0.686629043778696	348	0.9535833947361
"rs1646678"	0.686638857874947	348	1.09842451249036
"rs652074"	0.686671423639325	348	1.18416245385601
"rs1074464"	0.686708540397206	348	1.08630006454395
"rs1576224"	0.686746713501125	348	0.906760353636342
"rs501478"	0.68674973736248	348	1.13021199447201
"rs1594984"	0.686760062528009	348	1.11763337368768
"rs2160534"	0.686770302331922	348	1.05495480098948
"rs2160562"	0.686770302331922	348	1.05495480098948
"rs810376"	0.686833138929353	348	1.08538764974954
"rs621071"	0.686860009279302	348	0.86252845978281
"rs1030414"	0.686987381379664	348	0.879233572039786
"rs1030466"	0.686987381379664	348	0.879233572039786
"rs1030486"	0.686987381379664	348	0.879233572039786
"rs1030503"	0.686987381379664	348	0.879233572039786
"rs1030592"	0.686987381379664	348	0.879233572039786
"rs1030594"	0.686987381379664	348	0.879233572039786
"rs1030595"	0.686987381379664	348	0.879233572039786
"rs1030597"	0.686987381379664	348	0.879233572039786
"rs1030598"	0.686987381379664	348	0.879233572039786
"rs1031211"	0.686987381379664	348	0.879233572039786
"rs2110582"	0.686989942820243	348	0.9322029299548
"rs583986"	0.687028200099955	348	0.925488363051088
"rs133823"	0.687060593061525	348	0.916888350586362
"rs1989214"	0.687094160387786	348	0.890398430403584
"rs472870"	0.68713060732916	348	0.959830857243478
"rs2147919"	0.687155201796113	348	1.1514022381862
"rs1634457"	0.687285489302335	348	0.915287736117812
"rs145743"	0.687336384792695	348	1.06417229821262
"rs145744"	0.687336384792695	348	1.06417229821262
"rs2114451"	0.687353960407507	348	1.06968081358523
"rs133826"	0.687387173569103	348	0.91833308068399
"rs2120744"	0.68740246021907	348	1.08507892491638
"rs2121017"	0.68740246021907	348	1.08507892491638
"rs579491"	0.687421271639516	348	1.08904812927848
"rs1710727"	0.68746315160957	348	1.07983496220354
"rs2110591"	0.687474777374863	348	0.932324010749423
"rs287890"	0.687490722253572	348	0.942621116203816
"rs1696573"	0.68749453801379	348	1.08177022908037
"rs1840062"	0.687506880987323	348	1.09601987618503
"rs842370"	0.687522539276964	348	1.09242919401912
"rs130719"	0.687624921493607	348	0.900202753287535
"rs2111820"	0.687625757513282	348	0.818933091716902
"rs121237"	0.687661831069265	348	0.904124174892946
"rs640082"	0.687670276017054	348	0.922751804787234
"rs640083"	0.687670276017054	348	0.922751804787234
"rs1661470"	0.687691633722919	348	0.934934337465958
"rs1768017"	0.687704115757118	348	1.0919954155609
"rs2134816"	0.687709152518905	348	1.07014798107666
"rs2171014"	0.687746154464358	348	0.948140624093744
"rs554627"	0.687759926948896	348	1.04043186894763
"rs554630"	0.687759926948896	348	1.04043186894763
"rs554631"	0.687759926948896	348	1.04043186894763
"rs2171019"	0.687763234939947	348	0.947423544761445
"rs2171021"	0.687763234939947	348	0.947423544761445
"rs2171022"	0.687763234939947	348	0.947423544761445
"rs870729"	0.687775139914318	348	0.942273906251411
"rs468205"	0.687797645291769	348	1.07165689762698
"rs468199"	0.687797645291775	348	1.07165689762698
"rs1168280"	0.687805858848533	348	0.924946831960999
"rs682992"	0.687840964688688	348	1.06643653526173
"rs1531582"	0.687864464031658	348	1.07970429130837
"rs487240"	0.687880875884476	348	1.07951099920551
"rs2024819"	0.687889330889975	348	1.09286919721114
"rs1069648"	0.687929707867019	348	1.15971309996747
"rs1294905"	0.687939589724711	348	1.07899566845059
"rs1392511"	0.687957556717387	348	0.884041464733941
"rs2176641"	0.688000549141678	348	0.935366345230462
"rs228070"	0.688003791721883	348	1.13232024681112
"rs420230"	0.688079583278048	348	1.14648116679667
"rs420272"	0.688079583278048	348	1.14648116679667
"rs1626946"	0.688093956606987	348	1.06435480278383
"rs1649563"	0.688094951251654	348	1.09158023819988
"rs1103060"	0.688114494727144	348	0.890279412895486
"rs955257"	0.688129820849691	348	1.1341131670327
"rs381826"	0.688150366236801	348	1.06940959429234
"rs306306"	0.688157949641428	348	0.922557890054112
"rs539695"	0.688158235956803	348	1.20869368833662
"rs1447863"	0.688158445239446	348	0.751621748050594
"rs344413"	0.688163254801201	348	0.890973256791318
"rs344418"	0.688163254801201	348	0.890973256791318
"rs1844837"	0.688164344193894	348	1.08407035458463
"rs1845160"	0.688164344193894	348	1.08407035458463
"rs1847344"	0.688164344193894	348	1.08407035458463
"rs171836"	0.688168065671447	348	0.874416206185628
"rs2015980"	0.688200973195053	348	0.928700747506076
"rs144340"	0.688227980250141	348	0.901708626976005
"rs322409"	0.688233160364279	348	0.894311053094977
"rs265584"	0.688307082351394	348	1.06318267600382
"rs2164568"	0.688348364462393	348	1.07508546016816
"rs1340280"	0.688373266367325	348	0.931161442134287
"rs566469"	0.688381252337467	348	0.944503691393111
"rs649179"	0.688397508281948	348	0.968377412933609
"rs2217994"	0.688400576636451	348	1.14406595701872
"rs2161142"	0.688414633336323	348	1.06419535752647
"rs465626"	0.688419550738563	348	0.875176725995836
"rs825340"	0.688436214046124	348	0.907741133647953
"rs1663150"	0.688474461391015	348	0.885673521612346
"rs145731"	0.688513925219025	348	0.930020882775938
"rs1205643"	0.688521209430928	348	1.06031978308661
"rs484233"	0.688557968697431	348	1.0910089499899
"rs484242"	0.688557968697431	348	1.0910089499899
"rs1367948"	0.68868087385799	348	0.898519166596898
"rs873822"	0.688694453362231	348	1.09278930321866
"rs157472"	0.68869627639691	348	0.954058843229393
"rs494304"	0.688713649505205	348	0.879644938567856
"rs1887321"	0.688729648569481	348	1.15110099536428
"rs307003"	0.688732779198359	348	1.12421124845634
"rs1573876"	0.688754262105052	348	1.17617611859917
"rs1575100"	0.688754262105052	348	1.17617611859917
"rs1576946"	0.688754262105052	348	1.17617611859917
"rs1577074"	0.688754262105052	348	1.17617611859917
"rs1577573"	0.688754262105052	348	1.17617611859917
"rs1578641"	0.688754262105052	348	1.17617611859917
"rs1584365"	0.688754262105052	348	1.17617611859917
"rs343501"	0.688790835486199	348	0.879129679513035
"rs939518"	0.688806500764383	348	0.891587761283435
"rs145409"	0.688807673493149	348	1.0436646603779
"rs806634"	0.6888503919991	348	0.976915049313788
"rs719186"	0.688860087482326	348	0.903003301739153
"rs514007"	0.688867486382097	348	1.08678916432229
"rs514072"	0.688867486382097	348	1.08678916432229
"rs615373"	0.688876263964231	348	0.736363013424645
"rs1039032"	0.68888821246285	348	0.904828741761162
"rs413091"	0.688908355933888	348	0.909268048367814
"rs190903"	0.689068111775458	348	1.13063479300109
"rs1116891"	0.689099706218629	348	1.10155111001568
"rs617668"	0.689100664607789	348	1.09701926496025
"rs1374773"	0.689125043340186	348	0.925403556299554
"rs181940"	0.689147093665999	348	1.07643613021277
"rs181959"	0.689147093665999	348	1.07643613021277
"rs182011"	0.689147093665999	348	1.07643613021277
"rs505095"	0.689178684446445	348	0.889298896897462
"rs782901"	0.689227648056084	348	1.06838166524338
"rs2040087"	0.689310394537895	348	1.03222081795786
"rs1146156"	0.689312850149637	348	0.910608833896335
"rs1146186"	0.689312850149644	348	0.910608833896337
"rs2009933"	0.689314306677154	348	0.932779422321163
"rs1715682"	0.689319390624637	348	1.07263954431147
"rs1395322"	0.689321067341412	348	0.889191333925951
"rs1962461"	0.689359874695196	348	0.921198744847259
"rs1962464"	0.689359874695196	348	0.921198744847259
"rs1962467"	0.689359874695196	348	0.921198744847259
"rs1389071"	0.689367925322474	348	1.12651305137573
"rs1648079"	0.689412333138156	348	1.15869194771292
"rs538178"	0.689429844455708	348	0.903639064500512
"rs522999"	0.689435268079526	348	1.11461312887504
"rs100042"	0.689453007597494	348	1.09966647594478
"rs802690"	0.689461747281461	348	0.899826022607933
"rs597168"	0.689540234492177	348	1.06723300144692
"rs1825206"	0.689544390526797	348	0.895166748326792
"rs1530503"	0.689585706858251	348	1.0991466879875
"rs1673013"	0.689620037334015	348	1.23181979701432
"rs531508"	0.689620037334037	348	1.23181979701429
"rs100959"	0.689639597937028	348	0.93192391218013
"rs301131"	0.689656216769515	348	1.06157234819663
"rs499167"	0.689727124841709	348	0.922484366080308
"rs1075904"	0.689741761350855	348	1.08181716197146
"rs2080082"	0.68974384032113	348	1.06895366012741
"rs2080083"	0.68974384032113	348	1.06895366012741
"rs1071046"	0.689772043881797	348	0.898529623757151
"rs783087"	0.689772332262327	348	0.832443620181827
"rs819573"	0.689784887136629	348	0.913204567241785
"rs1162806"	0.689832240031208	348	0.933304550818579
"rs1162821"	0.689832240031208	348	0.933304550818579
"rs2108982"	0.689892896122828	348	0.967939146670731
"rs818299"	0.689932336475215	348	0.951079403281902
"rs818325"	0.689932336475215	348	0.951079403281902
"rs818328"	0.689932336475215	348	0.951079403281902
"rs274165"	0.689999907778836	348	1.05631771912924
"rs1617151"	0.690057852021262	348	1.12816098442888
"rs869261"	0.690077931576553	348	0.826648620962687
"rs466324"	0.690133033022528	348	1.0646969255252
"rs289199"	0.690137548246806	348	1.05876066114067
"rs1708822"	0.690140511621913	348	0.93927857299671
"rs1792379"	0.690185262003425	348	1.07500205197814
"rs1792415"	0.690185262003425	348	1.07500205197814
"rs1792451"	0.690185262003425	348	1.07500205197814
"rs132357"	0.690209460847312	348	0.757110358213071
"rs1817555"	0.690238885096576	348	1.0867122227641
"rs130545"	0.690363944322495	348	1.27295328522121
"rs1459783"	0.690363944322501	348	1.27295328522121
"rs9058"	0.690363944322509	348	1.2729532852212
"rs1155624"	0.690363944322509	348	1.2729532852212
"rs1142836"	0.690363944322509	348	1.2729532852212
"rs1143047"	0.690363944322509	348	1.2729532852212
"rs3436"	0.69036394432251	348	1.27295328522121
"rs1478968"	0.69037152649916	348	1.07034576730891
"rs1333633"	0.690482279304182	348	1.15544999644999
"rs1613986"	0.690509061082355	348	0.937389336581805
"rs1613992"	0.690509061082355	348	0.937389336581805
"rs1153555"	0.690511033552605	348	1.08983015381609
"rs2033930"	0.690520442934447	348	0.894329790940106
"rs1769190"	0.69053254801459	348	1.07134723139754
"rs602063"	0.690533641423735	348	0.896857839015474
"rs370269"	0.690539109094378	348	0.936605798309319
"rs426648"	0.690568430600942	348	1.08505457593733
"rs501517"	0.690571971520129	348	0.845356549565225
"rs469754"	0.690611964026193	348	0.895066262062177
"rs1317736"	0.690648369021053	348	0.847301369383121
"rs1618632"	0.690652130059499	348	1.05682498975827
"rs50869"	0.690711795343983	348	0.892095428791306
"rs117613"	0.690723626253678	348	0.953027473555158
"rs505915"	0.690730910508813	348	1.09289278149426
"rs419823"	0.690752170073804	348	1.16666190528188
"rs1002675"	0.690772916213037	348	0.920769839607355
"rs2148194"	0.690815412501735	348	0.927278106333172
"rs2148197"	0.690815412501735	348	0.927278106333172
"rs951811"	0.690819520142422	348	1.11216292956368
"rs951817"	0.690819520142422	348	1.11216292956368
"rs1071097"	0.690886637964126	348	1.08221847811344
"rs825756"	0.690906296491621	348	0.897670417788616
"rs304464"	0.69091584844602	348	0.915587608209929
"rs304470"	0.69091584844602	348	0.915587608209929
"rs304473"	0.69091584844602	348	0.915587608209929
"rs304479"	0.69091584844602	348	0.915587608209929
"rs304485"	0.69091584844602	348	0.915587608209929
"rs2104940"	0.69092859534606	348	0.937427093743766
"rs224420"	0.690930896711221	348	0.90944674308953
"rs224678"	0.690930896711223	348	0.909446743089531
"rs224684"	0.690930896711223	348	0.909446743089531
"rs224685"	0.690930896711223	348	0.909446743089531
"rs464154"	0.690958739413906	348	0.755248289067427
"rs1372961"	0.690986320966143	348	1.07512441663431
"rs744348"	0.691004506214374	348	1.07312852374056
"rs744354"	0.691004506214374	348	1.07312852374056
"rs2132107"	0.691013858046048	348	0.944676767011397
"rs1906690"	0.691021241378471	348	0.947454071337521
"rs1174916"	0.691027476970343	348	0.912434953191446
"rs1174977"	0.691027476970343	348	0.912434953191446
"rs1175459"	0.691027476970343	348	0.912434953191446
"rs1175606"	0.691027476970343	348	0.912434953191446
"rs1176122"	0.691027476970343	348	0.912434953191446
"rs1176170"	0.691027476970343	348	0.912434953191446
"rs1176218"	0.691027476970343	348	0.912434953191446
"rs1176326"	0.691027476970343	348	0.912434953191446
"rs1176400"	0.691027476970343	348	0.912434953191446
"rs1176475"	0.691027476970343	348	0.912434953191446
"rs1176512"	0.691027476970343	348	0.912434953191446
"rs1176624"	0.691027476970343	348	0.912434953191446
"rs1176668"	0.691027476970343	348	0.912434953191446
"rs1176843"	0.691027476970343	348	0.912434953191446
"rs1176890"	0.691027476970343	348	0.912434953191446
"rs1177121"	0.691027476970343	348	0.912434953191446
"rs1687800"	0.691034175907463	348	1.06766218570946
"rs1806629"	0.69104579451874	348	0.89252462559309
"rs1806635"	0.69104579451874	348	0.89252462559309
"rs1806650"	0.69104579451874	348	0.89252462559309
"rs116293"	0.691077852675557	348	0.951424826484497
"rs62552"	0.691090925300171	348	0.89649102455926
"rs425723"	0.691097039280339	348	0.879051760801326
"rs740684"	0.691109641549596	348	1.06676837465086
"rs1358483"	0.691128577932616	348	1.03603052689725
"rs746469"	0.6911436259084	348	0.935861078641744
"rs639918"	0.691178543296478	348	0.878995093801806
"rs468117"	0.691182828794622	348	0.910823455133599
"rs620520"	0.691198364441711	348	1.07255095080805
"rs1432915"	0.691252849094761	348	1.0838450190995
"rs1376543"	0.691259405225238	348	0.842689255294236
"rs120989"	0.691305526984785	348	1.09172162551176
"rs2112308"	0.69131637641836	348	1.09776608433307
"rs481554"	0.691320090347827	348	1.10325362737635
"rs84223"	0.691325133465693	348	0.933486944271148
"rs817676"	0.69132576997248	348	1.06036924248683
"rs817691"	0.69132576997248	348	1.06036924248683
"rs663450"	0.691335894808408	348	1.10949921496383
"rs1565274"	0.691346277843084	348	1.1441376982064
"rs1568888"	0.691407980804272	348	0.933555146579174
"rs1010562"	0.691441025747673	348	1.09776303866033
"rs331188"	0.691450260076807	348	0.928174770841983
"rs1795075"	0.691470732588072	348	1.08464717625032
"rs1938878"	0.691477345202847	348	0.936501956998144
"rs894809"	0.691488696011549	348	0.884026539531307
"rs1319751"	0.691530553216554	348	0.896868866146831
"rs344353"	0.691537163817051	348	0.922154901408328
"rs574649"	0.691560897669548	348	1.10901564424404
"rs1113086"	0.691585704387968	348	1.11393937752932
"rs26735"	0.691588029612185	348	0.933408756956134
"rs1647453"	0.691651086731053	348	1.07982757731371
"rs1078713"	0.691680342920705	348	0.855063437521197
"rs1395341"	0.691695786845756	348	0.890212853375117
"rs452139"	0.691704414826221	348	1.08920403881596
"rs452154"	0.691704414826221	348	1.08920403881596
"rs1055588"	0.691739039138807	348	1.07487168848652
"rs358073"	0.691753791050787	348	1.07841300804581
"rs1886253"	0.691807013215129	348	0.739516799491604
"rs484254"	0.69183071191042	348	1.09438430662566
"rs484261"	0.69183071191042	348	1.09438430662566
"rs484266"	0.69183071191042	348	1.09438430662566
"rs484272"	0.69183071191042	348	1.09438430662566
"rs963888"	0.691857994037457	348	1.11223876575412
"rs424506"	0.691864587451362	348	1.04861755744202
"rs272590"	0.691882954007074	348	1.06910653079991
"rs845353"	0.691932789482556	348	0.903683424276458
"rs1784136"	0.691953281100402	348	0.940075089761181
"rs1784137"	0.691953281100402	348	0.940075089761181
"rs484482"	0.691960606985575	348	1.09656185329595
"rs484488"	0.691960606985575	348	1.09656185329595
"rs616134"	0.691983086712371	348	1.07749701032792
"rs492212"	0.691994900791659	348	0.94107443765546
"rs1160447"	0.692032713423298	348	0.883199848381465
"rs1160561"	0.692032713423298	348	0.883199848381465
"rs1160564"	0.692032713423298	348	0.883199848381465
"rs304713"	0.692035313857496	348	1.06457602145481
"rs634726"	0.692085049313057	348	0.86008065264959
"rs634729"	0.692085049313057	348	0.86008065264959
"rs466485"	0.692085544690074	348	1.09757329378057
"rs1488122"	0.692089265507062	348	0.962438815186755
"rs121404"	0.692102857575245	348	1.09262523728389
"rs265104"	0.692222134954435	348	1.07185266764969
"rs265110"	0.692222134954435	348	1.07185266764969
"rs147914"	0.692238208475648	348	1.05390454396343
"rs815794"	0.692248064716054	348	1.07700644317778
"rs2163088"	0.692252317193488	348	1.06781079496378
"rs1429189"	0.692327137708462	348	1.08768933231061
"rs2112054"	0.692327277214185	348	0.818807472506872
"rs1898145"	0.692331711591358	348	0.84942004314236
"rs1898146"	0.692331711591358	348	0.84942004314236
"rs265251"	0.692371638370178	348	1.05224485121417
"rs2134616"	0.692381873632385	348	1.09659883867287
"rs304689"	0.692416444394312	348	1.08629078179281
"rs1162749"	0.692427665813964	348	0.940425534817441
"rs1807756"	0.692472872609954	348	0.946885129322049
"rs835640"	0.692474387973211	348	1.10924174500446
"rs1964906"	0.692511017012224	348	0.734020731601727
"rs1769367"	0.69255998928399	348	1.0736826419365
"rs417136"	0.692585017024821	348	1.06224189062852
"rs669871"	0.692659992126365	348	0.920473389593482
"rs669872"	0.692659992126365	348	0.920473389593482
"rs669905"	0.692659992126365	348	0.920473389593482
"rs350491"	0.69269276881802	348	1.06090187371035
"rs350492"	0.69269276881802	348	1.06090187371035
"rs350494"	0.69269276881802	348	1.06090187371035
"rs350497"	0.69269276881802	348	1.06090187371035
"rs1743910"	0.69273431016225	348	0.903103644781474
"rs1743914"	0.69273431016225	348	0.903103644781474
"rs1743916"	0.69273431016225	348	0.903103644781474
"rs1744002"	0.69273431016225	348	0.903103644781474
"rs1744015"	0.69273431016225	348	0.903103644781474
"rs1744018"	0.69273431016225	348	0.903103644781474
"rs1744034"	0.69273431016225	348	0.903103644781474
"rs1744114"	0.69273431016225	348	0.903103644781474
"rs1744167"	0.69273431016225	348	0.903103644781474
"rs1744327"	0.69273431016225	348	0.903103644781474
"rs1743919"	0.692734310162262	348	0.903103644781478
"rs1783859"	0.692754163817305	348	0.942634542518418
"rs341501"	0.692776423987722	348	0.967929212480435
"rs1962155"	0.692793176828222	348	1.07963507352031
"rs1206608"	0.692825744892066	348	0.948220368938028
"rs1937588"	0.69287708629278	348	0.926013100882507
"rs890951"	0.692906268233692	348	1.10398012052104
"rs194119"	0.692947084235093	348	1.07131144365415
"rs1044712"	0.692950658285939	348	1.12255053241077
"rs1435495"	0.693038282049128	348	1.11541884374623
"rs670404"	0.693084979995969	348	1.17516710441846
"rs670405"	0.693084979995977	348	1.17516710441846
"rs367391"	0.693113711438228	348	1.07799982151367
"rs367322"	0.693113711438232	348	1.07799982151367
"rs367326"	0.693113711438232	348	1.07799982151367
"rs367328"	0.693113711438232	348	1.07799982151367
"rs367351"	0.693113711438246	348	1.07799982151367
"rs361724"	0.693146723948233	348	1.0826763758773
"rs475877"	0.693155225757769	348	1.19212535835874
"rs301553"	0.693155225757774	348	1.19212535835874
"rs479976"	0.693155225757774	348	1.19212535835874
"rs480927"	0.693155225757774	348	1.19212535835874
"rs1008301"	0.693155225757774	348	1.19212535835874
"rs1131626"	0.693155225757774	348	1.19212535835874
"rs1948883"	0.693155225757774	348	1.19212535835874
"rs2155416"	0.693155225757774	348	1.19212535835874
"rs994505"	0.693214085879506	348	1.06365505717427
"rs552637"	0.693224659429564	348	0.917143673247345
"rs944948"	0.693229499238167	348	0.952314812971086
"rs944969"	0.693229499238167	348	0.952314812971086
"rs944977"	0.693229499238167	348	0.952314812971086
"rs995318"	0.693258443362689	348	0.914179577191183
"rs2157787"	0.693263493136753	348	1.06810475415549
"rs1972322"	0.693295504271134	348	0.979528917272
"rs295208"	0.693308121390596	348	1.06315669388005
"rs654703"	0.693320440361098	348	0.921939830291646
"rs905861"	0.693322242990133	348	0.872558369404389
"rs578600"	0.693352361041312	348	0.926101250472552
"rs1452449"	0.69337456687497	348	1.08503203941381
"rs788083"	0.693380512852641	348	0.883282182737152
"rs344405"	0.693385502712588	348	0.894300540317418
"rs939935"	0.693407907173838	348	1.13053256600171
"rs940086"	0.693407907173843	348	1.13053256600171
"rs940401"	0.693407907173843	348	1.13053256600171
"rs940630"	0.693407907173843	348	1.13053256600171
"rs940635"	0.693407907173843	348	1.13053256600171
"rs729844"	0.693430240878716	348	0.841944862588725
"rs1822912"	0.69344220995536	348	0.959903502308218
"rs1084361"	0.693526429389743	348	1.10793178186556
"rs1084373"	0.693526429389743	348	1.10793178186556
"rs435858"	0.693531450010572	348	1.02291027488548
"rs916437"	0.693557648336229	348	0.932965045601317
"rs916473"	0.693557648336231	348	0.932965045601319
"rs286932"	0.693586284494098	348	1.07852260656174
"rs1639102"	0.693600780267818	348	1.07954341878311
"rs1379227"	0.693635710774765	348	1.08345325007968
"rs377948"	0.693665078167202	348	1.08244052900777
"rs377949"	0.693665078167202	348	1.08244052900777
"rs377954"	0.693665078167202	348	1.08244052900777
"rs306951"	0.693678948161223	348	1.13472454764824
"rs132574"	0.693721009917546	348	0.751677175863292
"rs1351007"	0.693721009917546	348	0.751677175863292
"rs783083"	0.693729537210894	348	0.937376828782688
"rs1637086"	0.693769732195201	348	1.03323759108622
"rs1779078"	0.693779574050841	348	1.14979540038883
"rs1779108"	0.693779574050841	348	1.14979540038883
"rs1434791"	0.693786166798452	348	0.863217896829083
"rs548708"	0.693802157848031	348	0.811906070780514
"rs549275"	0.693802157848031	348	0.811906070780514
"rs549958"	0.693802157848031	348	0.811906070780514
"rs550224"	0.693802157848031	348	0.811906070780514
"rs558853"	0.693802157848031	348	0.811906070780514
"rs564164"	0.693802157848031	348	0.811906070780514
"rs617060"	0.693802157848031	348	0.811906070780514
"rs618662"	0.693802157848031	348	0.811906070780514
"rs699374"	0.693802157848031	348	0.811906070780514
"rs751783"	0.693802157848031	348	0.811906070780514
"rs754817"	0.693802157848031	348	0.811906070780514
"rs758232"	0.693802157848031	348	0.811906070780514
"rs887069"	0.693802157848031	348	0.811906070780514
"rs889688"	0.693802157848031	348	0.811906070780514
"rs919796"	0.693802157848031	348	0.811906070780514
"rs970265"	0.693802157848031	348	0.811906070780514
"rs973876"	0.693802157848031	348	0.811906070780514
"rs976662"	0.693802157848031	348	0.811906070780514
"rs978320"	0.693802157848031	348	0.811906070780514
"rs982675"	0.693802157848031	348	0.811906070780514
"rs983273"	0.693802157848031	348	0.811906070780514
"rs986650"	0.693802157848031	348	0.811906070780514
"rs995536"	0.693802157848031	348	0.811906070780514
"rs999853"	0.693802157848031	348	0.811906070780514
"rs1022475"	0.693802157848031	348	0.811906070780514
"rs1022898"	0.693802157848031	348	0.811906070780514
"rs1023036"	0.693802157848031	348	0.811906070780514
"rs1023276"	0.693802157848031	348	0.811906070780514
"rs1325954"	0.693802157848031	348	0.811906070780514
"rs1332775"	0.693802157848031	348	0.811906070780514
"rs1332784"	0.693802157848031	348	0.811906070780514
"rs1483575"	0.693802157848031	348	0.811906070780514
"rs1483681"	0.693802157848031	348	0.811906070780514
"rs1538832"	0.693802157848031	348	0.811906070780514
"rs1538996"	0.693802157848031	348	0.811906070780514
"rs1644066"	0.693802157848031	348	0.811906070780514
"rs1647094"	0.693802157848031	348	0.811906070780514
"rs1815150"	0.693802157848031	348	0.811906070780514
"rs1816624"	0.693802157848031	348	0.811906070780514
"rs1878119"	0.693802157848031	348	0.811906070780514
"rs1878965"	0.693802157848031	348	0.811906070780514
"rs1879280"	0.693802157848031	348	0.811906070780514
"rs1879840"	0.693802157848031	348	0.811906070780514
"rs1882374"	0.693802157848031	348	0.811906070780514
"rs1882484"	0.693802157848031	348	0.811906070780514
"rs1939169"	0.693802157848031	348	0.811906070780514
"rs2017754"	0.693802157848031	348	0.811906070780514
"rs2018800"	0.693802157848031	348	0.811906070780514
"rs2019095"	0.693802157848031	348	0.811906070780514
"rs2019305"	0.693802157848031	348	0.811906070780514
"rs2019688"	0.693802157848032	348	0.811906070780516
"rs2020303"	0.693802157848032	348	0.811906070780516
"rs2020308"	0.693802157848032	348	0.811906070780516
"rs217016"	0.693802157848035	348	0.811906070780517
"rs217304"	0.693802157848035	348	0.811906070780517
"rs485685"	0.693802157848035	348	0.811906070780517
"rs550732"	0.693802157848035	348	0.811906070780517
"rs1333986"	0.693802157848035	348	0.811906070780517
"rs1335952"	0.693802157848035	348	0.811906070780517
"rs1344536"	0.693802157848035	348	0.811906070780517
"rs1346844"	0.693802157848035	348	0.811906070780517
"rs1352685"	0.693802157848035	348	0.811906070780517
"rs1354760"	0.693802157848035	348	0.811906070780517
"rs1355474"	0.693802157848035	348	0.811906070780517
"rs1358267"	0.693802157848035	348	0.811906070780517
"rs1378814"	0.693802157848035	348	0.811906070780517
"rs1539239"	0.693802157848036	348	0.81190607078052
"rs1021857"	0.693802157848036	348	0.811906070780516
"rs1021986"	0.693802157848036	348	0.811906070780516
"rs1042639"	0.693802157848037	348	0.811906070780519
"rs889141"	0.693802157848038	348	0.811906070780518
"rs1015404"	0.693802157848038	348	0.811906070780518
"rs1015447"	0.693802157848038	348	0.811906070780518
"rs1742723"	0.693806723024737	348	1.06304285096074
"rs1092947"	0.693897565980334	348	0.888244129203571
"rs1131849"	0.693910755211869	348	0.939871362174364
"rs453108"	0.693919645145095	348	0.936127880866997
"rs255199"	0.693935991365652	348	1.36902026103966
"rs507830"	0.693960170788112	348	0.883699081680279
"rs1125057"	0.693961644701263	348	1.07244939793179
"rs827144"	0.693964354437941	348	1.06009322384065
"rs2112180"	0.694000226124135	348	1.06460592063
"rs534060"	0.694012651774566	348	1.06113032528496
"rs325183"	0.69407288699454	348	0.90715867871248
"rs325184"	0.69407288699454	348	0.90715867871248
"rs325186"	0.69407288699454	348	0.90715867871248
"rs2098160"	0.694139464640316	348	1.0634858461257
"rs2118307"	0.694141466700305	348	1.05418669220016
"rs1982809"	0.694168099591183	348	1.07406494997139
"rs393283"	0.694172601611764	348	0.931402223269896
"rs556389"	0.694174004435339	348	0.96748247514099
"rs429172"	0.694220132257713	348	0.938319281898932
"rs344454"	0.694243133781757	348	0.89499722637577
"rs344468"	0.694243133781757	348	0.89499722637577
"rs2087162"	0.69426141143645	348	1.04105398908506
"rs2087163"	0.69426141143645	348	1.04105398908506
"rs133892"	0.694274689903592	348	0.945348406013148
"rs129209"	0.694277660486762	348	0.942220762634621
"rs943250"	0.694288777516351	348	1.08674127834399
"rs109482"	0.694312987506226	348	1.11151922920564
"rs1547641"	0.694315090905238	348	0.925362613670281
"rs1547644"	0.694315090905238	348	0.925362613670281
"rs1547646"	0.694315090905238	348	0.925362613670281
"rs1547650"	0.694315090905238	348	0.925362613670281
"rs1547653"	0.694315090905238	348	0.925362613670281
"rs1547655"	0.694315090905238	348	0.925362613670281
"rs1547656"	0.694315090905238	348	0.925362613670281
"rs1547686"	0.694315090905238	348	0.925362613670281
"rs1547689"	0.694315090905238	348	0.925362613670281
"rs1547692"	0.694315090905238	348	0.925362613670281
"rs1547693"	0.694315090905238	348	0.925362613670281
"rs1547694"	0.694315090905238	348	0.925362613670281
"rs1547708"	0.694315090905238	348	0.925362613670281
"rs1547709"	0.694315090905238	348	0.925362613670281
"rs1547718"	0.694315090905238	348	0.925362613670281
"rs461622"	0.694317367101861	348	0.898433530026186
"rs461239"	0.694317367101861	348	0.898433530026186
"rs831004"	0.694319918534679	348	0.910976515430223
"rs662117"	0.694343053954826	348	0.909814666244173
"rs1687615"	0.69434395105626	348	0.894617416461512
"rs1687617"	0.69434395105626	348	0.894617416461512
"rs1875099"	0.694355323814525	348	0.930079935262778
"rs1720468"	0.694396280941686	348	1.14409174855043
"rs491900"	0.694401831942065	348	0.912766654463083
"rs491912"	0.694401831942065	348	0.912766654463083
"rs491933"	0.694401831942065	348	0.912766654463083
"rs491936"	0.694401831942065	348	0.912766654463083
"rs491942"	0.694401831942065	348	0.912766654463083
"rs685069"	0.694419253955922	348	0.92336244855137
"rs2009943"	0.69448650255651	348	1.08234633002208
"rs607939"	0.694489077611696	348	0.912106531696275
"rs607940"	0.694489077611696	348	0.912106531696275
"rs607945"	0.694489077611696	348	0.912106531696275
"rs607946"	0.694489077611696	348	0.912106531696275
"rs607990"	0.694489077611696	348	0.912106531696275
"rs835712"	0.694503422024349	348	1.07049727982894
"rs835720"	0.694503422024349	348	1.07049727982894
"rs778999"	0.694506001107896	348	0.914796179231771
"rs901612"	0.694511192088733	348	0.749316125785947
"rs799001"	0.694513531167228	348	0.92157499589789
"rs2135072"	0.694542269111417	348	1.02388060952398
"rs989104"	0.694549593988542	348	1.10091704006627
"rs1004842"	0.694563774406064	348	1.0824143197384
"rs455348"	0.694573749771841	348	0.912074702608089
"rs243107"	0.694577536274778	348	1.11192062760197
"rs1405349"	0.694691409938447	348	0.88121217216389
"rs1014950"	0.694692311331592	348	0.969130464209289
"rs663393"	0.694746414555894	348	1.07214635147664
"rs717331"	0.694798525437888	348	0.915121442284179
"rs638862"	0.694799642832546	348	1.15023871220409
"rs1844489"	0.694805834649244	348	1.08169641764324
"rs1844547"	0.694805834649244	348	1.08169641764324
"rs615740"	0.694906888138344	348	1.29269978773557
"rs1945818"	0.694906888138356	348	1.29269978773554
"rs1945896"	0.694906888138356	348	1.29269978773554
"rs1965118"	0.694906888138356	348	1.29269978773554
"rs2164586"	0.694906888138356	348	1.29269978773554
"rs1393427"	0.694906888138359	348	1.29269978773553
"rs1857473"	0.694907050739283	348	0.931532290046935
"rs1857474"	0.694907050739283	348	0.931532290046935
"rs1606488"	0.694917072223336	348	0.871175190448555
"rs1609329"	0.694922127395315	348	0.936085559249269
"rs873224"	0.694938871113552	348	0.852781889704789
"rs1072868"	0.694981471121039	348	1.02784911968566
"rs916247"	0.694997510514405	348	1.11556219278044
"rs1083139"	0.695030384309822	348	1.06919997056841
"rs629077"	0.695051756512788	348	0.887229457417676
"rs1147295"	0.69505175651279	348	0.887229457417677
"rs1149691"	0.69505175651279	348	0.887229457417677
"rs1893282"	0.695065676008345	348	1.03352911228191
"rs1564635"	0.695084198882787	348	0.925243550936829
"rs1321833"	0.695089949058017	348	1.07200824782088
"rs1321836"	0.695089949058017	348	1.07200824782088
"rs1321839"	0.695089949058017	348	1.07200824782088
"rs1964413"	0.69511390388489	348	1.39398486099532
"rs349921"	0.69517323835823	348	0.909475003692666
"rs1564434"	0.695178424947257	348	0.942374792249649
"rs1564435"	0.695178424947257	348	0.942374792249649
"rs1564437"	0.695178424947257	348	0.942374792249649
"rs163504"	0.695201841439482	348	0.951390862988002
"rs1763558"	0.69520754202166	348	0.946335743433326
"rs816101"	0.695261198075384	348	1.0930100368884
"rs299495"	0.695279718063059	348	0.860112646937694
"rs299612"	0.695279718063059	348	0.860112646937694
"rs299624"	0.695279718063059	348	0.860112646937694
"rs299627"	0.695279718063059	348	0.860112646937694
"rs299630"	0.695279718063059	348	0.860112646937694
"rs299639"	0.695279718063059	348	0.860112646937694
"rs299647"	0.695279718063059	348	0.860112646937694
"rs299648"	0.695279718063059	348	0.860112646937694
"rs299663"	0.695279718063059	348	0.860112646937694
"rs1866272"	0.695287751488162	348	1.09823007644004
"rs1161792"	0.695301431156742	348	0.929887801420056
"rs2146685"	0.6953303323434	348	1.17191040873456
"rs776446"	0.695337958540958	348	0.910814890063531
"rs1050083"	0.695344482337203	348	1.08935537054914
"rs151516"	0.695354248511343	348	1.07292240324525
"rs363145"	0.695374950170196	348	1.11592532739438
"rs408344"	0.695402129573297	348	1.07920555943665
"rs65007"	0.695418202544942	348	0.942351954117706
"rs146459"	0.695427606560741	348	0.92486059133697
"rs1351792"	0.695437382225812	348	0.751407351828139
"rs1580352"	0.695437382225812	348	0.751407351828139
"rs1815909"	0.69547173604673	348	0.867254314805096
"rs1815942"	0.69547173604673	348	0.867254314805096
"rs255343"	0.695502449178705	348	0.873527517274008
"rs815187"	0.695507403802611	348	1.07464817837303
"rs815190"	0.695507403802611	348	1.07464817837303
"rs815193"	0.695507403802611	348	1.07464817837303
"rs815199"	0.695507403802611	348	1.07464817837303
"rs815202"	0.695507403802611	348	1.07464817837303
"rs715567"	0.695521742475646	348	0.919202846279699
"rs1815810"	0.695522657658664	348	1.08310301693835
"rs442289"	0.6955250957116	348	1.13842068496994
"rs1124080"	0.695555954944856	348	0.932997558640188
"rs1124086"	0.695555954944856	348	0.932997558640188
"rs1104083"	0.695636887406883	348	0.935328147775984
"rs472615"	0.695671056600394	348	1.06388686599757
"rs466012"	0.695677234377623	348	0.932909260681927
"rs466014"	0.695677234377623	348	0.932909260681927
"rs466020"	0.695677234377623	348	0.932909260681927
"rs1716790"	0.695716443871248	348	1.06943156710734
"rs1716796"	0.695716443871248	348	1.06943156710734
"rs1716813"	0.695716443871248	348	1.06943156710734
"rs1716814"	0.695716443871248	348	1.06943156710734
"rs1716820"	0.695716443871248	348	1.06943156710734
"rs1716829"	0.695716443871248	348	1.06943156710734
"rs1716841"	0.695716443871248	348	1.06943156710734
"rs1716871"	0.695716443871248	348	1.06943156710734
"rs1716873"	0.695716443871248	348	1.06943156710734
"rs1716874"	0.695716443871248	348	1.06943156710734
"rs1716892"	0.695716443871248	348	1.06943156710734
"rs1716896"	0.695716443871248	348	1.06943156710734
"rs1716897"	0.695716443871248	348	1.06943156710734
"rs1716998"	0.695716443871248	348	1.06943156710734
"rs1717028"	0.695716443871248	348	1.06943156710734
"rs1717030"	0.695716443871248	348	1.06943156710734
"rs1717031"	0.695716443871248	348	1.06943156710734
"rs1717032"	0.695716443871248	348	1.06943156710734
"rs1717051"	0.695716443871248	348	1.06943156710734
"rs1717067"	0.695716443871248	348	1.06943156710734
"rs1717068"	0.695716443871248	348	1.06943156710734
"rs1717101"	0.695716443871248	348	1.06943156710734
"rs1717106"	0.695716443871248	348	1.06943156710734
"rs1717116"	0.695716443871248	348	1.06943156710734
"rs1717129"	0.695716443871248	348	1.06943156710734
"rs1717139"	0.695716443871248	348	1.06943156710734
"rs1717144"	0.695716443871248	348	1.06943156710734
"rs1717146"	0.695716443871248	348	1.06943156710734
"rs1717150"	0.695716443871248	348	1.06943156710734
"rs1717154"	0.695716443871248	348	1.06943156710734
"rs1717163"	0.695716443871248	348	1.06943156710734
"rs1717169"	0.695716443871248	348	1.06943156710734
"rs1717184"	0.695716443871248	348	1.06943156710734
"rs1735601"	0.695730338948986	348	1.07700144092903
"rs1351578"	0.695737619676021	348	0.752620827949492
"rs1632035"	0.695737619676021	348	0.752620827949492
"rs645412"	0.695765490611916	348	1.1622946800237
"rs1450339"	0.695780200107636	348	1.10675186725512
"rs343719"	0.695790306421138	348	0.885828017191031
"rs32037"	0.695821261743773	348	0.963298026966159
"rs1658989"	0.695834526941708	348	0.9361239490548
"rs1930564"	0.695846248074286	348	0.93213915491332
"rs186761"	0.695873541465298	348	1.09337819026141
"rs945216"	0.695886781643732	348	1.09606560469513
"rs157469"	0.695909975501017	348	0.954952138642501
"rs147268"	0.696011749184462	348	0.956675385319971
"rs298284"	0.696014510658231	348	0.906115711391263
"rs298285"	0.696014510658231	348	0.906115711391263
"rs125708"	0.696021039802096	348	0.962854914195858
"rs556953"	0.696039595967855	348	1.37120517533681
"rs571654"	0.696055721145935	348	0.905033195250298
"rs489263"	0.696056315456845	348	1.10505420528237
"rs489264"	0.696056315456845	348	1.10505420528237
"rs489265"	0.696056315456845	348	1.10505420528237
"rs489267"	0.696056315456845	348	1.10505420528237
"rs191996"	0.696080766500274	348	0.930268587305345
"rs1733759"	0.696160629517113	348	1.03624957440634
"rs916429"	0.696174277633938	348	1.13389145019051
"rs1930533"	0.696205424893885	348	1.08806826045191
"rs1350977"	0.696211807652754	348	0.75329676726965
"rs1041666"	0.696220369095354	348	1.10991766268479
"rs640051"	0.696273752649473	348	0.920693433158693
"rs906863"	0.696285604654345	348	0.853392864457742
"rs2033865"	0.69632846386299	348	1.07645160457689
"rs1370925"	0.696391549341449	348	0.934119865365815
"rs1632039"	0.696393787872876	348	0.752155231701741
"rs1720834"	0.696425866933818	348	0.877296170846031
"rs560903"	0.696427924220726	348	0.937671569657369
"rs560951"	0.696427924220735	348	0.937671569657371
"rs616732"	0.696488709499612	348	1.10398886405945
"rs616741"	0.696488709499612	348	1.10398886405945
"rs616747"	0.696488709499612	348	1.10398886405945
"rs735881"	0.696493920303892	348	1.16046283824237
"rs1778475"	0.696518450804263	348	1.05731574240971
"rs789476"	0.69654027108037	348	0.925400452200206
"rs961241"	0.696544326986249	348	0.913000236944751
"rs600705"	0.696558165777524	348	0.903430651960673
"rs507460"	0.69656353907435	348	0.901930675679554
"rs1738096"	0.696608316832896	348	1.1908911564697
"rs1389092"	0.696631675386663	348	1.08791878884772
"rs857538"	0.696698961444535	348	1.06313363276223
"rs121973"	0.69670765067889	348	0.935380710697132
"rs226379"	0.696708801958409	348	1.03455950420599
"rs334714"	0.696759145712941	348	1.15653654174044
"rs332919"	0.696781635456107	348	1.07704012435956
"rs1331243"	0.696785050330036	348	0.937645494925534
"rs702536"	0.696852731202222	348	0.915711255321097
"rs154385"	0.696918787252547	348	0.94486117993156
"rs1092120"	0.696941551375935	348	0.923257084695549
"rs1092123"	0.696941551375935	348	0.923257084695549
"rs1092138"	0.696941551375935	348	0.923257084695549
"rs1092234"	0.696941551375935	348	0.923257084695549
"rs2127763"	0.696947590772733	348	1.04839959829662
"rs135686"	0.696969153349351	348	1.11104398621818
"rs384046"	0.696994909370776	348	1.15792664298348
"rs715589"	0.696994909370776	348	1.15792664298348
"rs715614"	0.696994909370776	348	1.15792664298348
"rs552838"	0.697045530968169	348	0.918087799234546
"rs943494"	0.697061038499972	348	1.07692928760299
"rs943497"	0.697061038499972	348	1.07692928760299
"rs943500"	0.697061038499972	348	1.07692928760299
"rs943503"	0.697061038499972	348	1.07692928760299
"rs943506"	0.697061038499972	348	1.07692928760299
"rs943512"	0.697061038499972	348	1.07692928760299
"rs943521"	0.697061038499972	348	1.07692928760299
"rs943522"	0.697061038499972	348	1.07692928760299
"rs943524"	0.697061038499972	348	1.07692928760299
"rs943531"	0.697061038499972	348	1.07692928760299
"rs943533"	0.697061038499972	348	1.07692928760299
"rs943536"	0.697061038499972	348	1.07692928760299
"rs943542"	0.697061038499972	348	1.07692928760299
"rs489000"	0.69706140475561	348	0.800506737203521
"rs145115"	0.697158866194247	348	0.942541773190443
"rs1104598"	0.697175409306326	348	0.89885603139223
"rs299719"	0.697229092300264	348	0.90455547781063
"rs533919"	0.697252341516952	348	1.07001050572137
"rs304662"	0.697256276880679	348	1.06444713327815
"rs1964405"	0.697264139480628	348	0.914399746610788
"rs763366"	0.69730158609669	348	1.02842472045064
"rs514206"	0.697318233829364	348	1.09909416443619
"rs506697"	0.69733073605508	348	1.07166664558581
"rs506709"	0.69733073605508	348	1.07166664558581
"rs506718"	0.69733073605508	348	1.07166664558581
"rs843952"	0.69733352122006	348	1.05905224389791
"rs1667993"	0.697364085645642	348	0.920458537792728
"rs409995"	0.697401287120628	348	0.928033033752965
"rs409959"	0.697401287120636	348	0.928033033752967
"rs409926"	0.697401287120647	348	0.928033033752971
"rs409932"	0.697401287120647	348	0.928033033752971
"rs409933"	0.697401287120647	348	0.928033033752971
"rs409935"	0.697401287120647	348	0.928033033752971
"rs409938"	0.697401287120647	348	0.928033033752971
"rs553506"	0.697420592239805	348	1.11227637272963
"rs1333835"	0.697422609763025	348	0.902193480671715
"rs617188"	0.697435271216622	348	0.870845792256161
"rs993911"	0.697467608893301	348	1.06373206119668
"rs993917"	0.697467608893301	348	1.06373206119668
"rs1286950"	0.697517055530947	348	0.930310634533865
"rs1577813"	0.697522970563599	348	1.08861322250407
"rs463758"	0.697545245849692	348	0.930795397130848
"rs1618057"	0.697584370952264	348	1.05902272351792
"rs1780406"	0.697584725253959	348	0.920061366327616
"rs1780412"	0.697584725253959	348	0.920061366327616
"rs1415982"	0.697590771406348	348	0.972139266493926
"rs1691271"	0.697663081389614	348	1.12496590732633
"rs149971"	0.697668726151057	348	0.954331311063118
"rs1665814"	0.697672731099592	348	0.900336810662914
"rs562349"	0.697695862594698	348	1.05870382127024
"rs896073"	0.697705372047418	348	0.864918029286162
"rs1860405"	0.697728329676363	348	0.881195856394275
"rs1860531"	0.697728329676363	348	0.881195856394275
"rs46815"	0.697750452087613	348	1.06019421117148
"rs46835"	0.697750452087613	348	1.06019421117148
"rs2024691"	0.697806245104078	348	1.07722693036645
"rs850211"	0.697867109765673	348	0.942602709344557
"rs568540"	0.697868650174352	348	0.843998209132017
"rs927872"	0.697869016409725	348	0.938219608679341
"rs2161642"	0.697903557267278	348	1.06791042078552
"rs1313794"	0.697907998733514	348	0.900205602578226
"rs133802"	0.697909648631903	348	1.06489356715159
"rs967532"	0.697910093345364	348	0.906490839819782
"rs341573"	0.697918228671935	348	0.886787711212396
"rs342135"	0.697918228671935	348	0.886787711212396
"rs342239"	0.697918228671935	348	0.886787711212396
"rs344018"	0.697918228671935	348	0.886787711212396
"rs344077"	0.697918228671935	348	0.886787711212396
"rs371869"	0.697935255198213	348	0.943104702634155
"rs265939"	0.697943952031742	348	0.77631307179051
"rs1743101"	0.697970477939685	348	0.931555131844392
"rs638697"	0.697973642696763	348	1.07457943783688
"rs1552795"	0.697978991223212	348	1.08110556631287
"rs1552797"	0.697978991223212	348	1.08110556631287
"rs1552798"	0.697978991223212	348	1.08110556631287
"rs361081"	0.697998369513201	348	0.875659133058214
"rs40595"	0.698013195799809	348	1.07923100289593
"rs1919286"	0.698022204468317	348	1.07192344554504
"rs1160903"	0.698033214701243	348	0.93497919519418
"rs1160915"	0.698033214701243	348	0.93497919519418
"rs1160981"	0.698033214701243	348	0.93497919519418
"rs159587"	0.698062188299947	348	1.09949841437534
"rs1112828"	0.698100489105451	348	1.0769032117788
"rs699692"	0.69814088518894	348	1.0513416714858
"rs1643270"	0.698148356028544	348	0.939243103983307
"rs528155"	0.698163761358777	348	1.13454759787217
"rs640093"	0.698164728649849	348	0.906727323249771
"rs640095"	0.698164728649849	348	0.906727323249771
"rs722811"	0.698252787327014	348	0.951594407309174
"rs1715411"	0.698253164871251	348	1.07243310484758
"rs238293"	0.698259212679855	348	0.928527106226358
"rs737188"	0.69828852795238	348	0.912369258825297
"rs1117863"	0.698351571123198	348	0.929432785641229
"rs1449677"	0.698361280046615	348	1.11420322880462
"rs211846"	0.69837034663879	348	0.926516679122912
"rs482604"	0.698389100492664	348	0.902704412002889
"rs510455"	0.698403123035588	348	0.959957331522824
"rs510458"	0.698403123035588	348	0.959957331522824
"rs510479"	0.698403123035588	348	0.959957331522824
"rs502435"	0.698455114608553	348	1.09293261161613
"rs475175"	0.698465142051755	348	0.933237568862429
"rs938322"	0.698468477867833	348	1.02850479761847
"rs1651314"	0.698472176198845	348	0.913417817105925
"rs838430"	0.698484625331583	348	1.08950345941838
"rs1737379"	0.698491436158329	348	1.08534350190886
"rs942790"	0.698544637770184	348	1.07319824750074
"rs1116596"	0.698578063526535	348	1.05554497166454
"rs1116597"	0.698578063526535	348	1.05554497166454
"rs1116600"	0.698578063526535	348	1.05554497166454
"rs1569039"	0.69858501095243	348	1.04927653119518
"rs430500"	0.698604335186298	348	0.939768210648289
"rs736796"	0.698615283730341	348	0.880191384478526
"rs1206690"	0.698633273266717	348	0.950978094173323
"rs1382937"	0.698645870263546	348	1.07642430934517
"rs796073"	0.698663380977458	348	0.894475672418258
"rs1127209"	0.698699155391534	348	1.06731354667879
"rs900100"	0.698709365031322	348	0.76941520820018
"rs307054"	0.698714146160083	348	1.13430248128006
"rs1065630"	0.698716761031378	348	0.933310922097195
"rs428294"	0.698767583228094	348	0.858155491524364
"rs1474296"	0.698767607954174	348	0.933826686274354
"rs472709"	0.698773417083434	348	0.937775214374374
"rs505839"	0.698778066268959	348	0.897178758081215
"rs2057599"	0.698807069113126	348	1.07468754523898
"rs1648258"	0.698829836327116	348	1.15342140864796
"rs819018"	0.698859573167382	348	0.939393086763677
"rs1749831"	0.698865009252494	348	0.924559001395633
"rs554521"	0.698878430446226	348	1.07664715442849
"rs342584"	0.698892669840254	348	0.878113588879727
"rs785187"	0.698900088194398	348	1.02010661009965
"rs586565"	0.69891947808041	348	0.854296078427272
"rs548573"	0.698921204236512	348	1.06857872282632
"rs548576"	0.698921204236512	348	1.06857872282632
"rs1713519"	0.698991418526455	348	1.0733766945209
"rs1933131"	0.699006429619071	348	1.11707549494932
"rs1087562"	0.699049085996694	348	0.90218664360584
"rs43469"	0.699076383686692	348	0.898491892537123
"rs43862"	0.699076383686692	348	0.898491892537123
"rs1857933"	0.69910124270295	348	0.756336535437675
"rs618772"	0.699101690078655	348	0.912547831434674
"rs1412951"	0.699126342532139	348	0.97621223280887
"rs254187"	0.699150322867777	348	0.921751733424735
"rs1743431"	0.699165164024573	348	0.911497694712427
"rs2160488"	0.699214848738182	348	0.957383374424737
"rs846515"	0.69923624100128	348	1.07287600558163
"rs302524"	0.699265702294971	348	0.932992122500614
"rs225065"	0.699289552166727	348	1.0556690148453
"rs953230"	0.699367653269326	348	0.906747298346593
"rs826584"	0.699381081415356	348	1.07523597158075
"rs826581"	0.699381081415357	348	1.07523597158075
"rs698671"	0.699384826997677	348	0.817332471597454
"rs368330"	0.69944140377068	348	0.911682122349055
"rs638036"	0.699458625787359	348	0.948535761820261
"rs109416"	0.699458779119248	348	1.03326329333522
"rs1093100"	0.699586542045342	348	0.89031712638764
"rs1093106"	0.699586542045342	348	0.89031712638764
"rs1059179"	0.699592917938008	348	1.08417305915035
"rs582844"	0.699615578158483	348	1.08995348052259
"rs266322"	0.699622466815765	348	1.20017881260136
"rs1475619"	0.699649436772451	348	0.907561256592296
"rs2091933"	0.69965295549947	348	0.916591767069764
"rs2094870"	0.699652955499471	348	0.916591767069765
"rs1939495"	0.699682564756654	348	1.12002330925763
"rs752406"	0.69973762507435	348	1.10971806835177
"rs1618132"	0.699760975581811	348	0.934757483768117
"rs1666980"	0.699788893072215	348	0.920175014399223
"rs1164241"	0.699869520503867	348	1.07884200538247
"rs1164247"	0.699869520503869	348	1.07884200538247
"rs1809406"	0.699899028401045	348	1.07293805154708
"rs2110653"	0.699911851477995	348	0.956193214300042
"rs1453544"	0.699931557904748	348	1.12895542768773
"rs1454395"	0.699931557904748	348	1.12895542768773
"rs1454673"	0.699931557904748	348	1.12895542768773
"rs2112432"	0.699939739069889	348	0.86655971808783
"rs1484093"	0.699989617705629	348	0.9371831438869
"rs1076342"	0.700006556339726	348	0.939461130761336
"rs1076369"	0.700006556339726	348	0.939461130761336
"rs1076428"	0.700006556339726	348	0.939461130761336
"rs2112074"	0.700011878392121	348	0.827656897997536
"rs1415905"	0.700024723542685	348	1.07575840714852
"rs1399042"	0.70002555447294	348	0.944998588794072
"rs1965100"	0.700060950549335	348	1.1196341555897
"rs648528"	0.700082468235457	348	1.04871608704127
"rs398343"	0.700092283022929	348	0.915555470590925
"rs788076"	0.70010115228611	348	0.885816676241073
"rs1062590"	0.700131124356265	348	0.844524979851046
"rs304866"	0.700147960107426	348	1.05737837643966
"rs802782"	0.700154271588681	348	1.08515958574305
"rs835169"	0.700176148649861	348	0.91517826071196
"rs506124"	0.700190462001033	348	0.927160953157284
"rs327934"	0.700208446793348	348	1.06917105257393
"rs959469"	0.700220592064613	348	0.902181959690424
"rs650608"	0.700262157787804	348	1.03142074359006
"rs1104214"	0.700276889409686	348	0.755277745384294
"rs2275"	0.700293932072416	348	0.900468292713193
"rs1803283"	0.700310793343004	348	1.08935969573353
"rs337591"	0.700326750387185	348	1.07125924600852
"rs302556"	0.700331288509531	348	1.10081016519081
"rs987371"	0.700376997796191	348	1.06129704272607
"rs361968"	0.700380030919282	348	1.06390443857987
"rs428981"	0.700416921322355	348	0.935218236987368
"rs1196482"	0.700419941284566	348	0.929533926146873
"rs1333468"	0.700432327533595	348	0.926810623383862
"rs1963034"	0.700443446025292	348	1.08865537203088
"rs1963200"	0.70044344602531	348	1.08865537203087
"rs334669"	0.700490783405584	348	1.07606137133174
"rs958619"	0.700493700045411	348	0.922259159862832
"rs255324"	0.700582589199976	348	1.06780233044397
"rs1775742"	0.700614540633317	348	1.08136016846118
"rs845236"	0.700627739878537	348	0.907514895358311
"rs845237"	0.700627739878537	348	0.907514895358311
"rs145223"	0.700647889981546	348	1.05169942090953
"rs1138270"	0.700650519878328	348	0.909254627800555
"rs1138272"	0.700650519878328	348	0.909254627800555
"rs1151364"	0.700682031023797	348	1.01614934731412
"rs1041036"	0.700719727711068	348	0.871494850064708
"rs2094482"	0.700838583051662	348	1.10136497191042
"rs2094484"	0.700838583051662	348	1.10136497191042
"rs2094489"	0.700838583051662	348	1.10136497191042
"rs2094490"	0.700838583051662	348	1.10136497191042
"rs2094493"	0.700838583051662	348	1.10136497191042
"rs956405"	0.700849089955388	348	1.06613676121155
"rs567549"	0.700872846931431	348	0.942363751983611
"rs1013635"	0.700921384352324	348	1.08357869724769
"rs497825"	0.700941171534383	348	0.887732460056658
"rs497826"	0.700941171534383	348	0.887732460056658
"rs497827"	0.700941171534383	348	0.887732460056658
"rs1813683"	0.700942449462642	348	0.89084350555061
"rs1562111"	0.70096104205532	348	0.906579437619632
"rs346295"	0.700983225991063	348	1.07511679142029
"rs346332"	0.700983225991063	348	1.07511679142029
"rs1735575"	0.70105863128215	348	1.06676557042189
"rs916554"	0.701148167267283	348	0.840718608686049
"rs916570"	0.701148167267286	348	0.840718608686048
"rs1101087"	0.701199012860645	348	1.18037557898784
"rs61303"	0.701217213448265	348	0.944863674930093
"rs532326"	0.701218196448507	348	1.09863617563312
"rs1546055"	0.701228506204208	348	0.93111586671992
"rs1546253"	0.701228506204208	348	0.93111586671992
"rs2048508"	0.701250847151027	348	0.930554411036436
"rs972962"	0.701265268397859	348	0.958266112675533
"rs793851"	0.701287840080904	348	0.969767619435645
"rs1988156"	0.701299361771716	348	1.07766860660264
"rs811430"	0.701300277927786	348	1.10547594001665
"rs1451039"	0.70131247900406	348	0.937349142329964
"rs1656088"	0.701347409829089	348	1.09497592842105
"rs2058649"	0.701366059064701	348	1.09056920668966
"rs364771"	0.701378245696187	348	0.918715196457438
"rs51832"	0.70142814644079	348	1.10237748178198
"rs648691"	0.701438294200845	348	1.02645696102098
"rs1863071"	0.701448265134022	348	1.07351996427033
"rs1834821"	0.701507965822383	348	1.07605974906562
"rs473214"	0.701519420020466	348	1.02670282573602
"rs853427"	0.70151959537734	348	0.943372058400241
"rs853428"	0.70151959537734	348	0.943372058400241
"rs853436"	0.70151959537734	348	0.943372058400241
"rs1887143"	0.701539817488258	348	1.06371707242316
"rs128636"	0.701560235723515	348	0.883111115561114
"rs189971"	0.701567381905734	348	1.07109995100396
"rs1138233"	0.701572725880905	348	1.07129884749181
"rs1360291"	0.701572903972121	348	0.930228507538331
"rs1768804"	0.701579887251625	348	0.937052863273516
"rs827231"	0.701606584563284	348	0.945303444148522
"rs827234"	0.701606584563284	348	0.945303444148522
"rs505380"	0.701627100131472	348	0.938342727968759
"rs1018598"	0.70163109454664	348	0.920889397686544
"rs892270"	0.701639030040075	348	1.05860963654439
"rs1137203"	0.701697109493531	348	0.897611229281426
"rs1569826"	0.70171256959809	348	0.892709973033868
"rs1116498"	0.701753107843067	348	1.05328934260236
"rs1116507"	0.701753107843067	348	1.05328934260236
"rs494740"	0.701781536038103	348	0.911185192314733
"rs789948"	0.70180981416302	348	1.11214851935771
"rs71489"	0.701901495557892	348	0.77258900547803
"rs1203038"	0.701977840042603	348	0.944929262993193
"rs566272"	0.701984463601799	348	1.03391433160498
"rs738819"	0.702051049501949	348	1.09631996771291
"rs1845547"	0.702057564571375	348	1.08706508372297
"rs806902"	0.702073123699668	348	0.97813701891546
"rs634321"	0.702157676459626	348	1.17564761455191
"rs565215"	0.702172548947278	348	1.0478774897491
"rs565218"	0.702172548947278	348	1.0478774897491
"rs975645"	0.702218281621239	348	1.09718881910139
"rs1850624"	0.702232700060894	348	0.942812880806292
"rs1117581"	0.702238456525437	348	1.08736351579643
"rs2194326"	0.702241068626636	348	1.0981195349167
"rs242503"	0.702249150192708	348	1.10780727416518
"rs433280"	0.702258605181923	348	1.12772411535746
"rs1890364"	0.702260600903428	348	0.911610673484083
"rs1877925"	0.702270626290553	348	0.957609323623697
"rs972025"	0.70228420266011	348	0.911431710408102
"rs11133"	0.702286061653319	348	0.829176248790445
"rs1550813"	0.702286061653327	348	0.829176248790449
"rs1550327"	0.702286061653331	348	0.829176248790452
"rs1648098"	0.702291813243192	348	1.15159928487509
"rs1415328"	0.702305708599593	348	0.937001829111461
"rs265482"	0.702306202481385	348	1.06794469397731
"rs665351"	0.702308380607223	348	1.105279046363
"rs1065818"	0.702367631203911	348	1.06005126939007
"rs1164404"	0.702381918107787	348	0.918070867161537
"rs162330"	0.70239065399042	348	0.968444299991714
"rs632360"	0.702397948447206	348	1.08979189928766
"rs939331"	0.702471029483054	348	0.91206641622815
"rs171697"	0.702482256631464	348	0.861488940012114
"rs1420896"	0.702552066277875	348	5.01543411744818
"rs422145"	0.702552999461324	348	0.920093444312018
"rs2146836"	0.702581751021725	348	1.16732081372158
"rs1128073"	0.702586911700946	348	1.10949703344648
"rs484309"	0.702594210891446	348	0.906219451805228
"rs1533598"	0.702612515618909	348	1.09072786559866
"rs651670"	0.702642405373166	348	1.17158427308247
"rs1799192"	0.702672315363964	348	1.10088667251229
"rs132557"	0.702687229520702	348	0.766553923304952
"rs282742"	0.702710195454244	348	1.11051083113613
"rs1444836"	0.702731665434376	348	0.917768125707088
"rs1535327"	0.702754949928125	348	0.928944950180875
"rs1082385"	0.702759142931224	348	0.844135271163396
"rs1633892"	0.702760578190708	348	1.06748692476371
"rs1647836"	0.702796006631902	348	1.1514801073731
"rs1432767"	0.702811617788649	348	1.10822632167316
"rs1857229"	0.702817087947663	348	0.917620830674923
"rs1857238"	0.702817087947663	348	0.917620830674923
"rs1488212"	0.702854891308192	348	1.02845254370495
"rs278355"	0.702874338690837	348	0.954175077888303
"rs224822"	0.702880366634791	348	1.10635850107499
"rs343109"	0.702882247799584	348	0.887725633905389
"rs1406039"	0.702944475447723	348	1.07911013743912
"rs129686"	0.702944848238782	348	1.06265303977822
"rs607054"	0.702956091262663	348	0.900525933331935
"rs1576226"	0.702964327125325	348	1.06829819445504
"rs337762"	0.703004056960376	348	0.924063197273737
"rs361367"	0.703006895079733	348	0.941890727124188
"rs419516"	0.703044441663927	348	1.11811822752537
"rs2009017"	0.703078067008954	348	0.92926190371008
"rs1483547"	0.703081182473722	348	1.10700707741373
"rs1200188"	0.70309255857565	348	0.944234867176366
"rs1201242"	0.70309255857565	348	0.944234867176366
"rs237236"	0.703100485074693	348	1.07956474907904
"rs698428"	0.703134181254386	348	0.938735874272122
"rs1980655"	0.703174480643533	348	1.06402240051755
"rs492449"	0.703194135300203	348	0.964074553390031
"rs282329"	0.703215040162483	348	0.944489212984666
"rs1735109"	0.703222857152021	348	1.07034083411164
"rs915241"	0.703230352308266	348	1.05872371923746
"rs915248"	0.703230352308266	348	1.05872371923746
"rs1117623"	0.703267886876873	348	0.884675482225479
"rs1878023"	0.703275792541201	348	0.928238582754051
"rs1579506"	0.703277393053113	348	1.07150544990305
"rs1579507"	0.703277393053113	348	1.07150544990305
"rs1166883"	0.703281431890383	348	0.934736516826691
"rs935388"	0.703290492574611	348	0.4187715115232
"rs263953"	0.703294043927671	348	0.983803668901195
"rs821789"	0.703296396252517	348	0.769571131105137
"rs145117"	0.703364336507734	348	0.936255752647956
"rs1144035"	0.703373753393692	348	1.16610205203707
"rs344303"	0.703444568027906	348	0.924892579867919
"rs344316"	0.703444568027906	348	0.924892579867919
"rs782874"	0.703455171910518	348	1.04445103577875
"rs1104741"	0.703519132679115	348	0.838827731270281
"rs2171017"	0.703519863479295	348	0.950454181976272
"rs463155"	0.703564430165409	348	1.07657511052394
"rs939020"	0.703578807909086	348	1.08867058853366
"rs2169338"	0.703619412224418	348	1.07634066661641
"rs1708747"	0.703697484750762	348	0.955814373792099
"rs1708749"	0.703697484750762	348	0.955814373792099
"rs1116816"	0.703712929134005	348	1.07919155531684
"rs1116873"	0.703712929134005	348	1.07919155531684
"rs681879"	0.703759275295331	348	1.08962251385881
"rs863353"	0.703777059808921	348	0.920466475888745
"rs729887"	0.703794324504997	348	0.847274262377912
"rs47959"	0.703814128861765	348	1.04336583166634
"rs788097"	0.703853101087306	348	0.887295101845205
"rs266299"	0.703859936868183	348	0.877478756488444
"rs1125581"	0.703874561770426	348	1.05821713487529
"rs1116888"	0.703889507828368	348	1.09683796296865
"rs815223"	0.703893473248493	348	1.07720913258141
"rs815227"	0.703893473248493	348	1.07720913258141
"rs1380389"	0.703910004774121	348	1.0717062694805
"rs1168343"	0.703910494946908	348	1.07300279227203
"rs384119"	0.703933874999965	348	0.934954308833947
"rs1698748"	0.703942807724241	348	1.06026695045519
"rs266233"	0.703956123908535	348	0.915419009423442
"rs438332"	0.703961294392964	348	1.07027923751896
"rs1136523"	0.704124168739073	348	0.91287337367589
"rs1136528"	0.704124168739073	348	0.91287337367589
"rs1136568"	0.704124168739073	348	0.91287337367589
"rs1136569"	0.704124168739073	348	0.91287337367589
"rs549512"	0.704127269305748	348	0.927368685759834
"rs549513"	0.704127269305748	348	0.927368685759834
"rs535323"	0.704168213984457	348	0.917262499854447
"rs1919050"	0.704227923071724	348	0.923617307091014
"rs255078"	0.704245573266352	348	1.08788260785643
"rs227386"	0.704247805347948	348	1.15383932097104
"rs1854128"	0.704398813869684	348	0.925995047094535
"rs1888558"	0.704420727321952	348	1.08259873422528
"rs625470"	0.704464323266982	348	0.913802491693383
"rs1720005"	0.704465273805377	348	1.08691945356409
"rs123194"	0.704496202595964	348	0.947585466693774
"rs1643216"	0.704530652472981	348	1.12790949943378
"rs1698714"	0.704544786588078	348	1.0601157783624
"rs1928700"	0.704549692511457	348	1.15965023784965
"rs122887"	0.704562074428303	348	1.0619438534212
"rs2179987"	0.704593147286862	348	1.16598660257346
"rs1341573"	0.704617317584713	348	1.15975131146511
"rs397002"	0.704621969635303	348	0.880366233369879
"rs818112"	0.704628237944171	348	1.09778271025226
"rs1324903"	0.704635703806008	348	0.897662827341115
"rs1372624"	0.704704335474104	348	0.941918817208658
"rs2162480"	0.704721362740075	348	1.05104189848034
"rs1962573"	0.704724763428858	348	1.07640389049485
"rs342315"	0.704743303093477	348	0.892587646283728
"rs1892535"	0.704751394366301	348	1.01731662041829
"rs2129321"	0.70478988870472	348	0.941809848677144
"rs1960959"	0.704802946083706	348	0.902487122606295
"rs701086"	0.704831858679269	348	0.931614219664755
"rs302127"	0.704832233910743	348	0.868144025221307
"rs967476"	0.704866039796637	348	1.09708911907877
"rs1428130"	0.70486778858476	348	0.924969567863368
"rs757055"	0.704945574622244	348	0.889954380820092
"rs496829"	0.704959363528442	348	1.10668157249824
"rs366342"	0.704976291033792	348	0.925552035965157
"rs2119766"	0.704977574756096	348	0.953301418249946
"rs1093442"	0.704987682541088	348	1.10641785250744
"rs1093443"	0.704987682541088	348	1.10641785250744
"rs1474704"	0.705014686192412	348	0.917356046471882
"rs608146"	0.705030920459772	348	0.772613899947716
"rs740573"	0.705036109061472	348	1.07410224665722
"rs633128"	0.70507511563628	348	0.936931970850362
"rs2177781"	0.705172782834948	348	0.932803150262603
"rs544466"	0.705174345917551	348	1.06235479845007
"rs1569839"	0.705176304580485	348	0.918701751009412
"rs179567"	0.705207124503668	348	1.06922135089626
"rs1638659"	0.705274229494342	348	1.09408461386025
"rs770326"	0.705312663649718	348	1.0858320060479
"rs941241"	0.705315787106454	348	0.894007359686531
"rs518573"	0.705317653589326	348	1.06114987032061
"rs711375"	0.70536274125686	348	0.819988948305142
"rs357848"	0.705395822555488	348	1.06877955075841
"rs353445"	0.705418525724106	348	1.08796903432674
"rs353453"	0.705418525724106	348	1.08796903432674
"rs353459"	0.705418525724106	348	1.08796903432674
"rs357359"	0.705418525724106	348	1.08796903432674
"rs359199"	0.705418525724106	348	1.08796903432674
"rs359984"	0.705418525724106	348	1.08796903432674
"rs359706"	0.705418525724111	348	1.08796903432674
"rs361108"	0.705418525724111	348	1.08796903432674
"rs361808"	0.705418525724111	348	1.08796903432674
"rs360982"	0.705418525724116	348	1.08796903432674
"rs356103"	0.705418525724119	348	1.08796903432674
"rs359149"	0.705418525724119	348	1.08796903432674
"rs361897"	0.705418525724119	348	1.08796903432674
"rs352950"	0.705418525724124	348	1.08796903432673
"rs1359157"	0.705434534582132	348	0.934033847644977
"rs301296"	0.70544986442317	348	0.915053269935488
"rs301305"	0.70544986442317	348	0.915053269935488
"rs552682"	0.705495012032275	348	0.875186711166212
"rs1288280"	0.705495964501069	348	0.930327576065784
"rs330496"	0.705507842379517	348	1.08812953827907
"rs1443508"	0.705545908052731	348	1.08347465635541
"rs1064135"	0.705579532131144	348	0.913077750310081
"rs182220"	0.705600150830519	348	0.932034118560015
"rs182226"	0.705600150830519	348	0.932034118560015
"rs1796637"	0.705615127048887	348	1.06428601343134
"rs1416000"	0.705648876101517	348	0.926762643588679
"rs224273"	0.705666949288187	348	0.919266259296379
"rs1093198"	0.705683557572208	348	0.966732573642652
"rs537444"	0.705703492810107	348	1.07215339581103
"rs537485"	0.705703492810107	348	1.07215339581103
"rs941006"	0.705746598388454	348	0.891027644041598
"rs2194135"	0.705747359974489	348	0.863770417784745
"rs906636"	0.7057519265443	348	0.774460920356517
"rs899518"	0.705789481286631	348	0.774299838474568
"rs1094926"	0.705791355146529	348	0.937109737653653
"rs1094980"	0.705791355146529	348	0.937109737653653
"rs573788"	0.705814610725562	348	0.946777555695976
"rs1780343"	0.705872829052718	348	1.09763920471861
"rs1780360"	0.705872829052718	348	1.09763920471861
"rs1780376"	0.705872829052718	348	1.09763920471861
"rs1780379"	0.705872829052718	348	1.09763920471861
"rs1780382"	0.705872829052718	348	1.09763920471861
"rs1780361"	0.705872829052729	348	1.0976392047186
"rs838493"	0.705886145122334	348	0.939452256329121
"rs838547"	0.705886145122334	348	0.939452256329121
"rs838550"	0.705886145122334	348	0.939452256329121
"rs913760"	0.705892944126552	348	0.976102807675683
"rs1954384"	0.705913540008622	348	1.1137958599594
"rs2147619"	0.705949681770468	348	1.03498086306247
"rs742478"	0.705958422474027	348	1.06548960198318
"rs2131870"	0.705976839541637	348	0.937628912112915
"rs157298"	0.706094817937995	348	1.05323772896962
"rs1906852"	0.706154299498723	348	0.864510397763009
"rs900069"	0.706209002775575	348	0.775162686567562
"rs1379871"	0.70627124539935	348	0.848388932154828
"rs305845"	0.706278010194943	348	0.921634753711034
"rs490790"	0.706344366816414	348	0.927797533688592
"rs474108"	0.706345223299733	348	0.940634888085529
"rs342534"	0.706356887672143	348	0.921955166063503
"rs133354"	0.706358148200661	348	0.764497159414464
"rs1317004"	0.706445590302057	348	0.934267115324283
"rs128753"	0.706506600834278	348	0.893916113616738
"rs1084411"	0.70653151784444	348	0.896396811674596
"rs1636846"	0.706558520787375	348	0.931886237705634
"rs452313"	0.706563254140196	348	1.06150989201153
"rs452333"	0.706563254140196	348	1.06150989201153
"rs1598821"	0.706583008372804	348	0.936893850447094
"rs922710"	0.706589260165321	348	0.933339108301446
"rs922711"	0.706589260165321	348	0.933339108301446
"rs1432733"	0.706595974982748	348	1.12398871540626
"rs549937"	0.706599337025643	348	1.17772703168997
"rs545909"	0.706609218247923	348	0.89781954584813
"rs545925"	0.706609218247923	348	0.89781954584813
"rs453828"	0.706614251820718	348	0.933271507902077
"rs798751"	0.706665168536424	348	1.08910230449661
"rs38983"	0.706671944300473	348	0.88704277864538
"rs701773"	0.706672438325221	348	1.06492873954082
"rs552589"	0.706694624916888	348	0.922748508649061
"rs696433"	0.706760394615002	348	0.876813589607717
"rs696455"	0.706760394615002	348	0.876813589607717
"rs696485"	0.706760394615002	348	0.876813589607717
"rs834244"	0.706762875952461	348	0.904484430783039
"rs652788"	0.706814564070488	348	1.17312813681647
"rs1707931"	0.70688096220031	348	0.914386884013876
"rs1707943"	0.70688096220031	348	0.914386884013876
"rs227944"	0.706917474491839	348	0.921186490986138
"rs227947"	0.706917474491839	348	0.921186490986138
"rs227953"	0.706917474491839	348	0.921186490986138
"rs2171008"	0.706929430263577	348	0.951400212262708
"rs1895936"	0.707002114509357	348	0.775489430571314
"rs458714"	0.707041517212808	348	1.09732904381631
"rs1308501"	0.70705406195293	348	0.872824605546849
"rs98760"	0.707062697367332	348	0.930944484021878
"rs1796526"	0.707065851775087	348	0.920175677314247
"rs566550"	0.707067714768847	348	0.946142045017349
"rs1990297"	0.707093597863464	348	0.909921286754453
"rs1990333"	0.707093597863464	348	0.909921286754453
"rs1990338"	0.707093597863464	348	0.909921286754453
"rs1990363"	0.707093597863464	348	0.909921286754453
"rs852539"	0.707095779063393	348	0.931537271789961
"rs1331045"	0.707102605458608	348	1.06584841250081
"rs1331063"	0.707102605458608	348	1.06584841250081
"rs2172721"	0.707111656632738	348	1.02899279880472
"rs1116486"	0.707128039207527	348	0.902924703012111
"rs2039547"	0.707182215779434	348	1.08795650881658
"rs1803132"	0.707214872838914	348	1.06050084507839
"rs1803138"	0.707214872838914	348	1.06050084507839
"rs361496"	0.707218628223814	348	0.954662431759586
"rs1794991"	0.707335197658085	348	0.929981188304888
"rs1636480"	0.707339283017399	348	1.06451039826949
"rs2093508"	0.707346501641881	348	1.07510408697126
"rs393552"	0.707359609118517	348	1.10793564450566
"rs1945212"	0.707361280669297	348	0.078511020833493
"rs1393804"	0.7073612806693	348	0.785067406080845
"rs1393817"	0.7073612806693	348	0.785067406080845
"rs1393819"	0.7073612806693	348	0.785067406080845
"rs1393825"	0.7073612806693	348	0.785067406080845
"rs1393831"	0.7073612806693	348	0.785067406080845
"rs1393988"	0.7073612806693	348	0.785067406080845
"rs1016511"	0.707361280669303	348	0.785067406080846
"rs1945651"	0.707361280669303	348	0.785067406080846
"rs1945657"	0.707361280669303	348	0.785067406080846
"rs1675428"	0.707361280669308	348	0.785067406080846
"rs2160500"	0.707422183496671	348	0.956600207035225
"rs785130"	0.707440300008732	348	0.952546528685246
"rs1321854"	0.707524068871212	348	1.06517719052819
"rs940770"	0.707562230479598	348	1.11596974368556
"rs95904"	0.707571241323135	348	1.07864857959269
"rs1069037"	0.707599674784164	348	0.939248404264006
"rs579427"	0.707619741459598	348	1.08201839055387
"rs1824858"	0.707622127199473	348	1.12560283119608
"rs343654"	0.707627053135599	348	0.891578281706431
"rs326462"	0.707640463021833	348	0.899158152222943
"rs364090"	0.707668857941358	348	1.11009142644845
"rs2093471"	0.70769525169455	348	1.07479773014549
"rs2047673"	0.707700138325865	348	1.02847072888088
"rs1038965"	0.707732580544701	348	0.931434522865352
"rs1070581"	0.707749053195238	348	1.07352246571168
"rs1070671"	0.707749053195238	348	1.07352246571168
"rs1440055"	0.707765219542411	348	0.901494609808242
"rs1844661"	0.707768178128097	348	1.07701856901366
"rs499335"	0.707772400074036	348	0.905492278614883
"rs605726"	0.707787138783098	348	0.8669199519604
"rs605770"	0.707787138783098	348	0.8669199519604
"rs211568"	0.707803436876919	348	0.862463218311955
"rs2180676"	0.707818224321295	348	0.954934329107998
"rs1293690"	0.707894346195159	348	1.07221917494948
"rs2116550"	0.707930358094347	348	0.91904973522222
"rs390476"	0.707939599762416	348	0.93587011055563
"rs606073"	0.707982662900478	348	1.10323678163445
"rs1808486"	0.708015848563879	348	0.922651695743306
"rs532271"	0.708023140135777	348	0.922413124359606
"rs902833"	0.708030007168834	348	0.93291501718449
"rs1691048"	0.708036404255661	348	0.855217413568049
"rs1964285"	0.708042314921396	348	1.09713488130575
"rs1566539"	0.708043328888559	348	0.930305179710868
"rs1882561"	0.708057293637271	348	0.912085205659413
"rs336544"	0.708118084841786	348	1.07751032015229
"rs1775244"	0.70811978617257	348	1.07851009675548
"rs1317231"	0.708165456541848	348	0.924957654828443
"rs1450996"	0.708186310383151	348	1.09342174329205
"rs2054901"	0.708191296297133	348	0.929608910370234
"rs118700"	0.708201888929651	348	1.04955682856469
"rs1416036"	0.708207323758791	348	1.07952695488323
"rs1416063"	0.708207323758791	348	1.07952695488323
"rs1735112"	0.708225180139985	348	1.06971209501818
"rs1743210"	0.708235145076667	348	0.932554122973457
"rs172898"	0.708249402744812	348	1.06403830126451
"rs785073"	0.708252148712638	348	0.936554355641499
"rs785076"	0.708252148712638	348	0.936554355641499
"rs785082"	0.708252148712638	348	0.936554355641499
"rs785085"	0.708252148712638	348	0.936554355641499
"rs785091"	0.708252148712638	348	0.936554355641499
"rs1397465"	0.7082689796556	348	0.926589248349465
"rs1397466"	0.7082689796556	348	0.926589248349465
"rs1397472"	0.7082689796556	348	0.926589248349465
"rs1397475"	0.7082689796556	348	0.926589248349465
"rs110677"	0.708275299672144	348	0.93907589386991
"rs764761"	0.708277964524032	348	1.06108468147288
"rs1930866"	0.708286984856073	348	0.939381511783327
"rs139071"	0.708294020923306	348	0.917222660253867
"rs1413170"	0.708314211745957	348	0.931499815439967
"rs305230"	0.708404549214055	348	1.07518456922354
"rs1130139"	0.708413747275261	348	1.04502673205774
"rs794612"	0.708422632768451	348	0.88370057100424
"rs1964844"	0.70844436278289	348	0.744427305584692
"rs1434373"	0.708457674600037	348	0.926980411602458
"rs846749"	0.708460336933299	348	1.07935891388941
"rs846802"	0.708460336933299	348	1.07935891388941
"rs264746"	0.708463916745507	348	0.918302746888195
"rs1650524"	0.708513817351535	348	0.920196694747206
"rs2066040"	0.708516510197737	348	1.08286032439215
"rs124698"	0.708539450389854	348	1.02779565298707
"rs556959"	0.708545483311116	348	1.34201744558087
"rs562218"	0.708568107022242	348	1.03557976669278
"rs1987948"	0.708572174226946	348	1.04422330562694
"rs856096"	0.708612727290527	348	0.906948163987458
"rs944765"	0.708668094321008	348	1.10051468917504
"rs944776"	0.708668094321008	348	1.10051468917504
"rs944786"	0.708668094321008	348	1.10051468917504
"rs944792"	0.708668094321008	348	1.10051468917504
"rs944794"	0.708668094321008	348	1.10051468917504
"rs944795"	0.708668094321008	348	1.10051468917504
"rs944796"	0.708668094321008	348	1.10051468917504
"rs944807"	0.708668094321008	348	1.10051468917504
"rs944812"	0.708668094321008	348	1.10051468917504
"rs1980067"	0.708698522726511	348	1.09753384409388
"rs473873"	0.70872066316344	348	1.08131705693559
"rs1381373"	0.708726245052842	348	0.766697943977638
"rs1381376"	0.708726245052842	348	0.766697943977638
"rs150601"	0.708762702962195	348	0.957504730550595
"rs361090"	0.708782593575199	348	0.92835621450987
"rs1776374"	0.708784795259507	348	1.07885785686973
"rs1776485"	0.708784795259507	348	1.07885785686973
"rs1148358"	0.708785292989551	348	1.10026648467973
"rs807725"	0.708796144841113	348	0.271104881793979
"rs1952334"	0.7088000839121	348	1.08182395137079
"rs1952340"	0.7088000839121	348	1.08182395137079
"rs1754326"	0.708822680191423	348	1.06534299132203
"rs1393648"	0.708838419042432	348	1.08960940744044
"rs632699"	0.708866319790103	348	1.09689809728174
"rs1846684"	0.708892185000099	348	1.079466176991
"rs354275"	0.708906575379341	348	0.925008103151472
"rs354311"	0.708906575379341	348	0.925008103151472
"rs1093821"	0.70897445947942	348	1.08635138982561
"rs1815109"	0.708975637314726	348	1.08047567558129
"rs787583"	0.708988132425396	348	0.910069568967331
"rs924753"	0.709049421960845	348	1.13126746857783
"rs2015314"	0.709072929536102	348	1.07002730839916
"rs586884"	0.709103879989026	348	1.15410556963528
"rs905897"	0.709106221163211	348	0.879958115499849
"rs1311923"	0.709121725330051	348	0.926034659744344
"rs856766"	0.709126448368815	348	0.838695084047014
"rs1316873"	0.709195439616641	348	1.08933427740387
"rs1571075"	0.709231209715833	348	1.07387469604778
"rs2038097"	0.70924732279906	348	0.76153505192651
"rs491990"	0.709272027912936	348	1.03359285953743
"rs911783"	0.709274262427779	348	1.06094061903002
"rs921891"	0.709322638578437	348	1.07533757406679
"rs921900"	0.709322638578437	348	1.07533757406679
"rs1823054"	0.709322816525284	348	0.921391492019699
"rs55849"	0.709333670533399	348	0.889809020807066
"rs1315777"	0.709359151144223	348	1.1005265690542
"rs1579355"	0.709373161615173	348	0.922104469916002
"rs1488131"	0.709375519653191	348	1.03477163502569
"rs1488132"	0.709375519653191	348	1.03477163502569
"rs79290"	0.709379676256661	348	0.919996639737402
"rs561696"	0.709381461003717	348	1.03507832879608
"rs1196646"	0.709432422212855	348	1.04409180780268
"rs854241"	0.709446665112092	348	1.06647616103327
"rs854255"	0.709446665112092	348	1.06647616103327
"rs1351967"	0.709449650374484	348	0.775485772203508
"rs1666149"	0.709463125691819	348	0.904886575876955
"rs585052"	0.709483209522918	348	0.878793326112509
"rs585058"	0.709483209522918	348	0.878793326112509
"rs585092"	0.709483209522918	348	0.878793326112509
"rs585097"	0.709483209522918	348	0.878793326112509
"rs585099"	0.709483209522918	348	0.878793326112509
"rs585104"	0.709483209522918	348	0.878793326112509
"rs585106"	0.709483209522918	348	0.878793326112509
"rs1290763"	0.709494433479184	348	0.930519884399106
"rs1961773"	0.70949626453965	348	1.10209913486101
"rs219941"	0.709506920879032	348	1.05684506538085
"rs1535881"	0.709511799732073	348	1.07425266976554
"rs278636"	0.70956640173826	348	2.50595934512683
"rs2161631"	0.709576956348147	348	1.06534698685465
"rs2161637"	0.709576956348147	348	1.06534698685465
"rs2161638"	0.709576956348147	348	1.06534698685465
"rs542570"	0.709593181522424	348	1.08404641069585
"rs623335"	0.709608558026073	348	0.924184730480854
"rs623347"	0.709608558026073	348	0.924184730480854
"rs623351"	0.709608558026073	348	0.924184730480854
"rs2012813"	0.709615040704627	348	0.909270078804244
"rs1698568"	0.709616463480631	348	0.959399012571607
"rs680562"	0.70970854101054	348	1.03892732528115
"rs2086121"	0.70972010203603	348	0.869797122313115
"rs206155"	0.709735483351446	348	1.09744370228055
"rs128978"	0.709746046650478	348	0.88047941385709
"rs458385"	0.709819778624161	348	1.09506357660856
"rs458435"	0.709819778624161	348	1.09506357660856
"rs1979563"	0.709828311858083	348	1.02290799751144
"rs1671486"	0.709832161369346	348	0.922423609064363
"rs1040771"	0.709837016833564	348	0.895640989896914
"rs531002"	0.709853586837648	348	0.891329583253132
"rs906648"	0.709876118313057	348	0.930028786747798
"rs1790274"	0.709883004583113	348	1.05930955907742
"rs1792652"	0.710015208819501	348	1.07383109956076
"rs147615"	0.710026296346841	348	0.947135696977264
"rs740860"	0.710029743650319	348	1.06783279230578
"rs1441212"	0.71006609256608	348	1.07825009740459
"rs2093396"	0.71009397039871	348	1.07416891636562
"rs1154143"	0.710140667452438	348	0.913057579808644
"rs2161523"	0.710141590257372	348	1.06569274563557
"rs1779405"	0.710157808124281	348	1.09213491908351
"rs867374"	0.71020218784418	348	0.93807882029523
"rs260446"	0.710217897596245	348	1.06972679941446
"rs1584978"	0.710244839634484	348	0.779031341064784
"rs465552"	0.71025747927314	348	1.09377586301012
"rs2120059"	0.710269663926775	348	0.928719332873605
"rs290432"	0.710272338022648	348	1.0748513804182
"rs1964303"	0.710280853032035	348	0.903958431222015
"rs455483"	0.710285746633947	348	0.916390927404009
"rs1737430"	0.710303168610845	348	0.920501261177505
"rs142360"	0.710316667338807	348	0.937316731162055
"rs695207"	0.710328068987521	348	1.17001770020896
"rs848840"	0.710344240328213	348	1.2495769944742
"rs2021545"	0.7103537246845	348	1.06722967536358
"rs819057"	0.71036315834556	348	0.81134035165512
"rs1843956"	0.71036315834556	348	0.81134035165512
"rs1389649"	0.710363158345565	348	0.811340351655123
"rs335865"	0.710363158345569	348	1.23252836859403
"rs687585"	0.710363158345569	348	1.23252836859403
"rs688218"	0.710363158345569	348	1.23252836859403
"rs697736"	0.710363158345569	348	1.23252836859403
"rs697817"	0.710363158345569	348	1.23252836859403
"rs698443"	0.710363158345569	348	1.23252836859403
"rs698600"	0.710363158345569	348	1.23252836859403
"rs1799480"	0.710363158345569	348	1.23252836859403
"rs337908"	0.71036315834557	348	1.23252836859403
"rs336687"	0.710363158345573	348	1.23252836859403
"rs506937"	0.710377731956612	348	1.0889733065898
"rs2160782"	0.710384189357648	348	1.06746126858442
"rs823069"	0.710399156640086	348	0.951010806797093
"rs823075"	0.710399156640086	348	0.951010806797093
"rs823078"	0.710399156640086	348	0.951010806797093
"rs823079"	0.710399156640086	348	0.951010806797093
"rs823082"	0.710399156640086	348	0.951010806797093
"rs823084"	0.710399156640086	348	0.951010806797093
"rs823085"	0.710399156640086	348	0.951010806797093
"rs823087"	0.710399156640086	348	0.951010806797093
"rs803941"	0.710489495548514	348	0.893277619841427
"rs133888"	0.710576435525214	348	0.942221229757899
"rs738744"	0.710576705956141	348	0.916812573618102
"rs738750"	0.710576705956141	348	0.916812573618102
"rs738752"	0.710576705956141	348	0.916812573618102
"rs1784175"	0.710584446412695	348	1.18736724675704
"rs803963"	0.71059121128299	348	1.06346143744698
"rs803966"	0.71059121128299	348	1.06346143744698
"rs803967"	0.71059121128299	348	1.06346143744698
"rs803968"	0.71059121128299	348	1.06346143744698
"rs803976"	0.71059121128299	348	1.06346143744698
"rs803985"	0.71059121128299	348	1.06346143744698
"rs803986"	0.71059121128299	348	1.06346143744698
"rs534978"	0.710650344881731	348	1.09070383575307
"rs2120117"	0.710656241774149	348	0.93761542064218
"rs915076"	0.710664475966929	348	0.935164407491986
"rs1610052"	0.710674326873201	348	0.941150389493614
"rs260141"	0.710689282771786	348	0.893050616922898
"rs1122735"	0.710769832558812	348	0.985012971591266
"rs2011826"	0.710778081414091	348	0.877767667539915
"rs639927"	0.710782851253151	348	0.937017126139189
"rs101797"	0.710808742766879	348	1.090899773447
"rs514105"	0.710826686087958	348	1.34753612988824
"rs1687728"	0.710895278142716	348	0.912376364215776
"rs1687729"	0.710895278142716	348	0.912376364215776
"rs648720"	0.710904112152772	348	1.02975416598484
"rs303709"	0.710912592495602	348	0.198894841066332
"rs324219"	0.710912592495602	348	0.198894841066332
"rs324411"	0.710912592495602	348	0.198894841066332
"rs303739"	0.710912592495651	348	0.206575160450292
"rs324211"	0.710912592495668	348	0.199839042910825
"rs400041"	0.710943766532155	348	1.06472501363664
"rs1558068"	0.710967220614168	348	0.893361741771197
"rs1553923"	0.710967220614226	348	0.893361741771218
"rs1554725"	0.710967220614226	348	0.893361741771218
"rs1558663"	0.710967220614226	348	0.893361741771218
"rs1559070"	0.710967220614226	348	0.893361741771218
"rs494598"	0.711019654483242	348	1.1219827204693
"rs482073"	0.711022968937865	348	0.890499912302356
"rs482076"	0.711022968937865	348	0.890499912302356
"rs1074108"	0.711053293746839	348	0.912625853737134
"rs579114"	0.711069325259704	348	1.06180228270442
"rs146539"	0.711169696812614	348	0.928804127345997
"rs327769"	0.711170111552371	348	0.904875813682352
"rs788081"	0.711207292493542	348	0.887850311080861
"rs1626558"	0.711268915702814	348	1.34743223592444
"rs1628392"	0.711268915702814	348	1.34743223592444
"rs736088"	0.711270900526597	348	0.778405712393684
"rs903167"	0.71130171348465	348	0.861637137699457
"rs2010675"	0.711316138244927	348	1.13886231612655
"rs1146352"	0.711341280688093	348	1.10904703505621
"rs177754"	0.711343330142205	348	0.912007466538959
"rs2176242"	0.711365104399096	348	0.958802188135077
"rs769429"	0.711383523544291	348	1.07664585474368
"rs421638"	0.711398622338821	348	0.915085482993317
"rs2120601"	0.711421932358887	348	0.940812942131201
"rs1708292"	0.711426739935264	348	1.07389948612139
"rs613721"	0.711434408944697	348	0.825901501465873
"rs265752"	0.711503560163949	348	0.764747993329081
"rs266434"	0.711503560163949	348	0.764747993329081
"rs253109"	0.711507228743233	348	0.92184917419157
"rs253110"	0.711507228743233	348	0.92184917419157
"rs1860117"	0.711546747098469	348	0.885507992736464
"rs1947041"	0.711565614874738	348	1.11118495280623
"rs211220"	0.711579079657272	348	0.938168454982158
"rs1906639"	0.711591529190002	348	1.12978383826645
"rs1038969"	0.71163875120532	348	1.06596983400742
"rs562950"	0.711657547196599	348	0.925165292607044
"rs959426"	0.71166427171756	348	0.91996131133147
"rs1055642"	0.711686159722791	348	0.951970053878733
"rs856071"	0.711714791647569	348	1.05673561017909
"rs856078"	0.711714791647569	348	1.05673561017909
"rs613398"	0.711725839221562	348	0.791488466427826
"rs419994"	0.711738188243222	348	0.880550328256272
"rs2162800"	0.711745162128637	348	0.944319021321185
"rs319396"	0.711799152298268	348	1.10791076533608
"rs1167037"	0.711887418843552	348	1.02473217495605
"rs305532"	0.711891703740289	348	0.926917858467137
"rs647524"	0.711902611910573	348	0.920299384904086
"rs1338220"	0.711950508518127	348	0.902590561031338
"rs866942"	0.711955723036434	348	1.06406238511844
"rs1792074"	0.711957439012457	348	1.08797421292999
"rs1835496"	0.712005718920558	348	1.06105861503533
"rs1264482"	0.712007670548206	348	1.05775182335596
"rs670642"	0.712012464385474	348	0.921196291076459
"rs1896617"	0.712024245257125	348	1.07366924890747
"rs1264067"	0.712047509201719	348	1.0577426146411
"rs1264085"	0.712047509201719	348	1.0577426146411
"rs651617"	0.712071475860744	348	1.16664410907316
"rs651922"	0.712071475860744	348	1.16664410907316
"rs651956"	0.712071475860744	348	1.16664410907316
"rs899869"	0.712072622893234	348	0.779635919240159
"rs516247"	0.712080152249221	348	1.16645390412957
"rs838583"	0.712080152249226	348	1.16645390412957
"rs2075006"	0.712109665507117	348	1.05200829681692
"rs1930575"	0.712128394665612	348	1.07517366120032
"rs892843"	0.71214605059634	348	0.941319840520096
"rs1349851"	0.712185387664105	348	0.778893570934486
"rs518036"	0.712199120603922	348	0.936102890286193
"rs1802349"	0.712247628326796	348	0.940452347504019
"rs561635"	0.712258895731185	348	1.03538047009954
"rs675463"	0.712261212222198	348	0.907441426573104
"rs1196088"	0.712354059862699	348	0.932873449860551
"rs553339"	0.712357314083411	348	0.924606665187285
"rs553345"	0.712357314083411	348	0.924606665187285
"rs553357"	0.712357314083411	348	0.924606665187285
"rs835270"	0.712366335374652	348	0.93277236579988
"rs1735945"	0.712518921400092	348	1.05871543709951
"rs1790653"	0.712527062847937	348	1.03432658433208
"rs1790654"	0.712527062847937	348	1.03432658433208
"rs1790655"	0.712527062847937	348	1.03432658433208
"rs576811"	0.712544751272599	348	1.11401993362442
"rs912776"	0.712569219438495	348	0.922386397228501
"rs548642"	0.712574033092163	348	1.10996009406042
"rs548651"	0.712574033092163	348	1.10996009406042
"rs548654"	0.712574033092163	348	1.10996009406042
"rs548663"	0.712574033092163	348	1.10996009406042
"rs548678"	0.712574033092163	348	1.10996009406042
"rs548711"	0.712574033092163	348	1.10996009406042
"rs9177"	0.712600038156738	348	1.16942266594102
"rs9195"	0.712600038156738	348	1.16942266594102
"rs9469"	0.712600038156738	348	1.16942266594102
"rs9525"	0.712600038156738	348	1.16942266594102
"rs126978"	0.712609823739025	348	1.05993979186233
"rs126981"	0.712609823739025	348	1.05993979186233
"rs1742729"	0.712629810595828	348	0.914619420263461
"rs329122"	0.712667392927992	348	1.127829227169
"rs140192"	0.712671771162108	348	1.10396932779167
"rs1651623"	0.712708038677271	348	1.09908883271497
"rs1364530"	0.712723412407276	348	1.10241461419359
"rs240199"	0.712728672547493	348	0.919085034051907
"rs1976338"	0.712736737434152	348	1.08964847264336
"rs947332"	0.71274185846369	348	0.932647311168078
"rs1365081"	0.712787042314877	348	1.09118476056309
"rs379561"	0.712812408348065	348	1.05701721616895
"rs1047497"	0.712813852522336	348	0.913322208060749
"rs497144"	0.712823095863621	348	1.10502984472507
"rs1546314"	0.712843827442118	348	0.923316199936948
"rs1049612"	0.712863808487758	348	0.88143843356734
"rs1635718"	0.712869216047328	348	0.7788162568835
"rs1635719"	0.712869216047328	348	0.7788162568835
"rs1635722"	0.712869216047328	348	0.7788162568835
"rs1635725"	0.712869216047328	348	0.7788162568835
"rs1635726"	0.712869216047328	348	0.7788162568835
"rs1635731"	0.712869216047328	348	0.7788162568835
"rs1635734"	0.712869216047328	348	0.7788162568835
"rs1635740"	0.712869216047328	348	0.7788162568835
"rs1635749"	0.712869216047328	348	0.7788162568835
"rs1635755"	0.712869216047328	348	0.7788162568835
"rs1635756"	0.712869216047328	348	0.7788162568835
"rs1635757"	0.712869216047328	348	0.7788162568835
"rs1635766"	0.712869216047328	348	0.7788162568835
"rs1635767"	0.712869216047328	348	0.7788162568835
"rs1125467"	0.712901675922831	348	0.870222496392365
"rs339108"	0.712906566427493	348	0.903017204974477
"rs343496"	0.712924417611558	348	0.895337830212085
"rs1546375"	0.712926652526933	348	0.933766595271684
"rs430222"	0.712964187173408	348	0.90420149378082
"rs1590999"	0.713028194780079	348	0.901578704095094
"rs871903"	0.713032995081954	348	0.941912852090829
"rs507816"	0.713056136664073	348	1.06465232165964
"rs2087861"	0.713058007023717	348	1.06007009516669
"rs110668"	0.713068174965566	348	1.05920633880826
"rs110671"	0.713068174965566	348	1.05920633880826
"rs1776005"	0.713077174585294	348	1.07765857909195
"rs1776564"	0.713077174585294	348	1.07765857909195
"rs1777146"	0.713077174585294	348	1.07765857909195
"rs880557"	0.71308914492377	348	1.05757238120801
"rs880558"	0.71308914492377	348	1.05757238120801
"rs843242"	0.713120415480897	348	0.91036327857165
"rs1100211"	0.713166762248882	348	1.07200384376105
"rs1786145"	0.713203007652473	348	1.13174777874377
"rs731919"	0.713203257136358	348	1.07957877065814
"rs510457"	0.713216434900648	348	1.07202577775411
"rs427089"	0.713228908727561	348	1.07807982016015
"rs1128738"	0.713297465421133	348	0.941646304034341
"rs85381"	0.713303130980769	348	0.873041795046712
"rs843162"	0.713307701234326	348	1.07912139128064
"rs843175"	0.713307701234326	348	1.07912139128064
"rs843211"	0.713307701234326	348	1.07912139128064
"rs252566"	0.713311658249538	348	0.947426105261662
"rs1825530"	0.713342545615485	348	1.11575274195595
"rs1766741"	0.71334840313477	348	1.05995350356242
"rs305566"	0.713358311555695	348	0.927316126909289
"rs305590"	0.713358311555695	348	0.927316126909289
"rs1592536"	0.713388060007176	348	1.07090078991431
"rs359949"	0.713388557076247	348	1.08247915004635
"rs191963"	0.713477190245594	348	1.06654939462692
"rs1124997"	0.713490847810787	348	1.06643663724494
"rs1125001"	0.713490847810787	348	1.06643663724494
"rs157286"	0.71350361529583	348	1.05696577812406
"rs876251"	0.713537314821032	348	0.90280194165613
"rs215576"	0.713537460229694	348	1.09058432354078
"rs93676"	0.713543110063508	348	0.926810017007374
"rs93677"	0.713543110063508	348	0.926810017007374
"rs1008452"	0.713557241474264	348	0.875383574435742
"rs1395380"	0.713594678296266	348	0.943042035572261
"rs1711235"	0.713665456099411	348	1.07312056827014
"rs1711403"	0.713665456099411	348	1.07312056827014
"rs1673025"	0.713665628716422	348	0.854312891707477
"rs530844"	0.713695272673746	348	1.20978748065059
"rs1816167"	0.713776695960934	348	0.914450081399128
"rs2133502"	0.713786625658541	348	1.06795966810938
"rs2133505"	0.713786625658541	348	1.06795966810938
"rs2133507"	0.713786625658541	348	1.06795966810938
"rs2133508"	0.713786625658541	348	1.06795966810938
"rs1792866"	0.713788027687044	348	1.07238843180861
"rs626063"	0.713792741420771	348	1.10419913089722
"rs626436"	0.713792741420771	348	1.10419913089722
"rs488856"	0.71381870094977	348	0.858405585929963
"rs1659125"	0.713846214557845	348	1.04089059892488
"rs1961839"	0.713860129849283	348	1.10040342079564
"rs575159"	0.713873465228124	348	1.05297951086559
"rs575163"	0.713873465228124	348	1.05297951086559
"rs134243"	0.713898556001026	348	0.940232585568898
"rs134245"	0.713898556001026	348	0.940232585568898
"rs2011781"	0.713912372089127	348	1.21625713529011
"rs487925"	0.713929480853974	348	1.0696083617718
"rs924601"	0.714011985714044	348	0.914616871660247
"rs2112106"	0.71409237659796	348	0.939586060724049
"rs651163"	0.714093562515448	348	0.862606775285611
"rs651164"	0.714093562515448	348	0.862606775285611
"rs651168"	0.714093562515448	348	0.862606775285611
"rs651169"	0.714093562515448	348	0.862606775285611
"rs651170"	0.714093562515448	348	0.862606775285611
"rs1370225"	0.714103420557382	348	0.909799678639355
"rs584130"	0.714121031620941	348	0.923837108112306
"rs1040447"	0.714128536908154	348	1.07702253152301
"rs894812"	0.714131956579534	348	1.0723430026934
"rs129970"	0.714179980011012	348	1.07318328315863
"rs1886080"	0.714209390995357	348	0.898824769396415
"rs150016"	0.714209562111173	348	1.08134686004333
"rs1667567"	0.714241841402377	348	1.09955270412869
"rs1667569"	0.714241841402377	348	1.09955270412869
"rs1667578"	0.714241841402377	348	1.09955270412869
"rs1667584"	0.714241841402377	348	1.09955270412869
"rs1667585"	0.714241841402377	348	1.09955270412869
"rs1667587"	0.714241841402377	348	1.09955270412869
"rs1667593"	0.714241841402377	348	1.09955270412869
"rs1055630"	0.714269308540754	348	0.952268365398211
"rs1072154"	0.714275764286426	348	0.975306853877029
"rs1824754"	0.7142822616475	348	1.07835983766803
"rs1163493"	0.714290981199462	348	0.970560910574872
"rs421200"	0.714308467009112	348	1.05341502928386
"rs2070017"	0.714336674789007	348	0.922574237152675
"rs2090122"	0.714342805908811	348	1.05394372957502
"rs289878"	0.714351702061625	348	1.0649413516312
"rs289889"	0.714351702061625	348	1.0649413516312
"rs649902"	0.714360562732839	348	0.883059073134576
"rs649908"	0.714360562732839	348	0.883059073134576
"rs649909"	0.714360562732839	348	0.883059073134576
"rs649911"	0.714360562732839	348	0.883059073134576
"rs649917"	0.714360562732839	348	0.883059073134576
"rs649932"	0.714360562732839	348	0.883059073134576
"rs649935"	0.714360562732839	348	0.883059073134576
"rs649965"	0.714360562732839	348	0.883059073134576
"rs360621"	0.714371057965382	348	0.927036964899668
"rs361240"	0.714371057965382	348	0.927036964899668
"rs344843"	0.714392789877883	348	1.06997369483172
"rs2146593"	0.714413305794341	348	1.05543090570366
"rs2206353"	0.714416390549392	348	0.887677996373384
"rs701033"	0.714422055910301	348	0.907510113579707
"rs2191926"	0.714464894613	348	0.844247673159472
"rs265101"	0.714475280192173	348	1.06481843711017
"rs489153"	0.714480954291695	348	0.965224230302737
"rs1902382"	0.7145174836077	348	0.925176796688077
"rs132457"	0.714571687294334	348	0.767664877990973
"rs489811"	0.714581047009765	348	1.08975173103479
"rs263094"	0.714585282233928	348	0.923324057517002
"rs1465567"	0.714605829430255	348	0.927310646659903
"rs342040"	0.714631860192242	348	1.10132281740204
"rs861967"	0.714692599898625	348	0.940492208518318
"rs2008430"	0.714697112147149	348	0.927151519237699
"rs1740363"	0.714745252966612	348	1.06009613685969
"rs228610"	0.714759018922645	348	0.909256010384475
"rs1113938"	0.714761222506359	348	1.0469820777805
"rs1878079"	0.714785938997854	348	1.34144568985895
"rs1489042"	0.714790637930568	348	0.969208042233298
"rs1759613"	0.714864515167714	348	1.10244904700729
"rs1883218"	0.714877553422071	348	1.09183075127212
"rs1710786"	0.714890377935617	348	1.07021512224584
"rs1109302"	0.714927111614326	348	0.930448465629168
"rs351664"	0.714968268212898	348	1.10474557409845
"rs1474275"	0.714979370882431	348	0.786527958234823
"rs568645"	0.714991918513521	348	1.05941451353484
"rs2164415"	0.71504511225679	348	1.05456464252895
"rs1350400"	0.715079957227478	348	0.899945336578207
"rs782922"	0.71509626241191	348	0.946538371924444
"rs1696689"	0.715112546229509	348	1.08320171329474
"rs2009964"	0.715144471847084	348	1.07141036142887
"rs1072917"	0.715147174193886	348	0.981605584929585
"rs408601"	0.715242832153718	348	0.863450544588048
"rs408608"	0.715242832153718	348	0.863450544588048
"rs408623"	0.715242832153718	348	0.863450544588048
"rs1931893"	0.715242832153722	348	0.86345054458805
"rs475469"	0.715247080245034	348	0.803568616222431
"rs639370"	0.715271535374956	348	0.94425263939521
"rs639385"	0.715271535374956	348	0.94425263939521
"rs639400"	0.715271535374956	348	0.94425263939521
"rs639508"	0.715271535374956	348	0.94425263939521
"rs639521"	0.715271535374956	348	0.94425263939521
"rs639522"	0.715271535374956	348	0.94425263939521
"rs639545"	0.715271535374962	348	0.944252639395211
"rs639549"	0.715271535374962	348	0.944252639395211
"rs2058676"	0.715311025294161	348	1.09683327555319
"rs2058661"	0.715311025294163	348	1.09683327555318
"rs2058664"	0.715311025294163	348	1.09683327555318
"rs1688664"	0.715319046984199	348	0.885692713866205
"rs1307592"	0.71533128225695	348	1.07456441614561
"rs1307777"	0.715331282256965	348	1.07456441614561
"rs1063976"	0.715344562122721	348	1.09216670491437
"rs1064024"	0.715344562122721	348	1.09216670491437
"rs1064045"	0.715344562122721	348	1.09216670491437
"rs1064141"	0.715344562122721	348	1.09216670491437
"rs1064153"	0.715344562122721	348	1.09216670491437
"rs1064201"	0.715344562122721	348	1.09216670491437
"rs1064246"	0.715344562122721	348	1.09216670491437
"rs1064255"	0.715344562122721	348	1.09216670491437
"rs1064261"	0.715344562122721	348	1.09216670491437
"rs785127"	0.715389258064476	348	0.943895079843451
"rs1166388"	0.715393324331949	348	1.07043771209645
"rs1777125"	0.715404077052897	348	0.928739680174896
"rs341593"	0.715412882240922	348	0.89396386824035
"rs2159124"	0.715419180920107	348	1.06200753320906
"rs1099437"	0.715475240997129	348	1.08301135480741
"rs654925"	0.715476156075055	348	1.07682263665783
"rs684735"	0.71549467972888	348	0.933649070097761
"rs349743"	0.715515747209082	348	0.870068292885812
"rs1559389"	0.715515747209082	348	0.870068292885812
"rs1680603"	0.715528058568446	348	1.08481028940774
"rs1880948"	0.715561465093813	348	0.927968356194111
"rs1305151"	0.715566514546729	348	1.13516505944418
"rs175893"	0.715573436357887	348	0.931923574261621
"rs1608633"	0.715585419031636	348	1.16586935024989
"rs467503"	0.715589597085383	348	1.06997118265727
"rs467505"	0.715589597085383	348	1.06997118265727
"rs1415690"	0.715687964086645	348	1.05691083297261
"rs1415692"	0.715687964086645	348	1.05691083297261
"rs1195088"	0.715721284552552	348	0.93323259756082
"rs1195362"	0.715721284552552	348	0.93323259756082
"rs1195473"	0.715721284552552	348	0.93323259756082
"rs1195516"	0.715721284552552	348	0.93323259756082
"rs1195573"	0.715721284552552	348	0.93323259756082
"rs1195579"	0.715721284552552	348	0.93323259756082
"rs1985153"	0.715758383691331	348	0.952167832253859
"rs458734"	0.715758550832106	348	1.09276534261694
"rs322635"	0.715762016453417	348	1.03182346650884
"rs975264"	0.715797289023912	348	0.824938432481541
"rs1102524"	0.71585054809266	348	0.766971420096167
"rs1102525"	0.71585054809266	348	0.766971420096167
"rs1102528"	0.71585054809266	348	0.766971420096167
"rs1578773"	0.715860150608131	348	1.07857582462604
"rs460435"	0.715900006555882	348	1.06214774789441
"rs1748193"	0.71592628047594	348	0.900935355712702
"rs1619225"	0.715934093700277	348	1.1122650865273
"rs1619297"	0.715934093700277	348	1.1122650865273
"rs405382"	0.715949926611218	348	0.88197675897929
"rs990688"	0.715986902924019	348	0.825735143732717
"rs80066"	0.71601420908287	348	1.07418833721177
"rs847765"	0.716022751223967	348	1.08014249607038
"rs101315"	0.716079826631305	348	0.946327838772657
"rs101316"	0.716079826631305	348	0.946327838772657
"rs1069987"	0.716114884130128	348	1.187205877749
"rs118915"	0.716164217130364	348	0.958722854856031
"rs888754"	0.716179933889423	348	0.929250941083037
"rs1975058"	0.716241649156897	348	1.113259907875
"rs578982"	0.716270422659133	348	1.07903209021101
"rs853683"	0.716285099628641	348	0.781515338091727
"rs157319"	0.716286315341813	348	0.969757345195018
"rs565224"	0.716299160174385	348	0.954091969657017
"rs122545"	0.71637899904676	348	0.948718158624907
"rs1105419"	0.716412917871693	348	1.13503452176242
"rs1105434"	0.716412917871698	348	1.13503452176242
"rs1105491"	0.716412917871698	348	1.13503452176242
"rs1105494"	0.716412917871698	348	1.13503452176242
"rs1105500"	0.716412917871698	348	1.13503452176242
"rs1105512"	0.716412917871698	348	1.13503452176242
"rs1105533"	0.716412917871703	348	1.13503452176241
"rs532723"	0.716441362440617	348	0.930302581885285
"rs134455"	0.716458812346931	348	0.891154483752178
"rs1402035"	0.716458854127717	348	0.781636805991175
"rs1790098"	0.71646761033608	348	0.939427184740828
"rs816886"	0.716478238339744	348	0.935442880457499
"rs1665993"	0.716491732805728	348	0.906485403439363
"rs1952687"	0.716552087427651	348	0.932651595373055
"rs1102531"	0.716576124252953	348	0.777570614088762
"rs566229"	0.716599435397967	348	1.05110812331602
"rs1093195"	0.716621446302577	348	1.03338311094543
"rs699684"	0.716642208524965	348	1.01902826220599
"rs81032"	0.716642495516948	348	0.942388386976788
"rs840053"	0.716705693330148	348	0.901842159444822
"rs255720"	0.716707304384862	348	1.06766757791101
"rs1206494"	0.71671727775453	348	0.95795600735846
"rs574274"	0.716723620749136	348	1.06706451244306
"rs916945"	0.716730669028218	348	0.877881005390349
"rs916948"	0.716730669028218	348	0.877881005390349
"rs1053352"	0.71675363969001	348	0.8789771425692
"rs1301759"	0.716779443770364	348	0.886420231078566
"rs601938"	0.716789364399589	348	1.07428580410452
"rs843964"	0.716790212444181	348	0.92543681718001
"rs844012"	0.716790212444181	348	0.92543681718001
"rs1817409"	0.716839623113945	348	2.58510650097476
"rs214436"	0.716855353243567	348	0.862288094132114
"rs1636868"	0.716885835936269	348	0.936684956014715
"rs54340"	0.716889593115354	348	1.05856836214809
"rs2111989"	0.716896559679641	348	0.835919237127845
"rs282325"	0.716919877948285	348	1.06226477580489
"rs1106301"	0.716923292949024	348	0.927936226133553
"rs133712"	0.716938602470271	348	1.04463646039489
"rs298158"	0.716997713655716	348	0.936684147333668
"rs303474"	0.717003741698606	348	0.809916769499932
"rs967681"	0.717053545307597	348	1.15258408136536
"rs509469"	0.717090256241546	348	1.07047920639727
"rs514214"	0.717119612184609	348	1.06463066665606
"rs514215"	0.717119612184609	348	1.06463066665606
"rs514217"	0.717119612184609	348	1.06463066665606
"rs419499"	0.717131874970477	348	1.05861607337681
"rs1961851"	0.717140937027397	348	1.09914947480962
"rs464762"	0.717160042388041	348	1.05939422722982
"rs456279"	0.717192205169055	348	1.06714074106991
"rs456459"	0.717192205169055	348	1.06714074106991
"rs1899332"	0.717205775014212	348	1.07094804904662
"rs1167113"	0.717222625526621	348	0.936631264616444
"rs1395824"	0.717248577127732	348	0.887177708207171
"rs305618"	0.717258079395524	348	1.10767702153098
"rs306088"	0.7172585618269	348	1.15615404713562
"rs1586724"	0.717269312624372	348	0.946890165316689
"rs254564"	0.717303322970811	348	0.965235728613863
"rs83425"	0.717331661081381	348	0.93088601563825
"rs115534"	0.717338930684859	348	0.957142961480458
"rs115562"	0.717338930684859	348	0.957142961480458
"rs115641"	0.717338930684859	348	0.957142961480458
"rs115885"	0.717338930684859	348	0.957142961480458
"rs1397517"	0.717347153288896	348	0.859027107538326
"rs1244966"	0.717382353480275	348	0.920375767471494
"rs1251020"	0.717382353480275	348	0.920375767471494
"rs1251164"	0.717382353480275	348	0.920375767471494
"rs1251167"	0.717382353480275	348	0.920375767471494
"rs1251170"	0.717382353480275	348	0.920375767471494
"rs1251200"	0.717382353480275	348	0.920375767471494
"rs1251230"	0.717382353480275	348	0.920375767471494
"rs1251234"	0.717382353480275	348	0.920375767471494
"rs1251245"	0.717382353480275	348	0.920375767471494
"rs1251247"	0.717382353480275	348	0.920375767471494
"rs1251328"	0.717382353480275	348	0.920375767471494
"rs1251350"	0.717382353480275	348	0.920375767471494
"rs1251362"	0.717382353480275	348	0.920375767471494
"rs1251625"	0.717382353480275	348	0.920375767471494
"rs1251684"	0.717382353480275	348	0.920375767471494
"rs1251717"	0.717382353480275	348	0.920375767471494
"rs1251800"	0.717382353480275	348	0.920375767471494
"rs1251828"	0.717382353480275	348	0.920375767471494
"rs1251835"	0.717382353480275	348	0.920375767471494
"rs1251851"	0.717382353480275	348	0.920375767471494
"rs1252010"	0.717382353480275	348	0.920375767471494
"rs1252148"	0.717382353480275	348	0.920375767471494
"rs1252151"	0.717382353480275	348	0.920375767471494
"rs1252370"	0.717382353480275	348	0.920375767471494
"rs1252922"	0.717382353480275	348	0.920375767471494
"rs1253495"	0.717382353480275	348	0.920375767471494
"rs1253560"	0.717382353480275	348	0.920375767471494
"rs1253619"	0.717382353480275	348	0.920375767471494
"rs1253690"	0.717382353480275	348	0.920375767471494
"rs1253727"	0.717382353480275	348	0.920375767471494
"rs1254171"	0.717382353480275	348	0.920375767471494
"rs1256558"	0.717382353480275	348	0.920375767471494
"rs1256679"	0.717382353480275	348	0.920375767471494
"rs1256883"	0.717382353480275	348	0.920375767471494
"rs1257188"	0.717382353480275	348	0.920375767471494
"rs1257353"	0.717382353480275	348	0.920375767471494
"rs1258462"	0.717382353480275	348	0.920375767471494
"rs1258660"	0.717382353480275	348	0.920375767471494
"rs1258672"	0.717382353480275	348	0.920375767471494
"rs1258675"	0.717382353480275	348	0.920375767471494
"rs1259038"	0.717382353480275	348	0.920375767471494
"rs1259301"	0.717382353480275	348	0.920375767471494
"rs1309616"	0.717395889626873	348	0.893614242548173
"rs468163"	0.717414003885757	348	0.941548637365849
"rs1474290"	0.717444387146269	348	0.934759563712484
"rs1474293"	0.717444387146269	348	0.934759563712484
"rs1474299"	0.717444387146269	348	0.934759563712484
"rs1792053"	0.717467490417933	348	1.07812733325335
"rs597144"	0.717483917054539	348	0.935936637739753
"rs1823348"	0.717502294658685	348	0.941349766568711
"rs2171063"	0.717553782396582	348	1.02971028158899
"rs2171064"	0.717553782396582	348	1.02971028158899
"rs2171066"	0.717553782396582	348	1.02971028158899
"rs2171067"	0.717553782396582	348	1.02971028158899
"rs1368501"	0.717598013572394	348	0.934458024667625
"rs1102006"	0.71762761814611	348	1.14976897838375
"rs1370931"	0.717670614341125	348	1.03629530839329
"rs1824335"	0.717674345811614	348	0.906798686441367
"rs1961334"	0.717679010015065	348	0.907732017648756
"rs1712200"	0.717708584213447	348	1.07993071728188
"rs1939058"	0.717752846320739	348	1.07131424320821
"rs1889113"	0.717787136614125	348	1.06981398799782
"rs566307"	0.717831276424088	348	0.959369026902681
"rs1776880"	0.717867160557311	348	1.07626760782968
"rs2121015"	0.71788939175268	348	0.911174380663909
"rs646802"	0.717905993572842	348	1.10255966774184
"rs2040517"	0.717926042308401	348	0.985840072910158
"rs215612"	0.717935335435431	348	0.888400928651916
"rs340328"	0.71798303011268	348	0.872201408288604
"rs1613314"	0.717986711787774	348	0.983134553998626
"rs484207"	0.718000086396069	348	1.08729676847868
"rs2167991"	0.718002486546962	348	0.950874644418322
"rs1405306"	0.718005401566458	348	0.925610516070683
"rs1405333"	0.718005401566458	348	0.925610516070683
"rs562129"	0.718035571456953	348	1.07053958952074
"rs2039965"	0.71807904654913	348	1.06822809443446
"rs1144401"	0.718079153906586	348	0.874103664360996
"rs1144467"	0.718079153906586	348	0.874103664360996
"rs132382"	0.718079739969455	348	0.778018359571766
"rs2045946"	0.718121115617304	348	0.948824409814961
"rs1720455"	0.718194062834811	348	1.06688427346486
"rs1533938"	0.718223228698243	348	0.928742891013673
"rs1794148"	0.718244695486212	348	0.941315930326499
"rs1932295"	0.718256131166773	348	0.856891913655871
"rs352116"	0.718263211336134	348	0.897096620350254
"rs77727"	0.718268984317551	348	1.10045143909153
"rs253967"	0.71827704055483	348	1.09091418923228
"rs1864535"	0.718346600787987	348	1.09823293174567
"rs92129"	0.718359341656356	348	0.912765790491753
"rs1206000"	0.718361627283554	348	0.962854565730211
"rs1359972"	0.718367279201969	348	1.04563313414267
"rs331453"	0.718367496156844	348	1.1296488678544
"rs611186"	0.718372358503563	348	1.08206443445794
"rs585932"	0.718386998771231	348	0.915612493017011
"rs1980672"	0.718407046506967	348	0.870504453923554
"rs1926971"	0.718435451404868	348	0.901207506192781
"rs123051"	0.718439139221924	348	0.946575168010609
"rs123061"	0.718439139221924	348	0.946575168010609
"rs123064"	0.718439139221924	348	0.946575168010609
"rs123066"	0.718439139221924	348	0.946575168010609
"rs507315"	0.718463026862668	348	0.937418648777099
"rs325327"	0.718587309870782	348	1.07677700816607
"rs325336"	0.718587309870782	348	1.07677700816607
"rs1961741"	0.718604139212074	348	0.930675438546501
"rs2170552"	0.71860907846723	348	1.03151335371441
"rs560304"	0.718611917223618	348	0.954615632048504
"rs508080"	0.718614939474067	348	1.07402775499175
"rs1384487"	0.718619839725006	348	1.12731915141975
"rs901692"	0.718731009500986	348	1.11637876653145
"rs1630461"	0.718754805773711	348	1.11853909333255
"rs1594709"	0.718777985527699	348	1.13181117646595
"rs171652"	0.718777985527701	348	1.13181117646595
"rs1399255"	0.718789109113657	348	1.11814058765729
"rs335577"	0.718793183733707	348	0.892878138885297
"rs2125248"	0.718800679654284	348	1.07125708316733
"rs944966"	0.718812044494384	348	0.94154074415183
"rs1928428"	0.71885019303213	348	0.893307259819996
"rs783535"	0.718892405314651	348	0.925203885894432
"rs783744"	0.718892405314674	348	0.925203885894438
"rs1125222"	0.718906402457018	348	0.868564008530836
"rs2006923"	0.718934274591217	348	1.10525387601108
"rs2007028"	0.718934274591217	348	1.10525387601108
"rs2007043"	0.718934274591217	348	1.10525387601108
"rs1798953"	0.718949534923038	348	0.937977084023167
"rs539234"	0.718954505803871	348	0.838007328803639
"rs1964009"	0.718976488382326	348	1.08374782606431
"rs953038"	0.718994982775075	348	1.07495570919304
"rs953041"	0.718994982775075	348	1.07495570919304
"rs1357923"	0.718997375101424	348	0.926664894580967
"rs1882788"	0.719003159748785	348	1.06810558830845
"rs683218"	0.719038761302638	348	1.15235094028919
"rs1739652"	0.719066004874049	348	0.930595666680212
"rs415593"	0.719093685077843	348	0.919242812313901
"rs361377"	0.719116809472677	348	0.946174817142237
"rs1370296"	0.719127500118245	348	1.03567135312909
"rs93692"	0.719137381124156	348	1.14569251112854
"rs1031063"	0.719155764036939	348	0.950456409352699
"rs651822"	0.719172964522434	348	1.15633604808916
"rs473259"	0.71918556698271	348	1.03737275547551
"rs1466520"	0.719205415949944	348	0.902881959443639
"rs2134876"	0.719210275249803	348	0.906262041895313
"rs1577624"	0.719218429724943	348	0.920583736899552
"rs32028"	0.719283234096733	348	0.967158556515066
"rs32038"	0.719283234096733	348	0.967158556515066
"rs32045"	0.719283234096733	348	0.967158556515066
"rs32060"	0.719283234096733	348	0.967158556515066
"rs32114"	0.719283234096733	348	0.967158556515066
"rs32153"	0.719283234096733	348	0.967158556515066
"rs32230"	0.719283234096733	348	0.967158556515066
"rs32275"	0.719283234096733	348	0.967158556515066
"rs226208"	0.719339213331637	348	0.889973969992069
"rs1688280"	0.719375702534576	348	1.33827295053987
"rs485926"	0.7193831936522	348	0.932532237532929
"rs2118094"	0.719390137397436	348	0.951037281795489
"rs1633501"	0.719407240251677	348	0.91134197182688
"rs1739646"	0.719408837206677	348	1.06469689467421
"rs148380"	0.719416541367122	348	1.04171936917494
"rs475486"	0.719463029697236	348	0.964995693130116
"rs389629"	0.719538632244173	348	0.840101337399247
"rs304602"	0.719571530112968	348	0.971432688158968
"rs1318116"	0.719604594341184	348	0.933991554092174
"rs1749349"	0.719636294493567	348	1.04762917661739
"rs736827"	0.719640600760281	348	0.88822299331195
"rs2131894"	0.719736103603931	348	1.05005202499941
"rs169442"	0.71980463095814	348	1.07206848159002
"rs790311"	0.719811930465159	348	0.972134250165496
"rs1570473"	0.719845030182929	348	1.08070844510395
"rs950710"	0.7198494109476	348	0.911936575936703
"rs1863797"	0.719858324951587	348	0.937101007979263
"rs587873"	0.719895303324685	348	0.970503049219558
"rs587874"	0.719895303324685	348	0.970503049219558
"rs359802"	0.719896092034375	348	0.926960038355815
"rs1350716"	0.719909657810533	348	0.769161680832806
"rs1351004"	0.719909657810533	348	0.769161680832806
"rs1351264"	0.719909657810533	348	0.769161680832806
"rs274662"	0.719914712506061	348	1.0532283549487
"rs632461"	0.719925859132047	348	1.07841002072887
"rs632470"	0.719925859132047	348	1.07841002072887
"rs713317"	0.719939314275862	348	1.06758528216413
"rs182132"	0.719988195792827	348	0.875483094534481
"rs1372566"	0.72000707189593	348	0.867097563268989
"rs1372569"	0.72000707189593	348	0.867097563268989
"rs1372576"	0.72000707189593	348	0.867097563268989
"rs1646663"	0.720014629386116	348	1.07679894967087
"rs305569"	0.72003545494508	348	1.10644783302041
"rs305574"	0.72003545494508	348	1.10644783302041
"rs305575"	0.72003545494508	348	1.10644783302041
"rs305608"	0.72003545494508	348	1.10644783302041
"rs305612"	0.72003545494508	348	1.10644783302041
"rs305614"	0.72003545494508	348	1.10644783302041
"rs305629"	0.72003545494508	348	1.10644783302041
"rs843990"	0.720043867616925	348	0.92848038381688
"rs1814942"	0.720045193629649	348	0.897794988157147
"rs227417"	0.720060458222353	348	1.14355986158459
"rs1906871"	0.720113427262628	348	0.870472103825125
"rs1906874"	0.720113427262628	348	0.870472103825125
"rs1906802"	0.720113427262633	348	0.870472103825127
"rs1743508"	0.72012794344627	348	0.905898961408218
"rs303819"	0.720134954003318	348	0.875614589687522
"rs1962219"	0.720167153470992	348	1.04587410287781
"rs884905"	0.720167303368846	348	0.892430713431382
"rs1805829"	0.720186623932952	348	1.10501147224239
"rs1350282"	0.720219587088869	348	0.769400904515696
"rs1350352"	0.720219587088869	348	0.769400904515696
"rs1376284"	0.720235114208293	348	1.13762949992843
"rs238861"	0.720271896378693	348	1.12635990437069
"rs1804027"	0.720308048681984	348	1.07253394953251
"rs743846"	0.720342939660673	348	1.15351506127025
"rs1807753"	0.720399529566808	348	1.33147171337909
"rs515722"	0.720416115871497	348	0.929482684307597
"rs451527"	0.720512115154679	348	1.13665971452274
"rs1640551"	0.720515094630956	348	0.854505344666697
"rs222884"	0.720524081685615	348	1.09344211883062
"rs896777"	0.720558295322083	348	0.94908083052256
"rs459962"	0.72056383081195	348	0.864546647331428
"rs390166"	0.720582916046191	348	1.07239525070225
"rs723399"	0.720611321374341	348	0.922899771255627
"rs845117"	0.720615953713073	348	0.974767460160622
"rs875898"	0.720618169297394	348	1.07579172269995
"rs565704"	0.720621744697433	348	0.953002476901378
"rs652102"	0.72062912383522	348	1.15686618720556
"rs1716127"	0.72064646682338	348	1.07935227900842
"rs1405151"	0.720672990980139	348	0.926025191120989
"rs81700"	0.720780672632367	348	1.05166301079636
"rs531033"	0.720847694791456	348	1.0648560029283
"rs264864"	0.720872951825118	348	1.12009594159808
"rs303496"	0.720920829075188	348	0.959343167729339
"rs788496"	0.720981317004202	348	0.055012831935362
"rs743677"	0.720987856236736	348	1.06603649429572
"rs468884"	0.72101468284177	348	1.08380556751347
"rs1769662"	0.721029240061527	348	1.10091074692815
"rs1080945"	0.721059134056724	348	1.08698618180867
"rs1349400"	0.721069478543542	348	1.15137526673438
"rs2118064"	0.72109223133125	348	0.890700304006402
"rs1823766"	0.721098010775844	348	0.914335461947271
"rs1823769"	0.721098010775844	348	0.914335461947271
"rs1823771"	0.721098010775844	348	0.914335461947271
"rs1823772"	0.721098010775844	348	0.914335461947271
"rs492611"	0.721099094347486	348	1.10389916531723
"rs1688244"	0.721153238637678	348	1.17315487869847
"rs2057962"	0.721162284823321	348	1.08578007654448
"rs2057963"	0.721162284823321	348	1.08578007654448
"rs2057965"	0.721162284823321	348	1.08578007654448
"rs2057968"	0.721162284823321	348	1.08578007654448
"rs2057977"	0.721162284823321	348	1.08578007654448
"rs1735030"	0.721170576239449	348	1.06680120482608
"rs1126373"	0.721193070939484	348	0.914894550195766
"rs1673081"	0.721216285449386	348	1.1528352324038
"rs1674383"	0.721216285449386	348	1.1528352324038
"rs1093653"	0.721219608119183	348	1.07477615744671
"rs532135"	0.721222218860159	348	1.08657909159503
"rs532330"	0.721222218860159	348	1.08657909159503
"rs532389"	0.721222218860159	348	1.08657909159503
"rs532404"	0.721222218860159	348	1.08657909159503
"rs532410"	0.721222218860159	348	1.08657909159503
"rs532455"	0.721222218860159	348	1.08657909159503
"rs532458"	0.721222218860159	348	1.08657909159503
"rs1459377"	0.721271546841274	348	0.93781368698298
"rs388134"	0.721291459473504	348	1.05815654069551
"rs1795192"	0.721311305295659	348	0.934034573371233
"rs913473"	0.721328423723147	348	0.901735170383915
"rs585064"	0.721338309921331	348	0.883837077672845
"rs856666"	0.721350849660786	348	1.06935582271281
"rs856669"	0.721350849660786	348	1.06935582271281
"rs856671"	0.721350849660786	348	1.06935582271281
"rs856673"	0.721350849660786	348	1.06935582271281
"rs1112981"	0.721366610080859	348	1.07180825295914
"rs2203272"	0.721382258325845	348	0.857301896850061
"rs1488583"	0.721405368195832	348	1.02390015222186
"rs187477"	0.721436368013995	348	0.900877621592513
"rs1832401"	0.72143692510937	348	0.785878086698032
"rs81323"	0.721483880812369	348	0.909098479960622
"rs1985146"	0.721485364486252	348	0.948043450216338
"rs518441"	0.721601312421008	348	1.07080453102504
"rs783440"	0.721609492970964	348	1.06726029955529
"rs579123"	0.721648456348287	348	0.937551030865778
"rs1072137"	0.721654984997741	348	0.973681588951972
"rs858816"	0.721680744810644	348	1.05318024304567
"rs519575"	0.721681145708834	348	0.938016616378558
"rs225700"	0.721696296553549	348	0.870625983832979
"rs498544"	0.721703151600817	348	1.10355936697048
"rs1086926"	0.721756033381409	348	0.921885409703011
"rs615834"	0.721810665345772	348	0.932426847068179
"rs2182154"	0.721815545974846	348	0.886172284456273
"rs2182158"	0.721815545974846	348	0.886172284456273
"rs2182177"	0.721815545974846	348	0.886172284456273
"rs381075"	0.721839374550963	348	0.946748866432452
"rs564183"	0.721910633222626	348	1.06519979207518
"rs2089783"	0.721936940305713	348	0.964251358252799
"rs1711077"	0.721964666909364	348	1.06835618721188
"rs1711330"	0.721964666909364	348	1.06835618721188
"rs57895"	0.721968629237583	348	0.914745355016038
"rs811205"	0.721971858438484	348	0.94648693711722
"rs742358"	0.721979715230558	348	0.94672479564597
"rs742361"	0.721979715230558	348	0.94672479564597
"rs742376"	0.721979715230558	348	0.94672479564597
"rs742379"	0.721979715230558	348	0.94672479564597
"rs742385"	0.721979715230558	348	0.94672479564597
"rs742403"	0.721979715230558	348	0.94672479564597
"rs742406"	0.721979715230558	348	0.94672479564597
"rs742409"	0.721979715230558	348	0.94672479564597
"rs742412"	0.721979715230558	348	0.94672479564597
"rs742424"	0.721979715230558	348	0.94672479564597
"rs742426"	0.721979715230558	348	0.94672479564597
"rs742427"	0.721979715230558	348	0.94672479564597
"rs742436"	0.721979715230558	348	0.94672479564597
"rs188695"	0.722133051996419	348	0.92081985956102
"rs188662"	0.722133051996419	348	0.920819859561025
"rs188638"	0.722133051996436	348	0.920819859561026
"rs188653"	0.722133051996436	348	0.920819859561026
"rs188656"	0.722133051996436	348	0.920819859561026
"rs188659"	0.722133051996436	348	0.920819859561026
"rs188665"	0.722133051996436	348	0.920819859561026
"rs188677"	0.722133051996436	348	0.920819859561026
"rs188680"	0.722133051996436	348	0.920819859561026
"rs188683"	0.722133051996436	348	0.920819859561026
"rs1766748"	0.722152670901159	348	1.05808177394633
"rs838436"	0.722164313354859	348	1.09303693487805
"rs838487"	0.722164313354859	348	1.09303693487805
"rs838496"	0.722164313354859	348	1.09303693487805
"rs731830"	0.722170066693636	348	0.930686916415294
"rs147583"	0.722171416497634	348	0.957502565152966
"rs147588"	0.722171416497634	348	0.957502565152966
"rs1567412"	0.722197589539308	348	1.06963763746247
"rs134236"	0.722269412975721	348	0.935738029543308
"rs2093512"	0.722270808131515	348	1.07167323538009
"rs156698"	0.722282757585335	348	1.04479632563315
"rs703790"	0.722318211526368	348	1.05433590674475
"rs1993345"	0.722385596547531	348	0.906024804144431
"rs1840535"	0.722388072571561	348	1.08213258715937
"rs229675"	0.722439134823795	348	1.14687798769613
"rs1823120"	0.722462991725151	348	0.931895554022705
"rs1823123"	0.722462991725151	348	0.931895554022705
"rs426558"	0.722568225791999	348	1.08593326741762
"rs342654"	0.722587436336659	348	0.898361343780654
"rs2069931"	0.722604098118917	348	0.899882743842393
"rs656263"	0.722607215613227	348	0.881036804784013
"rs491492"	0.722613201337133	348	1.0833669059457
"rs1881825"	0.722613635824251	348	1.08767075394354
"rs649107"	0.722621189624291	348	1.02522434637182
"rs225433"	0.722623925275231	348	0.901107977843733
"rs361902"	0.722635377002304	348	1.08187993061788
"rs1752501"	0.722650775783899	348	1.06268510903069
"rs644148"	0.722650966544954	348	1.1349767824629
"rs1922610"	0.722661429225921	348	1.10238192544384
"rs1322559"	0.722674285967132	348	1.08294854444597
"rs1322643"	0.722674285967132	348	1.08294854444597
"rs1322655"	0.722674285967132	348	1.08294854444597
"rs1322670"	0.722674285967132	348	1.08294854444597
"rs1322676"	0.722674285967132	348	1.08294854444597
"rs1322682"	0.722674285967132	348	1.08294854444597
"rs1322727"	0.722674285967132	348	1.08294854444597
"rs1322733"	0.722674285967132	348	1.08294854444597
"rs1620204"	0.72271784578411	348	1.06109242927778
"rs943216"	0.722754008314684	348	0.968057592125598
"rs843748"	0.722771243252772	348	0.92610994853261
"rs843755"	0.722771243252772	348	0.92610994853261
"rs843772"	0.722771243252772	348	0.92610994853261
"rs843779"	0.722771243252772	348	0.92610994853261
"rs856063"	0.722779043101509	348	1.05437909255531
"rs856087"	0.722779043101509	348	1.05437909255531
"rs2119910"	0.722806030477324	348	1.09835326665748
"rs2119916"	0.722806030477324	348	1.09835326665748
"rs910660"	0.722845339847457	348	0.922116778803119
"rs1896185"	0.722861840623165	348	1.09448361899872
"rs1136115"	0.722894701516848	348	1.0766516591227
"rs1136100"	0.722894701516851	348	1.0766516591227
"rs1136121"	0.722894701516851	348	1.0766516591227
"rs115607"	0.72292928669358	348	0.958557002850096
"rs115643"	0.72292928669358	348	0.958557002850096
"rs115694"	0.72292928669358	348	0.958557002850096
"rs115828"	0.72292928669358	348	0.958557002850096
"rs115909"	0.72292928669358	348	0.958557002850096
"rs1735716"	0.72297796684162	348	1.06982443383936
"rs1735718"	0.72297796684162	348	1.06982443383936
"rs1735740"	0.72297796684162	348	1.06982443383936
"rs508191"	0.723019173035986	348	1.08611702504795
"rs1753254"	0.723034081916147	348	1.05745340079962
"rs1784353"	0.723050009694815	348	0.983169749730119
"rs1665882"	0.723051168977128	348	0.911295685468462
"rs498960"	0.723058029507534	348	0.906894349440657
"rs99427"	0.723087017915531	348	1.06031911648156
"rs550393"	0.723096764470998	348	1.07804978572422
"rs2043190"	0.723117726507748	348	1.078778578736
"rs532390"	0.723124095580405	348	1.08401252995612
"rs2165899"	0.723131212670741	348	0.950660999155139
"rs5055"	0.723132697953235	348	0.888025105574371
"rs650226"	0.723155953453481	348	0.920752426721711
"rs984785"	0.72320607973395	348	1.04356402126023
"rs575660"	0.723208786629617	348	1.13545938105302
"rs2010810"	0.723261884187207	348	0.929080309531754
"rs343344"	0.723280534378497	348	1.06101048948421
"rs472931"	0.723296880825891	348	0.899038964248729
"rs1310945"	0.723306082467523	348	1.13250782302882
"rs1939963"	0.723306208386573	348	0.894639570069041
"rs1018759"	0.723340555499026	348	1.14919271390765
"rs1551422"	0.723374340209719	348	0.975012604966934
"rs511421"	0.72338408114035	348	1.09199487755596
"rs1716145"	0.723393828936742	348	1.06878678537259
"rs2002711"	0.723399111882931	348	0.905760873335857
"rs2002712"	0.723399111882931	348	0.905760873335857
"rs2002687"	0.723399111882934	348	0.905760873335858
"rs2002690"	0.723399111882934	348	0.905760873335858
"rs2002696"	0.723399111882934	348	0.905760873335858
"rs2002702"	0.723399111882934	348	0.905760873335858
"rs2002707"	0.723399111882934	348	0.905760873335858
"rs2002710"	0.723399111882934	348	0.905760873335858
"rs2002714"	0.723399111882934	348	0.905760873335858
"rs1146522"	0.723402916833973	348	1.07935921837284
"rs562199"	0.723418243482166	348	1.03439458988823
"rs562201"	0.723418243482166	348	1.03439458988823
"rs1815845"	0.723419454029354	348	1.11030724082827
"rs849287"	0.723456963504391	348	1.07497589193606
"rs542188"	0.723490659969553	348	0.934148559698291
"rs2157594"	0.72350566534727	348	0.960812192642391
"rs1962982"	0.723506281734624	348	1.08608055668179
"rs1816609"	0.723521213220102	348	0.921891485954211
"rs1816621"	0.723521213220102	348	0.921891485954211
"rs1816648"	0.723521213220102	348	0.921891485954211
"rs2006998"	0.723563423594622	348	1.13974320893147
"rs910759"	0.723658472066332	348	1.13944346769047
"rs910812"	0.723658472066332	348	1.13944346769047
"rs51803"	0.72371131914507	348	0.939754459210704
"rs1784257"	0.723715563877312	348	1.01809390645904
"rs914495"	0.723733088284192	348	1.10987076279508
"rs914498"	0.723733088284192	348	1.10987076279508
"rs914492"	0.723733088284196	348	1.10987076279508
"rs1314605"	0.72376610720067	348	0.943361314733499
"rs264216"	0.72376949828881	348	1.03262188006441
"rs819598"	0.723797499911898	348	0.940534016383146
"rs1550335"	0.723815998450631	348	0.887636365883639
"rs1550350"	0.723815998450631	348	0.887636365883639
"rs1996689"	0.723834190898985	348	0.941593993409226
"rs37236"	0.723873100030898	348	0.856127755723656
"rs549161"	0.723873100030898	348	0.856127755723656
"rs643469"	0.723873100030898	348	0.856127755723656
"rs994128"	0.723873100030898	348	0.856127755723656
"rs996107"	0.723873100030898	348	0.856127755723656
"rs645869"	0.723873100030898	348	0.856127755723658
"rs960687"	0.723873100030899	348	0.856127755723656
"rs506628"	0.723873100030899	348	0.856127755723657
"rs399041"	0.723873100030912	348	0.856127755723662
"rs399128"	0.723873100030912	348	0.856127755723662
"rs399315"	0.723873100030912	348	0.856127755723662
"rs1163292"	0.723894024092578	348	1.05981476904263
"rs226246"	0.723916650072068	348	0.894420525209065
"rs637102"	0.723928046956361	348	1.06672652171848
"rs1647544"	0.723931188322286	348	1.06745691934518
"rs803599"	0.723956034824473	348	1.07750106997922
"rs803602"	0.723956034824473	348	1.07750106997922
"rs803614"	0.723956034824473	348	1.07750106997922
"rs803623"	0.723956034824473	348	1.07750106997922
"rs803632"	0.723956034824473	348	1.07750106997922
"rs803639"	0.723956034824473	348	1.07750106997922
"rs803643"	0.723956034824473	348	1.07750106997922
"rs803647"	0.723956034824473	348	1.07750106997922
"rs803653"	0.723956034824473	348	1.07750106997922
"rs803663"	0.723956034824473	348	1.07750106997922
"rs803665"	0.723956034824473	348	1.07750106997922
"rs803671"	0.723956034824473	348	1.07750106997922
"rs803675"	0.723956034824473	348	1.07750106997922
"rs803677"	0.723956034824473	348	1.07750106997922
"rs803689"	0.723956034824473	348	1.07750106997922
"rs803692"	0.723956034824473	348	1.07750106997922
"rs337662"	0.723973403168193	348	1.05905246491156
"rs103742"	0.723999696019343	348	1.09407588816928
"rs557812"	0.724024459954431	348	0.942301321221394
"rs1412453"	0.724121303197786	348	0.910899560039682
"rs819533"	0.724168954493802	348	0.948113572851715
"rs556881"	0.724194219831254	348	1.32877302360181
"rs100309"	0.724199836020432	348	1.05533274056416
"rs552568"	0.724231065586853	348	0.925590657849831
"rs343656"	0.724244940175825	348	0.896985139715139
"rs548498"	0.724260248065878	348	0.935466410811951
"rs1123461"	0.724270241061278	348	1.07564359653161
"rs1779763"	0.724305871896751	348	0.941688066094581
"rs1779808"	0.724305871896751	348	0.941688066094581
"rs1779814"	0.724305871896751	348	0.941688066094581
"rs1779817"	0.724305871896751	348	0.941688066094581
"rs1779819"	0.724305871896751	348	0.941688066094581
"rs1779844"	0.724305871896751	348	0.941688066094581
"rs1779847"	0.724305871896751	348	0.941688066094581
"rs461163"	0.724338454755938	348	1.33138661516383
"rs64766"	0.724341258269862	348	0.939225903686135
"rs2217782"	0.724354087216937	348	1.10190774330005
"rs2010577"	0.724368378199509	348	1.08907994275093
"rs2047653"	0.724382767658298	348	1.0551762512364
"rs839523"	0.724382906727117	348	0.939576833845806
"rs839541"	0.724382906727117	348	0.939576833845806
"rs839588"	0.724382906727117	348	0.939576833845806
"rs839645"	0.724382906727117	348	0.939576833845806
"rs1758306"	0.72444977975808	348	1.0586213743605
"rs1798451"	0.724451844345221	348	0.937424661295184
"rs1055477"	0.72445848122209	348	3.61453786718784
"rs565054"	0.72446298798324	348	0.959811553643698
"rs1293612"	0.724494806232113	348	1.04775384194823
"rs51397"	0.72457216169372	348	1.09892253156244
"rs51452"	0.72457216169372	348	1.09892253156244
"rs1596992"	0.724609771076074	348	0.942701842983201
"rs846428"	0.72467181559694	348	1.07584310320349
"rs1399972"	0.724686031559246	348	0.930626854591156
"rs1399977"	0.724686031559246	348	0.930626854591156
"rs1448673"	0.724705151779942	348	0.832953679805368
"rs2120466"	0.724705151779943	348	0.832953679805368
"rs637576"	0.724705151779946	348	0.832953679805369
"rs637579"	0.724705151779946	348	0.832953679805369
"rs637580"	0.724705151779946	348	0.832953679805369
"rs637582"	0.724705151779946	348	0.832953679805369
"rs118024"	0.724729980999868	348	1.0300445688838
"rs1778922"	0.724749272107519	348	1.05533094982665
"rs1160459"	0.724768194402231	348	1.07498210068238
"rs39213"	0.724774215463375	348	0.88450083739005
"rs39268"	0.724774215463375	348	0.88450083739005
"rs1546199"	0.724774215463379	348	1.13058117949414
"rs2011009"	0.724795815042191	348	1.07000319460272
"rs327535"	0.724825929587996	348	1.06420087792515
"rs327538"	0.724825929587996	348	1.06420087792515
"rs327539"	0.724825929587996	348	1.06420087792515
"rs327541"	0.724825929587996	348	1.06420087792515
"rs327544"	0.724825929587996	348	1.06420087792515
"rs1020965"	0.724858471790892	348	1.13487179642012
"rs469721"	0.724890720404935	348	1.05582616808179
"rs415095"	0.724894459228428	348	0.941089868023044
"rs223904"	0.724910245146484	348	1.07657668699639
"rs639678"	0.724929128046865	348	0.934630752876242
"rs1617880"	0.724967126222962	348	1.11278519642239
"rs545099"	0.724987098426958	348	1.08999031289429
"rs545102"	0.724987098426958	348	1.08999031289429
"rs545105"	0.724987098426958	348	1.08999031289429
"rs545111"	0.724987098426958	348	1.08999031289429
"rs853986"	0.725001265405343	348	1.05291222129231
"rs1796516"	0.725004231070935	348	5.83471506732657
"rs1802238"	0.725004231070935	348	5.83471506732657
"rs1803781"	0.725004231070935	348	5.83471506732657
"rs1805808"	0.725004231070935	348	5.83471506732657
"rs1807184"	0.725004231070935	348	5.83471506732657
"rs1808270"	0.725004231070935	348	5.83471506732657
"rs1799129"	0.725004231070942	348	5.80513204978207
"rs2216382"	0.725010534517725	348	0.917779105064063
"rs804059"	0.725021423334167	348	1.0566805689071
"rs606196"	0.725041165314875	348	1.09267544607927
"rs102013"	0.725056807458275	348	0.931420646432465
"rs102014"	0.725056807458275	348	0.931420646432465
"rs536386"	0.725058468801713	348	0.928252484303883
"rs2181328"	0.725107011678921	348	1.05586334878979
"rs2173237"	0.725126700643762	348	1.04823843227994
"rs711690"	0.725162565495489	348	0.956254729558793
"rs1884514"	0.725231144149299	348	1.16095707269735
"rs613334"	0.725238978790898	348	1.07073720806076
"rs1714977"	0.725264329375735	348	1.05419470784365
"rs40567"	0.725324301768743	348	1.08031599338993
"rs475470"	0.7253475277157	348	0.969602058172064
"rs945353"	0.725371475165935	348	1.08471628507747
"rs342512"	0.725381818993927	348	0.900182960661541
"rs343083"	0.725381818993927	348	0.900182960661541
"rs2047657"	0.725417888977284	348	1.02738738618032
"rs835306"	0.725509441150107	348	0.936858519141509
"rs304500"	0.725544813829426	348	1.09070694546183
"rs304503"	0.725544813829426	348	1.09070694546183
"rs304506"	0.725544813829426	348	1.09070694546183
"rs304509"	0.725544813829426	348	1.09070694546183
"rs417040"	0.725559061854462	348	1.06137468400085
"rs1114189"	0.725573455066082	348	0.945189471076235
"rs1580098"	0.725576604761043	348	1.06638912187824
"rs1068402"	0.725637293123216	348	0.963996643339725
"rs544148"	0.72564525840906	348	0.938744846985654
"rs864848"	0.725650432679935	348	0.926360688226171
"rs865894"	0.725650432679935	348	0.926360688226171
"rs866677"	0.725650432679935	348	0.926360688226171
"rs867636"	0.725650432679935	348	0.926360688226171
"rs546420"	0.725706662550981	348	0.945017848370257
"rs514080"	0.725726300943727	348	1.13082835757833
"rs461933"	0.725734268251258	348	1.08611668137343
"rs510438"	0.72574836660121	348	0.963407359600797
"rs510439"	0.72574836660121	348	0.963407359600797
"rs510444"	0.72574836660121	348	0.963407359600797
"rs510447"	0.72574836660121	348	0.963407359600797
"rs344502"	0.72582919921846	348	0.905103680964803
"rs1290862"	0.725831244604802	348	0.946972599633555
"rs1552793"	0.72586909826891	348	1.07511714879789
"rs900230"	0.725900875980013	348	1.12331646252134
"rs1674885"	0.725924733070094	348	1.13407375922848
"rs1677577"	0.725924733070094	348	1.13407375922848
"rs1677765"	0.725924733070094	348	1.13407375922848
"rs1633200"	0.725925199512432	348	7.94134478724358
"rs463949"	0.725936304694783	348	0.931396873915083
"rs743877"	0.725958157364185	348	1.07047836232365
"rs225762"	0.72597442567682	348	1.06719621625818
"rs641081"	0.725982398666423	348	0.948510590247801
"rs581399"	0.726014954514165	348	0.928367553759947
"rs1926236"	0.726057299972177	348	0.93683088333686
"rs214661"	0.726102525368578	348	0.940672783110726
"rs295234"	0.726175553608791	348	0.868627526846512
"rs1087127"	0.72623488331323	348	0.926650301160508
"rs545910"	0.726238101617412	348	0.903952087872126
"rs545913"	0.726238101617412	348	0.903952087872126
"rs1818921"	0.726270741494811	348	0.856984561209483
"rs2081152"	0.726270741494824	348	0.856984561209488
"rs627617"	0.7262951461228	348	0.903127583039953
"rs1446235"	0.726298480880733	348	0.927900394798927
"rs1103600"	0.726301970475088	348	1.13784438632808
"rs153644"	0.726316868356269	348	1.04811267749381
"rs477600"	0.726322202448059	348	0.936560218361345
"rs477608"	0.726322202448059	348	0.936560218361345
"rs1714896"	0.726398473344824	348	0.945245904817482
"rs1714898"	0.726398473344824	348	0.945245904817482
"rs562371"	0.726407618244186	348	0.967439848064107
"rs95754"	0.72646160979101	348	1.11800009876618
"rs2112009"	0.726464211654405	348	0.840775444586155
"rs372967"	0.726470475499969	348	0.890792479195413
"rs374940"	0.726470475499969	348	0.890792479195413
"rs525468"	0.72657546019942	348	0.923754746249827
"rs384750"	0.726598002701865	348	1.05876370190114
"rs1754972"	0.72661462378931	348	0.937896476286203
"rs1116009"	0.726622204982114	348	0.948254415445748
"rs2037389"	0.726668344271574	348	1.11271827820592
"rs2037425"	0.726668344271574	348	1.11271827820592
"rs831994"	0.726720715714672	348	0.855805468789506
"rs831868"	0.726720715714672	348	0.855805468789505
"rs831880"	0.726720715714672	348	0.855805468789505
"rs831883"	0.726720715714672	348	0.855805468789505
"rs831886"	0.726720715714672	348	0.855805468789505
"rs831892"	0.726720715714672	348	0.855805468789505
"rs831915"	0.726720715714672	348	0.855805468789505
"rs818556"	0.726739902842711	348	0.935488454154267
"rs353559"	0.72674199349498	348	1.08395282182878
"rs353560"	0.72674199349498	348	1.08395282182878
"rs353571"	0.72674199349498	348	1.08395282182878
"rs353591"	0.72674199349498	348	1.08395282182878
"rs353606"	0.72674199349498	348	1.08395282182878
"rs353610"	0.72674199349498	348	1.08395282182878
"rs353636"	0.72674199349498	348	1.08395282182878
"rs1127122"	0.72674312817361	348	0.917591923763892
"rs382309"	0.726751649892221	348	0.945539777178043
"rs1792928"	0.7267570843307	348	1.07148235990098
"rs1344399"	0.726790348643336	348	1.11254893910417
"rs2111086"	0.726798969062014	348	0.964303112731741
"rs1399260"	0.726822686818608	348	0.776907151077195
"rs1400086"	0.726822686818608	348	0.776907151077195
"rs1400957"	0.726822686818608	348	0.776907151077195
"rs552607"	0.726826521284016	348	1.05953217381681
"rs2117836"	0.726844274527227	348	0.9457590202326
"rs366985"	0.726884327548815	348	1.05996885252164
"rs1583077"	0.726890176029058	348	0.942463377069956
"rs917764"	0.726892134161923	348	1.07151970392558
"rs1015525"	0.726905761850087	348	0.893983775378417
"rs811271"	0.72692042207593	348	1.09643711988187
"rs811277"	0.72692042207593	348	1.09643711988187
"rs811325"	0.72692042207593	348	1.09643711988187
"rs811343"	0.72692042207593	348	1.09643711988187
"rs811358"	0.72692042207593	348	1.09643711988187
"rs331298"	0.726926743809137	348	1.10061765684607
"rs606476"	0.726938141832375	348	1.10131713453113
"rs1720502"	0.726943268839255	348	1.08480179999511
"rs250243"	0.726947074355614	348	0.939216932731937
"rs1616050"	0.726969653623307	348	0.90290998953338
"rs142052"	0.726990560217769	348	0.983074013238971
"rs610405"	0.727019654343412	348	1.08985543908317
"rs2126841"	0.727039787503563	348	1.06549224362233
"rs96024"	0.727103047342586	348	1.06008078550473
"rs301974"	0.727140437375144	348	1.10415357581277
"rs851878"	0.727151278448676	348	1.1339126089586
"rs1381387"	0.727172003448196	348	1.09811022985049
"rs1038935"	0.727232602740685	348	0.931098899320009
"rs341000"	0.727241907329006	348	0.92836990362172
"rs341001"	0.727241907329006	348	0.92836990362172
"rs341018"	0.727241907329006	348	0.92836990362172
"rs341041"	0.727241907329006	348	0.92836990362172
"rs341057"	0.727241907329006	348	0.92836990362172
"rs454211"	0.727253317959702	348	0.898171380764656
"rs875593"	0.727290140910676	348	0.907158704912983
"rs876167"	0.727290140910676	348	0.907158704912983
"rs876881"	0.727290140910676	348	0.907158704912983
"rs1846155"	0.727301471473588	348	1.08741534553537
"rs1546568"	0.7273411362836	348	0.942130265930733
"rs1546585"	0.7273411362836	348	0.942130265930733
"rs652065"	0.727341664217498	348	1.15637892749677
"rs652141"	0.727341664217498	348	1.15637892749677
"rs652273"	0.727341664217498	348	1.15637892749677
"rs653168"	0.727341664217498	348	1.15637892749677
"rs653466"	0.727341664217498	348	1.15637892749677
"rs653532"	0.727341664217498	348	1.15637892749677
"rs653544"	0.727341664217498	348	1.15637892749677
"rs329830"	0.727356075169964	348	0.882114182613973
"rs329884"	0.727356075169964	348	0.882114182613973
"rs1443903"	0.727410476725131	348	1.10428919718146
"rs507392"	0.727503318634121	348	0.884520422119593
"rs1688428"	0.727513359506805	348	0.941318376946559
"rs395851"	0.727524800488413	348	1.07325880017459
"rs1636851"	0.727542244483576	348	1.06283196033659
"rs701973"	0.727551652636455	348	1.06000860870054
"rs331042"	0.727622954474437	348	1.10055921244965
"rs489767"	0.727633393714284	348	0.910789660151795
"rs489775"	0.727633393714284	348	0.910789660151795
"rs755917"	0.727651879808551	348	0.910831190045467
"rs175194"	0.727666269207882	348	1.13977794496709
"rs605847"	0.727745927634204	348	1.09288808915495
"rs1060202"	0.727760940440969	348	0.908627676078161
"rs2147682"	0.727810892981115	348	1.03466603276881
"rs325851"	0.727820092541471	348	0.90023927821501
"rs85179"	0.727820466563573	348	1.06138640926787
"rs532187"	0.727835791149591	348	1.08262089653258
"rs207669"	0.727862251043933	348	0.936634152908278
"rs1743161"	0.727867242609075	348	0.931929280176667
"rs1896064"	0.727905578975997	348	0.7907409626244
"rs1053321"	0.727919320041033	348	0.882975188329025
"rs1696135"	0.72792656015516	348	1.07328914214887
"rs1467830"	0.727940358135227	348	1.08871043812897
"rs1468040"	0.727940358135227	348	1.08871043812897
"rs467842"	0.727964045865267	348	1.07833308069687
"rs1894358"	0.728000905786325	348	1.0890308336758
"rs1754348"	0.728039323555579	348	0.948496741824134
"rs1754349"	0.728039323555579	348	0.948496741824134
"rs1754350"	0.728039323555579	348	0.948496741824134
"rs1449858"	0.728046443962692	348	1.06861570848119
"rs1597998"	0.728068767461483	348	0.933948201378628
"rs278429"	0.728089553257066	348	1.19249376746132
"rs1088134"	0.728140763748002	348	2.43283649208002
"rs909020"	0.728155431790118	348	1.07798770599561
"rs909036"	0.728155431790118	348	1.07798770599561
"rs2211719"	0.728172729028298	348	1.07982325336917
"rs273280"	0.728316638202037	348	1.05309585109222
"rs134087"	0.728342488933687	348	1.03930499434173
"rs2217971"	0.728407956891107	348	0.867996644201414
"rs1356261"	0.728413657659444	348	0.788279725149342
"rs88008"	0.728415772150265	348	0.926917791058584
"rs2039783"	0.72845536786939	348	0.911218605544186
"rs325174"	0.728462429086311	348	0.91182656631148
"rs2144239"	0.728467255274443	348	0.935366395181107
"rs2170168"	0.728493891580502	348	0.973274756500503
"rs725246"	0.728569360415659	348	0.984670299851781
"rs247096"	0.728569790566164	348	1.08712779695048
"rs2174114"	0.728608735857217	348	0.957646513635446
"rs531852"	0.728641703815616	348	1.07743132568863
"rs299594"	0.728644528224332	348	0.912617481191933
"rs126798"	0.72865793949561	348	1.04267797734069
"rs126800"	0.72865793949561	348	1.04267797734069
"rs47182"	0.728671317788081	348	1.06652724198593
"rs2057986"	0.728678207347525	348	0.930752910746683
"rs2057992"	0.728678207347525	348	0.930752910746683
"rs2058004"	0.728678207347525	348	0.930752910746683
"rs2058007"	0.728678207347525	348	0.930752910746683
"rs2058010"	0.728678207347525	348	0.930752910746683
"rs384127"	0.728711873630579	348	0.902009215330563
"rs498734"	0.728722728215887	348	0.916694982036397
"rs2119195"	0.728764486488985	348	1.07003989374036
"rs694275"	0.728784981028933	348	0.935495365883184
"rs636665"	0.72880079428254	348	1.11124821629086
"rs1703907"	0.728813076152695	348	1.06857639206237
"rs2111051"	0.728825122107427	348	1.03265316754903
"rs1478366"	0.72882741531689	348	0.93493362984649
"rs1734491"	0.728883154256235	348	1.06616681662805
"rs1802262"	0.728883307858043	348	1.07834283451831
"rs1802265"	0.728883307858043	348	1.07834283451831
"rs2163179"	0.728898949535251	348	1.04220290823993
"rs2100105"	0.728905934745387	348	0.945386672008632
"rs1129689"	0.728947015397965	348	0.945172118111952
"rs856247"	0.72896194246398	348	1.10314479532098
"rs856357"	0.72896194246398	348	1.10314479532098
"rs1117366"	0.728980812236401	348	0.916754848512121
"rs485048"	0.729004158111874	348	0.956452447125546
"rs1937583"	0.729023764915033	348	0.933092744138271
"rs1766610"	0.729050912673188	348	1.06270045193815
"rs825218"	0.729080313434476	348	1.09804044352133
"rs825355"	0.729080313434476	348	1.09804044352133
"rs835327"	0.72909923013868	348	0.934359405290303
"rs1166894"	0.729100356208647	348	0.953989853661582
"rs396566"	0.729112402677545	348	0.930231765749311
"rs246857"	0.729120390017036	348	1.07141163316109
"rs1291352"	0.72915481246514	348	1.03999763821101
"rs2158326"	0.729211838842061	348	1.05838695361164
"rs2011661"	0.729237583827508	348	1.10528706136404
"rs1002638"	0.729250134140106	348	0.937535694799486
"rs1903480"	0.729261997759591	348	0.88897497618022
"rs942688"	0.729263441312303	348	1.10625777920629
"rs942697"	0.729263441312303	348	1.10625777920629
"rs942698"	0.729263441312303	348	1.10625777920629
"rs1319854"	0.729263768250253	348	1.11340065896008
"rs1540849"	0.72927912621878	348	0.894797383951567
"rs2195675"	0.729328108922675	348	0.79160305479845
"rs1874697"	0.729329857717232	348	0.937682007961592
"rs573407"	0.729330193202287	348	1.11092359820072
"rs580220"	0.729349108051878	348	0.933023131394133
"rs580223"	0.729349108051878	348	0.933023131394133
"rs411724"	0.729384634726404	348	0.935652015976587
"rs902095"	0.729414728034055	348	1.10236888598996
"rs719028"	0.729438020921083	348	1.10409647057795
"rs562309"	0.729448966530202	348	1.03769709781504
"rs2165568"	0.729454291896145	348	1.08246617849057
"rs1734401"	0.729494003217305	348	1.06597235384901
"rs1562270"	0.729503723149585	348	0.932538807777176
"rs2015894"	0.729527620666613	348	0.929355937133611
"rs64374"	0.729530388132772	348	0.937790396426696
"rs458532"	0.729540420505295	348	1.08779694195167
"rs227260"	0.72954975180369	348	1.1383787732394
"rs227264"	0.72954975180369	348	1.1383787732394
"rs1045610"	0.729579993945677	348	1.08244629724061
"rs219305"	0.729584975249802	348	0.874778256491115
"rs1083460"	0.729648967170313	348	0.893354618318216
"rs517813"	0.729667391421883	348	1.06725759557369
"rs339738"	0.729677963318442	348	1.07757001580863
"rs591149"	0.729678544478131	348	0.930784845476688
"rs1447726"	0.72968430835164	348	0.94075017478233
"rs516665"	0.729737361789653	348	0.949157396517286
"rs1415993"	0.729765341186915	348	1.04788557097039
"rs713142"	0.729789534808623	348	0.925092700276816
"rs1351866"	0.729810971437162	348	0.781690560222784
"rs584119"	0.729827920748763	348	0.929027847207107
"rs584121"	0.729827920748763	348	0.929027847207107
"rs769043"	0.729835693068732	348	1.08727481617723
"rs769052"	0.729835693068732	348	1.08727481617723
"rs769055"	0.729835693068732	348	1.08727481617723
"rs1438791"	0.729852741489269	348	0.949017265622252
"rs2035171"	0.729869606706477	348	1.09772178868062
"rs2035195"	0.729869606706477	348	1.09772178868062
"rs2035223"	0.729869606706477	348	1.09772178868062
"rs1779558"	0.729891474488424	348	0.941530357520974
"rs2004498"	0.729920931590961	348	1.08408474470712
"rs1075727"	0.729947080488439	348	1.07506233316361
"rs1628634"	0.729948671625774	348	1.31676880865264
"rs22597"	0.729957521748266	348	0.956309497005771
"rs1768047"	0.730005849031941	348	1.07773624057376
"rs1370401"	0.730047436503739	348	1.03611152462142
"rs163040"	0.730050351048611	348	0.945240820101265
"rs817904"	0.73006161100156	348	0.956850990282572
"rs2059195"	0.73006901118929	348	1.08504166151645
"rs1642305"	0.730071750415855	348	1.10243138864224
"rs418731"	0.730094222607449	348	1.09326465630359
"rs418736"	0.730094222607449	348	1.09326465630359
"rs418737"	0.730094222607449	348	1.09326465630359
"rs418742"	0.730094222607449	348	1.09326465630359
"rs418750"	0.730094222607449	348	1.09326465630359
"rs418752"	0.730094222607449	348	1.09326465630359
"rs1047861"	0.730112061363241	348	0.932906935293291
"rs503151"	0.730255864339827	348	1.08335391831381
"rs1370320"	0.730257066314142	348	1.03604948203347
"rs1013920"	0.730265467792853	348	0.972673960508178
"rs157923"	0.730276833233336	348	1.07457377368583
"rs2048815"	0.730285714867762	348	0.927668151157731
"rs1163448"	0.73029543030886	348	1.05389231811765
"rs458493"	0.730313212846865	348	0.916989559597876
"rs458500"	0.730313212846865	348	0.916989559597876
"rs458501"	0.730313212846865	348	0.916989559597876
"rs458503"	0.730313212846865	348	0.916989559597876
"rs458506"	0.730313212846865	348	0.916989559597876
"rs458513"	0.730313212846865	348	0.916989559597876
"rs458520"	0.730313212846865	348	0.916989559597876
"rs458533"	0.730313212846865	348	0.916989559597876
"rs458544"	0.730313212846865	348	0.916989559597876
"rs458545"	0.730313212846865	348	0.916989559597876
"rs642449"	0.730336559427225	348	1.1254866154005
"rs325931"	0.730344053793544	348	1.05929504701096
"rs1293711"	0.730345251975246	348	0.950539739505284
"rs2170597"	0.73034639337757	348	0.972820430405245
"rs2170598"	0.73034639337757	348	0.972820430405245
"rs1145355"	0.73035883171728	348	0.922166320358041
"rs1145503"	0.73035883171728	348	0.922166320358041
"rs1325495"	0.730374322560905	348	1.07753409695402
"rs1325498"	0.730374322560905	348	1.07753409695402
"rs1325501"	0.730374322560905	348	1.07753409695402
"rs1325525"	0.730374322560905	348	1.07753409695402
"rs1092492"	0.730379170146899	348	1.06739676976141
"rs330610"	0.730395479226256	348	1.05363905404259
"rs2173219"	0.730448799229809	348	1.05093391697998
"rs840611"	0.730454813551105	348	1.06840452240522
"rs790714"	0.730479474651819	348	0.974455874340811
"rs872272"	0.730531037589839	348	0.952037762973777
"rs1291353"	0.73060157145	348	0.947992254102936
"rs1021225"	0.730656027121424	348	0.884478439996917
"rs2069966"	0.730700181574613	348	0.95565942873779
"rs527870"	0.730703701800364	348	1.06160795550008
"rs1570302"	0.73071559001051	348	0.862516140604202
"rs1655752"	0.730779293076312	348	1.08316167919196
"rs737417"	0.730792155042884	348	0.89585985178712
"rs737799"	0.730792155042884	348	0.89585985178712
"rs737998"	0.730792155042884	348	0.89585985178712
"rs804122"	0.730815270140053	348	1.05735972420971
"rs144902"	0.730816430073076	348	0.936602577156366
"rs144921"	0.730816430073076	348	0.936602577156366
"rs781164"	0.730850822314732	348	1.06132793618746
"rs372408"	0.730873363983459	348	1.06076594943859
"rs803680"	0.730883732590387	348	0.914729609696207
"rs803731"	0.730883732590387	348	0.914729609696207
"rs803737"	0.730883732590387	348	0.914729609696207
"rs1135965"	0.730902730229039	348	0.914732296224177
"rs1385614"	0.730952568732649	348	0.895070423786238
"rs1385620"	0.730952568732649	348	0.895070423786238
"rs1978464"	0.730993137810063	348	1.0688236049251
"rs499356"	0.731018282955725	348	1.05513862263402
"rs1605209"	0.731019369698162	348	1.06391747574531
"rs1648276"	0.731040797887758	348	1.13497761580064
"rs533449"	0.731063295558872	348	1.0613057314806
"rs115993"	0.731065417890354	348	0.960065378542142
"rs116299"	0.731065417890354	348	0.960065378542142
"rs116769"	0.731065417890354	348	0.960065378542142
"rs117388"	0.731065417890354	348	0.960065378542142
"rs1832929"	0.731065968880696	348	0.93341037236144
"rs613393"	0.731090553242867	348	0.80735647196172
"rs1333153"	0.731097956713209	348	0.9173935894173
"rs1688654"	0.731107776845747	348	0.892091955341233
"rs544177"	0.73111686350925	348	0.912582037467947
"rs1699768"	0.731124968369444	348	1.0747230462194
"rs1170836"	0.731135870480504	348	1.03144814185138
"rs47918"	0.731208737565195	348	1.05609669706661
"rs1610252"	0.731265724920733	348	0.917400617708936
"rs1822328"	0.731270292571281	348	1.09590887776453
"rs247277"	0.731275337201574	348	0.938367384568079
"rs942788"	0.731328635324589	348	0.967248689523511
"rs240196"	0.731329512047701	348	1.0801646166386
"rs240201"	0.731329512047701	348	1.0801646166386
"rs475186"	0.731333260328922	348	0.908839445201749
"rs475187"	0.731333260328922	348	0.908839445201749
"rs475190"	0.731333260328922	348	0.908839445201749
"rs147529"	0.731383774668953	348	1.05298914251492
"rs147531"	0.731383774668953	348	1.05298914251492
"rs147537"	0.731383774668953	348	1.05298914251492
"rs147541"	0.731383774668953	348	1.05298914251492
"rs147543"	0.731383774668953	348	1.05298914251492
"rs1887662"	0.731405952850882	348	1.07406038886357
"rs2170146"	0.731442866167427	348	0.973477027430896
"rs2170150"	0.731442866167427	348	0.973477027430896
"rs2170157"	0.731442866167427	348	0.973477027430896
"rs125829"	0.731505019022714	348	0.928470452497629
"rs819264"	0.731520641465672	348	0.947167843962067
"rs479362"	0.731539271115598	348	0.844670269734571
"rs479674"	0.731539271115598	348	0.844670269734571
"rs897075"	0.731548232025968	348	1.02023794046267
"rs1447915"	0.731562654794838	348	0.948594591304649
"rs319579"	0.731570096607606	348	1.10935779259829
"rs120764"	0.731571279954721	348	1.0596435118018
"rs126110"	0.731605741398208	348	1.09392738077864
"rs1887142"	0.731606239435824	348	1.0645525808864
"rs273890"	0.731616151079012	348	0.944703681696132
"rs1598918"	0.731665809981849	348	0.951041439144643
"rs92192"	0.731743334502783	348	1.05922470708827
"rs1879915"	0.731815996619086	348	0.920031663755418
"rs2111961"	0.731896997354723	348	0.843200775166163
"rs843782"	0.731906315563072	348	0.933380134336734
"rs616717"	0.731961741543236	348	1.08000414443065
"rs145279"	0.7320594396655	348	0.942815818430414
"rs1014971"	0.732093352163538	348	0.924413558488297
"rs83057"	0.732100823004859	348	0.924705620419507
"rs297894"	0.732161086282907	348	1.08451863047265
"rs1822096"	0.732192221267684	348	1.1499671330195
"rs1196558"	0.73220434779828	348	0.948542339370526
"rs2120746"	0.732214125347356	348	1.04943515984447
"rs858454"	0.732216304036486	348	1.10163167187016
"rs858522"	0.732216304036486	348	1.10163167187016
"rs489140"	0.732252286454069	348	1.03844259810935
"rs1353834"	0.732254687088553	348	0.89803212426981
"rs1351233"	0.732285430523155	348	0.783866174602735
"rs1595050"	0.732337380731584	348	1.10942410629343
"rs267533"	0.732368048950668	348	0.984366806746441
"rs1742579"	0.732372862572265	348	1.07742572074839
"rs1696856"	0.732382655260945	348	0.945281305334009
"rs358269"	0.732383004699474	348	1.07670705275471
"rs1837457"	0.732413098354951	348	0.913565345048239
"rs201814"	0.732423333339279	348	0.945269487593468
"rs811505"	0.732425144881035	348	0.952242002904712
"rs811553"	0.732425144881035	348	0.952242002904712
"rs492878"	0.732474613549822	348	1.18482907024171
"rs126819"	0.732484625475121	348	1.05094401856136
"rs1114183"	0.732505796486155	348	0.946547988705347
"rs1114188"	0.732505796486155	348	0.946547988705347
"rs1114191"	0.732505796486155	348	0.946547988705347
"rs830743"	0.732519382354443	348	0.89782122745161
"rs2121365"	0.732520450169839	348	1.0478385989562
"rs109531"	0.732590633774109	348	1.07827735351412
"rs128261"	0.732593204817869	348	0.940770957066303
"rs1805946"	0.732609011319092	348	1.10508648721865
"rs295204"	0.732612024407042	348	1.06330585288092
"rs928891"	0.732674206159023	348	0.958498704012015
"rs1598711"	0.732684397999932	348	1.08873770215011
"rs1087614"	0.732718004919799	348	0.91567692752551
"rs839027"	0.732792470517606	348	1.07988485439723
"rs839488"	0.732792470517606	348	1.07988485439723
"rs834311"	0.732792470517608	348	1.07988485439723
"rs846710"	0.732792470517608	348	1.07988485439723
"rs847312"	0.732792470517608	348	1.07988485439723
"rs1799970"	0.732855802566794	348	1.07991488580055
"rs1611153"	0.732892182728953	348	1.09897690812429
"rs129194"	0.733034631858755	348	0.953494952807432
"rs1580642"	0.733098682527	348	0.955434657383591
"rs1196707"	0.733103124905419	348	1.06119330280321
"rs1196708"	0.733103124905419	348	1.06119330280321
"rs1196709"	0.733103124905419	348	1.06119330280321
"rs1196710"	0.733103124905419	348	1.06119330280321
"rs330541"	0.733129434897172	348	1.02026540539092
"rs1775242"	0.733176651248823	348	1.07147919773871
"rs1776316"	0.733186506283474	348	1.07148299058147
"rs170831"	0.733208963641197	348	1.11324399160605
"rs557363"	0.73333898910744	348	0.916497004037915
"rs631297"	0.73333898910744	348	0.916497004037915
"rs640630"	0.73333898910744	348	0.916497004037915
"rs640638"	0.73333898910744	348	0.916497004037915
"rs633676"	0.733371659163719	348	0.949740063980138
"rs127479"	0.733398711520443	348	1.0959918072456
"rs1592655"	0.733438764912875	348	1.05921326740396
"rs1156919"	0.733444832902251	348	0.979166889418444
"rs2152418"	0.733478106857764	348	1.06794259662047
"rs1962358"	0.733487310235885	348	0.771239441500219
"rs89876"	0.733515462820511	348	0.982358252713349
"rs1964978"	0.733517493516537	348	0.919869257957308
"rs653170"	0.73354602639987	348	1.16090387222444
"rs1655617"	0.733567124996395	348	0.945405523618266
"rs1816386"	0.733594372437843	348	1.12471390304368
"rs172093"	0.733606624338277	348	0.942588902383683
"rs702263"	0.733669462130333	348	0.88678054431847
"rs702284"	0.733669462130333	348	0.88678054431847
"rs1927736"	0.733672751455815	348	1.08536956633539
"rs2024180"	0.733691583977814	348	0.908772457769481
"rs57222"	0.733716346484803	348	0.928194657575166
"rs900152"	0.733805109935336	348	0.794204336089285
"rs295190"	0.733841507019044	348	1.14368181135381
"rs1819214"	0.733850520022232	348	1.11863333289474
"rs1819406"	0.733850520022232	348	1.11863333289474
"rs1819635"	0.733850520022232	348	1.11863333289474
"rs1092384"	0.733878211937523	348	0.929507427985614
"rs1092435"	0.733878211937523	348	0.929507427985614
"rs1092477"	0.733878211937523	348	0.929507427985614
"rs624730"	0.733878497219963	348	1.05516196187349
"rs897163"	0.733895403393114	348	0.980167612300098
"rs244066"	0.733895610425882	348	1.03180383059799
"rs2118874"	0.733943810463275	348	1.04635608740073
"rs2024939"	0.733964744833759	348	1.07315411480642
"rs2024942"	0.733964744833759	348	1.07315411480642
"rs100989"	0.733970576411287	348	1.15181347206567
"rs101072"	0.733970576411287	348	1.15181347206567
"rs248801"	0.733973811221691	348	1.05863985464996
"rs879988"	0.733984077242582	348	0.939235270346791
"rs223824"	0.733988958709047	348	1.05883700036902
"rs223826"	0.733988958709047	348	1.05883700036902
"rs633718"	0.734006408023303	348	1.05419255713547
"rs222377"	0.734010391618331	348	1.12909590378609
"rs824266"	0.734013218506032	348	1.04717112746887
"rs361336"	0.734044653401784	348	1.05235491962428
"rs1104605"	0.734068545780627	348	0.914040512369886
"rs1286048"	0.734121143053284	348	0.868395128807585
"rs466387"	0.734174473771698	348	0.938594677183201
"rs466644"	0.734174473771698	348	0.938594677183201
"rs1618357"	0.73421252895093	348	0.901944540936412
"rs1618364"	0.73421252895093	348	0.901944540936412
"rs1618367"	0.73421252895093	348	0.901944540936412
"rs1618429"	0.734212528950936	348	0.901944540936414
"rs1883101"	0.734224392771995	348	0.936799753631977
"rs803470"	0.734233184548203	348	0.913587219162387
"rs61976"	0.734304053753461	348	0.931535461512346
"rs507793"	0.73432190275705	348	0.785528313488766
"rs833528"	0.734332503839598	348	0.943482320739551
"rs1296165"	0.734511132219668	348	1.03772757810503
"rs1921065"	0.734670263812604	348	0.924200901919303
"rs1921191"	0.734670263812608	348	0.924200901919305
"rs943540"	0.734718278710573	348	1.07146299199544
"rs670436"	0.734733054447134	348	1.1484949866518
"rs670437"	0.734733054447134	348	1.1484949866518
"rs670445"	0.734733054447134	348	1.1484949866518
"rs486156"	0.73476166191655	348	1.08954369087021
"rs1488644"	0.734780197761601	348	0.971391967559113
"rs97130"	0.734827172420581	348	0.952186371675064
"rs642450"	0.734837347869867	348	1.1203973867961
"rs642455"	0.734837347869867	348	1.1203973867961
"rs642458"	0.734837347869867	348	1.1203973867961
"rs1859865"	0.734853345140282	348	1.18712284099281
"rs105710"	0.734853345140285	348	1.17420848197195
"rs96101"	0.734853345140292	348	1.17420848197194
"rs266865"	0.734853345140292	348	1.17420848197194
"rs421734"	0.734853345140292	348	1.17420848197194
"rs469126"	0.734853345140292	348	1.17420848197194
"rs547738"	0.734853345140292	348	1.17420848197194
"rs719246"	0.734853345140292	348	1.17420848197194
"rs719474"	0.734853345140292	348	1.17420848197194
"rs1068722"	0.734853345140292	348	1.17420848197194
"rs1069417"	0.734853345140292	348	1.17420848197194
"rs1069419"	0.734853345140292	348	1.17420848197194
"rs1294825"	0.734853345140292	348	1.17420848197194
"rs1593590"	0.734853345140292	348	1.17420848197194
"rs1742682"	0.734853345140292	348	1.17420848197194
"rs2149558"	0.734853345140292	348	1.17420848197194
"rs774936"	0.734853345140296	348	0.851637520383623
"rs423132"	0.734853345140299	348	1.17420848197193
"rs1077643"	0.734853345140299	348	1.17420848197193
"rs685173"	0.734853941245297	348	0.935783756586182
"rs1719351"	0.734880019759117	348	1.0554190252399
"rs1763947"	0.734886277724342	348	1.06649859534427
"rs2092504"	0.73490241721403	348	1.03992021830887
"rs4839"	0.734920358611743	348	0.913689017456443
"rs1805757"	0.734924323066635	348	1.17196690727179
"rs1835564"	0.734935729522728	348	1.11785616584508
"rs1319199"	0.734961307506805	348	0.934018753630817
"rs47960"	0.734966405748186	348	1.03836898441618
"rs942789"	0.734968749212386	348	0.942726567705167
"rs1168472"	0.734971277782804	348	0.906215672833587
"rs2048156"	0.734989171295952	348	0.929364563009308
"rs1655833"	0.73500214091573	348	1.09658671486872
"rs2206659"	0.735068370340758	348	0.941864417868747
"rs752751"	0.73509801544376	348	1.08843980020895
"rs1616460"	0.735103306098727	348	0.919522129227382
"rs1050291"	0.735124085005395	348	0.891386261114904
"rs1050307"	0.735124085005395	348	0.891386261114904
"rs1742056"	0.735126351846102	348	1.14052809454747
"rs1011189"	0.735153756207179	348	0.861423629032143
"rs1647963"	0.735166124464029	348	1.13272676199529
"rs1930583"	0.735174742672786	348	1.11557053300799
"rs1442774"	0.735177798752411	348	1.07321431837376
"rs1442868"	0.735177798752411	348	1.07321431837376
"rs2011820"	0.735186428806714	348	0.944009847539081
"rs1411797"	0.735188519045664	348	0.889402820983855
"rs1412330"	0.735188519045664	348	0.889402820983855
"rs1749603"	0.735193270719342	348	0.953564278043221
"rs748703"	0.735194942022616	348	1.12403691527285
"rs898414"	0.735195070301961	348	1.09130385534597
"rs553198"	0.735258568878015	348	1.03668228869778
"rs22647"	0.735291046590584	348	0.927235843901785
"rs1478686"	0.735292506451933	348	0.941534572324091
"rs1734788"	0.735298870382478	348	1.07446894588841
"rs1035647"	0.735301752568907	348	0.963821451480782
"rs133748"	0.735325911774916	348	1.06794279917622
"rs2137627"	0.735329693330361	348	0.94818869702396
"rs723980"	0.735378318959235	348	0.92275996140888
"rs539186"	0.735400608728838	348	0.92658953617982
"rs1580225"	0.735436054945829	348	1.07053304153131
"rs1570470"	0.735481837141138	348	1.0761948794759
"rs490586"	0.735493015501762	348	0.935623486926775
"rs1353103"	0.735519703236633	348	0.934232782352045
"rs171149"	0.73553659405919	348	0.930597339727483
"rs1608956"	0.735537052199004	348	0.911252571502115
"rs253952"	0.735609835393323	348	0.932148906091246
"rs2058064"	0.735613793249861	348	1.06506126808816
"rs2058066"	0.735613793249861	348	1.06506126808816
"rs2058070"	0.735613793249861	348	1.06506126808816
"rs2182343"	0.735642043462042	348	0.945080782508966
"rs2182345"	0.735642043462042	348	0.945080782508966
"rs1699158"	0.735650598975565	348	1.07081756280383
"rs2135846"	0.735712065403431	348	0.957942795310155
"rs804470"	0.735744579348697	348	1.07379862304603
"rs523768"	0.735748821893347	348	1.08914403320739
"rs545066"	0.735797564958968	348	0.95037051211239
"rs336732"	0.735810969454479	348	1.10811178887421
"rs1050082"	0.735892398388038	348	0.891763822210785
"rs264634"	0.735895897121359	348	0.942766106593059
"rs1930797"	0.735902214575403	348	1.10582444082315
"rs935707"	0.735979099370896	348	0.611249733724654
"rs2160479"	0.736048032552132	348	0.964451918073591
"rs738638"	0.736058410457643	348	1.07744604627647
"rs70362"	0.736150944064504	348	0.938555487811475
"rs70368"	0.736150944064504	348	0.938555487811475
"rs476296"	0.736181221903494	348	0.910496485262439
"rs2086068"	0.736190912860099	348	1.07829122199923
"rs1385491"	0.736195533851186	348	1.13269448622144
"rs1804023"	0.736284822605286	348	1.13550512225776
"rs120830"	0.736331764109743	348	1.05237893215152
"rs545955"	0.736346006259974	348	0.908382629608408
"rs1774832"	0.736367610855629	348	0.944348245512785
"rs496859"	0.736420427389415	348	1.09563728977262
"rs2131223"	0.736429779037136	348	0.938605917758838
"rs618277"	0.736512287647881	348	1.08362894227541
"rs1439259"	0.736520029302281	348	0.927982153652148
"rs561594"	0.736613537194598	348	1.04103637179419
"rs1450006"	0.73668247711772	348	1.07132262768423
"rs1775257"	0.736716360066635	348	1.07028148709437
"rs1775800"	0.736716360066635	348	1.07028148709437
"rs1776217"	0.736716360066636	348	1.07028148709437
"rs1776988"	0.736716360066636	348	1.07028148709437
"rs163720"	0.73671780558541	348	1.05913250117844
"rs436100"	0.736730088083231	348	0.953039768524475
"rs1163288"	0.736738886678932	348	0.960017349007791
"rs1420704"	0.736746719672042	348	0.935879717295971
"rs500320"	0.736768487738447	348	1.06007630597196
"rs1351789"	0.73683499326305	348	0.782309963651481
"rs320341"	0.736842779337737	348	1.15459292744165
"rs1117533"	0.736848265192678	348	0.87276529237086
"rs1944512"	0.736848587846518	348	1.07101598758012
"rs503095"	0.736853841733	348	0.947624570027256
"rs1360617"	0.736903160498074	348	0.849920070280351
"rs306305"	0.736945917441568	348	0.933698493490716
"rs306375"	0.736945917441568	348	0.933698493490716
"rs306496"	0.736945917441568	348	0.933698493490716
"rs306569"	0.736945917441568	348	0.933698493490716
"rs306827"	0.736945917441568	348	0.933698493490716
"rs1858332"	0.736953204225533	348	1.24279583109195
"rs1700393"	0.737037909848883	348	1.07823655494834
"rs1647962"	0.737129687630776	348	1.05684240305208
"rs653356"	0.737135658688206	348	1.14560078028123
"rs1052671"	0.737157343256482	348	1.04735598884849
"rs10676"	0.737192233479954	348	0.932571395668714
"rs1571931"	0.737217357301441	348	0.890053475722056
"rs1790300"	0.737289847274131	348	1.03986278771633
"rs1362471"	0.737301177783747	348	0.91679330698486
"rs2008982"	0.737323327219353	348	1.10857200657299
"rs330829"	0.737382228469991	348	1.06545625721422
"rs1609254"	0.737385048374977	348	0.929494384404865
"rs1318143"	0.737410259511721	348	1.08153506868215
"rs1318161"	0.737410259511721	348	1.08153506868215
"rs1318167"	0.737410259511721	348	1.08153506868215
"rs1533926"	0.73741862961119	348	0.933799437654475
"rs842682"	0.737484334693334	348	0.901585782777224
"rs347269"	0.737494964317606	348	0.902271779762615
"rs2058496"	0.737519694168139	348	0.891976910782488
"rs306488"	0.737527010437769	348	0.933855251241541
"rs306866"	0.737527010437769	348	0.933855251241541
"rs306913"	0.737527010437769	348	0.933855251241541
"rs306919"	0.737527010437769	348	0.933855251241541
"rs244072"	0.737564063336517	348	1.02285084811786
"rs1963594"	0.737616408094312	348	0.919382856668297
"rs58098"	0.73761657991903	348	0.916732959403557
"rs58105"	0.73761657991903	348	0.916732959403557
"rs58119"	0.73761657991903	348	0.916732959403557
"rs58122"	0.73761657991903	348	0.916732959403557
"rs58125"	0.73761657991903	348	0.916732959403557
"rs58128"	0.73761657991903	348	0.916732959403557
"rs58131"	0.73761657991903	348	0.916732959403557
"rs2069923"	0.737648623904993	348	0.92362963432174
"rs446291"	0.737651758103595	348	1.06635606210045
"rs99609"	0.737670612356227	348	0.915515230268259
"rs1593889"	0.737670910576169	348	0.895061458183182
"rs545826"	0.737693265827818	348	1.05562492594687
"rs1777822"	0.737716807248377	348	0.938264669008307
"rs2145981"	0.737732796490207	348	1.14416878640228
"rs109358"	0.737743005811266	348	0.94372435425394
"rs272386"	0.737746588383539	348	0.942477846636198
"rs272446"	0.737746588383539	348	0.942477846636198
"rs272455"	0.737746588383539	348	0.942477846636198
"rs2101937"	0.737784544116154	348	1.05798718228183
"rs1597601"	0.737831923993827	348	1.1009530698775
"rs1404940"	0.737834195591157	348	0.927085027553238
"rs1405109"	0.737834195591157	348	0.927085027553238
"rs364218"	0.737877873766319	348	0.903725352487346
"rs1468406"	0.737878199170716	348	1.08123195332179
"rs1468727"	0.737878199170716	348	1.08123195332179
"rs1468868"	0.737878199170716	348	1.08123195332179
"rs1469244"	0.737878199170716	348	1.08123195332179
"rs64568"	0.737944891459025	348	1.06979646121403
"rs1071652"	0.737977952536595	348	0.781969522686952
"rs1071678"	0.737977952536595	348	0.781969522686952
"rs1977695"	0.738000722220086	348	0.939302598081622
"rs2180949"	0.738009710753712	348	0.939276519396749
"rs1113433"	0.738023670254847	348	1.09512008382419
"rs1472319"	0.738075584700327	348	1.07589084740202
"rs124902"	0.738084110081545	348	0.869454228388187
"rs2180775"	0.73808690547828	348	0.961168414664477
"rs2180802"	0.73808690547828	348	0.961168414664477
"rs1154865"	0.738154103268948	348	0.933502316075316
"rs1055633"	0.738193353488945	348	0.955728280785028
"rs1057545"	0.738200105241817	348	0.927650587452651
"rs2021025"	0.738203727439046	348	0.893013422825978
"rs1741653"	0.738231310109911	348	1.090346743039
"rs1115809"	0.738232887288513	348	0.955265186950582
"rs2112687"	0.738237448084681	348	0.942099643066267
"rs730231"	0.738258195130125	348	0.929974272325714
"rs730264"	0.738258195130125	348	0.929974272325714
"rs730285"	0.738258195130125	348	0.929974272325714
"rs730304"	0.738258195130125	348	0.929974272325714
"rs730309"	0.738258195130125	348	0.929974272325714
"rs730312"	0.738258195130125	348	0.929974272325714
"rs1980451"	0.738262318852676	348	1.05616553760024
"rs105241"	0.738264385486663	348	0.928980214745193
"rs1593406"	0.738288111415003	348	0.937253495987792
"rs1978835"	0.738294591594068	348	1.01675006761123
"rs1933707"	0.738302181057695	348	0.925811039017076
"rs1743028"	0.73831277132867	348	1.07456947961959
"rs2023166"	0.738316742524067	348	1.07113379466343
"rs1977750"	0.73836466912613	348	1.09777089822804
"rs838333"	0.73837315352099	348	1.10294804983976
"rs838379"	0.73837315352099	348	1.10294804983976
"rs912125"	0.738374600055453	348	0.922126335988446
"rs1264636"	0.738389509923252	348	0.952776232131844
"rs629211"	0.738405608749813	348	0.926475950553901
"rs981971"	0.738426543340492	348	0.935549170217613
"rs1664082"	0.738445432291211	348	0.943475447663261
"rs1664088"	0.738445432291211	348	0.943475447663261
"rs1739426"	0.738452749027817	348	1.0600609117642
"rs1739429"	0.738452749027817	348	1.0600609117642
"rs817826"	0.738472529131654	348	1.0519332482244
"rs817835"	0.738472529131654	348	1.0519332482244
"rs2153532"	0.738473293191899	348	1.0675607556993
"rs892869"	0.738480633732156	348	1.05269091980534
"rs1784463"	0.738506341088601	348	0.922453946745718
"rs1132380"	0.738540701894225	348	1.0615326219301
"rs552833"	0.738583404956597	348	1.03400536616357
"rs552835"	0.738583404956597	348	1.03400536616357
"rs442725"	0.738631382485652	348	1.05056644228576
"rs1580252"	0.738697342514513	348	0.927739692707535
"rs122819"	0.738731054248745	348	1.05422972833392
"rs586720"	0.738735335374164	348	0.917163791939655
"rs1735655"	0.73874595153544	348	1.06275105000333
"rs1735656"	0.73874595153544	348	1.06275105000333
"rs624785"	0.738749642919955	348	1.06227456791773
"rs597171"	0.738753956930867	348	1.05789098485826
"rs338247"	0.738811405853436	348	0.943049775584035
"rs614500"	0.738811597137733	348	1.10603774885521
"rs2090970"	0.738821419488563	348	1.07794432358298
"rs1287507"	0.73883413563612	348	0.933870160589518
"rs583837"	0.738838177988655	348	1.08040138284874
"rs23558"	0.738927264924535	348	1.17714878341288
"rs848358"	0.738942698712122	348	1.08576887566943
"rs399428"	0.738993522063194	348	1.12857508030554
"rs120986"	0.739077794510851	348	1.07977181282798
"rs1753306"	0.739088896552261	348	1.04512340960499
"rs2171178"	0.739133129571131	348	0.969512463335011
"rs561534"	0.739142564198906	348	1.05006799699492
"rs167766"	0.739188867076948	348	0.946532315967656
"rs699725"	0.739204154593928	348	0.981850896954926
"rs1783303"	0.739205050832892	348	1.05601876102738
"rs361763"	0.739208923064653	348	0.919627469582701
"rs1883535"	0.739215136550425	348	0.903064880855697
"rs1883407"	0.73921513655043	348	0.903064880855698
"rs1369894"	0.739225023485984	348	0.952197173196722
"rs1777482"	0.739249123885229	348	1.08432142823242
"rs381811"	0.739262194477019	348	0.867345789668787
"rs1962272"	0.739294842990351	348	1.0352776898708
"rs225992"	0.739298519578931	348	0.890446919992945
"rs226011"	0.739298519578931	348	0.890446919992945
"rs226433"	0.739332335698889	348	1.0307178416107
"rs93412"	0.739340539487626	348	0.936923834686786
"rs405002"	0.73934079345287	348	0.926541124763919
"rs356289"	0.73934561202851	348	1.07602044809734
"rs356495"	0.73934561202851	348	1.07602044809734
"rs634256"	0.739397346881663	348	1.18055917617578
"rs1071529"	0.739416402850056	348	0.888220582621716
"rs1083863"	0.739428579161906	348	1.1140066239689
"rs425028"	0.739452056857877	348	1.05367722017438
"rs1333059"	0.739460177271066	348	0.919801897276961
"rs1333088"	0.739460177271066	348	0.919801897276961
"rs2162935"	0.739464883742118	348	1.05503440878674
"rs1861463"	0.739485562642597	348	1.12680159311576
"rs911798"	0.739509281117246	348	1.08427783302924
"rs2120283"	0.739513054060938	348	0.950654233494983
"rs2120286"	0.739513054060938	348	0.950654233494983
"rs2120291"	0.739513054060938	348	0.950654233494983
"rs2096979"	0.739518693693682	348	1.13126899729107
"rs1383991"	0.739534344318494	348	1.06929314782192
"rs1383993"	0.739534344318494	348	1.06929314782192
"rs722469"	0.739556489048957	348	1.16730947356338
"rs2167509"	0.739557566593067	348	0.896903678445115
"rs507671"	0.739559541069266	348	0.915484373611228
"rs817274"	0.739602292872051	348	0.952040973290882
"rs466638"	0.739730850996939	348	1.05244823116805
"rs854223"	0.739743660125553	348	0.847506856510618
"rs1580340"	0.739750268084701	348	0.944039160371003
"rs324267"	0.739754258303507	348	0.934060026529872
"rs362503"	0.739808733393587	348	0.90386376715345
"rs362657"	0.739808733393587	348	0.90386376715345
"rs363187"	0.739808733393588	348	0.903863767153449
"rs2160634"	0.739821483317948	348	0.963089055998695
"rs307485"	0.739849316657765	348	0.93448099663111
"rs307703"	0.739849316657765	348	0.93448099663111
"rs307720"	0.739849316657765	348	0.93448099663111
"rs369133"	0.739853931880917	348	0.823864229051158
"rs2122697"	0.739853931880918	348	0.823864229051159
"rs418894"	0.739899994431231	348	1.06896111968171
"rs911534"	0.739930666875836	348	0.962133794683158
"rs377987"	0.739943528917955	348	1.0554140871342
"rs1565529"	0.739970096752635	348	0.942870094162209
"rs1565541"	0.739970096752635	348	0.942870094162209
"rs695006"	0.740002444811561	348	0.937500102615797
"rs142357"	0.740009418843768	348	0.943973747645888
"rs142371"	0.740009418843768	348	0.943973747645888
"rs1389423"	0.740049639735343	348	0.907591908318074
"rs1389435"	0.740049639735343	348	0.907591908318074
"rs1960146"	0.740073867329884	348	0.92653691605078
"rs490590"	0.740075213398567	348	1.06737288239809
"rs490595"	0.740075213398567	348	1.06737288239809
"rs1357716"	0.740107054566267	348	0.863703939623886
"rs1357721"	0.740107054566267	348	0.863703939623886
"rs1357724"	0.740107054566267	348	0.863703939623886
"rs1357776"	0.740107054566267	348	0.863703939623886
"rs1357800"	0.740107054566267	348	0.863703939623886
"rs1357812"	0.740107054566267	348	0.863703939623886
"rs1357854"	0.740107054566267	348	0.863703939623886
"rs1357872"	0.740107054566267	348	0.863703939623886
"rs872107"	0.740129963138304	348	1.0627444118827
"rs468370"	0.740133610240874	348	0.938586278277828
"rs1114556"	0.740155517536613	348	1.05337353550379
"rs1114463"	0.740155517536614	348	1.05337353550379
"rs901614"	0.740171552435284	348	0.782889685472228
"rs335934"	0.740247393374024	348	0.920851773295469
"rs68051"	0.740269260041478	348	0.921486248668577
"rs1952177"	0.740318915046417	348	0.888896661501926
"rs2093915"	0.740368402512622	348	1.05262923879796
"rs853343"	0.740395846000117	348	0.943137581694375
"rs344675"	0.740396054900951	348	0.919709383013232
"rs1098989"	0.740397228874331	348	1.10997949507958
"rs307551"	0.740440711580343	348	0.934640141419285
"rs307554"	0.740440711580343	348	0.934640141419285
"rs307576"	0.740440711580343	348	0.934640141419285
"rs670545"	0.740462006920896	348	1.14386677263964
"rs1597604"	0.740469111551259	348	0.906607259724958
"rs732155"	0.740486371946938	348	1.0572524019832
"rs732158"	0.740486371946938	348	1.0572524019832
"rs732159"	0.740486371946938	348	1.0572524019832
"rs732165"	0.740486371946938	348	1.0572524019832
"rs1654078"	0.740489742815363	348	1.08025465988278
"rs516709"	0.740512359011288	348	1.05314497982896
"rs1488780"	0.740546398221889	348	1.02625860577527
"rs754404"	0.740546684934279	348	0.949486912021335
"rs1737319"	0.74054848053565	348	0.948609825265731
"rs512330"	0.740559112080321	348	1.07985475572257
"rs543915"	0.740561657080818	348	0.915954415331004
"rs145856"	0.740571538296908	348	0.958218100041356
"rs652625"	0.740576882397775	348	1.13789641397214
"rs2114593"	0.740626090133103	348	0.948886217358425
"rs992291"	0.740630893328651	348	0.924636668053023
"rs1874394"	0.740675278314248	348	1.06709095224486
"rs855818"	0.740688363134098	348	0.91703396648174
"rs157331"	0.740709499729849	348	0.962003392292881
"rs651592"	0.740710732239875	348	1.1441552532737
"rs651807"	0.740710732239875	348	1.1441552532737
"rs120876"	0.740732382309953	348	1.0760648510898
"rs120879"	0.740732382309953	348	1.0760648510898
"rs844323"	0.740753509932398	348	1.02042080663846
"rs308034"	0.740760592406543	348	0.924658294505117
"rs1443901"	0.740808413928742	348	1.09842430246223
"rs1443902"	0.740808413928742	348	1.09842430246223
"rs1443910"	0.740808413928742	348	1.09842430246223
"rs1443918"	0.740808413928742	348	1.09842430246223
"rs212354"	0.740808776745284	348	1.074316751166
"rs97826"	0.740831870695206	348	0.950154386830986
"rs987392"	0.740879274616574	348	0.950107889174139
"rs987395"	0.740879274616574	348	0.950107889174139
"rs987419"	0.740879274616574	348	0.950107889174139
"rs367388"	0.740910852764581	348	1.06706528375545
"rs2118091"	0.74092232363142	348	0.954597207689807
"rs1055864"	0.740968013602511	348	0.940849994755366
"rs1055870"	0.740968013602511	348	0.940849994755366
"rs1055873"	0.740968013602511	348	0.940849994755366
"rs2145840"	0.740977649555237	348	1.0523398339134
"rs268531"	0.740987300348493	348	0.899137990405047
"rs669420"	0.741006925459281	348	1.11174479818867
"rs661290"	0.741013050232165	348	1.09183874419789
"rs503937"	0.741144576768154	348	0.936047678762203
"rs1541213"	0.741169531270514	348	0.969701154052213
"rs1541214"	0.741169531270514	348	0.969701154052213
"rs353359"	0.741173235746521	348	1.0767433533176
"rs354368"	0.741173235746521	348	1.0767433533176
"rs354370"	0.741173235746521	348	1.0767433533176
"rs354374"	0.741173235746521	348	1.0767433533176
"rs358761"	0.741173235746521	348	1.0767433533176
"rs358871"	0.741173235746521	348	1.0767433533176
"rs359327"	0.741173235746521	348	1.0767433533176
"rs360353"	0.741173235746521	348	1.0767433533176
"rs361759"	0.741173235746521	348	1.0767433533176
"rs1980108"	0.741276433044362	348	1.05208077608893
"rs155261"	0.741281316163498	348	0.954593906444927
"rs917230"	0.741291217134762	348	0.915398058264713
"rs917242"	0.741291217134762	348	0.915398058264713
"rs917245"	0.741291217134762	348	0.915398058264713
"rs417820"	0.741313790217638	348	0.966237994227513
"rs843713"	0.741316856122382	348	1.06071611853108
"rs1614940"	0.741353126745353	348	0.930034788144652
"rs2088285"	0.741365666346587	348	1.12508904421077
"rs1603100"	0.741400972905547	348	1.06770937859965
"rs87609"	0.741436506685882	348	0.943956347681285
"rs338157"	0.741501209615873	348	0.930926693914225
"rs2058061"	0.741506190338996	348	1.0600424086383
"rs1931302"	0.741511461574228	348	1.13515691381274
"rs1444764"	0.741526099009497	348	1.05050732213108
"rs2172647"	0.741559574612105	348	1.04608890782616
"rs527370"	0.74162627155737	348	1.06671425188848
"rs527115"	0.741626271557372	348	1.06671425188848
"rs1661635"	0.741661566584651	348	1.0647700354439
"rs1661839"	0.741661566584651	348	1.0647700354439
"rs83334"	0.741669098686136	348	0.926362695836856
"rs2172662"	0.741675109631819	348	1.04624858567981
"rs38133"	0.741703834220807	348	1.09589256123892
"rs38137"	0.741703834220807	348	1.09589256123892
"rs342994"	0.741740006349183	348	0.902772135553456
"rs343008"	0.741740006349183	348	0.902772135553456
"rs343010"	0.741740006349183	348	0.902772135553456
"rs343047"	0.741740006349183	348	0.902772135553456
"rs343121"	0.741740006349183	348	0.902772135553456
"rs343979"	0.741740006349183	348	0.902772135553456
"rs2159985"	0.741783901731258	348	1.05070553070543
"rs608952"	0.741816524319316	348	0.91074050279192
"rs608956"	0.741816524319316	348	0.91074050279192
"rs608965"	0.741816524319316	348	0.91074050279192
"rs1291453"	0.741816734769656	348	0.961952269075543
"rs917930"	0.741833380157825	348	0.92693718052134
"rs1299485"	0.741971541177842	348	1.05769806767157
"rs553202"	0.742049701698454	348	0.980680369502621
"rs1700923"	0.742083561054617	348	1.06910595442865
"rs1701274"	0.742083561054617	348	1.06910595442865
"rs1701584"	0.742083561054617	348	1.06910595442865
"rs1701718"	0.742083561054617	348	1.06910595442865
"rs1735856"	0.742083561054617	348	1.06910595442865
"rs1117563"	0.742099419855742	348	0.892569465003013
"rs488864"	0.742118279314455	348	0.871727684723
"rs1784256"	0.742131496368309	348	0.983267380634536
"rs1665305"	0.742151867025606	348	0.914505429680888
"rs1594717"	0.742169257181355	348	1.05434397561329
"rs331523"	0.742197865933412	348	0.941131383905765
"rs1431970"	0.742218257238756	348	1.02648085966059
"rs894277"	0.742226363845429	348	1.07492911880717
"rs225130"	0.742280913766857	348	0.900745756856788
"rs225131"	0.742280913766857	348	0.900745756856788
"rs814746"	0.742316978862344	348	1.06315942978234
"rs329666"	0.742325235623598	348	0.941433714044164
"rs552910"	0.742327094173356	348	0.936452199606104
"rs1691023"	0.742330456961243	348	1.05814159246633
"rs122235"	0.742347010455904	348	0.956555040865947
"rs789854"	0.742442330784753	348	1.0949269843332
"rs1898257"	0.742469661762724	348	1.02832456426945
"rs834263"	0.742470629183074	348	0.922782546929353
"rs348676"	0.74249126594646	348	0.924732654769022
"rs240343"	0.742501588584248	348	1.07854944219899
"rs1351749"	0.742514873780655	348	1.09270980060976
"rs1302126"	0.742524056013633	348	1.05495511530867
"rs1293750"	0.742539849452567	348	1.04754424536
"rs523499"	0.742651168105083	348	1.06940523629428
"rs650463"	0.742724892973386	348	0.929686249681093
"rs650256"	0.742724892973394	348	0.929686249681096
"rs650451"	0.742724892973394	348	0.929686249681096
"rs863434"	0.742737245985297	348	1.07749832719009
"rs1415508"	0.742752511836539	348	1.05333112681535
"rs628172"	0.742763930325606	348	1.10186764152504
"rs722797"	0.74280382859088	348	1.03673794156699
"rs1819975"	0.742862059094207	348	1.08415401803229
"rs465496"	0.742914661474295	348	0.955626767990445
"rs499089"	0.74291589367249	348	1.09706933182212
"rs303414"	0.742944587052615	348	1.06556636315314
"rs303417"	0.742944587052615	348	1.06556636315314
"rs303419"	0.742944587052615	348	1.06556636315314
"rs303431"	0.742944587052615	348	1.06556636315314
"rs303433"	0.742944587052615	348	1.06556636315314
"rs574724"	0.742999715855821	348	1.08817980346371
"rs227710"	0.743017659069228	348	1.07326184966342
"rs188866"	0.743062858650794	348	1.13501784997695
"rs2098523"	0.743062858650796	348	1.13501784997695
"rs912680"	0.743078502139857	348	0.925597619602024
"rs1586850"	0.743086751343216	348	0.8557396047978
"rs659247"	0.743096443882919	348	0.897561429723891
"rs576940"	0.74314552716999	348	0.919309270050606
"rs466203"	0.743183657657164	348	0.929269879587127
"rs1592553"	0.743201014252308	348	1.07392556426842
"rs2133886"	0.743220257765292	348	1.17013331391459
"rs2133895"	0.743220257765292	348	1.17013331391459
"rs2133896"	0.743220257765292	348	1.17013331391459
"rs1351297"	0.74323944593077	348	0.790157380166856
"rs1992323"	0.743246589503139	348	1.10502303448974
"rs1992329"	0.743246589503139	348	1.10502303448974
"rs571138"	0.743306351085647	348	1.07648129422445
"rs217271"	0.743322429621044	348	1.06303798853724
"rs389404"	0.743350281037538	348	1.06867773978317
"rs389407"	0.743350281037538	348	1.06867773978317
"rs405743"	0.743450028269604	348	0.942111931713758
"rs835176"	0.743486539080746	348	1.06877108000147
"rs1881707"	0.743488388754923	348	0.78386967092475
"rs1844132"	0.743536597174052	348	0.936806806883317
"rs280783"	0.743547790987912	348	1.28839167465234
"rs287703"	0.743551570927682	348	0.941785692210202
"rs1742302"	0.743576959116812	348	1.06075758151066
"rs798941"	0.743581076641902	348	1.05985378357097
"rs1477657"	0.743597044098621	348	1.08596943593277
"rs545928"	0.743622913460408	348	0.910415335348392
"rs545931"	0.743622913460408	348	0.910415335348392
"rs545935"	0.743622913460408	348	0.910415335348392
"rs545937"	0.743622913460408	348	0.910415335348392
"rs545940"	0.743622913460408	348	0.910415335348392
"rs545943"	0.743622913460408	348	0.910415335348392
"rs1801082"	0.743641519864632	348	0.937097328764523
"rs1159449"	0.743651005264217	348	0.952686669653413
"rs1104876"	0.74367578244783	348	0.939777999116963
"rs1671702"	0.743676346212033	348	0.812635597865808
"rs839100"	0.743676346212039	348	0.812635597865812
"rs854779"	0.743676346212039	348	0.812635597865812
"rs1861176"	0.743676346212039	348	0.812635597865812
"rs377511"	0.743676346212042	348	0.812635597865816
"rs487575"	0.743676346212042	348	0.812635597865816
"rs1420949"	0.743676346212206	348	0.0561505867805923
"rs1081121"	0.743741059227083	348	1.10696235696643
"rs545042"	0.743793500088229	348	1.04991090138921
"rs545045"	0.743793500088229	348	1.04991090138921
"rs997010"	0.743793503577219	348	0.845949877703254
"rs1313060"	0.743876768367799	348	0.947853937860659
"rs1098693"	0.743884077574476	348	1.10772521973253
"rs1168712"	0.743894119801929	348	1.09936141964299
"rs1168790"	0.743894119801929	348	1.09936141964299
"rs1168943"	0.743894119801929	348	1.09936141964299
"rs903463"	0.74390848024097	348	1.07230353529291
"rs1085314"	0.743914322836375	348	1.05176871098418
"rs157496"	0.743923169916056	348	0.962263886427262
"rs1123897"	0.743931599008524	348	0.88658222807923
"rs469678"	0.743932443613451	348	1.05664389948885
"rs469688"	0.743932443613451	348	1.05664389948885
"rs2089966"	0.743945367357962	348	0.951715991721754
"rs1639504"	0.743971635545699	348	1.11284981836014
"rs2112890"	0.743985591275511	348	0.945041551122395
"rs2112896"	0.743985591275511	348	0.945041551122395
"rs2112897"	0.743985591275511	348	0.945041551122395
"rs2112900"	0.743985591275511	348	0.945041551122395
"rs2112901"	0.743985591275511	348	0.945041551122395
"rs2112903"	0.743985591275511	348	0.945041551122395
"rs2112906"	0.743985591275511	348	0.945041551122395
"rs662824"	0.743997979462247	348	1.14362353998257
"rs959849"	0.744037483490876	348	0.942915207020218
"rs58030"	0.744082868239261	348	0.918899154431659
"rs58044"	0.744082868239261	348	0.918899154431659
"rs1640325"	0.744093622753633	348	1.06122726678089
"rs1753281"	0.744104993170753	348	1.0469034722926
"rs2124211"	0.744109212579441	348	0.926873962280087
"rs739728"	0.744136603637656	348	0.943582806071452
"rs339114"	0.744137126737044	348	0.944988924403311
"rs605144"	0.744155642145776	348	1.07697330174836
"rs546484"	0.744161638030749	348	1.05218505046929
"rs2170163"	0.744220650348681	348	0.974768501256246
"rs2170185"	0.744220650348681	348	0.974768501256246
"rs2170211"	0.744220650348681	348	0.974768501256246
"rs206289"	0.744228983219967	348	0.944901314444229
"rs206343"	0.744228983219967	348	0.944901314444229
"rs206352"	0.744228983219967	348	0.944901314444229
"rs547150"	0.744254585697403	348	1.10264353208781
"rs623740"	0.744263815657005	348	0.927483110944099
"rs492377"	0.744266723725109	348	0.95394014384057
"rs492380"	0.744266723725109	348	0.95394014384057
"rs492381"	0.744266723725109	348	0.95394014384057
"rs492382"	0.744266723725109	348	0.95394014384057
"rs492384"	0.744266723725109	348	0.95394014384057
"rs492386"	0.744266723725109	348	0.95394014384057
"rs1822694"	0.744362029361747	348	1.07183107232704
"rs1635242"	0.744381845359759	348	1.06130009705461
"rs2176818"	0.744407162127824	348	0.937381864326375
"rs753834"	0.744437144901982	348	1.08079275280848
"rs1381192"	0.744448150042654	348	0.939165201486802
"rs840997"	0.744457624018413	348	0.271890836680339
"rs556710"	0.744475401903759	348	0.970118707261499
"rs857505"	0.744492691991593	348	1.30936598514529
"rs466194"	0.744518054086473	348	0.935370589312388
"rs1354517"	0.744541011921287	348	1.06327904132068
"rs972965"	0.744549572220814	348	0.981208687731952
"rs2157066"	0.744557248438098	348	1.05685631444244
"rs913739"	0.744561090602971	348	0.924396206123022
"rs1700500"	0.744582044511628	348	1.09260531999787
"rs328999"	0.744588048609401	348	0.937959809662856
"rs1697972"	0.744591263231096	348	1.06831651970152
"rs304557"	0.744592069153467	348	1.07893013462122
"rs126160"	0.744647624883653	348	1.07453476534749
"rs816887"	0.744657894921113	348	0.95119406740545
"rs1383492"	0.744671578636692	348	1.06486189326634
"rs1383510"	0.744671578636692	348	1.06486189326634
"rs831658"	0.744699744257358	348	0.801855423612759
"rs1129959"	0.744724210152124	348	0.934599497415985
"rs870390"	0.744727718556689	348	0.905731683119507
"rs718017"	0.744743662184598	348	1.10356272068826
"rs109605"	0.744761847368361	348	0.94260358583089
"rs166237"	0.744847628861596	348	0.937868491930219
"rs2012042"	0.744849577417838	348	1.06759237556726
"rs917027"	0.744886179286929	348	1.08901120498124
"rs917035"	0.744886179286929	348	1.08901120498124
"rs917038"	0.744886179286929	348	1.08901120498124
"rs917044"	0.744886179286929	348	1.08901120498124
"rs917047"	0.744886179286929	348	1.08901120498124
"rs917050"	0.744886179286929	348	1.08901120498124
"rs917122"	0.744886179286929	348	1.08901120498124
"rs1406159"	0.744890204548183	348	1.07597556183593
"rs2161529"	0.74490101814208	348	1.0577826886856
"rs1395603"	0.744903572540821	348	1.06327279576702
"rs1946792"	0.744905156074489	348	1.06420782544717
"rs2119739"	0.744910978027498	348	0.956949054088466
"rs2119733"	0.744910978027499	348	0.956949054088467
"rs1782870"	0.744956539194399	348	0.953199598239525
"rs876080"	0.744962946999751	348	0.912739620618468
"rs1455860"	0.745124668045517	348	1.05088731575781
"rs699629"	0.74515128771781	348	1.05968824592534
"rs1486557"	0.745153707951896	348	0.903496453569764
"rs1417487"	0.745163305489383	348	1.09015017407093
"rs1077468"	0.745180308776575	348	0.906095366920833
"rs824977"	0.745245594930232	348	1.04555268305265
"rs1790259"	0.745272231653263	348	1.05301096450731
"rs1790265"	0.745272231653263	348	1.05301096450731
"rs1630454"	0.745295674216779	348	1.07750934585304
"rs298246"	0.745316353452021	348	0.921387163646558
"rs1013508"	0.745337646697963	348	1.11321080038766
"rs922676"	0.74533989171955	348	1.09147570802526
"rs1162134"	0.745345436272721	348	0.924009802895396
"rs951061"	0.745401023472514	348	0.934885867513914
"rs579970"	0.745421254742133	348	0.934540077841742
"rs433438"	0.74544986896892	348	1.10080159655934
"rs2129740"	0.745462264607793	348	1.09425596126857
"rs1400292"	0.745463714629224	348	0.927394906467793
"rs2064937"	0.745490754683449	348	1.15541747626748
"rs1136001"	0.745498509966651	348	1.10364613215401
"rs1136004"	0.745498509966651	348	1.10364613215401
"rs2021735"	0.74555343184299	348	0.9156086277729
"rs2090337"	0.745559013993485	348	1.04866966812944
"rs592233"	0.74556937203862	348	0.933482336659943
"rs814743"	0.745574535195671	348	1.06227240475801
"rs814752"	0.745574535195671	348	1.06227240475801
"rs814767"	0.745574535195671	348	1.06227240475801
"rs814806"	0.745574535195671	348	1.06227240475801
"rs814812"	0.745574535195671	348	1.06227240475801
"rs814863"	0.745574535195671	348	1.06227240475801
"rs814917"	0.745574535195671	348	1.06227240475801
"rs1013819"	0.745584204131045	348	1.11104612735631
"rs489105"	0.745602196700061	348	1.03550227197583
"rs1116279"	0.745603859613963	348	1.07722675732171
"rs1116285"	0.745603859613963	348	1.07722675732171
"rs1116291"	0.745603859613963	348	1.07722675732171
"rs1116300"	0.745603859613963	348	1.07722675732171
"rs1116327"	0.745603859613963	348	1.07722675732171
"rs242272"	0.745633363866522	348	0.953324422309909
"rs242273"	0.745633363866522	348	0.953324422309909
"rs568502"	0.745646457863098	348	0.894493120699095
"rs1667617"	0.745653855797257	348	0.932767057005205
"rs1667623"	0.745653855797257	348	0.932767057005205
"rs864071"	0.745657121191662	348	0.952346908784593
"rs2147911"	0.745670087948783	348	1.13923029188871
"rs2020186"	0.745678761791374	348	0.907178977065265
"rs1031048"	0.745694582861475	348	1.18463202291997
"rs192326"	0.745734233560462	348	0.928069082835651
"rs663502"	0.745751126071949	348	1.06926576301542
"rs89880"	0.745786619044306	348	0.98295694609908
"rs1775854"	0.745902835181981	348	0.938148984702709
"rs1204417"	0.745930125405663	348	0.961275304434294
"rs1839262"	0.745939944218513	348	0.924515213466006
"rs2084162"	0.745948134558338	348	1.03833980509123
"rs1548585"	0.745957560831284	348	1.05676708875103
"rs1548588"	0.745957560831284	348	1.05676708875103
"rs1548591"	0.745957560831284	348	1.05676708875103
"rs307115"	0.745967579211692	348	0.941983189124741
"rs532252"	0.745981442938797	348	1.07763578881859
"rs1597721"	0.746005356437069	348	1.06383758120012
"rs93550"	0.746020281600667	348	1.02082935844544
"rs306632"	0.746049588956989	348	0.93614924487773
"rs306778"	0.746049588956989	348	0.93614924487773
"rs1583684"	0.74605136136133	348	1.05464568073905
"rs98005"	0.746098332983814	348	0.891671613662933
"rs98008"	0.746098332983814	348	0.891671613662933
"rs583683"	0.746103833804908	348	1.0870132030529
"rs1962972"	0.746116111067096	348	1.07861130998054
"rs1609358"	0.746151956984284	348	0.935832811444543
"rs947799"	0.746171279493349	348	0.959785859102992
"rs1894217"	0.746197040711143	348	0.920919323526903
"rs951763"	0.746208641905317	348	0.918730156140043
"rs2134108"	0.746234601110581	348	1.14859418850617
"rs545947"	0.746245099842685	348	0.911875283010756
"rs545949"	0.746245099842685	348	0.911875283010756
"rs651042"	0.746304625493394	348	0.893818937898387
"rs651050"	0.746304625493394	348	0.893818937898387
"rs835675"	0.746308051738111	348	1.06996600109325
"rs193785"	0.746353595642797	348	1.08042072792094
"rs637024"	0.74635772026913	348	1.05645202832564
"rs793857"	0.746363048763203	348	0.974483125911666
"rs1264043"	0.746367110386808	348	1.03068356862589
"rs1488869"	0.746442700467873	348	0.977455772589672
"rs1488872"	0.746442700467873	348	0.977455772589672
"rs989000"	0.746484221406054	348	0.943782160920383
"rs1906742"	0.746502723170707	348	0.946853517459018
"rs1533112"	0.746518616464317	348	1.01471446785481
"rs1563400"	0.746544176407723	348	1.09933257799072
"rs725248"	0.746596866160849	348	0.984050744959543
"rs149395"	0.746617608270635	348	1.07290046118647
"rs1443774"	0.746647541954193	348	0.937530292349825
"rs1443795"	0.746647541954193	348	0.937530292349825
"rs1443798"	0.746647541954193	348	0.937530292349825
"rs2149565"	0.746685587288509	348	1.10509906570422
"rs421425"	0.746696085452928	348	0.931878529367125
"rs421428"	0.746696085452928	348	0.931878529367125
"rs1795820"	0.746769659998227	348	0.811466327107473
"rs1104706"	0.746780571648029	348	0.946887659742537
"rs1387372"	0.746800454663855	348	1.13317979415948
"rs474082"	0.746912097690681	348	1.04939729607061
"rs1881318"	0.746931357699492	348	0.925775306441549
"rs1881362"	0.746931357699492	348	0.925775306441549
"rs1881363"	0.746931357699492	348	0.925775306441549
"rs1881365"	0.746931357699492	348	0.925775306441549
"rs1881370"	0.746931357699492	348	0.925775306441549
"rs1881374"	0.746931357699492	348	0.925775306441549
"rs488698"	0.746938796467609	348	1.06142743374313
"rs1933554"	0.746982535940269	348	0.930692889039948
"rs1933590"	0.746982535940269	348	0.930692889039948
"rs1933594"	0.746982535940269	348	0.930692889039948
"rs1933624"	0.746982535940269	348	0.930692889039948
"rs1933627"	0.746982535940269	348	0.930692889039948
"rs58076"	0.747005823992628	348	0.919819086682202
"rs2084071"	0.747005943491612	348	0.958971453714704
"rs122784"	0.747091856262891	348	0.951678317898904
"rs1579167"	0.747103649103	348	0.909710358069721
"rs1655878"	0.747106113314508	348	1.06853110499001
"rs1013891"	0.747113797344266	348	1.05865869169703
"rs458439"	0.747151617635898	348	0.922911724267116
"rs1380787"	0.747183774014928	348	0.934496185899049
"rs1708820"	0.747242911088688	348	1.05851930585868
"rs1304509"	0.74725351848905	348	0.923948175301318
"rs1444998"	0.747289657198528	348	0.937823081025293
"rs2168245"	0.747380875872181	348	0.956895663269091
"rs215686"	0.747400866020966	348	1.06063905157366
"rs1309598"	0.747410406327007	348	1.11619560987496
"rs1309624"	0.747410406327007	348	1.11619560987496
"rs1309640"	0.747410406327007	348	1.11619560987496
"rs1874685"	0.74741547882544	348	0.937659368019659
"rs785016"	0.747429088914583	348	0.961009193388572
"rs74163"	0.747458677846143	348	0.870480481301442
"rs1488807"	0.747516110973474	348	1.02056672203156
"rs1169556"	0.747526129490248	348	0.905290461915348
"rs214346"	0.747527705015249	348	0.851841512534507
"rs160245"	0.747527705015253	348	0.851841512534512
"rs158908"	0.747527705015256	348	0.851841512534514
"rs158909"	0.747527705015256	348	0.851841512534514
"rs158953"	0.747527705015256	348	0.851841512534514
"rs159841"	0.747527705015256	348	0.851841512534514
"rs159916"	0.747527705015256	348	0.851841512534514
"rs168485"	0.747527705015256	348	0.851841512534514
"rs169280"	0.747527705015256	348	0.851841512534514
"rs233051"	0.747527705015256	348	0.851841512534514
"rs456508"	0.747527705015256	348	0.851841512534514
"rs458063"	0.747527705015256	348	0.851841512534514
"rs543231"	0.747527705015256	348	0.851841512534514
"rs782268"	0.747527705015256	348	0.851841512534514
"rs870027"	0.747527705015256	348	0.851841512534514
"rs1331557"	0.747527705015256	348	0.851841512534514
"rs2112558"	0.747527705015256	348	0.851841512534514
"rs2114842"	0.747527705015256	348	0.851841512534514
"rs2117824"	0.747527705015256	348	0.851841512534514
"rs2118449"	0.747527705015256	348	0.851841512534514
"rs2118700"	0.747527705015256	348	0.851841512534514
"rs214340"	0.747527705015256	348	0.851841512534504
"rs231450"	0.747527705015258	348	0.851841512534518
"rs460239"	0.747527705015259	348	0.851841512534518
"rs1403266"	0.747536987529739	348	1.09956954875118
"rs1132116"	0.747537573291797	348	1.07559618751756
"rs2093969"	0.747549230175048	348	1.0617734685807
"rs209026"	0.747604256210651	348	1.05995625232818
"rs1766589"	0.747640687359948	348	1.05235947764968
"rs1766770"	0.747640687359948	348	1.05235947764968
"rs502687"	0.7476432330727	348	1.05851255877721
"rs624725"	0.747649012350477	348	0.932871666442905
"rs432450"	0.747652367332469	348	0.938672407569943
"rs1124992"	0.747654027280482	348	1.04959962561605
"rs1741576"	0.747675694466007	348	1.05336672823387
"rs1406323"	0.747699385450113	348	1.02610872583209
"rs1599053"	0.747718636835627	348	0.955920008912794
"rs5877"	0.747723002945204	348	0.876584894057608
"rs643561"	0.747723002945204	348	0.876584894057608
"rs6618"	0.747723002945207	348	0.87658489405761
"rs504023"	0.74773998380139	348	0.937548602157246
"rs899536"	0.747741804894404	348	0.890559341686607
"rs1156957"	0.747773002546632	348	1.02717690988182
"rs565282"	0.7477747277565	348	0.96615016805416
"rs836232"	0.747780178459748	348	1.10104652424671
"rs1125134"	0.747810270142359	348	1.11820793923858
"rs1162995"	0.747859814978341	348	0.944603041365941
"rs492420"	0.747877009090988	348	1.04289458444528
"rs1015472"	0.747879483300962	348	0.877280251773563
"rs1900585"	0.747879483300962	348	0.877280251773563
"rs1902379"	0.747879483300962	348	0.877280251773563
"rs1902609"	0.747879483300962	348	0.877280251773563
"rs1902629"	0.747879483300962	348	0.877280251773563
"rs1902642"	0.747879483300962	348	0.877280251773563
"rs2206767"	0.747879483300962	348	0.877280251773563
"rs2205448"	0.747879483300966	348	0.877280251773564
"rs549506"	0.747899480406873	348	0.944982916346802
"rs1802616"	0.747927900948071	348	1.05286354378878
"rs1993326"	0.747946180442741	348	1.04749101400727
"rs126675"	0.748008471094008	348	0.951942846605069
"rs785837"	0.748029857256441	348	0.921586713320628
"rs1359753"	0.748167134025289	348	0.917552449219565
"rs1359755"	0.748167134025289	348	0.917552449219565
"rs592070"	0.74816972330534	348	1.02875714037801
"rs906406"	0.748231299998523	348	0.844630382700565
"rs1372876"	0.748256544065088	348	0.954931432851505
"rs1708960"	0.74826590251112	348	0.948762262472843
"rs1708962"	0.74826590251112	348	0.948762262472843
"rs1708966"	0.74826590251112	348	0.948762262472843
"rs1708969"	0.74826590251112	348	0.948762262472843
"rs1565664"	0.748302182192597	348	1.05623727144945
"rs375416"	0.748342015000207	348	1.06486489902598
"rs1445558"	0.748344257978987	348	1.13438958522032
"rs2021082"	0.748379524758814	348	0.929189432986976
"rs2021159"	0.748379524758814	348	0.929189432986976
"rs2021121"	0.748379524758814	348	0.929189432986976
"rs287604"	0.748379977243657	348	0.954249162614948
"rs1055603"	0.748419950067611	348	0.959059847896914
"rs1055609"	0.748419950067611	348	0.959059847896914
"rs1778709"	0.748421283351113	348	0.952645650526729
"rs1778715"	0.748421283351113	348	0.952645650526729
"rs42348"	0.748433595452088	348	0.863092979216687
"rs744604"	0.748449156397709	348	1.07083972914355
"rs744658"	0.748449156397709	348	1.07083972914355
"rs879987"	0.748492130154675	348	0.937779332031187
"rs2036554"	0.748496039307329	348	0.791487317005594
"rs2114419"	0.748502947196212	348	0.953625770136125
"rs1885188"	0.748503672278833	348	1.07733917392646
"rs584115"	0.748504630080153	348	0.925770472643792
"rs584097"	0.748504630080156	348	0.925770472643792
"rs584099"	0.748504630080156	348	0.925770472643792
"rs896125"	0.748558751068341	348	0.857961172918837
"rs872847"	0.748603544356842	348	1.14714102632468
"rs1159187"	0.748636148914206	348	0.872733532644554
"rs186401"	0.748657629703139	348	0.898149346713326
"rs1335844"	0.748670155559801	348	0.875048573800498
"rs206805"	0.748720517204817	348	0.913282422834611
"rs206828"	0.748720517204817	348	0.913282422834611
"rs1370279"	0.748737248699765	348	1.03118531301136
"rs1390061"	0.748772881680007	348	0.913961366475024
"rs1005367"	0.748861474302011	348	1.05590839293674
"rs1005529"	0.748861474302019	348	1.05590839293673
"rs626905"	0.74887659070708	348	1.08971639874231
"rs557112"	0.748877548121385	348	0.930733477692454
"rs652386"	0.748890386249566	348	1.1486766448396
"rs227331"	0.748890415087727	348	1.08852632193785
"rs227332"	0.748890415087727	348	1.08852632193785
"rs227413"	0.748890415087727	348	1.08852632193785
"rs227217"	0.748910432747368	348	1.08851934077056
"rs227224"	0.748910432747368	348	1.08851934077056
"rs533284"	0.748912596469912	348	0.945386323476151
"rs1152800"	0.748957195333097	348	0.985752373626685
"rs472434"	0.748990565808254	348	1.05785182168177
"rs246830"	0.748993624943044	348	0.916760375437081
"rs1055460"	0.749010472570738	348	0.887308409910168
"rs1055475"	0.749010472570738	348	0.887308409910168
"rs303702"	0.749072711328148	348	0.935099269547604
"rs838136"	0.749110974622083	348	0.914084723571236
"rs597162"	0.749112480470795	348	1.05411382416902
"rs1950980"	0.749139487466284	348	1.05973316258052
"rs2164004"	0.749141070411544	348	1.04912883103046
"rs1670023"	0.749239452749584	348	1.11529422900877
"rs241810"	0.749270727801702	348	0.943134166186064
"rs939322"	0.749285107890923	348	0.926790047259457
"rs702877"	0.749289869931629	348	0.918688515311708
"rs757414"	0.749332697022659	348	0.946303199662268
"rs757527"	0.749332697022659	348	0.946303199662268
"rs1392884"	0.749342825917855	348	0.894625237102724
"rs467920"	0.749396811612654	348	1.06430229494638
"rs467923"	0.749396811612654	348	1.06430229494638
"rs552430"	0.749440182036808	348	0.936207707199568
"rs1669542"	0.749448409508337	348	0.935739104552234
"rs90738"	0.749470019733918	348	0.942731955451847
"rs1169857"	0.749481179943468	348	0.956447783642459
"rs133934"	0.749490062704091	348	1.0389779557808
"rs133935"	0.749490062704091	348	1.0389779557808
"rs1965642"	0.749521454877166	348	1.0120159356078
"rs1585284"	0.749567860254424	348	0.941571336066514
"rs1478883"	0.749567950518856	348	0.889108063244477
"rs651551"	0.749591791176065	348	1.13499843401966
"rs71097"	0.749595254973853	348	1.11363341591038
"rs455554"	0.749617127384183	348	0.940395361970433
"rs2101652"	0.74964344605681	348	1.05288118644258
"rs1294737"	0.749753136199284	348	0.94882053061291
"rs906741"	0.749775199091856	348	0.87829176587455
"rs523466"	0.749794786594003	348	1.06745955718569
"rs134171"	0.749873833953381	348	0.951628373707931
"rs235477"	0.749893872848168	348	0.924441795265759
"rs2170495"	0.749895288892993	348	1.03986948447302
"rs839807"	0.749897633993449	348	1.07413835858066
"rs839825"	0.749897633993449	348	1.07413835858066
"rs2020855"	0.749950744717939	348	0.932994692279539
"rs2020856"	0.749950744717939	348	0.932994692279539
"rs2020858"	0.749950744717939	348	0.932994692279539
"rs2020860"	0.749950744717939	348	0.932994692279539
"rs2020863"	0.749950744717939	348	0.932994692279539
"rs2020864"	0.749950744717939	348	0.932994692279539
"rs2020891"	0.749950744717939	348	0.932994692279539
"rs2020907"	0.749950744717939	348	0.932994692279539
"rs2020911"	0.749950744717939	348	0.932994692279539
"rs2020918"	0.749950744717939	348	0.932994692279539
"rs782638"	0.749956072830902	348	1.05913491699445
"rs1515904"	0.750000313668629	348	0.972402084924619
"rs1161627"	0.750113761629905	348	1.05140183366044
"rs1161630"	0.750113761629905	348	1.05140183366044
"rs1161633"	0.750113761629905	348	1.05140183366044
"rs1161616"	0.750113761629906	348	1.05140183366044
"rs460109"	0.750131734142537	348	0.944037926600173
"rs121035"	0.750140407074786	348	0.957613081186764
"rs860747"	0.750148065014197	348	0.950322233232076
"rs1742557"	0.750158205508726	348	0.940169271343363
"rs294394"	0.750171031579357	348	1.01910849506209
"rs634774"	0.750210139212688	348	1.08931599657307
"rs1594122"	0.750222251266021	348	0.937864882163451
"rs546465"	0.750223232650078	348	0.941299962504993
"rs1829058"	0.75024004683461	348	0.939190743883858
"rs533893"	0.750255458258336	348	1.06039907640244
"rs1611846"	0.750261172026786	348	1.05575569759076
"rs828319"	0.750286110236837	348	0.915079823515546
"rs871730"	0.750286110236837	348	0.915079823515546
"rs900266"	0.750291319214487	348	1.10644670089778
"rs156983"	0.750295916248646	348	1.06208967007181
"rs1014170"	0.750296710026172	348	1.03528804858359
"rs527462"	0.750303361740351	348	1.06310157079674
"rs484648"	0.750343340257278	348	1.0999228036847
"rs2058055"	0.750379456737157	348	1.06020584879929
"rs2169431"	0.750383685018479	348	0.96112165329951
"rs541980"	0.750397096549654	348	1.06437940565529
"rs1627574"	0.750406606333967	348	0.906328163730125
"rs578718"	0.750445846498694	348	0.955456472429716
"rs1886054"	0.750447218662296	348	0.939347705109146
"rs616796"	0.750497622963142	348	1.08602458857532
"rs616736"	0.750497622963148	348	1.08602458857532
"rs1943836"	0.750555697848673	348	1.05672022191523
"rs1943882"	0.750555697848673	348	1.05672022191523
"rs70167"	0.750573799249055	348	0.974014629873825
"rs1711217"	0.75057985160455	348	1.06155571659421
"rs1711220"	0.75057985160455	348	1.06155571659421
"rs162306"	0.750612023272769	348	0.917849588618452
"rs1405540"	0.750618690548646	348	1.10483982552574
"rs566346"	0.750625565254782	348	0.960603143430799
"rs1153152"	0.750628847429154	348	1.06995649570539
"rs1655704"	0.750651423656819	348	0.932196849903794
"rs808850"	0.750662499904707	348	1.04654298583769
"rs782635"	0.750676795266818	348	1.05896224819762
"rs782644"	0.750676795266818	348	1.05896224819762
"rs782657"	0.750676795266818	348	1.05896224819762
"rs417093"	0.750711555526766	348	0.939325381224718
"rs1077235"	0.750722205667327	348	0.946675869599808
"rs1396086"	0.750723972300675	348	1.12065132907165
"rs1396124"	0.750723972300675	348	1.12065132907165
"rs745798"	0.750729092877337	348	0.934674596781098
"rs746583"	0.750729092877337	348	0.934674596781098
"rs1114223"	0.75076356093597	348	1.04343155413398
"rs58049"	0.750830962079787	348	0.92101781209428
"rs815692"	0.750836137055731	348	1.06543432113574
"rs1400327"	0.750858751712558	348	1.12577211505111
"rs1846008"	0.750879386117027	348	1.07045846006422
"rs511235"	0.750882176721043	348	1.05450875618651
"rs896700"	0.750891174803819	348	0.953663899903728
"rs1791419"	0.750903380234135	348	1.04922893974862
"rs574697"	0.750904285519184	348	1.08363806602258
"rs1777951"	0.750905895171672	348	1.04078685321784
"rs868344"	0.750933671845824	348	0.915056752691677
"rs793057"	0.750983147726678	348	0.960070854060703
"rs1167183"	0.750989147946842	348	1.04457138493932
"rs556755"	0.751072909057799	348	1.03885385533028
"rs2024672"	0.751110519367788	348	1.07297754952124
"rs2024697"	0.751110519367788	348	1.07297754952124
"rs1162026"	0.75111842113112	348	1.05101615480233
"rs2009889"	0.751119510481597	348	1.05486259895976
"rs1360359"	0.751152188185866	348	0.802328295444114
"rs1319808"	0.751185721578315	348	0.808222308010007
"rs670803"	0.751186501962091	348	1.06008456382543
"rs11214"	0.751197669286068	348	1.06678029827685
"rs1126096"	0.751248647816541	348	1.07733417981877
"rs1126126"	0.751248647816541	348	1.07733417981877
"rs107580"	0.751272485439276	348	0.907952366541511
"rs849917"	0.751273772037281	348	0.951222331179396
"rs849938"	0.751273772037281	348	0.951222331179396
"rs687922"	0.751288587837123	348	0.942396352185504
"rs1795078"	0.751315115785491	348	0.940535325564069
"rs2028162"	0.751359954156548	348	0.920867120140522
"rs2100950"	0.751383539181028	348	0.944144437100376
"rs1432797"	0.751385960530892	348	1.06308417497474
"rs341089"	0.751432337908878	348	0.931883219474117
"rs190178"	0.751493678389389	348	0.806803483222884
"rs1879985"	0.751520774774512	348	0.972630290520377
"rs1111203"	0.751568853522116	348	1.1515100183834
"rs490499"	0.751572395441552	348	0.920555624222851
"rs347056"	0.751583826607238	348	0.956402685682308
"rs1816882"	0.751592424135584	348	0.922475450170067
"rs1816885"	0.751592424135584	348	0.922475450170067
"rs1816888"	0.751592424135584	348	0.922475450170067
"rs1816900"	0.751592424135584	348	0.922475450170067
"rs1841660"	0.751647523950944	348	1.04795658729482
"rs2162308"	0.751683114037545	348	1.01597467035804
"rs816222"	0.751684848384956	348	1.1214961236414
"rs837281"	0.751685479819535	348	0.952966494452742
"rs23377"	0.751686585082119	348	0.937466729858902
"rs574652"	0.751730971493667	348	1.08338659923708
"rs574655"	0.751730971493667	348	1.08338659923708
"rs911549"	0.751738921843977	348	1.04510308682529
"rs1584171"	0.751760949355241	348	0.90311066823653
"rs606063"	0.751793566333633	348	0.867130967536988
"rs606558"	0.751793566333633	348	0.867130967536988
"rs110773"	0.751826339945009	348	1.04867739569297
"rs1882037"	0.75182951455634	348	0.931520259600636
"rs532371"	0.75185433240924	348	1.07664834940806
"rs1964817"	0.751868425906153	348	1.15427586891412
"rs1964823"	0.751868425906153	348	1.15427586891412
"rs54773"	0.751886388256501	348	0.945372470541175
"rs1477226"	0.751887155687274	348	5.60716918294028
"rs2161644"	0.75190675023583	348	1.05356217036981
"rs1647602"	0.75191931863909	348	0.890142347964186
"rs648928"	0.751937275424258	348	1.03355962141368
"rs213728"	0.751963727194949	348	0.935964282305457
"rs896760"	0.751975275170957	348	0.948732139720762
"rs1453181"	0.751983972195637	348	1.08784711381943
"rs1962572"	0.751999963643878	348	1.06665444569714
"rs498464"	0.752000676946416	348	1.09168010742098
"rs498480"	0.752000676946416	348	1.09168010742098
"rs498509"	0.752000676946416	348	1.09168010742098
"rs498587"	0.752000676946416	348	1.09168010742098
"rs498601"	0.752000676946416	348	1.09168010742098
"rs498602"	0.752000676946416	348	1.09168010742098
"rs498612"	0.752000676946416	348	1.09168010742098
"rs498629"	0.752000676946416	348	1.09168010742098
"rs498638"	0.752000676946416	348	1.09168010742098
"rs498701"	0.752000676946416	348	1.09168010742098
"rs498737"	0.752000676946416	348	1.09168010742098
"rs498761"	0.752000676946416	348	1.09168010742098
"rs498776"	0.752000676946416	348	1.09168010742098
"rs498920"	0.752000676946416	348	1.09168010742098
"rs498929"	0.752000676946416	348	1.09168010742098
"rs498930"	0.752000676946416	348	1.09168010742098
"rs404766"	0.752036282513063	348	1.06605092277613
"rs1962248"	0.75204131610409	348	1.06593359839812
"rs1962260"	0.75204131610409	348	1.06593359839812
"rs1962267"	0.75204131610409	348	1.06593359839812
"rs1372802"	0.752075904558208	348	1.04976985433715
"rs56026"	0.752077242090429	348	0.929608312541467
"rs1116510"	0.75208227044076	348	1.04428003782228
"rs2090310"	0.752094319671051	348	0.9410540239793
"rs1792452"	0.75214030828645	348	0.939527584067392
"rs1793026"	0.75214030828645	348	0.939527584067392
"rs429424"	0.752141698552862	348	0.947878951660871
"rs429432"	0.752141698552862	348	0.947878951660871
"rs429438"	0.752141698552862	348	0.947878951660871
"rs429444"	0.752141698552862	348	0.947878951660871
"rs429447"	0.752141698552862	348	0.947878951660871
"rs429454"	0.752141698552862	348	0.947878951660871
"rs42573"	0.752167323959547	348	1.02442771391033
"rs820530"	0.752178462245493	348	1.06122423915066
"rs1093232"	0.752186086525484	348	0.929122159309444
"rs1093241"	0.752186086525484	348	0.929122159309444
"rs1361275"	0.752204628573371	348	0.912364595349147
"rs1072992"	0.752207244962852	348	0.982448148152144
"rs484972"	0.752207970278913	348	1.07366946644381
"rs484975"	0.752207970278913	348	1.07366946644381
"rs8177"	0.752217873904511	348	0.916606310958507
"rs226946"	0.752236596966358	348	1.16135869127883
"rs226962"	0.752236596966358	348	1.16135869127883
"rs729420"	0.752236596966358	348	1.16135869127883
"rs920121"	0.752236596966363	348	1.16135869127883
"rs920123"	0.752236596966363	348	1.16135869127883
"rs653323"	0.752267885004882	348	0.91941048617131
"rs2190312"	0.75227762332614	348	0.894926683861157
"rs2161178"	0.752324657554257	348	1.04836329425203
"rs498966"	0.752349058671345	348	1.09154893245287
"rs1479241"	0.75237295532086	348	0.948989857101037
"rs1942265"	0.752395615210375	348	1.05915661548816
"rs2102909"	0.752406118658842	348	1.04623846157339
"rs2093555"	0.752417011312783	348	1.06255313463186
"rs460458"	0.752423771798496	348	1.05363606427478
"rs255729"	0.752423870188608	348	1.05944356761749
"rs255730"	0.752423870188608	348	1.05944356761749
"rs1793270"	0.752430643296413	348	1.06868223758993
"rs1309636"	0.752447931937116	348	1.07680557046095
"rs1708744"	0.752521692655694	348	0.963364271818736
"rs1790646"	0.752540297203047	348	1.03045782835258
"rs1380146"	0.752613851554578	348	0.900252126509139
"rs1779546"	0.752726972454516	348	1.05448705185147
"rs548657"	0.752728343473015	348	1.10216738742452
"rs1098897"	0.752733347734027	348	1.07562816969143
"rs971048"	0.752791747575958	348	1.06940537791967
"rs532359"	0.752799661514699	348	1.0749230831007
"rs1135780"	0.75289579025496	348	0.931231862122302
"rs1135908"	0.752895790254963	348	0.931231862122303
"rs1205654"	0.752919454723043	348	1.04141908703337
"rs211001"	0.752958806181249	348	0.941728651795915
"rs137756"	0.753016601714177	348	0.900770664673357
"rs1064357"	0.75305842207837	348	0.984780009380705
"rs907626"	0.753067367746021	348	0.929496564195421
"rs907629"	0.753067367746021	348	0.929496564195421
"rs907632"	0.753067367746021	348	0.929496564195421
"rs907634"	0.753067367746021	348	0.929496564195421
"rs907638"	0.753067367746021	348	0.929496564195421
"rs907644"	0.753067367746021	348	0.929496564195421
"rs907648"	0.753067367746021	348	0.929496564195421
"rs907650"	0.753067367746021	348	0.929496564195421
"rs907652"	0.753067367746021	348	0.929496564195421
"rs907653"	0.753067367746021	348	0.929496564195421
"rs626568"	0.753076415211205	348	0.857965477687046
"rs2090534"	0.753076415211207	348	0.857965477687049
"rs2170197"	0.753076682978076	348	0.975729499201289
"rs575650"	0.753153124820788	348	0.918510115548699
"rs1320881"	0.753161038553375	348	1.08216557977961
"rs1291350"	0.753180931739323	348	0.953400750148963
"rs561558"	0.753189968535734	348	1.04717811347332
"rs854451"	0.753211594972149	348	0.928456144058006
"rs1123185"	0.753220539990908	348	0.9159855164939
"rs1123268"	0.753220539990908	348	0.9159855164939
"rs1123280"	0.753220539990908	348	0.9159855164939
"rs400788"	0.753225019942469	348	0.906078198169607
"rs562653"	0.753285869043795	348	1.05533667038998
"rs1488020"	0.753290149304507	348	0.95311969960778
"rs1608971"	0.753303585433001	348	0.924655882460597
"rs131925"	0.753307888351353	348	0.925256267504339
"rs487835"	0.753320757217883	348	0.943035879402171
"rs1290928"	0.753407992687566	348	0.931418658537036
"rs2058067"	0.753414693943405	348	1.07259090325323
"rs1627355"	0.753421105450434	348	0.93822393038931
"rs1881626"	0.753423287891114	348	0.93490288292768
"rs1881469"	0.753423287891122	348	0.934902882927681
"rs1881488"	0.753423287891122	348	0.934902882927681
"rs1881764"	0.753423287891122	348	0.934902882927681
"rs1881767"	0.753423287891122	348	0.934902882927681
"rs1881799"	0.753423287891122	348	0.934902882927681
"rs1881800"	0.753423287891122	348	0.934902882927681
"rs1881833"	0.753423287891122	348	0.934902882927681
"rs1881836"	0.753423287891122	348	0.934902882927681
"rs1881839"	0.753423287891122	348	0.934902882927681
"rs1881845"	0.753423287891122	348	0.934902882927681
"rs1881848"	0.753423287891122	348	0.934902882927681
"rs1881854"	0.753423287891122	348	0.934902882927681
"rs1881863"	0.753423287891126	348	0.934902882927683
"rs1907788"	0.75342995129772	348	1.01565537770791
"rs996756"	0.753433318329924	348	0.871834446158436
"rs2161538"	0.753438610382795	348	1.05569089803077
"rs1647645"	0.753448100861864	348	0.817347708439042
"rs1013942"	0.753467914783346	348	0.978284220267093
"rs1564000"	0.753480210629836	348	1.04471421290461
"rs484855"	0.753497885666912	348	0.936184749683772
"rs1962698"	0.753521532332979	348	0.932548774013333
"rs458517"	0.753532718916972	348	1.08049043320096
"rs959622"	0.75355587062426	348	0.923114189576891
"rs9714"	0.753568865522646	348	1.11903265217401
"rs2131131"	0.753589772425283	348	0.932884134210518
"rs891879"	0.753623759915731	348	0.909264810268927
"rs891922"	0.753623759915731	348	0.909264810268927
"rs892058"	0.753623759915731	348	0.909264810268927
"rs992852"	0.753627967401135	348	0.931564505408662
"rs1383817"	0.753650462963782	348	0.938835613368468
"rs1444284"	0.753650580393894	348	0.947624167176692
"rs496717"	0.753668429926911	348	1.0829917302308
"rs496750"	0.753668429926911	348	1.0829917302308
"rs1199733"	0.753670647327692	348	0.954365095216334
"rs951756"	0.75368133978843	348	0.920542665210611
"rs1073003"	0.75379265682442	348	0.984190694657215
"rs273370"	0.753794655052622	348	0.958783046072508
"rs1168976"	0.753797171255953	348	0.895452565527118
"rs1168994"	0.753797171255953	348	0.895452565527118
"rs1169000"	0.753797171255953	348	0.895452565527118
"rs1169009"	0.753797171255953	348	0.895452565527118
"rs1169015"	0.753797171255953	348	0.895452565527118
"rs2172614"	0.75383450965199	348	0.955717271065537
"rs2080119"	0.753859217732337	348	1.05178016055142
"rs1735133"	0.753861253451592	348	0.942208615594162
"rs1964408"	0.753867089214507	348	0.929610494864714
"rs2173469"	0.753867829792065	348	1.04493357575709
"rs1082057"	0.753916001647932	348	1.05937683897209
"rs1908157"	0.753930764077971	348	1.05165432355582
"rs1699422"	0.753980380182929	348	0.925250519323178
"rs1304529"	0.753993337454488	348	0.903269083355437
"rs357951"	0.753994775251081	348	1.07182576085724
"rs360966"	0.753994775251081	348	1.07182576085724
"rs361871"	0.753994775251081	348	1.07182576085724
"rs1930871"	0.75400303077542	348	0.941303757207598
"rs129902"	0.754092534071518	348	0.978102062671556
"rs788012"	0.754187770898469	348	1.05654887471339
"rs227463"	0.754203870481823	348	1.12474085836438
"rs227464"	0.754203870481823	348	1.12474085836438
"rs128060"	0.754244086575561	348	0.913733781955021
"rs128063"	0.754244086575561	348	0.913733781955021
"rs870558"	0.754275102354638	348	1.10824004164943
"rs870561"	0.754275102354638	348	1.10824004164943
"rs290210"	0.754413041218282	348	0.94299383336447
"rs2087001"	0.754449306867614	348	1.03365890610373
"rs2090291"	0.75450573589284	348	1.04744219780455
"rs466771"	0.754513231599195	348	0.961227514005718
"rs484605"	0.754525601319519	348	0.906945981887054
"rs1116999"	0.754580122750507	348	0.942522384444824
"rs1116972"	0.754580122750522	348	0.942522384444827
"rs1116990"	0.754580122750522	348	0.942522384444827
"rs1116992"	0.754580122750522	348	0.942522384444827
"rs812137"	0.754583614116899	348	1.06991147636246
"rs1759691"	0.754628090219866	348	0.942396059678005
"rs489293"	0.754634604548901	348	1.07918848236658
"rs1362366"	0.75465626469221	348	1.07786753193761
"rs1362433"	0.75465626469221	348	1.07786753193761
"rs22654"	0.754657661456432	348	1.05146562758161
"rs388648"	0.75470006508633	348	0.944187135277993
"rs388658"	0.75470006508633	348	0.944187135277993
"rs319262"	0.754724039714155	348	0.784089536009545
"rs352879"	0.754724039714165	348	108.74151256254
"rs1047146"	0.754724039714171	348	1.27536455222864
"rs1047185"	0.754724039714171	348	1.27536455222864
"rs1856559"	0.754724039714172	348	1.27536455222864
"rs59247"	0.754724039714177	348	0.78408953600957
"rs290776"	0.754724039714177	348	0.78408953600957
"rs295757"	0.754724039714177	348	0.78408953600957
"rs298759"	0.754724039714177	348	0.78408953600957
"rs299152"	0.754724039714177	348	0.78408953600957
"rs300056"	0.754724039714177	348	0.78408953600957
"rs300059"	0.754724039714177	348	0.78408953600957
"rs300062"	0.754724039714177	348	0.78408953600957
"rs300071"	0.754724039714177	348	0.78408953600957
"rs300073"	0.754724039714177	348	0.78408953600957
"rs300074"	0.754724039714177	348	0.78408953600957
"rs300089"	0.754724039714177	348	0.78408953600957
"rs300098"	0.754724039714177	348	0.78408953600957
"rs300101"	0.754724039714177	348	0.78408953600957
"rs300137"	0.754724039714177	348	0.78408953600957
"rs301130"	0.754724039714177	348	0.78408953600957
"rs304066"	0.754724039714177	348	0.78408953600957
"rs326286"	0.754724039714177	348	0.78408953600957
"rs329157"	0.754724039714177	348	0.78408953600957
"rs329449"	0.754724039714177	348	0.78408953600957
"rs329584"	0.754724039714177	348	0.78408953600957
"rs329721"	0.754724039714177	348	0.78408953600957
"rs329752"	0.754724039714177	348	0.78408953600957
"rs710228"	0.754724039714177	348	0.78408953600957
"rs711073"	0.754724039714177	348	0.78408953600957
"rs720540"	0.754724039714177	348	0.78408953600957
"rs1100614"	0.754724039714177	348	0.78408953600957
"rs1100784"	0.754724039714177	348	0.78408953600957
"rs1529794"	0.754724039714177	348	0.78408953600957
"rs519819"	0.754724039714178	348	1.27536455222863
"rs519832"	0.754724039714178	348	1.27536455222863
"rs301224"	0.754724039714178	348	0.784089536009571
"rs297534"	0.75472403971418	348	0.784089536009572
"rs323902"	0.75472403971418	348	0.784089536009572
"rs1017184"	0.754724039714181	348	1.27536455222863
"rs330371"	0.754724039714182	348	0.784089536009573
"rs641501"	0.754724039714183	348	1.27536455222862
"rs304134"	0.754724039714184	348	0.784089536009575
"rs300155"	0.754724039714189	348	0.784089536009578
"rs300245"	0.754724039714189	348	0.784089536009578
"rs300251"	0.754724039714189	348	0.784089536009578
"rs300257"	0.754724039714189	348	0.784089536009578
"rs300266"	0.754724039714189	348	0.784089536009578
"rs303639"	0.75472403971419	348	0.784089536009579
"rs319249"	0.754724039714195	348	0.784089536009581
"rs319264"	0.754724039714195	348	0.784089536009581
"rs303879"	0.754724039714221	348	13.6084481678567
"rs319261"	0.754724039714231	348	0.366808355794916
"rs319240"	0.754724039714334	348	0.146059021382614
"rs319252"	0.754724039714334	348	0.146059021382614
"rs319258"	0.754724039714334	348	0.146059021382614
"rs319267"	0.754724039714334	348	0.146059021382614
"rs324043"	0.75472403971438	348	16.3981529284099
"rs1115198"	0.754764805273083	348	1.04426451020934
"rs1115200"	0.754764805273083	348	1.04426451020934
"rs1959787"	0.754792650465136	348	0.934250413952633
"rs426543"	0.75479344872782	348	1.07523416281183
"rs49810"	0.754806124405536	348	1.10200584283139
"rs417486"	0.754811140123467	348	0.942248324008056
"rs118678"	0.754874143176577	348	1.03974179444611
"rs778034"	0.754889786129052	348	1.05210901584373
"rs984601"	0.754895461866964	348	0.986238458451909
"rs518245"	0.754895544622622	348	1.05754037433811
"rs518268"	0.754895544622622	348	1.05754037433811
"rs515861"	0.754964192664645	348	0.946919720546935
"rs26394"	0.754992610665162	348	0.947691996714655
"rs26395"	0.754992610665162	348	0.947691996714655
"rs26404"	0.754992610665162	348	0.947691996714655
"rs26411"	0.754992610665162	348	0.947691996714655
"rs26413"	0.754992610665162	348	0.947691996714655
"rs26417"	0.754992610665162	348	0.947691996714655
"rs26423"	0.754992610665162	348	0.947691996714655
"rs26432"	0.754992610665162	348	0.947691996714655
"rs26462"	0.754992610665162	348	0.947691996714655
"rs26468"	0.754992610665162	348	0.947691996714655
"rs26504"	0.754992610665162	348	0.947691996714655
"rs26513"	0.754992610665162	348	0.947691996714655
"rs26540"	0.754992610665162	348	0.947691996714655
"rs26628"	0.754992610665162	348	0.947691996714655
"rs26641"	0.754992610665162	348	0.947691996714655
"rs26698"	0.754992610665162	348	0.947691996714655
"rs1802498"	0.755022280753514	348	1.05160619587937
"rs261985"	0.75507623144429	348	1.07131391052272
"rs1202012"	0.75511403007609	348	0.953968583923739
"rs1202013"	0.75511403007609	348	0.953968583923739
"rs797457"	0.755134726856975	348	0.983023405755224
"rs343645"	0.755146793517436	348	0.912100981313292
"rs608183"	0.755183797869107	348	0.81053396850504
"rs2069212"	0.755194444397782	348	0.903506940011312
"rs1307559"	0.75519794844433	348	1.05109994960038
"rs145389"	0.755248237284591	348	0.961351959433716
"rs145390"	0.755248237284591	348	0.961351959433716
"rs128714"	0.755278995603034	348	0.941307969029272
"rs2101970"	0.755343224035658	348	0.947564193363451
"rs994898"	0.755388834211055	348	1.09627912085113
"rs1844308"	0.755392735960334	348	1.06965633683362
"rs1845172"	0.755392735960334	348	1.06965633683362
"rs489719"	0.75543193911118	348	1.07418761073726
"rs448759"	0.755523633529114	348	0.982345538080042
"rs1564608"	0.755529919131295	348	0.940155741454336
"rs1564629"	0.755529919131295	348	0.940155741454336
"rs1564638"	0.755529919131295	348	0.940155741454336
"rs38169"	0.755549066420157	348	1.09077846392987
"rs1166581"	0.755562676713252	348	0.961329990698874
"rs496853"	0.755572420113324	348	1.08891303360473
"rs496928"	0.755572420113324	348	1.08891303360473
"rs649881"	0.755604596666379	348	0.907849697962235
"rs1839313"	0.755606147765621	348	0.92723276739296
"rs98128"	0.755614627531133	348	0.799689745713
"rs1874457"	0.755703570344794	348	1.06324486083918
"rs494134"	0.755720482506129	348	1.10125606412688
"rs2157932"	0.755762285863228	348	1.04902894545239
"rs1013520"	0.755799090073748	348	1.0621806291169
"rs838478"	0.755799265855796	348	1.07986280470579
"rs602508"	0.755812255142654	348	0.920724572454217
"rs65025"	0.755813282283386	348	0.973087965473268
"rs1977691"	0.755839104414561	348	1.09561203652707
"rs679932"	0.75585409410381	348	1.07039782692955
"rs128624"	0.755861514039135	348	1.04824490219189
"rs2185684"	0.755877021423482	348	0.869387826193701
"rs1874379"	0.755884569232608	348	1.06319724052123
"rs1654675"	0.755885764420473	348	1.0669869569303
"rs1654678"	0.755885764420473	348	1.0669869569303
"rs59295"	0.755909537228917	348	1.05382425999952
"rs900054"	0.756013904660074	348	0.809906302343071
"rs359533"	0.756045116239669	348	1.06904453728042
"rs2070945"	0.756059505033741	348	0.884941709713137
"rs2070998"	0.756059505033741	348	0.884941709713137
"rs1594069"	0.756085616459044	348	0.930113319670889
"rs1933437"	0.75612449582223	348	1.0890104577882
"rs1933440"	0.75612449582223	348	1.0890104577882
"rs1933446"	0.75612449582223	348	1.0890104577882
"rs1933452"	0.75612449582223	348	1.0890104577882
"rs1933491"	0.75612449582223	348	1.0890104577882
"rs1933494"	0.75612449582223	348	1.0890104577882
"rs303643"	0.756137423959327	348	0.847389176858346
"rs1121811"	0.756157064051593	348	0.951333432290322
"rs842598"	0.756171103631662	348	1.07113682369361
"rs842475"	0.756200336988681	348	1.0726249635998
"rs704515"	0.756217271369733	348	1.06830346213383
"rs704553"	0.756217271369733	348	1.06830346213383
"rs319330"	0.756224114672273	348	0.921001229758736
"rs319393"	0.756224114672273	348	0.921001229758736
"rs319399"	0.756224114672273	348	0.921001229758736
"rs319402"	0.756224114672273	348	0.921001229758736
"rs1739223"	0.756266177888164	348	0.81089480850392
"rs686544"	0.756269907915232	348	0.933169157888504
"rs642783"	0.756276008199722	348	0.889356910788304
"rs1749609"	0.756311718379239	348	0.958790455296703
"rs1749612"	0.756311718379239	348	0.958790455296703
"rs650244"	0.756338754883751	348	0.932943381745885
"rs612443"	0.756366137638995	348	0.907902032268289
"rs1962763"	0.75636884715164	348	0.938141260319651
"rs842595"	0.756381944812452	348	1.07203649121113
"rs842599"	0.756381944812452	348	1.07203649121113
"rs785688"	0.75642729598514	348	1.05523848083644
"rs785694"	0.75642729598514	348	1.05523848083644
"rs1108242"	0.756427403611368	348	0.831234012685805
"rs1108325"	0.756427403611368	348	0.831234012685805
"rs492699"	0.75647164144262	348	0.952089029284411
"rs1116540"	0.75647539888566	348	1.07656667800237
"rs1776936"	0.756490388204255	348	1.0640074296488
"rs88447"	0.756494272276063	348	0.950288691791492
"rs1333432"	0.756516916726919	348	0.954758778083676
"rs1563363"	0.756525223983517	348	1.10807216995777
"rs46156"	0.756562125524126	348	1.05677146466874
"rs815811"	0.7565621519001	348	0.959821014107491
"rs1721026"	0.756566787827078	348	1.10983265416426
"rs1721032"	0.756566787827078	348	1.10983265416426
"rs2175689"	0.756567959854624	348	0.984040762689589
"rs94008"	0.756573156424463	348	0.947121451624995
"rs153590"	0.75660741693177	348	1.04308877786485
"rs153599"	0.75660741693177	348	1.04308877786485
"rs335496"	0.756615248873304	348	0.915538173538729
"rs780620"	0.756623141632209	348	0.924033182493086
"rs1874511"	0.756628181787633	348	1.06437495576917
"rs517941"	0.756641834235979	348	1.0462072796147
"rs517944"	0.756641834235979	348	1.0462072796147
"rs517945"	0.756641834235979	348	1.0462072796147
"rs554512"	0.756648966409442	348	1.07294015557995
"rs122384"	0.756673413389854	348	0.967898785102394
"rs4963"	0.756709812928154	348	0.906399328019335
"rs1678369"	0.756716158025194	348	0.945646278421888
"rs661014"	0.756721870944027	348	0.915585736176446
"rs369228"	0.756733459084291	348	1.05203266187165
"rs128291"	0.756763649406386	348	0.943968152229404
"rs831726"	0.756768839770203	348	0.871635071243095
"rs1743365"	0.756817868990141	348	1.03156031028475
"rs280308"	0.756843047225578	348	0.962963626653921
"rs842891"	0.756846638797945	348	0.923700349925224
"rs830893"	0.756855886375795	348	1.05811061972003
"rs1368894"	0.75690082964904	348	1.06440369634747
"rs427329"	0.756920219112271	348	1.06432200949032
"rs846524"	0.756931589835902	348	0.923689162991723
"rs1123459"	0.756938841347874	348	1.06943246169902
"rs1451824"	0.757021004669547	348	0.892100046911574
"rs1416143"	0.757021086856248	348	0.882447541850114
"rs1056332"	0.757048138166625	348	1.09514927852996
"rs545108"	0.757107629136029	348	0.954307269759699
"rs1789186"	0.75713478240308	348	0.910460734930309
"rs1245244"	0.757172872097835	348	0.931145293402243
"rs1245700"	0.757172872097835	348	0.931145293402243
"rs1248986"	0.757172872097835	348	0.931145293402243
"rs1013519"	0.757237455404866	348	1.06228605053335
"rs2149189"	0.757240645542814	348	1.10467514318853
"rs577874"	0.757262414178291	348	0.902766481526899
"rs2124937"	0.757299856138056	348	1.04934321408084
"rs915854"	0.757352609377559	348	0.924116314891483
"rs1354469"	0.757375835197373	348	0.950739184903414
"rs1354472"	0.757375835197373	348	0.950739184903414
"rs132991"	0.757466644027096	348	0.801879050368847
"rs132999"	0.757466644027096	348	0.801879050368847
"rs1068599"	0.757544519996816	348	1.05703931234235
"rs1068602"	0.757544519996816	348	1.05703931234235
"rs334258"	0.757548933026766	348	0.873985246557728
"rs231855"	0.757554853233323	348	1.06269201737756
"rs1698574"	0.757560898611999	348	1.03334926897511
"rs532421"	0.757575351602415	348	1.07165297327663
"rs942120"	0.757576935342829	348	1.09275554257369
"rs942216"	0.757576935342829	348	1.09275554257369
"rs532239"	0.757613282235686	348	1.07394554345843
"rs1863115"	0.757635555098977	348	0.900686245041018
"rs1117677"	0.757636226898887	348	1.09187030564154
"rs218573"	0.75769428234121	348	1.09975817876775
"rs1783066"	0.757715224613974	348	0.957983448633644
"rs1480272"	0.757721272828081	348	1.16588165775223
"rs1484810"	0.757721272828096	348	1.16588165775222
"rs412197"	0.757721982306081	348	1.06002923834046
"rs1708900"	0.757738568375346	348	1.0385019672142
"rs1897970"	0.757745430912465	348	1.05499471268113
"rs1874482"	0.757771447928895	348	1.06211077908689
"rs549641"	0.757807712720113	348	0.948791186652408
"rs530777"	0.757853696675403	348	1.06599545265684
"rs87847"	0.757888150254634	348	1.07074938940951
"rs1093592"	0.757927123087066	348	0.921934326729224
"rs1013711"	0.75794979773816	348	1.1041029414455
"rs942763"	0.757997989265833	348	1.05865266008934
"rs556824"	0.758013871341499	348	0.948002814027244
"rs1307682"	0.758028213980676	348	0.92018321822752
"rs134177"	0.758045312659504	348	0.971394949962362
"rs1073007"	0.758053658894722	348	0.984453199219702
"rs1391731"	0.758077389988069	348	1.11859847432137
"rs530816"	0.758093099636266	348	0.857443716665126
"rs430965"	0.758132808943828	348	0.871745634998421
"rs2093591"	0.758167389699331	348	1.06105467460642
"rs1982102"	0.758195584279989	348	1.09013580206367
"rs891593"	0.758201229319798	348	1.06750784466921
"rs1370256"	0.758266214659214	348	1.02993246393316
"rs497067"	0.75826917821072	348	1.0879369688614
"rs1590573"	0.758343737131204	348	0.921609665796996
"rs1627199"	0.758364064317278	348	0.933297863026152
"rs1360797"	0.758401543727683	348	0.802785049110599
"rs1659205"	0.758404511698827	348	1.05665642323998
"rs2112243"	0.758427174473407	348	1.0486187553909
"rs466785"	0.758449849794256	348	1.0361111808309
"rs439288"	0.758461728622196	348	0.938696916605638
"rs439307"	0.758461728622196	348	0.938696916605638
"rs439309"	0.758461728622196	348	0.938696916605638
"rs420729"	0.758480945362032	348	0.949117839072514
"rs420752"	0.758480945362032	348	0.949117839072514
"rs420759"	0.758480945362032	348	0.949117839072514
"rs420765"	0.758480945362032	348	0.949117839072514
"rs420789"	0.758480945362032	348	0.949117839072514
"rs420807"	0.758480945362032	348	0.949117839072514
"rs420825"	0.758480945362032	348	0.949117839072514
"rs2118010"	0.758496412962253	348	0.904602484355173
"rs2118013"	0.758496412962253	348	0.904602484355173
"rs1551317"	0.758539286349565	348	0.942151242874069
"rs1445644"	0.758558324889424	348	1.05869042486067
"rs552616"	0.75857935366961	348	0.949573054235903
"rs1618634"	0.758650040244292	348	0.910677981660326
"rs454157"	0.758654762462454	348	0.861008425003413
"rs1165170"	0.758654901270803	348	1.05760547581578
"rs1107291"	0.75866577175012	348	0.800479639354132
"rs360577"	0.758669828236659	348	0.933493110266856
"rs360588"	0.758669828236659	348	0.933493110266856
"rs132707"	0.758695696388909	348	0.805314653150698
"rs828146"	0.758701486669724	348	0.949897424770951
"rs695391"	0.758703035991764	348	1.14425890547095
"rs1591460"	0.758712164772958	348	1.11532163665675
"rs932574"	0.758742757534378	348	1.05808028007341
"rs1104521"	0.758775926404877	348	0.95216748694554
"rs2024625"	0.758791496940145	348	1.05558811579055
"rs1884085"	0.758851624033139	348	0.928189493757269
"rs1615832"	0.758875424319709	348	1.02623202528115
"rs830534"	0.758892556054162	348	1.05828820211025
"rs342902"	0.758921720857985	348	0.911391940123054
"rs342949"	0.758921720857985	348	0.911391940123054
"rs613401"	0.758954052882087	348	0.934018410870629
"rs1706055"	0.758968204708759	348	1.05881185966694
"rs456515"	0.758971406930957	348	1.08674861183567
"rs737734"	0.758972019609267	348	0.954137306980497
"rs1835178"	0.758989835521241	348	0.835074298984133
"rs678103"	0.758989835521242	348	0.835074298984134
"rs1918992"	0.758989835521243	348	0.153608630323955
"rs1801378"	0.758989835521259	348	0.150289192909876
"rs1801415"	0.758989835521259	348	0.150289192909876
"rs618116"	0.758989835521385	348	0.0819491838868251
"rs1618676"	0.759014604696196	348	0.955554735452592
"rs1653538"	0.759059843361346	348	1.05409571059627
"rs1653550"	0.75905984336135	348	1.05409571059627
"rs295291"	0.759061660907053	348	0.885089119092439
"rs1579386"	0.759072585166234	348	0.935277451062284
"rs749987"	0.759109009926367	348	1.05216041816388
"rs1735301"	0.75918831729259	348	1.05717331220596
"rs127889"	0.759195479533822	348	1.05076557287797
"rs127890"	0.759195479533822	348	1.05076557287797
"rs127893"	0.759195479533822	348	1.05076557287797
"rs396327"	0.759195624423171	348	1.02007352727323
"rs2112058"	0.759228175738703	348	0.858680176062514
"rs929592"	0.759248066904186	348	0.88219551113586
"rs1102020"	0.759253067131508	348	0.799745006451739
"rs1102035"	0.759253067131508	348	0.799745006451739
"rs1102065"	0.759253067131508	348	0.799745006451739
"rs1102215"	0.759253067131508	348	0.799745006451739
"rs1107042"	0.759253067131508	348	0.799745006451739
"rs1351306"	0.759253067131508	348	0.799745006451739
"rs1351750"	0.759253067131508	348	0.799745006451739
"rs875852"	0.759342208371275	348	0.944494951153824
"rs1330823"	0.759353307484936	348	0.916456366729968
"rs1488467"	0.759379873515763	348	0.976100733201926
"rs302135"	0.759390454025055	348	1.0701601419947
"rs225573"	0.759443847308629	348	0.886130323577554
"rs153533"	0.759451953166945	348	0.969013481746781
"rs145553"	0.759465338259333	348	0.945856384941178
"rs145591"	0.759465338259333	348	0.945856384941178
"rs1167351"	0.75946770154698	348	1.03611769112995
"rs489192"	0.759505692424567	348	0.979484510237501
"rs1465342"	0.759521834657262	348	0.938163334488802
"rs1465369"	0.759521834657262	348	0.938163334488802
"rs1465378"	0.759521834657262	348	0.938163334488802
"rs1465456"	0.759521834657262	348	0.938163334488802
"rs1465457"	0.759521834657262	348	0.938163334488802
"rs1465583"	0.759521834657262	348	0.938163334488802
"rs1792493"	0.759583041513194	348	0.93787758146816
"rs1013662"	0.759600331482972	348	1.10252124680354
"rs835333"	0.759624499723427	348	0.953654194943889
"rs1414514"	0.759630720735221	348	0.909306682610518
"rs632302"	0.759682466504937	348	1.05496244826131
"rs1750949"	0.759780380090244	348	0.914011173153138
"rs225501"	0.759802998224117	348	0.917074356018277
"rs678674"	0.759832822228711	348	1.05924731600336
"rs330542"	0.759844497731662	348	1.01604934919068
"rs888808"	0.7598459352381	348	1.13432258041787
"rs1035882"	0.759846105760148	348	0.936554282068899
"rs174788"	0.759862012278221	348	1.151382350166
"rs152359"	0.759892217017655	348	1.03825764939952
"rs610369"	0.759894327581813	348	0.931078902325378
"rs633699"	0.759927262654087	348	0.967982308422975
"rs2109666"	0.759938063491595	348	1.05473956686489
"rs1890304"	0.759941159476894	348	1.04850804793145
"rs854734"	0.759959816219007	348	1.06301674053255
"rs1590489"	0.760015287893602	348	0.928628640511689
"rs651423"	0.760034018766246	348	1.09063565918378
"rs2036650"	0.760035269462166	348	0.902707006434462
"rs354015"	0.76006788686214	348	1.06546000458567
"rs354017"	0.76006788686214	348	1.06546000458567
"rs354020"	0.76006788686214	348	1.06546000458567
"rs354023"	0.76006788686214	348	1.06546000458567
"rs256872"	0.760142669199179	348	0.950098441548086
"rs1671780"	0.760159897157659	348	1.13497112748434
"rs260062"	0.760163782408867	348	0.799917010394093
"rs1323981"	0.760163782408867	348	0.799917010394093
"rs1324125"	0.760163782408867	348	0.799917010394093
"rs1395462"	0.760212870918442	348	1.06489735439288
"rs1833284"	0.760224075717916	348	0.901761432898847
"rs74833"	0.760244953085055	348	1.13017140010127
"rs2093714"	0.760251063391054	348	1.06047536855236
"rs1108374"	0.760302257150637	348	0.965387387885691
"rs824348"	0.760308272945847	348	0.946888280736008
"rs1489036"	0.760326485781616	348	0.974180934685985
"rs1572300"	0.760365828325585	348	1.11144493163685
"rs2056220"	0.760391679933465	348	0.892092729961513
"rs2056240"	0.760391679933465	348	0.892092729961513
"rs2056241"	0.760391679933465	348	0.892092729961513
"rs2056315"	0.760391679933465	348	0.892092729961513
"rs2056399"	0.760391679933465	348	0.892092729961513
"rs2056400"	0.760391679933465	348	0.892092729961513
"rs2056402"	0.760391679933465	348	0.892092729961513
"rs2056441"	0.760391679933465	348	0.892092729961513
"rs2056540"	0.760391679933465	348	0.892092729961513
"rs2056569"	0.760391679933465	348	0.892092729961513
"rs2056585"	0.760391679933465	348	0.892092729961513
"rs2056627"	0.760391679933465	348	0.892092729961513
"rs2056630"	0.760391679933465	348	0.892092729961513
"rs2056654"	0.760391679933465	348	0.892092729961513
"rs2056660"	0.760391679933465	348	0.892092729961513
"rs2056669"	0.760391679933465	348	0.892092729961513
"rs2056696"	0.760391679933465	348	0.892092729961513
"rs2056702"	0.760391679933465	348	0.892092729961513
"rs2056729"	0.760391679933465	348	0.892092729961513
"rs503990"	0.760423138384565	348	0.94071125193969
"rs2116249"	0.760490183799246	348	1.04740801231009
"rs2116252"	0.760490183799246	348	1.04740801231009
"rs449204"	0.760526337464144	348	1.01440752295016
"rs842661"	0.760533252956318	348	0.915045727413702
"rs842662"	0.760533252956318	348	0.915045727413702
"rs842664"	0.760533252956318	348	0.915045727413702
"rs606440"	0.760553150105572	348	0.920381339906027
"rs2172576"	0.760559939483332	348	1.04077249009833
"rs2172577"	0.760559939483332	348	1.04077249009833
"rs817799"	0.760581883855694	348	0.956545214965973
"rs1103419"	0.760608546446909	348	1.13044533816608
"rs1695938"	0.760619488987771	348	1.0813484971596
"rs13424"	0.760694671440079	348	0.890731964229365
"rs13376"	0.760694671440082	348	0.890731964229362
"rs123001"	0.760727397556248	348	1.06068139438202
"rs857226"	0.760780822447804	348	1.05321546938134
"rs424541"	0.760809288986203	348	1.02326922523897
"rs424542"	0.760809288986203	348	1.02326922523897
"rs1613322"	0.760814425087973	348	1.01594425790922
"rs911537"	0.760817438229286	348	0.964230187044857
"rs825175"	0.7608210951176	348	1.06408085929863
"rs453644"	0.760874312214905	348	0.956251091471102
"rs759318"	0.760956833357473	348	0.918289764418279
"rs899910"	0.760962145173823	348	0.814329650955324
"rs1619126"	0.761003853197571	348	1.04770291218008
"rs1619134"	0.761003853197571	348	1.04770291218008
"rs295167"	0.761015240671981	348	1.12760727156553
"rs1462762"	0.761029737854715	348	0.927852382134412
"rs1769750"	0.761049296329083	348	0.954754838958926
"rs2218014"	0.761054415631684	348	1.10733362650663
"rs227466"	0.761057734440346	348	1.12005745013477
"rs970802"	0.761057831265377	348	1.08143423071357
"rs532416"	0.761108809858627	348	1.07205990474427
"rs1041304"	0.761109145513829	348	1.06949684942357
"rs916106"	0.761142328332301	348	1.11338750881904
"rs1548828"	0.76117129293627	348	0.942838893862241
"rs672027"	0.761171478217766	348	1.0586679675197
"rs1624585"	0.76117343886087	348	0.949712057787507
"rs227060"	0.76118668533241	348	0.813651837448422
"rs266300"	0.761224308443222	348	0.931729695670297
"rs899976"	0.76125084937398	348	0.814957874479537
"rs260283"	0.761253188191236	348	1.05902941174568
"rs830756"	0.761289224492577	348	0.939717215030657
"rs552382"	0.761298155696849	348	0.967894518689588
"rs1351442"	0.761315447605878	348	0.805926903937884
"rs566280"	0.761317115211304	348	1.02917287208021
"rs789446"	0.761382193175174	348	1.05903981382631
"rs1405567"	0.761383795494161	348	0.980532288723532
"rs1397682"	0.761394061640407	348	0.943699457461129
"rs1017578"	0.76141630680176	348	1.27228393693261
"rs899217"	0.761428000279169	348	0.896247083590144
"rs899325"	0.761428000279169	348	0.896247083590144
"rs1126540"	0.761497864335371	348	0.927850559653778
"rs899503"	0.761500231348265	348	0.814115606980517
"rs481503"	0.761544169535484	348	1.05655137419511
"rs651431"	0.76154709129978	348	1.08998552024635
"rs651434"	0.76154709129978	348	1.08998552024635
"rs275866"	0.761557048721182	348	1.08611755793077
"rs933496"	0.761557952394433	348	0.946365928487509
"rs843193"	0.76157496157755	348	0.925416834289428
"rs439419"	0.761602405630356	348	0.930598250058336
"rs1566650"	0.761618963610881	348	1.11750042974407
"rs81648"	0.76162074369068	348	1.05169178933076
"rs235125"	0.761644727523301	348	0.903852208725058
"rs941426"	0.761666568984138	348	1.08719269364603
"rs941429"	0.761666568984138	348	1.08719269364603
"rs941432"	0.761666568984138	348	1.08719269364603
"rs941448"	0.761666568984138	348	1.08719269364603
"rs941467"	0.761666568984138	348	1.08719269364603
"rs941470"	0.761666568984138	348	1.08719269364603
"rs941477"	0.761666568984138	348	1.08719269364603
"rs941490"	0.761666568984138	348	1.08719269364603
"rs941491"	0.761666568984138	348	1.08719269364603
"rs941501"	0.761666568984138	348	1.08719269364603
"rs941506"	0.761666568984138	348	1.08719269364603
"rs941507"	0.761666568984138	348	1.08719269364603
"rs941508"	0.761666568984138	348	1.08719269364603
"rs941510"	0.761666568984138	348	1.08719269364603
"rs941511"	0.761666568984138	348	1.08719269364603
"rs941712"	0.761666568984138	348	1.08719269364603
"rs941725"	0.761666568984138	348	1.08719269364603
"rs941728"	0.761666568984138	348	1.08719269364603
"rs941729"	0.761666568984138	348	1.08719269364603
"rs941730"	0.761666568984138	348	1.08719269364603
"rs941734"	0.761666568984138	348	1.08719269364603
"rs941737"	0.761666568984138	348	1.08719269364603
"rs941740"	0.761666568984138	348	1.08719269364603
"rs941751"	0.761666568984138	348	1.08719269364603
"rs941757"	0.761666568984138	348	1.08719269364603
"rs941772"	0.761666568984138	348	1.08719269364603
"rs941778"	0.761666568984138	348	1.08719269364603
"rs732028"	0.761696439858713	348	1.0594067633037
"rs1014723"	0.761709661033408	348	0.933217519698204
"rs1591750"	0.761792959553346	348	0.949924501619525
"rs1035715"	0.761793028530115	348	0.945524250469435
"rs425466"	0.761797545567585	348	1.06174266664808
"rs181029"	0.761862894388458	348	1.03292742985087
"rs181036"	0.761862894388458	348	1.03292742985087
"rs181038"	0.761862894388458	348	1.03292742985087
"rs1615310"	0.761889304810109	348	1.05830858413593
"rs263952"	0.761895217716263	348	0.987528284172486
"rs468700"	0.761895647046257	348	1.06563814318188
"rs268882"	0.76193478213314	348	1.07532881614491
"rs523078"	0.761942555003976	348	1.10867154002322
"rs122847"	0.761989583495595	348	1.10087282566564
"rs1112380"	0.762056948322548	348	0.9450328290213
"rs1038085"	0.762080182028543	348	0.940352196631933
"rs1780292"	0.76210569465773	348	1.03660777113566
"rs1759652"	0.762112154826334	348	0.944280795070835
"rs1659240"	0.762132183031558	348	1.15818998161172
"rs1962473"	0.762135592197282	348	1.06574517069235
"rs1893877"	0.762143277576393	348	1.07538178079956
"rs1488886"	0.762158948005228	348	0.978331893929689
"rs202351"	0.762163452539148	348	0.944344508200921
"rs202858"	0.762171321928257	348	0.889850421348285
"rs849957"	0.76221846335755	348	0.958813131245748
"rs849962"	0.76221846335755	348	0.958813131245748
"rs849968"	0.76221846335755	348	0.958813131245748
"rs2039930"	0.762251344219313	348	1.06195546546078
"rs407444"	0.762290993654901	348	1.07455047423273
"rs2173231"	0.762300704189746	348	1.04154329440036
"rs2173239"	0.762300704189746	348	1.04154329440036
"rs2113047"	0.762302427509939	348	0.895602896569661
"rs353663"	0.762400769191149	348	1.07156185114439
"rs355874"	0.762400769191149	348	1.07156185114439
"rs359144"	0.762400769191149	348	1.07156185114439
"rs360373"	0.762400769191149	348	1.07156185114439
"rs360834"	0.762400769191149	348	1.07156185114439
"rs224081"	0.76240931800521	348	0.924876840925304
"rs223445"	0.762409318005216	348	0.924876840925306
"rs223472"	0.762409318005216	348	0.924876840925306
"rs223484"	0.762409318005216	348	0.924876840925306
"rs223502"	0.762409318005216	348	0.924876840925306
"rs223514"	0.762409318005216	348	0.924876840925306
"rs223538"	0.762409318005216	348	0.924876840925306
"rs223604"	0.762409318005216	348	0.924876840925306
"rs223643"	0.762409318005216	348	0.924876840925306
"rs223646"	0.762409318005216	348	0.924876840925306
"rs223658"	0.762409318005216	348	0.924876840925306
"rs223664"	0.762409318005216	348	0.924876840925306
"rs224042"	0.762409318005216	348	0.924876840925306
"rs1790394"	0.762446425617445	348	0.972718955620089
"rs1907303"	0.762471364164032	348	1.04696964086132
"rs2090208"	0.762493411870189	348	1.04630297198238
"rs2090231"	0.762493411870189	348	1.04630297198238
"rs2090244"	0.762493411870189	348	1.04630297198238
"rs613258"	0.762512554851692	348	1.04951694563474
"rs2093988"	0.762544699615311	348	1.05784817210926
"rs95838"	0.76256626533243	348	1.06468900210767
"rs95841"	0.76256626533243	348	1.06468900210767
"rs418944"	0.76259442608102	348	0.942013848460159
"rs23211"	0.762611939480499	348	1.1230648239974
"rs23239"	0.762611939480499	348	1.1230648239974
"rs1422075"	0.762622369205047	348	0.944832831047812
"rs907554"	0.762632932213916	348	0.911515089934935
"rs790054"	0.762672298911826	348	1.08783128120757
"rs492151"	0.762685380238293	348	0.911413807511322
"rs492152"	0.762685380238293	348	0.911413807511322
"rs492157"	0.762685380238293	348	0.911413807511322
"rs492158"	0.762685380238293	348	0.911413807511322
"rs2025119"	0.762697574733308	348	0.94329501518958
"rs2025125"	0.762697574733308	348	0.94329501518958
"rs2025149"	0.762697574733308	348	0.94329501518958
"rs336535"	0.762699315530099	348	0.911002252570766
"rs411887"	0.762704484953349	348	0.958923679912883
"rs1777579"	0.762708850586956	348	1.06287312065924
"rs1581033"	0.762718412199429	348	0.953539127156983
"rs494873"	0.762724957361709	348	0.909478453701978
"rs1744257"	0.762741261407194	348	0.921442114432042
"rs862023"	0.762760578437767	348	0.949669537850848
"rs850328"	0.76277146614781	348	0.946861862517696
"rs1291366"	0.762771596844632	348	1.03003541113559
"rs484948"	0.7627974154841	348	1.07228604865117
"rs553312"	0.762828891018071	348	0.951277999844808
"rs1596017"	0.762849509365268	348	0.879896561645801
"rs1055933"	0.762906085956192	348	0.945823778458532
"rs553755"	0.762935822052135	348	1.06154344421822
"rs694892"	0.762945975077566	348	0.947678906690302
"rs1570664"	0.762950559558174	348	0.955866081729153
"rs1013544"	0.762961944077538	348	1.05985427531012
"rs1576461"	0.763038832271573	348	0.896021608982971
"rs1790412"	0.763078208306268	348	0.964886966175185
"rs2176908"	0.763120363356736	348	0.941983777520271
"rs357404"	0.763166450969197	348	1.06918189188096
"rs1069199"	0.76317336477453	348	0.952485771001692
"rs1708789"	0.763179062597443	348	1.0543739542237
"rs1708791"	0.763179062597443	348	1.0543739542237
"rs1708792"	0.763179062597443	348	1.0543739542237
"rs1708798"	0.763179062597443	348	1.0543739542237
"rs1708799"	0.763179062597443	348	1.0543739542237
"rs1708803"	0.763179062597443	348	1.0543739542237
"rs1708804"	0.763179062597443	348	1.0543739542237
"rs1708810"	0.763179062597443	348	1.0543739542237
"rs1708811"	0.763179062597443	348	1.0543739542237
"rs40013"	0.763199411010851	348	1.07545255881647
"rs295205"	0.763227122924315	348	0.951568320367789
"rs566172"	0.763241936217675	348	0.963389966011292
"rs1907787"	0.763281072036371	348	1.01506972232926
"rs142395"	0.763284373855539	348	0.948944256323564
"rs1023256"	0.763286743625345	348	0.926501659810779
"rs2157427"	0.763311536738662	348	1.05408139195908
"rs2046708"	0.763357997608742	348	1.09478551511982
"rs890923"	0.763370034603741	348	1.0254432784104
"rs2161100"	0.763377718711801	348	1.04759254241238
"rs1839332"	0.763407311517857	348	0.928464621928586
"rs1733764"	0.763413048122425	348	1.03073675280137
"rs1634841"	0.763424224860352	348	0.941885643493275
"rs1634852"	0.763424224860352	348	0.941885643493275
"rs623999"	0.763425427115553	348	1.06778945274523
"rs1353158"	0.763459549677121	348	0.959484406768138
"rs1449881"	0.763479475287455	348	1.0898963669985
"rs538982"	0.763480025653211	348	0.948664605112905
"rs122945"	0.763503198024984	348	1.04899849882694
"rs273095"	0.763505831841857	348	0.924142965054465
"rs273776"	0.763544065067525	348	0.924155159601539
"rs1069369"	0.763555499572723	348	1.11928890017452
"rs88222"	0.763573214792121	348	0.923794087081606
"rs69780"	0.763577967039355	348	0.881829324479602
"rs326821"	0.76362306886514	348	0.935242085945286
"rs326824"	0.76362306886514	348	0.935242085945286
"rs326827"	0.76362306886514	348	0.935242085945286
"rs326830"	0.76362306886514	348	0.935242085945286
"rs465646"	0.763660263004169	348	0.947128246147142
"rs465654"	0.763660263004169	348	0.947128246147142
"rs1443810"	0.763668236695984	348	0.942557904860109
"rs1443863"	0.763668236695984	348	0.942557904860109
"rs678261"	0.763694090640817	348	0.844518613568673
"rs1930808"	0.763702085449734	348	1.05394357328378
"rs480590"	0.763732410018634	348	0.850734303858213
"rs480615"	0.763732410018634	348	0.850734303858213
"rs480621"	0.763732410018634	348	0.850734303858213
"rs480626"	0.763732410018634	348	0.850734303858213
"rs480627"	0.763732410018634	348	0.850734303858213
"rs2092395"	0.763737723328625	348	0.941836991749766
"rs935372"	0.763782003287265	348	1.03818048790152
"rs1674951"	0.763782255073025	348	1.06693222988287
"rs1596541"	0.763810923715788	348	1.21737658003234
"rs1666971"	0.763810923715788	348	1.21737658003234
"rs620197"	0.763864029117054	348	1.03803245871013
"rs330193"	0.763915608341013	348	1.08607158667778
"rs554185"	0.763921934360031	348	0.883308872335782
"rs554191"	0.763921934360031	348	0.883308872335782
"rs554194"	0.763921934360031	348	0.883308872335782
"rs554200"	0.763921934360031	348	0.883308872335782
"rs554206"	0.763921934360031	348	0.883308872335782
"rs554209"	0.763921934360031	348	0.883308872335782
"rs554211"	0.763921934360031	348	0.883308872335782
"rs554212"	0.763921934360031	348	0.883308872335782
"rs554218"	0.763921934360031	348	0.883308872335782
"rs554227"	0.763921934360031	348	0.883308872335782
"rs554230"	0.763921934360031	348	0.883308872335782
"rs554233"	0.763921934360031	348	0.883308872335782
"rs554242"	0.763921934360031	348	0.883308872335782
"rs554248"	0.763921934360031	348	0.883308872335782
"rs554311"	0.763921934360031	348	0.883308872335782
"rs554338"	0.763921934360031	348	0.883308872335782
"rs554350"	0.763921934360031	348	0.883308872335782
"rs554353"	0.763921934360031	348	0.883308872335782
"rs554356"	0.763921934360031	348	0.883308872335782
"rs554368"	0.763921934360031	348	0.883308872335782
"rs554369"	0.763921934360031	348	0.883308872335782
"rs554371"	0.763921934360031	348	0.883308872335782
"rs554386"	0.763921934360031	348	0.883308872335782
"rs1962052"	0.76392212512178	348	0.935573769760153
"rs147603"	0.763960521490055	348	1.06482985231006
"rs147616"	0.763960521490055	348	1.06482985231006
"rs1383624"	0.763967225392144	348	1.06226441005602
"rs1383626"	0.763967225392144	348	1.06226441005602
"rs631309"	0.763985201277025	348	0.949379292056219
"rs1415535"	0.76402285088292	348	1.04712082896327
"rs56083"	0.764023169967694	348	0.931849310192479
"rs2089514"	0.764031924371262	348	1.08775404025383
"rs1132722"	0.764032800069381	348	1.08049051878988
"rs1647674"	0.764044536563585	348	0.900969117411073
"rs145393"	0.764074173541305	348	1.03186891271629
"rs145397"	0.764074173541305	348	1.03186891271629
"rs1734613"	0.764077951148587	348	0.933236885548919
"rs941010"	0.764084421390779	348	1.09853940018705
"rs223691"	0.764144292054168	348	1.13201114408446
"rs1104551"	0.764199041525966	348	0.944448387343199
"rs1963736"	0.764206828864361	348	1.13717176908183
"rs1965555"	0.764214876729556	348	0.968727956664423
"rs1965578"	0.764214876729556	348	0.968727956664423
"rs1965590"	0.764214876729556	348	0.968727956664423
"rs1965616"	0.764214876729556	348	0.968727956664423
"rs472429"	0.764225521334116	348	1.05635648947297
"rs1737842"	0.764293422734802	348	0.964028962737252
"rs1140741"	0.764333441026897	348	0.940605800699882
"rs282409"	0.764355443196612	348	0.971618283056376
"rs329809"	0.764359218429503	348	0.945048170108358
"rs1024045"	0.76436040234419	348	1.1130654447916
"rs1205638"	0.764382543751082	348	1.04428862254393
"rs113162"	0.764404002607315	348	1.03749748494974
"rs2088735"	0.764422938034739	348	0.930982622582673
"rs1336132"	0.764455771042786	348	1.14297509636916
"rs1574480"	0.764456266341431	348	0.903823317289562
"rs264458"	0.764498564474839	348	0.939182177487173
"rs1579367"	0.764510016137328	348	0.936788343568374
"rs1579362"	0.764526109713425	348	0.936792914347509
"rs2116105"	0.76465829456578	348	0.861333719416065
"rs116471"	0.764663769783728	348	0.967295253027254
"rs291004"	0.764677198977174	348	1.07557469318472
"rs1086769"	0.764719031011461	348	1.06224753311157
"rs816552"	0.76473100556677	348	1.04153419063079
"rs875589"	0.764751756864171	348	1.06710614745638
"rs875591"	0.764751756864171	348	1.06710614745638
"rs650653"	0.764756958244178	348	0.935597111792679
"rs462909"	0.764757851665469	348	1.07018545567028
"rs227860"	0.764790014425905	348	0.933858313707231
"rs227866"	0.764790014425905	348	0.933858313707231
"rs227902"	0.764790014425905	348	0.933858313707231
"rs1672407"	0.764790506819174	348	1.07437276071776
"rs736872"	0.764823807978552	348	0.906130962022125
"rs2115056"	0.764887780160666	348	1.07425833099183
"rs2115088"	0.764887780160666	348	1.07425833099183
"rs562216"	0.765023495075888	348	1.02852041754462
"rs1423068"	0.765133073994765	348	0.895368098265232
"rs2180569"	0.765158074856317	348	1.04006624816261
"rs2180574"	0.765158074856317	348	1.04006624816261
"rs2180575"	0.765158074856317	348	1.04006624816261
"rs2180580"	0.765158074856317	348	1.04006624816261
"rs2180583"	0.765158074856317	348	1.04006624816261
"rs2180584"	0.765158074856317	348	1.04006624816261
"rs2180586"	0.765158074856317	348	1.04006624816261
"rs2180587"	0.765158074856317	348	1.04006624816261
"rs691882"	0.765193820482742	348	0.930664948227535
"rs1672356"	0.765203298324799	348	0.946964504606317
"rs703126"	0.765205726369106	348	0.94652079210276
"rs1286820"	0.765272677946287	348	0.939934828273881
"rs1784862"	0.765295401765249	348	1.04902625245339
"rs879098"	0.765320378422933	348	0.911864050765584
"rs1370258"	0.765341695182352	348	1.02902442497803
"rs605117"	0.765374703648355	348	0.922469937857822
"rs1785435"	0.765383844709772	348	1.05350487028922
"rs1795577"	0.765397618909037	348	1.05810649230905
"rs648016"	0.765430112473895	348	1.048821813097
"rs1842582"	0.765451481761033	348	1.08116902588644
"rs425560"	0.765467413327134	348	0.914942891476296
"rs420069"	0.765481831157034	348	0.942353481312371
"rs2192224"	0.765485592179353	348	1.09050634328734
"rs745099"	0.765536475956903	348	1.04545060590665
"rs2003551"	0.765544294345608	348	0.960184991223609
"rs307591"	0.765544910979348	348	0.943550361791472
"rs220595"	0.765560964433149	348	0.907442103744997
"rs857865"	0.765567662358424	348	0.959381098002785
"rs117903"	0.765577934304643	348	0.965295527161842
"rs164488"	0.765584561116768	348	0.935420347774547
"rs627563"	0.765599040485134	348	1.08997975447474
"rs48063"	0.765655863430424	348	1.13243665750076
"rs1383402"	0.765698911433584	348	0.932979512599978
"rs1104443"	0.765735507803365	348	0.852828082456495
"rs1136205"	0.765768803437509	348	1.0561553969943
"rs449221"	0.765776988713703	348	0.979382794543161
"rs266362"	0.765783633713266	348	1.11756043922382
"rs562206"	0.765791412352889	348	1.0292719780356
"rs1654768"	0.765910434863634	348	1.06655264323968
"rs1654798"	0.765910434863634	348	1.06655264323968
"rs1828971"	0.765971682732113	348	0.906090560831656
"rs1829086"	0.765971682732113	348	0.906090560831656
"rs1599560"	0.765983266233058	348	1.04434773063373
"rs88155"	0.765999597469655	348	1.04566021997506
"rs1456847"	0.766067944395866	348	1.07753569795662
"rs1456864"	0.766067944395866	348	1.07753569795662
"rs331215"	0.766076830036028	348	0.923010980131036
"rs906933"	0.766089666014691	348	0.901108260587623
"rs907032"	0.766089666014691	348	0.901108260587623
"rs907101"	0.766089666014691	348	0.901108260587623
"rs907107"	0.766089666014691	348	0.901108260587623
"rs907179"	0.766089666014691	348	0.901108260587623
"rs907185"	0.766089666014691	348	0.901108260587623
"rs907190"	0.766089666014691	348	0.901108260587623
"rs907301"	0.766089666014691	348	0.901108260587623
"rs907334"	0.766089666014691	348	0.901108260587623
"rs907384"	0.766089666014691	348	0.901108260587623
"rs907413"	0.766089666014691	348	0.901108260587623
"rs907416"	0.766089666014691	348	0.901108260587623
"rs907419"	0.766089666014691	348	0.901108260587623
"rs907434"	0.766089666014691	348	0.901108260587623
"rs907437"	0.766089666014691	348	0.901108260587623
"rs907439"	0.766089666014691	348	0.901108260587623
"rs907443"	0.766089666014691	348	0.901108260587623
"rs570304"	0.766099824794593	348	1.06716065669355
"rs570307"	0.766099824794593	348	1.06716065669355
"rs1472563"	0.766164425820348	348	1.05408423063447
"rs1735814"	0.766173525167137	348	1.06175219616008
"rs1474887"	0.766178402177814	348	0.932105662465317
"rs2205698"	0.766182633396873	348	1.07804660544211
"rs306346"	0.766261237882185	348	0.941562474866099
"rs1841814"	0.766300688818157	348	1.06887460031356
"rs122814"	0.766318420724055	348	1.04806371070585
"rs700151"	0.766335506671964	348	1.08725804771579
"rs1119027"	0.766344343866173	348	0.92243906227956
"rs2157000"	0.766414960538307	348	1.0515480444695
"rs1359148"	0.76645709704686	348	0.948714841844255
"rs342187"	0.766487708554783	348	1.09195197008638
"rs1562102"	0.766496499716203	348	0.951273526125855
"rs82717"	0.766512831769794	348	0.932296657737626
"rs553208"	0.766522527602169	348	0.977896016675581
"rs1680043"	0.766632309444558	348	1.05546386211629
"rs25327"	0.766641692411645	348	1.11874088714493
"rs2174795"	0.76674750364488	348	0.95072084015906
"rs2114205"	0.766754547541752	348	1.05782678865517
"rs1447975"	0.766756654636579	348	1.04338818820431
"rs122025"	0.766781950836255	348	1.08088182848672
"rs2160635"	0.766788786580481	348	0.965851404574588
"rs2115185"	0.766793107277539	348	0.917960273995537
"rs2115307"	0.766793107277539	348	0.917960273995537
"rs949296"	0.766839244813402	348	1.06043361201122
"rs345211"	0.766862706018054	348	0.938099338565351
"rs1844088"	0.766866658413702	348	0.931700526775433
"rs1125019"	0.766875487365387	348	1.0584126434479
"rs1125021"	0.766875487365387	348	1.0584126434479
"rs1195588"	0.766888588507237	348	0.94915294025112
"rs1614742"	0.766924820898723	348	1.06573022913109
"rs2035153"	0.766954857786782	348	0.923868179613263
"rs1400388"	0.766986459956765	348	0.90922272492767
"rs1400391"	0.766986459956765	348	0.90922272492767
"rs303716"	0.766993712856858	348	1.14987408476911
"rs720641"	0.766993712856861	348	1.14987408476911
"rs721928"	0.766993712856861	348	1.14987408476911
"rs721932"	0.766993712856861	348	1.14987408476911
"rs721934"	0.766993712856861	348	1.14987408476911
"rs1144779"	0.767018209182737	348	1.11122055937284
"rs943842"	0.767026984347768	348	1.0781824617279
"rs1042702"	0.767036807838056	348	1.12213628218179
"rs280284"	0.76705106630986	348	1.11415379625055
"rs1836630"	0.767164302528508	348	0.924093193868812
"rs946616"	0.767174563741051	348	1.06655820546608
"rs1927310"	0.767194954290585	348	1.05780444788375
"rs473228"	0.767259987807038	348	1.0473210392516
"rs2023680"	0.767285798661216	348	0.908135812609584
"rs1662163"	0.767320260624974	348	0.946757740532169
"rs770883"	0.767351473279481	348	1.11474735716236
"rs181028"	0.767365733628016	348	1.03224693031964
"rs822967"	0.767373497869081	348	1.05335977789133
"rs392534"	0.767459163542936	348	1.05437174179736
"rs591620"	0.767469349280622	348	0.934923379839703
"rs1304746"	0.767510474050402	348	1.06336575074263
"rs803044"	0.767549243690981	348	0.951669492841966
"rs2093572"	0.767549504603315	348	1.05991991623867
"rs1021877"	0.767556186728892	348	1.12767551304907
"rs544440"	0.767601439644517	348	0.954881061588621
"rs248765"	0.767603200046224	348	0.952300135056552
"rs865620"	0.767610802901645	348	0.954682051807922
"rs1714980"	0.767624294217159	348	1.04987505158291
"rs1714983"	0.767624294217159	348	1.04987505158291
"rs845592"	0.767684095090173	348	1.01907890008819
"rs566277"	0.767696503075338	348	1.02741499655495
"rs428035"	0.767743994539022	348	0.90809130027961
"rs631035"	0.767753825023301	348	0.947599186932227
"rs353421"	0.767759193068262	348	1.06839106155544
"rs357954"	0.767759193068262	348	1.06839106155544
"rs360572"	0.767759193068262	348	1.06839106155544
"rs544457"	0.767860137722063	348	1.04950380152195
"rs1742338"	0.767865215792402	348	1.05013707089328
"rs751391"	0.767906930781766	348	0.952165151581302
"rs1897074"	0.76791901059638	348	0.919989017451113
"rs808950"	0.767921138718672	348	1.0649345781697
"rs808989"	0.767921138718672	348	1.0649345781697
"rs492530"	0.767945016219727	348	1.05399133022093
"rs353695"	0.767948404654265	348	1.08608885714052
"rs1415644"	0.767961238535597	348	1.04731539723576
"rs463757"	0.768009164410184	348	0.886321487951641
"rs597012"	0.768021661121115	348	0.827854582537958
"rs562229"	0.768078328997458	348	1.04124481913112
"rs562259"	0.768078328997458	348	1.04124481913112
"rs1659190"	0.768096346848924	348	0.968627323360544
"rs265281"	0.768122153923718	348	1.04022183430635
"rs265287"	0.768122153923718	348	1.04022183430635
"rs1360245"	0.768124491222443	348	1.02544594473006
"rs561626"	0.768127748653673	348	0.959082585959491
"rs1610738"	0.768174399779111	348	0.933232523041954
"rs1370566"	0.768175842858729	348	0.949202981248187
"rs1077262"	0.768197420433971	348	0.942122684416893
"rs742526"	0.768212790116141	348	1.04329834906177
"rs849848"	0.768235448250073	348	0.946369546661059
"rs1423770"	0.768268923238401	348	1.07221310907385
"rs1478995"	0.768278790386427	348	0.949340153773198
"rs1488770"	0.768297471354951	348	1.02323477358569
"rs1245619"	0.76830845512257	348	1.07835764318138
"rs1245640"	0.76830845512257	348	1.07835764318138
"rs1245641"	0.76830845512257	348	1.07835764318138
"rs1245643"	0.76830845512257	348	1.07835764318138
"rs1249913"	0.76830845512257	348	1.07835764318138
"rs1258356"	0.76830845512257	348	1.07835764318138
"rs1258357"	0.76830845512257	348	1.07835764318138
"rs1259392"	0.76830845512257	348	1.07835764318138
"rs1711990"	0.768321928351545	348	1.05502303979379
"rs1488371"	0.768363286253685	348	1.02037448170546
"rs1488374"	0.768363286253685	348	1.02037448170546
"rs1488377"	0.768363286253685	348	1.02037448170546
"rs1488380"	0.768363286253685	348	1.02037448170546
"rs856985"	0.768441305196743	348	0.958173508520984
"rs393436"	0.76844626807167	348	1.06409701455767
"rs393438"	0.76844626807167	348	1.06409701455767
"rs732463"	0.768457359792311	348	0.987610934344231
"rs752854"	0.768471034013232	348	1.10005121682143
"rs1975322"	0.768511566140925	348	1.05223212123932
"rs392021"	0.76851636648065	348	1.05440569342184
"rs392024"	0.76851636648065	348	1.05440569342184
"rs651130"	0.768520868524441	348	0.928929341084105
"rs651134"	0.768520868524441	348	0.928929341084105
"rs300194"	0.768568969695492	348	0.932119078636102
"rs1964347"	0.768586859980268	348	0.819345455739787
"rs1697429"	0.768606133949561	348	0.924602975954565
"rs897074"	0.768641245794387	348	1.01693075718156
"rs669281"	0.768645355040684	348	0.94832093497893
"rs1760836"	0.768655056356096	348	1.092620386285
"rs1762051"	0.768655056356096	348	1.092620386285
"rs1942802"	0.768659882271832	348	0.9527309425953
"rs745550"	0.768664965430931	348	1.06582624282274
"rs745555"	0.768664965430931	348	1.06582624282274
"rs1648185"	0.768676978009745	348	0.933640659727435
"rs1648453"	0.768676978009745	348	0.933640659727435
"rs224855"	0.768686953529905	348	1.08286338766827
"rs224906"	0.768686953529905	348	1.08286338766827
"rs488858"	0.768695015100899	348	0.885730707649476
"rs576409"	0.768736620369388	348	0.924518013062789
"rs1350563"	0.768748603022577	348	0.817422513670567
"rs1781587"	0.768780162886236	348	1.0827862008805
"rs1961446"	0.768815257427319	348	0.967216054264377
"rs1341455"	0.768815981952021	348	1.06167970951614
"rs464993"	0.76885358124533	348	1.05584408007898
"rs464996"	0.76885358124533	348	1.05584408007898
"rs1637389"	0.768877778820977	348	0.981287632531644
"rs582039"	0.768897703738295	348	0.938124083620801
"rs1093361"	0.76889783068869	348	1.08347924285896
"rs1093367"	0.76889783068869	348	1.08347924285896
"rs304851"	0.76890721712269	348	1.04827705242564
"rs683421"	0.768939340914331	348	1.05723486983078
"rs1895175"	0.76895933280484	348	1.08593222850651
"rs1121163"	0.768965885297381	348	1.06003077097997
"rs418743"	0.768992029074456	348	1.07890214768373
"rs1734195"	0.76900622684414	348	1.05491310088862
"rs816038"	0.769007931115089	348	1.06893927840351
"rs399755"	0.76902303267006	348	1.05726068586448
"rs1794676"	0.769031576485555	348	0.944791206547287
"rs1127032"	0.769089176535675	348	0.907088458387204
"rs1127034"	0.769089176535675	348	0.907088458387204
"rs1127035"	0.769089176535675	348	0.907088458387204
"rs1127044"	0.769089176535675	348	0.907088458387204
"rs1127053"	0.769089176535675	348	0.907088458387204
"rs2092840"	0.769101543232555	348	0.964820306554269
"rs1877862"	0.769148239124287	348	0.976206836735095
"rs2094465"	0.769148946780901	348	1.05255080122865
"rs1803190"	0.769215945876428	348	1.0940633066868
"rs1816423"	0.769215945876428	348	1.0940633066868
"rs1609153"	0.769305309919612	348	0.934005598704852
"rs498736"	0.769337247907222	348	1.08203153727149
"rs534969"	0.769339282398487	348	0.914836076923225
"rs816512"	0.769339282398491	348	0.914836076923226
"rs816577"	0.769339282398491	348	0.914836076923226
"rs818125"	0.769339282398491	348	0.914836076923226
"rs822218"	0.769339282398491	348	0.914836076923226
"rs822253"	0.769339282398491	348	0.914836076923226
"rs822256"	0.769339282398491	348	0.914836076923226
"rs822262"	0.769339282398491	348	0.914836076923226
"rs822880"	0.769339282398491	348	0.914836076923226
"rs519569"	0.769339282398491	348	0.914836076923226
"rs520444"	0.769339282398491	348	0.914836076923226
"rs823004"	0.769339282398491	348	0.914836076923226
"rs825496"	0.769339282398491	348	0.914836076923226
"rs867115"	0.769339282398491	348	0.914836076923226
"rs867663"	0.769339282398491	348	0.914836076923226
"rs868277"	0.769339282398491	348	0.914836076923226
"rs869187"	0.769339282398491	348	0.914836076923226
"rs874376"	0.769339282398491	348	0.914836076923226
"rs875781"	0.769339282398491	348	0.914836076923226
"rs876668"	0.769339282398491	348	0.914836076923226
"rs877135"	0.769339282398491	348	0.914836076923226
"rs886501"	0.769339282398491	348	0.914836076923226
"rs887877"	0.769339282398491	348	0.914836076923226
"rs891293"	0.769339282398491	348	0.914836076923226
"rs891395"	0.769339282398491	348	0.914836076923226
"rs891401"	0.769339282398491	348	0.914836076923226
"rs891673"	0.769339282398491	348	0.914836076923226
"rs891682"	0.769339282398491	348	0.914836076923226
"rs891815"	0.769339282398491	348	0.914836076923226
"rs891826"	0.769339282398491	348	0.914836076923226
"rs892156"	0.769339282398491	348	0.914836076923226
"rs892502"	0.769339282398491	348	0.914836076923226
"rs892579"	0.769339282398491	348	0.914836076923226
"rs893801"	0.769339282398491	348	0.914836076923226
"rs890982"	0.769339282398491	348	0.914836076923226
"rs1062060"	0.76936526865382	348	1.07558784148347
"rs1333054"	0.769379564017517	348	0.929024230012035
"rs992888"	0.769394543255503	348	1.05652411120249
"rs1039000"	0.76941049721771	348	0.894802745880913
"rs361944"	0.769413236046381	348	1.0602596874475
"rs1002284"	0.7694585335404	348	1.11121486211836
"rs1436478"	0.76949446836362	348	1.06643378363901
"rs838472"	0.769523898430151	348	0.946783282283081
"rs2072463"	0.769568206743032	348	0.951201594507175
"rs1619027"	0.769581682778282	348	0.853083084478662
"rs618172"	0.76959570632933	348	0.943235806258131
"rs835903"	0.769605751678018	348	0.952465498281618
"rs814152"	0.769606808487455	348	1.07725168538708
"rs906007"	0.769636460481363	348	3.00553013091361
"rs1776970"	0.769640157065626	348	1.06109826287938
"rs1317658"	0.76967834998968	348	1.04784512928195
"rs1317659"	0.76967834998968	348	1.04784512928195
"rs1112283"	0.769687771714399	348	0.839651629553519
"rs1021309"	0.769687771714402	348	0.83965162955352
"rs1609871"	0.769687771714402	348	0.839651629553522
"rs1803460"	0.769687771714402	348	0.839651629553521
"rs520402"	0.769687771714404	348	0.839651629553522
"rs682002"	0.769687771714404	348	0.839651629553522
"rs1944651"	0.769687771714404	348	0.839651629553522
"rs1945131"	0.769687771714404	348	0.839651629553522
"rs1945133"	0.769687771714404	348	0.839651629553522
"rs842643"	0.76970738006828	348	1.06758760982548
"rs1775951"	0.769746841438266	348	1.06106678012704
"rs1157568"	0.769756544972847	348	0.951468667161937
"rs2020218"	0.769758838405497	348	0.949672554213253
"rs1784364"	0.769769896833917	348	1.04105237197183
"rs581697"	0.769898629356292	348	0.891582563112749
"rs581721"	0.769898629356292	348	0.891582563112749
"rs581722"	0.769898629356292	348	0.891582563112749
"rs1112851"	0.769899223375299	348	0.922549044783206
"rs448750"	0.769928446846094	348	0.984392196965484
"rs649036"	0.769930845490471	348	0.976985433721888
"rs733368"	0.769945256554535	348	0.913338377261941
"rs733382"	0.769945256554535	348	0.913338377261941
"rs738033"	0.769945256554535	348	0.913338377261941
"rs738262"	0.769945256554535	348	0.913338377261941
"rs1577985"	0.769961120009337	348	1.0570194985425
"rs227129"	0.769998046460046	348	0.959420856579945
"rs1141293"	0.770031273156486	348	1.06853912481687
"rs552810"	0.770038913499675	348	0.960153158474182
"rs1084052"	0.770076879628811	348	0.945054864250836
"rs1982199"	0.770089968232798	348	0.93991551228421
"rs1972271"	0.770137682474485	348	0.90832706804321
"rs653334"	0.77013841034552	348	3.37736262134207
"rs651924"	0.770138410346886	348	1.13053507670174
"rs651925"	0.770138410346886	348	1.13053507670174
"rs652382"	0.770138410346887	348	1.13053507670174
"rs653496"	0.770138410346887	348	1.13053507670174
"rs652149"	0.770138410346887	348	1.13053507670174
"rs651768"	0.77013841034689	348	1.13053507670174
"rs1885187"	0.77013841034689	348	1.13053507670174
"rs652041"	0.770138410346891	348	1.13053507670173
"rs652564"	0.770138410346891	348	1.13053507670173
"rs1372801"	0.770142111036413	348	1.0486057655978
"rs1043797"	0.77020823318725	348	1.09342732916204
"rs786552"	0.770209765990781	348	1.05595850306833
"rs1161128"	0.770219701727071	348	0.953369090505167
"rs1127116"	0.770295054146584	348	0.928866340400057
"rs1127118"	0.770295054146584	348	0.928866340400057
"rs619324"	0.770329042573343	348	0.901830366686676
"rs619357"	0.770329042573351	348	0.90183036668668
"rs2048485"	0.770334820662393	348	0.906089716030299
"rs1097790"	0.770350395406202	348	1.06409254439976
"rs953137"	0.770360865688941	348	1.08004556729526
"rs147657"	0.770364090535157	348	0.957851048914747
"rs147799"	0.770364090535157	348	0.957851048914747
"rs98415"	0.770438028494672	348	1.05108877853172
"rs852969"	0.770469087967158	348	0.935062553808652
"rs2008857"	0.770475052968563	348	0.944418066925664
"rs987322"	0.770476399994732	348	0.942453739561385
"rs945863"	0.770507551665201	348	1.06033320662382
"rs947163"	0.770507551665201	348	1.06033320662382
"rs950185"	0.770507551665201	348	1.06033320662382
"rs302883"	0.770551887583852	348	0.97564614695686
"rs1751076"	0.770604377410639	348	0.916478455495213
"rs148223"	0.770636839533905	348	1.07104136314991
"rs104462"	0.770671855723328	348	1.10628846291941
"rs104464"	0.770671855723332	348	1.10628846291941
"rs1528010"	0.770762060825989	348	0.947509969480197
"rs71067"	0.770803053666944	348	1.1029325062904
"rs1708945"	0.770828216156389	348	0.950701724047991
"rs1708951"	0.770828216156389	348	0.950701724047991
"rs1708968"	0.770828216156389	348	0.950701724047991
"rs1654792"	0.77083347236794	348	1.06372538712078
"rs542513"	0.770862105078829	348	0.955822377255875
"rs1962419"	0.770868410666972	348	0.94007844534296
"rs856670"	0.770878946334111	348	1.12104364450577
"rs1367915"	0.770895525356335	348	0.924818520866019
"rs1367933"	0.770895525356335	348	0.924818520866019
"rs1367954"	0.770895525356335	348	0.924818520866019
"rs797701"	0.770903271151782	348	1.03684907990076
"rs797702"	0.770903271151782	348	1.03684907990076
"rs1472754"	0.770906172640097	348	1.05343116261404
"rs532361"	0.77091245030123	348	0.773546931287838
"rs894949"	0.770952078943443	348	1.0683003672493
"rs820357"	0.77096891876376	348	1.04247381841316
"rs663725"	0.770976129135304	348	1.05787384197912
"rs147664"	0.770981369610164	348	1.05036621046577
"rs147665"	0.770981369610164	348	1.05036621046577
"rs395875"	0.770985920663696	348	1.06195646290501
"rs1681466"	0.771018941453903	348	0.945987047116567
"rs1704431"	0.771031257259844	348	1.05010911057161
"rs502623"	0.771106258520829	348	1.05344196047004
"rs1803652"	0.771125169625068	348	0.94099022642553
"rs1592190"	0.771184409237539	348	1.06344878704502
"rs1592217"	0.771184409237539	348	1.06344878704502
"rs940726"	0.771201450296936	348	0.922469255850995
"rs1206007"	0.771227848495017	348	0.970019190056626
"rs1647603"	0.77124772014219	348	0.898341812903582
"rs1647605"	0.77124772014219	348	0.898341812903582
"rs1647614"	0.77124772014219	348	0.898341812903582
"rs481716"	0.771261672622491	348	0.920204953403245
"rs98149"	0.771279015878635	348	0.949007452741758
"rs132335"	0.771293277044134	348	0.8133503864182
"rs372500"	0.771296171408914	348	0.938268367184169
"rs486363"	0.771332053565966	348	1.14424213429149
"rs2111838"	0.771422439906325	348	0.865821826489131
"rs2119748"	0.771425848594297	348	0.966787088388193
"rs502201"	0.771438569556836	348	0.923865117644157
"rs757846"	0.771438584790037	348	0.942205059945516
"rs1841583"	0.77144692762117	348	1.04295133070421
"rs1579365"	0.771451173009243	348	0.938405077118882
"rs1072948"	0.771468204310808	348	1.01549704818704
"rs139630"	0.7715133155061	348	0.927964344875771
"rs1647516"	0.77151568961836	348	0.958785717718815
"rs1877914"	0.771536673419307	348	0.972753520879354
"rs995830"	0.771540951562042	348	1.09263028209335
"rs440199"	0.771635521926987	348	0.936507026420241
"rs393262"	0.771658484341405	348	1.0524726206208
"rs393286"	0.771658484341405	348	1.0524726206208
"rs1928485"	0.771663386297854	348	1.07760226168564
"rs2122110"	0.771681043501087	348	0.963825047308284
"rs785142"	0.771705465839078	348	1.03678734460531
"rs2048057"	0.771711403470805	348	1.04419973218511
"rs1907665"	0.771735537543011	348	1.04205592992862
"rs1688145"	0.771756309707014	348	1.26362298254921
"rs1688220"	0.771756309707014	348	1.26362298254921
"rs1688238"	0.771756309707014	348	1.26362298254921
"rs1688259"	0.771756309707014	348	1.26362298254921
"rs2112033"	0.771762595356799	348	0.866260017692528
"rs1412744"	0.771773752401545	348	1.14131124069212
"rs1907243"	0.771790914309487	348	0.861856470932175
"rs887765"	0.771806857162781	348	0.942410589799309
"rs121734"	0.771852360218633	348	1.04453182477131
"rs1293761"	0.771918687188742	348	1.05673637947111
"rs1618309"	0.771947432707798	348	0.958824329373822
"rs1618311"	0.771947432707798	348	0.958824329373822
"rs209442"	0.771953120759538	348	1.06130352608385
"rs900215"	0.771957263530096	348	1.11456750549979
"rs900216"	0.771957263530096	348	1.11456750549979
"rs900218"	0.771957263530096	348	1.11456750549979
"rs900221"	0.771957263530096	348	1.11456750549979
"rs1085465"	0.771968055015211	348	1.04723538448981
"rs568934"	0.77196816275927	348	1.04346635504759
"rs941793"	0.771977895119347	348	1.08177807731954
"rs574924"	0.771995902555807	348	1.02177395375095
"rs1465614"	0.771997464935757	348	0.943768054936235
"rs1052123"	0.771998692611618	348	1.05732884984773
"rs1052129"	0.771998692611618	348	1.05732884984773
"rs256542"	0.772000409474452	348	0.927585412141643
"rs256391"	0.772000409474455	348	0.927585412141644
"rs2178054"	0.772035577131128	348	0.922810468812677
"rs1817317"	0.77203851680486	348	0.950586482036501
"rs1817323"	0.77203851680486	348	0.950586482036501
"rs1817338"	0.77203851680486	348	0.950586482036501
"rs1817341"	0.77203851680486	348	0.950586482036501
"rs1817344"	0.77203851680486	348	0.950586482036501
"rs2163527"	0.77206139939532	348	1.04214264165272
"rs1963378"	0.772065889147193	348	0.971981258492045
"rs1488746"	0.772115823258723	348	1.01828171664215
"rs145079"	0.77211694253811	348	0.931532227368333
"rs980072"	0.772124688685761	348	0.918973994102504
"rs979869"	0.772124688685763	348	0.918973994102504
"rs980253"	0.772124688685763	348	0.918973994102504
"rs980350"	0.772124688685764	348	0.918973994102504
"rs1741338"	0.772133048744367	348	1.0473128522887
"rs1333071"	0.772152281785074	348	0.929873783953254
"rs2008866"	0.772215463870593	348	0.944827279288944
"rs484245"	0.772249428717322	348	1.06924494710308
"rs1104246"	0.772258360616276	348	0.941860072342048
"rs789845"	0.772259487727203	348	1.08370425338938
"rs1655725"	0.772305786257471	348	0.93394969469655
"rs227468"	0.772316685562117	348	1.14665128511765
"rs227469"	0.772316685562117	348	1.14665128511765
"rs2156880"	0.772354386304688	348	1.05074485566586
"rs223586"	0.77248353776298	348	0.940969989281174
"rs223592"	0.77248353776298	348	0.940969989281174
"rs344546"	0.772571698630564	348	0.921862681525796
"rs686406"	0.772597838582763	348	0.94030271946419
"rs1688366"	0.772607780527159	348	1.052959345425
"rs1538859"	0.772614555162578	348	0.930424142844472
"rs1131305"	0.77262635202732	348	1.12922523182231
"rs1103913"	0.772662279970819	348	1.06966149200522
"rs761345"	0.772663927575307	348	1.03822227623181
"rs812509"	0.772672578432867	348	0.919019436689268
"rs489002"	0.772688121059169	348	1.06707680634845
"rs570166"	0.772689455166626	348	0.959042980812627
"rs61738"	0.772700999066882	348	0.909726814560382
"rs62517"	0.772700999066884	348	0.909726814560383
"rs1019180"	0.772759509462986	348	1.08596889729876
"rs1543096"	0.772769235665615	348	0.817717772718563
"rs2183208"	0.772826557071106	348	0.957128487192316
"rs942141"	0.772855544425337	348	1.09089834567009
"rs942144"	0.772855544425337	348	1.09089834567009
"rs1801860"	0.772939457799289	348	0.877323678021923
"rs847576"	0.772952804751392	348	1.04441038423872
"rs132906"	0.772997580661426	348	0.806862846722534
"rs132908"	0.772997580661426	348	0.806862846722534
"rs2067906"	0.772999326763619	348	0.935081022741441
"rs2067975"	0.772999326763619	348	0.935081022741441
"rs1882671"	0.773024429851093	348	1.03864122440825
"rs405146"	0.773036916329721	348	0.929887017924417
"rs353987"	0.773061758215219	348	1.06251099846903
"rs1657193"	0.773081097349127	348	1.06137681937938
"rs839756"	0.773165729491318	348	0.941343861677949
"rs839762"	0.773165729491318	348	0.941343861677949
"rs1743410"	0.77317705261807	348	1.12349440300127
"rs1052059"	0.773195847938127	348	0.92919350824101
"rs2109995"	0.773230082445665	348	0.938701512545731
"rs305584"	0.773252126990422	348	0.94191113948259
"rs1080176"	0.773259184759365	348	0.957407350573812
"rs1488731"	0.773293730011456	348	1.02042919054931
"rs395326"	0.773299106628807	348	1.06299136769726
"rs1084790"	0.77329914055619	348	0.961039721680325
"rs1084829"	0.77329914055619	348	0.961039721680325
"rs254040"	0.773366819712798	348	0.923178239887247
"rs2114542"	0.773380208836118	348	0.962230584801187
"rs2035201"	0.773384943203194	348	0.919471398443424
"rs2035204"	0.773384943203194	348	0.919471398443424
"rs2035207"	0.773384943203194	348	0.919471398443424
"rs2035216"	0.773384943203194	348	0.919471398443424
"rs2035222"	0.773384943203194	348	0.919471398443424
"rs1998277"	0.773402082213116	348	0.961795426134299
"rs1139453"	0.77340327527897	348	1.08820428889907
"rs323697"	0.773413295426034	348	1.05983971830197
"rs1800146"	0.773420736499356	348	1.05994376040866
"rs1350694"	0.77342096411659	348	0.814929590264739
"rs1350863"	0.77342096411659	348	0.814929590264739
"rs701964"	0.773426383888443	348	1.05067830808706
"rs702005"	0.773426383888443	348	1.05067830808706
"rs1316404"	0.773536345502523	348	0.951264693474077
"rs1316407"	0.773536345502523	348	0.951264693474077
"rs420651"	0.773571987695175	348	1.05555301403066
"rs420654"	0.773571987695175	348	1.05555301403066
"rs859470"	0.773574092912086	348	1.0523691615143
"rs754691"	0.773600619478383	348	1.0588164096755
"rs1963423"	0.773606194029629	348	0.96120517792663
"rs1963426"	0.773606194029629	348	0.96120517792663
"rs8330"	0.773629603671938	348	1.077344365485
"rs8355"	0.773629603671938	348	1.077344365485
"rs543929"	0.773655491148921	348	1.06676037348116
"rs485813"	0.773668571567681	348	0.947118554637606
"rs485909"	0.773668571567681	348	0.947118554637606
"rs485914"	0.773668571567681	348	0.947118554637606
"rs485917"	0.773668571567681	348	0.947118554637606
"rs84020"	0.773686728423122	348	0.917896661646076
"rs1781551"	0.773733980399296	348	0.915092295164353
"rs1781566"	0.773733980399296	348	0.915092295164353
"rs1781569"	0.773733980399296	348	0.915092295164353
"rs1327223"	0.77378829199096	348	1.1023431059728
"rs816056"	0.773791285571445	348	1.07343804993349
"rs816062"	0.773791285571445	348	1.07343804993349
"rs816063"	0.773791285571445	348	1.07343804993349
"rs1964054"	0.773800962564468	348	0.930041326551295
"rs615131"	0.773819839437881	348	0.859008999160822
"rs527505"	0.773820510741103	348	1.07619069712593
"rs148338"	0.773831494882573	348	0.954528154724629
"rs2056411"	0.773846377134477	348	0.898393335698365
"rs967074"	0.773856893908217	348	0.908651222319547
"rs967094"	0.773856893908217	348	0.908651222319547
"rs1411070"	0.773857614805011	348	0.983153467209056
"rs663250"	0.773888990318109	348	1.05633443592429
"rs463074"	0.773889772429059	348	1.05014024806115
"rs463080"	0.773889772429059	348	1.05014024806115
"rs303525"	0.77389668069374	348	0.954115670315676
"rs1043659"	0.77394904111424	348	1.09716822812176
"rs295111"	0.773956815524839	348	0.879994719101449
"rs1977865"	0.77401399885759	348	1.06302873625713
"rs1978048"	0.77401399885759	348	1.06302873625713
"rs133231"	0.774028002988833	348	0.813573381089473
"rs133263"	0.774028002988833	348	0.813573381089473
"rs133405"	0.774028002988833	348	0.813573381089473
"rs1974673"	0.774040702129951	348	0.908928970906563
"rs450604"	0.774053850513635	348	0.954692461146959
"rs1307731"	0.774088101165576	348	1.0580397453453
"rs729439"	0.774095351338088	348	0.882669535644757
"rs22954"	0.774109226772392	348	0.955170267145279
"rs1699938"	0.774116113184195	348	0.953175870297073
"rs1949027"	0.774131049102138	348	0.950081833537537
"rs467640"	0.77418052818352	348	0.926975876299185
"rs856706"	0.774210554642895	348	0.951247846288335
"rs1778424"	0.774228346188544	348	0.903915934500818
"rs1576453"	0.774258356738889	348	1.09089074722193
"rs819444"	0.774301294779344	348	1.07338447192482
"rs819462"	0.774301294779344	348	1.07338447192482
"rs819465"	0.774301294779344	348	1.07338447192482
"rs342320"	0.774308062645096	348	0.915584776119018
"rs509090"	0.774343845748166	348	1.07696841613997
"rs509137"	0.774343845748166	348	1.07696841613997
"rs840518"	0.774369945419855	348	1.04391551627438
"rs1455976"	0.774372375073463	348	1.06050434884222
"rs1655463"	0.774387368583072	348	1.07368537348584
"rs1332984"	0.774420488726244	348	0.956049606742267
"rs856326"	0.774426761685951	348	0.90069710654686
"rs856514"	0.774426761685951	348	0.90069710654686
"rs283187"	0.774482888392983	348	0.800850392083332
"rs285480"	0.774482888392983	348	0.800850392083332
"rs285481"	0.774482888392983	348	0.800850392083332
"rs285532"	0.774482888392983	348	0.800850392083332
"rs285543"	0.774482888392983	348	0.800850392083332
"rs286620"	0.774482888392983	348	0.800850392083332
"rs118769"	0.774506365413047	348	0.878167333350738
"rs118770"	0.774506365413047	348	0.878167333350738
"rs816528"	0.774521499460524	348	0.941907754843896
"rs132721"	0.774538198137295	348	1.07679586969935
"rs474141"	0.774540657533871	348	0.948201686081251
"rs149023"	0.774638126897163	348	1.03149612292033
"rs2060204"	0.774693328688709	348	0.84936324184972
"rs662018"	0.774693328688711	348	0.849363241849722
"rs832087"	0.774693328688712	348	0.849363241849721
"rs832072"	0.774693328688714	348	0.849363241849723
"rs2035864"	0.774693328688716	348	0.849363241849723
"rs579796"	0.774710842082929	348	0.93601459921756
"rs1465682"	0.774739374629267	348	1.05215857196677
"rs490691"	0.774740337309515	348	0.941834792190395
"rs472955"	0.774743628885645	348	1.01981278768883
"rs1669037"	0.774767030966488	348	0.935267164726184
"rs713273"	0.774799564848474	348	1.05195243639529
"rs83878"	0.774806900181266	348	0.976296180538672
"rs1547584"	0.774841165154711	348	1.08500412103916
"rs2089632"	0.774847874462583	348	0.966473599403922
"rs1069639"	0.774864608022998	348	0.913886282093067
"rs1659122"	0.774867192368603	348	1.03139295794341
"rs1316168"	0.77488794932644	348	0.956952102418449
"rs1371397"	0.774888335817284	348	0.870873844759157
"rs2003465"	0.774893563149966	348	1.03901932592273
"rs2039993"	0.774920262386177	348	1.05257800907439
"rs225644"	0.774962045956297	348	0.891665657582997
"rs225646"	0.774962045956297	348	0.891665657582997
"rs225659"	0.774962045956297	348	0.891665657582997
"rs117102"	0.774968704709389	348	0.966453370520939
"rs940388"	0.774979762085386	348	1.0859741938892
"rs866142"	0.774992012597729	348	0.957489947674195
"rs1020106"	0.775009790398159	348	1.10440070910681
"rs1358423"	0.775037409823768	348	1.07472478319362
"rs807553"	0.775053492324008	348	0.914602244093759
"rs398147"	0.775091905346889	348	1.06926210359831
"rs1943626"	0.775092351289857	348	0.951993616161176
"rs981688"	0.775131023567674	348	1.05595356644482
"rs1107615"	0.775194891581946	348	0.813693047034053
"rs535381"	0.775207009907299	348	1.07670306883325
"rs1359678"	0.775207311440547	348	1.05794931698354
"rs2171025"	0.775221277598719	348	0.969106196022377
"rs1002195"	0.775236594239395	348	1.09216807296389
"rs1153234"	0.775247757024645	348	1.05340201564096
"rs748054"	0.775297992853373	348	1.13762849377574
"rs1579893"	0.775346405624512	348	0.926273356812471
"rs264762"	0.775352350267137	348	0.986478252209107
"rs1758639"	0.775355076303475	348	1.05592861329777
"rs1708225"	0.775384238614725	348	1.06027828434311
"rs48016"	0.775384990072518	348	1.05930285128105
"rs782594"	0.775415213488917	348	1.05000514262421
"rs782606"	0.775415213488917	348	1.05000514262421
"rs1040513"	0.775438445918874	348	1.06418149312745
"rs534974"	0.775471445512639	348	1.11270826033115
"rs1566696"	0.775482981410008	348	1.08011163653888
"rs1836145"	0.775505208645555	348	1.09206549636309
"rs797694"	0.775570084932332	348	0.9641376338747
"rs1324845"	0.775571305616665	348	0.908932917142115
"rs1324848"	0.775571305616665	348	0.908932917142115
"rs1324851"	0.775571305616665	348	0.908932917142115
"rs1619470"	0.775679999557417	348	1.05330361786882
"rs2119310"	0.775688912642648	348	1.04182418597193
"rs344651"	0.775698653309879	348	1.0745478709479
"rs939416"	0.775701106613944	348	1.09066312964982
"rs725230"	0.775702200501262	348	0.978981465574626
"rs1153975"	0.775708745920878	348	0.936389484911793
"rs1153983"	0.775708745920878	348	0.936389484911793
"rs1153987"	0.775708745920878	348	0.936389484911793
"rs1153988"	0.775708745920878	348	0.936389484911793
"rs1153993"	0.775708745920878	348	0.936389484911793
"rs334552"	0.775718415001822	348	1.14839122127687
"rs409974"	0.775726582319247	348	0.949650793412267
"rs409986"	0.775726582319249	348	0.949650793412268
"rs473393"	0.775758206984522	348	1.01905830019837
"rs304836"	0.775781065328056	348	1.10413199586701
"rs2123154"	0.775821538508705	348	0.949060280538412
"rs120784"	0.775822380955341	348	1.02944686826147
"rs1551457"	0.775850301062698	348	0.975749685157796
"rs129512"	0.775850902340204	348	1.04808709437155
"rs532196"	0.775854074060194	348	1.06722400346465
"rs562141"	0.775920038274719	348	1.04679867746082
"rs530775"	0.775920496279718	348	0.958246135945593
"rs1608706"	0.775940156893255	348	1.12918186462496
"rs1608740"	0.775940156893255	348	1.12918186462496
"rs913613"	0.775984073127033	348	0.936226066383059
"rs475025"	0.775990957997084	348	0.953502377970486
"rs475034"	0.775990957997084	348	0.953502377970486
"rs304680"	0.776029355144887	348	0.952719014539936
"rs304683"	0.776029355144887	348	0.952719014539936
"rs330604"	0.776029532759116	348	1.04873359698382
"rs330607"	0.776029532759116	348	1.04873359698382
"rs330608"	0.776029532759116	348	1.04873359698382
"rs782597"	0.776089542523893	348	1.04985415042464
"rs782598"	0.776089542523893	348	1.04985415042464
"rs988995"	0.776101285102713	348	0.905515014048895
"rs308443"	0.776110988304401	348	1.13862034621449
"rs2111931"	0.776114410970582	348	0.869096817565684
"rs613348"	0.776131431360774	348	0.940502414256631
"rs1055410"	0.776133177464601	348	1.0303096466059
"rs160458"	0.776140820177829	348	0.964952924990634
"rs1392402"	0.776157582524557	348	0.922110450176519
"rs1854350"	0.776169493958162	348	1.25750444211223
"rs153839"	0.776180832672622	348	1.05540347717332
"rs1883067"	0.776208744695136	348	1.08240946054115
"rs1883077"	0.776208744695136	348	1.08240946054115
"rs1883060"	0.776208744695139	348	1.08240946054115
"rs466531"	0.776237949402159	348	0.940463555373259
"rs466554"	0.776237949402159	348	0.940463555373259
"rs970652"	0.776271739452968	348	1.11651508443239
"rs545237"	0.776287588550817	348	1.04298505756439
"rs1425202"	0.776308747948998	348	0.905130651499111
"rs892529"	0.776366875872469	348	0.918236879812958
"rs636403"	0.776387467193204	348	1.10780758855251
"rs1568329"	0.776417795879352	348	0.88840704366108
"rs1568534"	0.776417795879352	348	0.88840704366108
"rs1094335"	0.776432016676427	348	1.21642762862765
"rs118975"	0.776475401822638	348	1.01691523921561
"rs1957989"	0.776490309545535	348	1.13450320068983
"rs425608"	0.776540071371203	348	1.05987951604997
"rs425609"	0.776540071371203	348	1.05987951604997
"rs425655"	0.776540071371208	348	1.05987951604997
"rs425656"	0.776540071371208	348	1.05987951604997
"rs888295"	0.77655100831114	348	1.08990020669141
"rs1830234"	0.776556391103521	348	1.10219093788959
"rs1833821"	0.776556391103521	348	1.10219093788959
"rs1837604"	0.776556391103521	348	1.10219093788959
"rs1827781"	0.776557486673454	348	1.06736722790498
"rs940533"	0.776560866169461	348	1.08769052481774
"rs122875"	0.776562199642122	348	1.04614471795589
"rs2099047"	0.776591498790333	348	1.08264705745087
"rs13058"	0.776617890439931	348	1.06142531103777
"rs371754"	0.776650019363772	348	0.948525923233896
"rs827462"	0.776672336468533	348	0.953656689870696
"rs1863753"	0.776675025664679	348	0.888099645580579
"rs1863956"	0.776675025664679	348	0.888099645580579
"rs1864117"	0.776675025664679	348	0.888099645580579
"rs1864309"	0.776675025664679	348	0.888099645580579
"rs158780"	0.776675950791183	348	1.031956295887
"rs1648342"	0.776677521762106	348	0.826017169042516
"rs198019"	0.776707339615251	348	0.933806716285257
"rs1130345"	0.776715080411244	348	0.95217719797679
"rs1207047"	0.776726833269436	348	0.965972006967076
"rs1115620"	0.776745800559673	348	1.05238634874975
"rs1847190"	0.776746087841116	348	1.06168111670189
"rs639759"	0.776795527674684	348	0.938879144602769
"rs639762"	0.776795527674684	348	0.938879144602769
"rs639771"	0.776795527674684	348	0.938879144602769
"rs639778"	0.776795527674684	348	0.938879144602769
"rs639779"	0.776795527674684	348	0.938879144602769
"rs639780"	0.776795527674684	348	0.938879144602769
"rs639784"	0.776795527674684	348	0.938879144602769
"rs639785"	0.776795527674684	348	0.938879144602769
"rs639788"	0.776795527674684	348	0.938879144602769
"rs639795"	0.776795527674684	348	0.938879144602769
"rs1107114"	0.776825446010803	348	0.913836998570758
"rs1017621"	0.776893474514303	348	0.941341395510361
"rs1140082"	0.776901053102015	348	1.08025875931757
"rs624561"	0.776945382345237	348	0.894097468303041
"rs624562"	0.776945382345237	348	0.894097468303041
"rs624575"	0.776945382345237	348	0.894097468303041
"rs624580"	0.776945382345237	348	0.894097468303041
"rs624586"	0.776945382345237	348	0.894097468303041
"rs1982781"	0.777005552606716	348	1.09382542842355
"rs1299226"	0.777018055987615	348	1.06956026469008
"rs634750"	0.777045457991755	348	0.917807052739002
"rs634756"	0.777045457991755	348	0.917807052739002
"rs342421"	0.777054016659233	348	0.917927569077088
"rs1161396"	0.777107860904351	348	1.05821686032932
"rs1895477"	0.777146049610696	348	0.949553055138154
"rs2162878"	0.777208513998054	348	0.958394516080808
"rs605048"	0.777221034404806	348	1.09123196211095
"rs533214"	0.777236530545649	348	0.935556738909468
"rs1565540"	0.777274220313171	348	0.950849792675834
"rs915112"	0.777275622289863	348	1.03998984294103
"rs1669751"	0.777318063867373	348	0.825339367686929
"rs862795"	0.777318063867381	348	0.825339367686932
"rs1342462"	0.777318063867381	348	0.825339367686932
"rs1353384"	0.777318063867381	348	0.825339367686932
"rs1353390"	0.777318063867381	348	0.825339367686932
"rs1353398"	0.777318063867381	348	0.825339367686932
"rs1353402"	0.777318063867381	348	0.825339367686932
"rs1353420"	0.777318063867381	348	0.825339367686932
"rs1353459"	0.777318063867381	348	0.825339367686932
"rs1353480"	0.777318063867381	348	0.825339367686932
"rs1353483"	0.777318063867381	348	0.825339367686932
"rs1668205"	0.777318063867381	348	0.825339367686932
"rs1414325"	0.777318063867383	348	0.825339367686932
"rs1562369"	0.777318063867383	348	0.825339367686933
"rs892777"	0.777318063867384	348	0.825339367686933
"rs1597154"	0.777318063867386	348	0.825339367686935
"rs660735"	0.777318063867386	348	0.825339367686933
"rs846098"	0.777318063867386	348	0.825339367686933
"rs2985"	0.777318063867387	348	0.825339367686936
"rs12611"	0.777318063867387	348	0.825339367686936
"rs14032"	0.777318063867387	348	0.825339367686936
"rs25363"	0.777318063867387	348	0.825339367686936
"rs33806"	0.777318063867387	348	0.825339367686936
"rs35618"	0.777318063867387	348	0.825339367686936
"rs45292"	0.777318063867387	348	0.825339367686936
"rs45846"	0.777318063867387	348	0.825339367686936
"rs52337"	0.777318063867387	348	0.825339367686936
"rs94619"	0.777318063867387	348	0.825339367686936
"rs107205"	0.777318063867387	348	0.825339367686936
"rs110539"	0.777318063867387	348	0.825339367686936
"rs133692"	0.777318063867387	348	0.825339367686936
"rs136032"	0.777318063867387	348	0.825339367686936
"rs190532"	0.777318063867387	348	0.825339367686936
"rs224783"	0.777318063867387	348	0.825339367686936
"rs228920"	0.777318063867387	348	0.825339367686936
"rs233174"	0.777318063867387	348	0.825339367686936
"rs233730"	0.777318063867387	348	0.825339367686936
"rs238395"	0.777318063867387	348	0.825339367686936
"rs241247"	0.777318063867387	348	0.825339367686936
"rs241324"	0.777318063867387	348	0.825339367686936
"rs241398"	0.777318063867387	348	0.825339367686936
"rs242380"	0.777318063867387	348	0.825339367686936
"rs246700"	0.777318063867387	348	0.825339367686936
"rs346863"	0.777318063867387	348	0.825339367686936
"rs347800"	0.777318063867387	348	0.825339367686936
"rs364205"	0.777318063867387	348	0.825339367686936
"rs365088"	0.777318063867387	348	0.825339367686936
"rs426460"	0.777318063867387	348	0.825339367686936
"rs426571"	0.777318063867387	348	0.825339367686936
"rs430502"	0.777318063867387	348	0.825339367686936
"rs433200"	0.777318063867387	348	0.825339367686936
"rs434608"	0.777318063867387	348	0.825339367686936
"rs437684"	0.777318063867387	348	0.825339367686936
"rs439532"	0.777318063867387	348	0.825339367686936
"rs441036"	0.777318063867387	348	0.825339367686936
"rs441271"	0.777318063867387	348	0.825339367686936
"rs461397"	0.777318063867387	348	0.825339367686936
"rs461795"	0.777318063867387	348	0.825339367686936
"rs462206"	0.777318063867387	348	0.825339367686936
"rs466414"	0.777318063867387	348	0.825339367686936
"rs467424"	0.777318063867387	348	0.825339367686936
"rs478404"	0.777318063867387	348	0.825339367686936
"rs483274"	0.777318063867387	348	0.825339367686936
"rs484595"	0.777318063867387	348	0.825339367686936
"rs484611"	0.777318063867387	348	0.825339367686936
"rs485074"	0.777318063867387	348	0.825339367686936
"rs485953"	0.777318063867387	348	0.825339367686936
"rs486652"	0.777318063867387	348	0.825339367686936
"rs503508"	0.777318063867387	348	0.825339367686936
"rs504611"	0.777318063867387	348	0.825339367686936
"rs523232"	0.777318063867387	348	0.825339367686936
"rs523779"	0.777318063867387	348	0.825339367686936
"rs528412"	0.777318063867387	348	0.825339367686936
"rs533591"	0.777318063867387	348	0.825339367686936
"rs534984"	0.777318063867387	348	0.825339367686936
"rs539214"	0.777318063867387	348	0.825339367686936
"rs544156"	0.777318063867387	348	0.825339367686936
"rs589297"	0.777318063867387	348	0.825339367686936
"rs601797"	0.777318063867387	348	0.825339367686936
"rs644653"	0.777318063867387	348	0.825339367686936
"rs647276"	0.777318063867387	348	0.825339367686936
"rs658557"	0.777318063867387	348	0.825339367686936
"rs658568"	0.777318063867387	348	0.825339367686936
"rs716390"	0.777318063867387	348	0.825339367686936
"rs746464"	0.777318063867387	348	0.825339367686936
"rs747053"	0.777318063867387	348	0.825339367686936
"rs749445"	0.777318063867387	348	0.825339367686936
"rs769678"	0.777318063867387	348	0.825339367686936
"rs772353"	0.777318063867387	348	0.825339367686936
"rs774340"	0.777318063867387	348	0.825339367686936
"rs829907"	0.777318063867387	348	0.825339367686936
"rs832997"	0.777318063867387	348	0.825339367686936
"rs873835"	0.777318063867387	348	0.825339367686936
"rs877423"	0.777318063867387	348	0.825339367686936
"rs885910"	0.777318063867387	348	0.825339367686936
"rs885974"	0.777318063867387	348	0.825339367686936
"rs887809"	0.777318063867387	348	0.825339367686936
"rs888715"	0.777318063867387	348	0.825339367686936
"rs891439"	0.777318063867387	348	0.825339367686936
"rs899084"	0.777318063867387	348	0.825339367686936
"rs901776"	0.777318063867387	348	0.825339367686936
"rs909216"	0.777318063867387	348	0.825339367686936
"rs912109"	0.777318063867387	348	0.825339367686936
"rs965544"	0.777318063867387	348	0.825339367686936
"rs966255"	0.777318063867387	348	0.825339367686936
"rs974020"	0.777318063867387	348	0.825339367686936
"rs974029"	0.777318063867387	348	0.825339367686936
"rs974144"	0.777318063867387	348	0.825339367686936
"rs974878"	0.777318063867387	348	0.825339367686936
"rs976015"	0.777318063867387	348	0.825339367686936
"rs980788"	0.777318063867387	348	0.825339367686936
"rs987076"	0.777318063867387	348	0.825339367686936
"rs998172"	0.777318063867387	348	0.825339367686936
"rs1003415"	0.777318063867387	348	0.825339367686936
"rs1006019"	0.777318063867387	348	0.825339367686936
"rs1019327"	0.777318063867387	348	0.825339367686936
"rs1021226"	0.777318063867387	348	0.825339367686936
"rs1056430"	0.777318063867387	348	0.825339367686936
"rs1056867"	0.777318063867387	348	0.825339367686936
"rs1061313"	0.777318063867387	348	0.825339367686936
"rs1300829"	0.777318063867387	348	0.825339367686936
"rs1303500"	0.777318063867387	348	0.825339367686936
"rs1304092"	0.777318063867387	348	0.825339367686936
"rs1311809"	0.777318063867387	348	0.825339367686936
"rs1314420"	0.777318063867387	348	0.825339367686936
"rs1316577"	0.777318063867387	348	0.825339367686936
"rs1318036"	0.777318063867387	348	0.825339367686936
"rs1318246"	0.777318063867387	348	0.825339367686936
"rs1319034"	0.777318063867387	348	0.825339367686936
"rs1319037"	0.777318063867387	348	0.825339367686936
"rs1319163"	0.777318063867387	348	0.825339367686936
"rs1319166"	0.777318063867387	348	0.825339367686936
"rs1321137"	0.777318063867387	348	0.825339367686936
"rs1322600"	0.777318063867387	348	0.825339367686936
"rs1324520"	0.777318063867387	348	0.825339367686936
"rs1326654"	0.777318063867387	348	0.825339367686936
"rs1342345"	0.777318063867387	348	0.825339367686936
"rs1342981"	0.777318063867387	348	0.825339367686936
"rs1353641"	0.777318063867387	348	0.825339367686936
"rs1355258"	0.777318063867387	348	0.825339367686936
"rs1355687"	0.777318063867387	348	0.825339367686936
"rs1356867"	0.777318063867387	348	0.825339367686936
"rs1403960"	0.777318063867387	348	0.825339367686936
"rs1404147"	0.777318063867387	348	0.825339367686936
"rs1408988"	0.777318063867387	348	0.825339367686936
"rs1423169"	0.777318063867387	348	0.825339367686936
"rs1423590"	0.777318063867387	348	0.825339367686936
"rs1427111"	0.777318063867387	348	0.825339367686936
"rs1435117"	0.777318063867387	348	0.825339367686936
"rs1442252"	0.777318063867387	348	0.825339367686936
"rs1444224"	0.777318063867387	348	0.825339367686936
"rs1484160"	0.777318063867387	348	0.825339367686936
"rs1534302"	0.777318063867387	348	0.825339367686936
"rs1547402"	0.777318063867387	348	0.825339367686936
"rs1553794"	0.777318063867387	348	0.825339367686936
"rs1555009"	0.777318063867387	348	0.825339367686936
"rs1555174"	0.777318063867387	348	0.825339367686936
"rs1555798"	0.777318063867387	348	0.825339367686936
"rs1556009"	0.777318063867387	348	0.825339367686936
"rs1557412"	0.777318063867387	348	0.825339367686936
"rs1559065"	0.777318063867387	348	0.825339367686936
"rs1569446"	0.777318063867387	348	0.825339367686936
"rs1571266"	0.777318063867387	348	0.825339367686936
"rs1574140"	0.777318063867387	348	0.825339367686936
"rs1575318"	0.777318063867387	348	0.825339367686936
"rs1577009"	0.777318063867387	348	0.825339367686936
"rs1577429"	0.777318063867387	348	0.825339367686936
"rs1583602"	0.777318063867387	348	0.825339367686936
"rs1583631"	0.777318063867387	348	0.825339367686936
"rs1583734"	0.777318063867387	348	0.825339367686936
"rs1584808"	0.777318063867387	348	0.825339367686936
"rs1586402"	0.777318063867387	348	0.825339367686936
"rs1590009"	0.777318063867387	348	0.825339367686936
"rs1590309"	0.777318063867387	348	0.825339367686936
"rs1592250"	0.777318063867387	348	0.825339367686936
"rs1593633"	0.777318063867387	348	0.825339367686936
"rs1593820"	0.777318063867387	348	0.825339367686936
"rs1594464"	0.777318063867387	348	0.825339367686936
"rs1595197"	0.777318063867387	348	0.825339367686936
"rs1595365"	0.777318063867387	348	0.825339367686936
"rs1595523"	0.777318063867387	348	0.825339367686936
"rs1598313"	0.777318063867387	348	0.825339367686936
"rs1599668"	0.777318063867387	348	0.825339367686936
"rs1608082"	0.777318063867387	348	0.825339367686936
"rs1609984"	0.777318063867387	348	0.825339367686936
"rs1619268"	0.777318063867387	348	0.825339367686936
"rs1634069"	0.777318063867387	348	0.825339367686936
"rs1638723"	0.777318063867387	348	0.825339367686936
"rs1639361"	0.777318063867387	348	0.825339367686936
"rs1639585"	0.777318063867387	348	0.825339367686936
"rs1639762"	0.777318063867387	348	0.825339367686936
"rs1639787"	0.777318063867387	348	0.825339367686936
"rs1640026"	0.777318063867387	348	0.825339367686936
"rs1645393"	0.777318063867387	348	0.825339367686936
"rs1667675"	0.777318063867387	348	0.825339367686936
"rs1668163"	0.777318063867387	348	0.825339367686936
"rs1673092"	0.777318063867387	348	0.825339367686936
"rs1680084"	0.777318063867387	348	0.825339367686936
"rs1681109"	0.777318063867387	348	0.825339367686936
"rs1740998"	0.777318063867387	348	0.825339367686936
"rs1759765"	0.777318063867387	348	0.825339367686936
"rs1801105"	0.777318063867387	348	0.825339367686936
"rs1804168"	0.777318063867387	348	0.825339367686936
"rs1814088"	0.777318063867387	348	0.825339367686936
"rs1834827"	0.777318063867387	348	0.825339367686936
"rs1843394"	0.777318063867387	348	0.825339367686936
"rs1856773"	0.777318063867387	348	0.825339367686936
"rs1861132"	0.777318063867387	348	0.825339367686936
"rs1862777"	0.777318063867387	348	0.825339367686936
"rs1862943"	0.777318063867387	348	0.825339367686936
"rs1900027"	0.777318063867387	348	0.825339367686936
"rs1901833"	0.777318063867387	348	0.825339367686936
"rs1904899"	0.777318063867387	348	0.825339367686936
"rs1905786"	0.777318063867387	348	0.825339367686936
"rs1919880"	0.777318063867387	348	0.825339367686936
"rs1922230"	0.777318063867387	348	0.825339367686936
"rs1922363"	0.777318063867387	348	0.825339367686936
"rs1928944"	0.777318063867387	348	0.825339367686936
"rs1931751"	0.777318063867387	348	0.825339367686936
"rs1937459"	0.777318063867387	348	0.825339367686936
"rs1940269"	0.777318063867387	348	0.825339367686936
"rs1948922"	0.777318063867387	348	0.825339367686936
"rs1953085"	0.777318063867387	348	0.825339367686936
"rs1954069"	0.777318063867387	348	0.825339367686936
"rs1958918"	0.777318063867387	348	0.825339367686936
"rs2025263"	0.777318063867387	348	0.825339367686936
"rs2049400"	0.777318063867387	348	0.825339367686936
"rs2051136"	0.777318063867387	348	0.825339367686936
"rs2069142"	0.777318063867387	348	0.825339367686936
"rs2076242"	0.777318063867387	348	0.825339367686936
"rs2088596"	0.777318063867387	348	0.825339367686936
"rs2090270"	0.777318063867387	348	0.825339367686936
"rs2098682"	0.777318063867387	348	0.825339367686936
"rs2105718"	0.777318063867387	348	0.825339367686936
"rs2156395"	0.777318063867387	348	0.825339367686936
"rs2188834"	0.777318063867387	348	0.825339367686936
"rs2190649"	0.777318063867387	348	0.825339367686936
"rs2194803"	0.777318063867387	348	0.825339367686936
"rs2195091"	0.777318063867387	348	0.825339367686936
"rs2196058"	0.777318063867387	348	0.825339367686936
"rs2203626"	0.777318063867387	348	0.825339367686936
"rs2203836"	0.777318063867387	348	0.825339367686936
"rs2208183"	0.777318063867387	348	0.825339367686936
"rs2210770"	0.777318063867387	348	0.825339367686936
"rs2211417"	0.777318063867387	348	0.825339367686936
"rs2211916"	0.777318063867387	348	0.825339367686936
"rs913116"	0.777318063867387	348	0.825339367686935
"rs913122"	0.777318063867387	348	0.825339367686935
"rs913125"	0.777318063867387	348	0.825339367686935
"rs913295"	0.777318063867387	348	0.825339367686935
"rs127808"	0.777318063867388	348	0.825339367686936
"rs128888"	0.777318063867388	348	0.825339367686936
"rs438615"	0.777318063867388	348	0.825339367686936
"rs438644"	0.777318063867388	348	0.825339367686936
"rs476007"	0.777318063867388	348	0.825339367686936
"rs604657"	0.777318063867388	348	0.825339367686936
"rs604781"	0.777318063867388	348	0.825339367686936
"rs605396"	0.777318063867388	348	0.825339367686936
"rs1896001"	0.777318063867388	348	0.825339367686935
"rs23254"	0.777318063867388	348	0.825339367686936
"rs246395"	0.777318063867388	348	0.825339367686936
"rs1051325"	0.777318063867388	348	0.825339367686935
"rs1821809"	0.777318063867388	348	0.825339367686935
"rs224810"	0.777318063867389	348	0.825339367686935
"rs224876"	0.777318063867389	348	0.825339367686935
"rs224921"	0.777318063867389	348	0.825339367686935
"rs224927"	0.777318063867389	348	0.825339367686935
"rs224969"	0.777318063867389	348	0.825339367686935
"rs227528"	0.777318063867389	348	0.825339367686935
"rs534584"	0.777318063867389	348	0.825339367686935
"rs907624"	0.777318063867389	348	0.825339367686937
"rs1696388"	0.777318063867399	348	0.825339367686946
"rs861215"	0.77731806386741	348	0.825339367686953
"rs861924"	0.77731806386741	348	0.825339367686953
"rs1536597"	0.777327489561038	348	1.0455690474652
"rs2183147"	0.77735658336037	348	0.945417972129382
"rs2183149"	0.77735658336037	348	0.945417972129382
"rs2183150"	0.77735658336037	348	0.945417972129382
"rs2183152"	0.77735658336037	348	0.945417972129382
"rs2183155"	0.77735658336037	348	0.945417972129382
"rs2183159"	0.77735658336037	348	0.945417972129382
"rs2183161"	0.77735658336037	348	0.945417972129382
"rs2183168"	0.77735658336037	348	0.945417972129382
"rs2183171"	0.77735658336037	348	0.945417972129382
"rs2183177"	0.77735658336037	348	0.945417972129382
"rs1961894"	0.777356786121223	348	0.939060084563474
"rs134235"	0.77736261990184	348	1.07389824531328
"rs475088"	0.777402815589082	348	0.935791494404704
"rs475091"	0.777402815589082	348	0.935791494404704
"rs1264506"	0.777411567156397	348	1.04210436577415
"rs1264550"	0.777411567156397	348	1.04210436577415
"rs426663"	0.777454414711382	348	0.899710116451721
"rs798463"	0.77749967694497	348	0.911835951997793
"rs799196"	0.77749967694497	348	0.911835951997793
"rs799259"	0.77749967694497	348	0.911835951997793
"rs1326760"	0.777504308649093	348	0.943143360413875
"rs1205922"	0.777548907879135	348	0.964518929840971
"rs1861057"	0.777555458778174	348	0.959918624002439
"rs132467"	0.777566911855879	348	0.810702560470695
"rs2039960"	0.777566911855879	348	0.810702560470695
"rs1802769"	0.777631066451331	348	0.958185768513759
"rs1701864"	0.777635487249755	348	1.0610332740498
"rs225558"	0.777643639880397	348	0.894296122790539
"rs486190"	0.777676609775243	348	0.933759264672669
"rs486196"	0.777676609775243	348	0.933759264672669
"rs742562"	0.777701810215454	348	1.0408856539657
"rs535294"	0.777719833711709	348	1.09225915349751
"rs1743382"	0.777724640514122	348	0.97948137647013
"rs1822140"	0.777766546466508	348	0.919850600367322
"rs1834182"	0.777810332849308	348	0.933778034744714
"rs306513"	0.777828874851125	348	1.08251445551452
"rs1952443"	0.777840730729493	348	1.06692431948542
"rs880043"	0.777864961096803	348	0.948152649225854
"rs880064"	0.777864961096803	348	0.948152649225854
"rs42366"	0.777894021281541	348	1.01561514314094
"rs670486"	0.777907795093812	348	1.12212497575117
"rs1580430"	0.777931829552732	348	1.07852275625322
"rs225069"	0.777939186685895	348	0.914394238689271
"rs301905"	0.777940706408541	348	1.05059263600323
"rs225689"	0.777941819700009	348	0.895326601729511
"rs1769674"	0.777955477205008	348	0.950962146415149
"rs917281"	0.777969337280881	348	1.05340320629443
"rs2087022"	0.778048793453736	348	0.961402778569303
"rs303409"	0.778198436555605	348	0.959493465163529
"rs580442"	0.778203282928202	348	1.142843772879
"rs580459"	0.778203282928202	348	1.142843772879
"rs1936376"	0.778240049526753	348	0.950092550571911
"rs812842"	0.778282046971713	348	1.07938630821284
"rs1515706"	0.778288660206183	348	1.02557282724397
"rs726165"	0.778305701325139	348	1.05296973473697
"rs636505"	0.77830670606415	348	0.949724345030755
"rs291744"	0.778313074479895	348	0.961352439658979
"rs1072987"	0.778352116352893	348	1.01498661655097
"rs1596947"	0.778377498666962	348	0.9548892827062
"rs1362044"	0.77839650143739	348	1.25406536920429
"rs1044618"	0.778437733939529	348	0.93063060854532
"rs1044622"	0.778437733939529	348	0.93063060854532
"rs468143"	0.778455360983591	348	0.950604010906795
"rs820558"	0.778480054917544	348	0.955529757188329
"rs545956"	0.778589184132982	348	0.923218434232727
"rs2127169"	0.778613683647624	348	1.04425948848976
"rs628676"	0.778629217313427	348	0.925110826585494
"rs429195"	0.778666486785962	348	0.934191915765085
"rs429224"	0.778666486785962	348	0.934191915765085
"rs621950"	0.778769297280912	348	0.957262348721659
"rs2114583"	0.778777330023946	348	0.911934107300025
"rs2114584"	0.778777330023946	348	0.911934107300025
"rs2093417"	0.778779676989852	348	1.05568360190293
"rs338793"	0.778779837415741	348	0.951143577022149
"rs122594"	0.778780172207797	348	0.960225529828798
"rs122595"	0.778780172207797	348	0.960225529828798
"rs901623"	0.778797058241823	348	0.810942551639065
"rs909969"	0.778812835395398	348	1.06777644380409
"rs910003"	0.778812835395398	348	1.06777644380409
"rs854720"	0.778847532098503	348	0.917670502591465
"rs783189"	0.778855720767188	348	1.11245070813218
"rs830257"	0.778858970273407	348	0.918330367160239
"rs155937"	0.77890275165356	348	1.05393435274442
"rs938310"	0.778906652926159	348	0.969880684375148
"rs604772"	0.778907205649401	348	1.07428497178502
"rs1817278"	0.778929208461564	348	0.943350771930822
"rs1817269"	0.778929208461566	348	0.943350771930822
"rs1817275"	0.778929208461566	348	0.943350771930822
"rs419095"	0.778930133222119	348	0.957689249063835
"rs1610094"	0.778949174020983	348	1.07212506425478
"rs127941"	0.778965080526274	348	1.13661498800791
"rs1412201"	0.778965080526275	348	1.13661498800791
"rs1333097"	0.778965780448414	348	0.397725227628407
"rs550547"	0.778978098511587	348	0.949385182318879
"rs1552788"	0.779005516620302	348	1.05857071372196
"rs1552796"	0.779005516620302	348	1.05857071372196
"rs1552802"	0.779005516620302	348	1.05857071372196
"rs1552803"	0.779005516620302	348	1.05857071372196
"rs907300"	0.779025149373965	348	1.10696914060031
"rs907401"	0.779025149373965	348	1.10696914060031
"rs1708959"	0.779037076554708	348	1.04638963514562
"rs1708961"	0.779037076554708	348	1.04638963514562
"rs1708963"	0.779037076554708	348	1.04638963514562
"rs1708967"	0.779037076554708	348	1.04638963514562
"rs915596"	0.779055420176158	348	1.06748104048444
"rs1447870"	0.779060379818172	348	0.954740021675196
"rs627496"	0.779076012414817	348	0.90109305724509
"rs1316192"	0.779081100334673	348	1.04495962158112
"rs1117932"	0.779096546651139	348	0.914731176995291
"rs652880"	0.779151205143186	348	1.10952892515585
"rs1085740"	0.779202060278706	348	1.05350683758299
"rs426688"	0.779264017344523	348	0.894887125516246
"rs1013628"	0.779269691321808	348	1.07082223963093
"rs2051579"	0.77927810053711	348	0.924158250412576
"rs649149"	0.779286008807404	348	1.01854010194156
"rs171880"	0.779320094711787	348	1.05880087757867
"rs494638"	0.779327497626077	348	1.09044986570033
"rs256509"	0.779362768223883	348	0.951441218576199
"rs100194"	0.779387301467149	348	0.946138071469384
"rs1055591"	0.779477666788743	348	0.950596505319938
"rs507261"	0.779570975411311	348	1.05198619513555
"rs507264"	0.779570975411311	348	1.05198619513555
"rs2175668"	0.779611430903995	348	0.985087736107168
"rs973420"	0.779634097717166	348	0.939675491652109
"rs1013649"	0.779677740651574	348	1.09261708501201
"rs1287564"	0.779686764544141	348	0.948000205495155
"rs1287773"	0.779686764544141	348	0.948000205495155
"rs1287818"	0.779686764544141	348	0.948000205495155
"rs1287899"	0.779686764544141	348	0.948000205495155
"rs1287983"	0.779686764544141	348	0.948000205495155
"rs1288202"	0.779686764544141	348	0.948000205495155
"rs1905303"	0.779687488843351	348	0.949174484584235
"rs1817308"	0.77969315827683	348	0.943572433761015
"rs279031"	0.779723307464632	348	0.816962037481424
"rs1882573"	0.779732607150206	348	1.06058720527387
"rs1680773"	0.779753913959797	348	0.934978569058681
"rs1753819"	0.779755645025868	348	1.07420650248314
"rs1648587"	0.779787940502852	348	1.05969736439996
"rs1994286"	0.779837614257239	348	1.09943774422368
"rs366513"	0.779850360276051	348	1.07823754821519
"rs366528"	0.779850360276051	348	1.07823754821519
"rs366531"	0.779850360276051	348	1.07823754821519
"rs366534"	0.779850360276051	348	1.07823754821519
"rs366543"	0.779850360276051	348	1.07823754821519
"rs366537"	0.779850360276054	348	1.07823754821519
"rs1350547"	0.779861255196178	348	0.816226181736503
"rs1350604"	0.779861255196178	348	0.816226181736503
"rs1350727"	0.779861255196178	348	0.816226181736503
"rs64848"	0.779884008392502	348	0.951585764091831
"rs64850"	0.779884008392502	348	0.951585764091831
"rs484932"	0.779896503499668	348	0.946413727132855
"rs242319"	0.779903561016064	348	0.944506724663546
"rs943077"	0.779918105427642	348	1.10649197221211
"rs580922"	0.77996197766786	348	0.940385328278015
"rs1896627"	0.780009425424538	348	1.05042249516891
"rs1951358"	0.780014784132286	348	0.947087286782589
"rs1951367"	0.780014784132286	348	0.947087286782589
"rs1951381"	0.780014784132286	348	0.947087286782589
"rs1154071"	0.780054723157584	348	0.954998419750096
"rs1154078"	0.780054723157584	348	0.954998419750096
"rs1154079"	0.780054723157584	348	0.954998419750096
"rs584407"	0.780082582227428	348	1.06478285864378
"rs842611"	0.780084575266091	348	1.07626958462051
"rs811367"	0.780096244580453	348	0.962958707707849
"rs544010"	0.780110429365107	348	1.06489593996983
"rs1882763"	0.780128615117677	348	1.05579355095321
"rs745240"	0.78014256217197	348	1.05256086738517
"rs343919"	0.780155030937282	348	0.917783466201259
"rs921660"	0.780164191218657	348	1.05181840616835
"rs921661"	0.780164191218657	348	1.05181840616835
"rs921663"	0.780164191218657	348	1.05181840616835
"rs921666"	0.780164191218657	348	1.05181840616835
"rs921673"	0.780164191218657	348	1.05181840616835
"rs921674"	0.780164191218657	348	1.05181840616835
"rs921675"	0.780164191218657	348	1.05181840616835
"rs207551"	0.78016952338471	348	0.95294402734522
"rs1043394"	0.780190327892345	348	0.907289767261132
"rs1897908"	0.780216908715134	348	1.04900111306697
"rs673400"	0.780224621955365	348	1.10202588997557
"rs224867"	0.780240701115904	348	1.07849508852804
"rs2179612"	0.78024296704912	348	0.954046417427114
"rs2161602"	0.780245086085856	348	1.04992991224635
"rs1883787"	0.780291577414132	348	1.08576008863263
"rs1159206"	0.780300801370421	348	0.956656197988814
"rs2091727"	0.780333696397123	348	1.11214741676227
"rs2100984"	0.780333696397123	348	1.11214741676227
"rs561533"	0.780342769563345	348	1.04153721480334
"rs772676"	0.780358098583644	348	0.914104536624327
"rs994535"	0.780367012254198	348	1.04778940915855
"rs994538"	0.780367012254198	348	1.04778940915855
"rs994547"	0.780367012254198	348	1.04778940915855
"rs994550"	0.780367012254198	348	1.04778940915855
"rs994556"	0.780367012254198	348	1.04778940915855
"rs118063"	0.780403223149935	348	0.974895282799643
"rs650863"	0.780509602450057	348	0.907412754378453
"rs2170169"	0.780525380131606	348	0.978448769455324
"rs900124"	0.780552038058804	348	1.10979449948856
"rs147738"	0.780552570546477	348	0.95411403228105
"rs1898077"	0.780575365584023	348	0.931897065476872
"rs31605"	0.780603639600155	348	1.04623724941821
"rs225930"	0.780679366180137	348	1.08487057498085
"rs1776041"	0.780707158459016	348	1.05792013494908
"rs1315435"	0.780752329684463	348	1.0482195312218
"rs1609785"	0.780812169125074	348	0.941964508179824
"rs1964957"	0.780817807434574	348	0.925410728574205
"rs1964964"	0.780817807434574	348	0.925410728574205
"rs1688489"	0.780837300432662	348	1.08827428354795
"rs1856924"	0.780863051740149	348	1.04717364657011
"rs224333"	0.780909739520345	348	0.931868902322537
"rs224405"	0.780909739520345	348	0.931868902322537
"rs1054067"	0.780961229317717	348	0.988575947210783
"rs718330"	0.780963328649649	348	0.895240595018408
"rs1906800"	0.780992025526595	348	0.8977647773078
"rs1906865"	0.780992025526595	348	0.8977647773078
"rs680476"	0.781006394938723	348	1.03590439961318
"rs210402"	0.781017747099636	348	0.959565948829189
"rs2049677"	0.781032632273442	348	1.11797035754518
"rs2053041"	0.781032632273442	348	1.11797035754518
"rs1070818"	0.781047553196819	348	1.05548578588741
"rs1070965"	0.781047553196819	348	1.05548578588741
"rs2058514"	0.781051370070947	348	1.07442903403524
"rs866052"	0.781162438104089	348	0.955496748270278
"rs545396"	0.781167411078663	348	1.05455320367404
"rs1645259"	0.781186189460545	348	0.934880896181086
"rs2169786"	0.781197696821386	348	0.955206345689862
"rs1774693"	0.781222563194872	348	1.0543215722491
"rs787983"	0.781225506079723	348	1.04864705053423
"rs1639991"	0.781234491122859	348	0.954711541856875
"rs1467230"	0.781237801354445	348	1.05525138325609
"rs509653"	0.781257991402595	348	1.04989025739048
"rs891408"	0.781298141186535	348	1.11115579839527
"rs603083"	0.78130262644013	348	1.068979648689
"rs284529"	0.781303273765957	348	1.04589368230753
"rs419305"	0.781312756556736	348	1.05233846869645
"rs419307"	0.781312756556736	348	1.05233846869645
"rs1716187"	0.781318656702519	348	0.940629041145851
"rs653703"	0.781324233234972	348	0.942894954506528
"rs210931"	0.781358831198866	348	0.947206257071304
"rs265373"	0.781425382053625	348	1.04127520851985
"rs1975935"	0.781430471924327	348	1.06563712046037
"rs1567413"	0.781501902136636	348	1.05738018378343
"rs1567415"	0.781501902136636	348	1.05738018378343
"rs1567420"	0.781501902136636	348	1.05738018378343
"rs1890471"	0.781510495595075	348	1.11461049756431
"rs1934397"	0.781526911325058	348	0.94562748828551
"rs149883"	0.781530996126596	348	1.03834127832385
"rs189701"	0.781608489953782	348	1.04944553532589
"rs388972"	0.781646436615918	348	0.941894477202408
"rs1743164"	0.781650250180192	348	0.946300763104017
"rs1598040"	0.781651566806026	348	0.94747633588426
"rs217134"	0.781658114271157	348	1.0761096313812
"rs2100020"	0.781676935944425	348	0.957171212870604
"rs47968"	0.781713194246558	348	1.04572013146905
"rs47969"	0.781713194246558	348	1.04572013146905
"rs871834"	0.78172444336274	348	1.0385063424008
"rs871837"	0.78172444336274	348	1.0385063424008
"rs871841"	0.78172444336274	348	1.0385063424008
"rs871842"	0.78172444336274	348	1.0385063424008
"rs871843"	0.78172444336274	348	1.0385063424008
"rs359943"	0.781726747372474	348	0.945564185484465
"rs1579209"	0.781770755753813	348	0.943239877791259
"rs227971"	0.78177672045762	348	0.939371415647205
"rs227974"	0.78177672045762	348	0.939371415647205
"rs1154516"	0.781809552907006	348	1.04426602978881
"rs547859"	0.781821199137926	348	0.953883656700004
"rs547871"	0.781821199137926	348	0.953883656700004
"rs547874"	0.781821199137926	348	0.953883656700004
"rs1668563"	0.781842928219623	348	0.944762615720948
"rs849854"	0.781847545679466	348	1.05669163004377
"rs849863"	0.781847545679466	348	1.05669163004377
"rs23688"	0.781898222844413	348	1.08669205122919
"rs1205673"	0.781911655776203	348	1.04064510592718
"rs1603520"	0.782040740642814	348	1.07962612576154
"rs642434"	0.782057860098169	348	0.941918442758618
"rs446548"	0.782136390788126	348	1.08420688049695
"rs1083951"	0.782153452340431	348	0.94755756714456
"rs726807"	0.782183606748061	348	1.04520574246977
"rs1648196"	0.782203526399696	348	0.959629662183017
"rs1586517"	0.782205790885854	348	1.12554504588153
"rs1002618"	0.782214559333984	348	0.954751015640485
"rs642282"	0.782241190164466	348	0.919889233452031
"rs122564"	0.782255260176678	348	0.960957343632697
"rs1816381"	0.78233015260647	348	0.941863171076736
"rs492335"	0.78239210973046	348	1.03963070093721
"rs1321864"	0.782401932273186	348	1.04786883123759
"rs1321865"	0.782401932273186	348	1.04786883123759
"rs496954"	0.782428936772042	348	1.08185743045562
"rs496958"	0.782428936772042	348	1.08185743045562
"rs496961"	0.782428936772042	348	1.08185743045562
"rs1103387"	0.782442909103394	348	1.11678234824315
"rs122660"	0.78245392307053	348	0.960994422930855
"rs1774599"	0.782460806174512	348	1.05308778288627
"rs900725"	0.782500161085187	348	1.08213581623499
"rs1901091"	0.782511240070555	348	0.943681921197208
"rs2101253"	0.782531891465184	348	0.959226690036498
"rs1379437"	0.782536691663202	348	0.940475063619958
"rs1326226"	0.782568698466534	348	1.05608098232788
"rs944561"	0.7825748211875	348	0.937508566069781
"rs227430"	0.782580393200647	348	0.940212993623557
"rs1713937"	0.782638015636426	348	0.956287285899919
"rs1700947"	0.782656763789336	348	1.05697912846871
"rs1618968"	0.782670402174079	348	0.94212295363835
"rs1115296"	0.782673780942272	348	1.05089415045393
"rs1115527"	0.782673780942272	348	1.05089415045393
"rs1115538"	0.782673780942272	348	1.05089415045393
"rs1115617"	0.782673780942272	348	1.05089415045393
"rs1115626"	0.782673780942272	348	1.05089415045393
"rs1115629"	0.782673780942272	348	1.05089415045393
"rs1115824"	0.782673780942272	348	1.05089415045393
"rs1115827"	0.782673780942272	348	1.05089415045393
"rs2148185"	0.78267701257653	348	1.10155922287094
"rs1072993"	0.782741415313737	348	0.986117343701739
"rs1112731"	0.782746879130948	348	0.957273599829402
"rs1792044"	0.782767208732559	348	1.0547060761555
"rs938720"	0.782777928905273	348	1.12245566998915
"rs328991"	0.782796637125659	348	1.08730234476533
"rs786901"	0.782812823057456	348	1.0668778422258
"rs1482143"	0.782829110233771	348	0.949227053983993
"rs1482208"	0.782829110233771	348	0.949227053983993
"rs608568"	0.78284679530204	348	1.09761460054841
"rs993905"	0.782878628402392	348	1.04472676717923
"rs507942"	0.782924094972428	348	1.04737695377308
"rs631450"	0.782931573724641	348	0.931403777733229
"rs2048645"	0.782950169017637	348	0.947455619328965
"rs1287672"	0.782952463835046	348	0.945904640555649
"rs810598"	0.782957191447822	348	0.947034014620019
"rs810601"	0.782957191447822	348	0.947034014620019
"rs810604"	0.782957191447822	348	0.947034014620019
"rs128897"	0.782965847963605	348	1.05358499299676
"rs1105301"	0.782992846572676	348	1.1164536751603
"rs1105593"	0.782992846572676	348	1.1164536751603
"rs973631"	0.783015199562026	348	0.915037053941202
"rs27116"	0.783016183756728	348	1.09018552382923
"rs27143"	0.783016183756728	348	1.09018552382923
"rs724081"	0.783051826149679	348	0.940555158447474
"rs473192"	0.783079022972238	348	1.0249995141614
"rs133952"	0.783111862701202	348	0.961563109068452
"rs133955"	0.783111862701202	348	0.961563109068452
"rs133956"	0.783111862701202	348	0.961563109068452
"rs133957"	0.783111862701202	348	0.961563109068452
"rs943974"	0.783144534580274	348	0.910096547738012
"rs1161912"	0.783145994288163	348	1.05560897556899
"rs818124"	0.783150172399892	348	0.964556486502049
"rs818133"	0.783150172399892	348	0.964556486502049
"rs818136"	0.783150172399892	348	0.964556486502049
"rs818163"	0.783150172399892	348	0.964556486502049
"rs2161624"	0.783168487726868	348	1.04768669399299
"rs99387"	0.78319321004267	348	0.944546092782776
"rs1103605"	0.78327018099366	348	1.11627990864898
"rs1964233"	0.78327963082424	348	0.951033351373329
"rs568861"	0.783295819949735	348	0.948302826019245
"rs2093688"	0.783316556260382	348	1.05426105914118
"rs133700"	0.783316653561474	348	1.05755564004498
"rs391436"	0.783334935192812	348	1.10005395690499
"rs636537"	0.78335021148406	348	1.04820498567477
"rs863915"	0.783382477228393	348	1.04271664357734
"rs840697"	0.783462013713938	348	1.04994389818622
"rs1802553"	0.783487303899176	348	1.04382693426897
"rs228019"	0.783497876796436	348	1.05148136501206
"rs228025"	0.783497876796436	348	1.05148136501206
"rs1399710"	0.783500042710489	348	0.922875506753865
"rs1399731"	0.783500042710489	348	0.922875506753865
"rs2120209"	0.78350351357141	348	0.951916646078324
"rs1105371"	0.783519983230735	348	1.11615981345987
"rs1105383"	0.783519983230735	348	1.11615981345987
"rs1167727"	0.783525717984893	348	1.03830099119647
"rs1649179"	0.783544378378118	348	1.09594661200743
"rs1649182"	0.783544378378118	348	1.09594661200743
"rs1649184"	0.783544378378118	348	1.09594661200743
"rs1649211"	0.783544378378118	348	1.09594661200743
"rs856660"	0.783547586752711	348	1.05267061073886
"rs1095200"	0.783567001837381	348	0.946046713573667
"rs1103272"	0.783572363444404	348	1.11613058685883
"rs663501"	0.78360788914018	348	1.05839692894522
"rs325797"	0.783616943351325	348	1.10447332407654
"rs120846"	0.783627376079311	348	1.06273906341013
"rs815037"	0.783635996608949	348	0.949280324732358
"rs1816215"	0.783647800769682	348	0.941330891035118
"rs1103456"	0.783649831988728	348	1.11608734690244
"rs1103488"	0.783649831988728	348	1.11608734690244
"rs1103506"	0.783649831988728	348	1.11608734690244
"rs1103509"	0.783649831988728	348	1.11608734690244
"rs1103548"	0.783649831988728	348	1.11608734690244
"rs1103587"	0.783649831988728	348	1.11608734690244
"rs1104411"	0.783649831988728	348	1.11608734690244
"rs1104516"	0.783649831988728	348	1.11608734690244
"rs1104530"	0.783649831988728	348	1.11608734690244
"rs1104544"	0.783649831988728	348	1.11608734690244
"rs1105347"	0.783649831988728	348	1.11608734690244
"rs1105350"	0.783649831988728	348	1.11608734690244
"rs1105368"	0.783649831988728	348	1.11608734690244
"rs1105374"	0.783649831988728	348	1.11608734690244
"rs1105377"	0.783649831988728	348	1.11608734690244
"rs1579105"	0.783656084685059	348	0.916085854600635
"rs1779003"	0.78365758667234	348	0.955782116922504
"rs2130162"	0.783686712227057	348	0.964918842354497
"rs2009591"	0.783746058254638	348	1.04914412866184
"rs1103863"	0.783841451105452	348	1.06714681353031
"rs1792063"	0.783880850239019	348	1.05437594161598
"rs1782856"	0.783884412880241	348	0.963830038111075
"rs1415154"	0.783905164027679	348	1.07897448499201
"rs1822796"	0.783911733148646	348	0.949691022793181
"rs303389"	0.783914610256873	348	0.970050697999528
"rs1776720"	0.783945741101619	348	1.05652579948605
"rs394679"	0.784022629080572	348	0.905538278424184
"rs340759"	0.784027525203906	348	0.976223622754926
"rs340768"	0.784027525203906	348	0.976223622754926
"rs972227"	0.784051765316503	348	0.985157092335703
"rs2103339"	0.78405766390688	348	0.927763249247127
"rs1766601"	0.784096649969949	348	0.948540687956347
"rs122180"	0.784106468803242	348	0.92060560636848
"rs598069"	0.784112098132226	348	0.937643663777325
"rs575243"	0.784145933641969	348	1.03660347520392
"rs2199819"	0.784167595559592	348	0.870551845621845
"rs1432579"	0.7841675955596	348	0.87055184562185
"rs1155760"	0.784167595559601	348	0.870551845621849
"rs1543418"	0.784167595559602	348	0.870551845621848
"rs1543672"	0.784167595559602	348	0.870551845621848
"rs38987"	0.784167595559603	348	0.87055184562185
"rs1991457"	0.78418265775237	348	1.04473204390478
"rs1782989"	0.784201124109891	348	1.0852556048755
"rs1288515"	0.784214938222845	348	1.04384429947169
"rs1011208"	0.784221139788676	348	0.988658438466264
"rs2134754"	0.784229805095187	348	0.938357348224528
"rs2016129"	0.784239715377992	348	0.95051628681537
"rs1996674"	0.78428013920327	348	1.12659322345977
"rs279262"	0.784290923618332	348	1.09287442766434
"rs319460"	0.784345212145501	348	1.08007189776535
"rs572272"	0.784346918001098	348	1.05451429621066
"rs1530248"	0.784384913401126	348	1.05305072009095
"rs1791961"	0.784395508332002	348	1.03257286609711
"rs150014"	0.784465365142403	348	1.05325723428256
"rs484503"	0.784510326893157	348	1.05951263659488
"rs1442619"	0.784526100987966	348	0.947132757233338
"rs328828"	0.784551346271249	348	0.952654180044536
"rs466599"	0.78457894384842	348	0.949708892936816
"rs1579924"	0.784582164641133	348	0.916693603187315
"rs155571"	0.784589335426115	348	1.11611796608246
"rs1649358"	0.784616670849173	348	0.898026069908357
"rs1778790"	0.784692040322202	348	0.955213751891662
"rs735305"	0.784718709707634	348	1.0627240137579
"rs596950"	0.784722746939207	348	0.966178922339785
"rs1352465"	0.784733752848306	348	1.06494290653293
"rs907134"	0.784750053908654	348	0.933010460279531
"rs808155"	0.784769562876136	348	0.948550059881947
"rs561593"	0.784796300898214	348	1.03315287518125
"rs642924"	0.784837477084781	348	0.94395989170253
"rs494527"	0.784932801973872	348	1.08817705090729
"rs494753"	0.784932801973873	348	1.08817705090729
"rs322542"	0.784936440535261	348	0.945165699767329
"rs322549"	0.784936440535261	348	0.945165699767329
"rs730318"	0.784980911719512	348	1.0690021110647
"rs139838"	0.78501226063749	348	1.11421678679967
"rs825831"	0.785047315256458	348	0.95561648058973
"rs825837"	0.785047315256458	348	0.95561648058973
"rs825840"	0.785047315256458	348	0.95561648058973
"rs825844"	0.785047315256458	348	0.95561648058973
"rs825847"	0.785047315256458	348	0.95561648058973
"rs1104093"	0.785047965120091	348	1.05319691654853
"rs788378"	0.785048675715854	348	0.898059712808981
"rs1798672"	0.785119167026155	348	0.950763243700931
"rs1963414"	0.785133475891697	348	1.035870099221
"rs994796"	0.785154209309838	348	0.945388781221496
"rs145204"	0.785175306672608	348	0.956308870696503
"rs2112066"	0.785183586547453	348	0.873185532404254
"rs307953"	0.785184648215199	348	0.946898350758423
"rs271590"	0.78519151572996	348	0.933329882216892
"rs271627"	0.78519151572996	348	0.933329882216892
"rs271670"	0.78519151572996	348	0.933329882216892
"rs271678"	0.78519151572996	348	0.933329882216892
"rs838713"	0.785213279532665	348	1.03894839398472
"rs463269"	0.785227172323818	348	1.06332416294024
"rs463311"	0.785227172323818	348	1.06332416294024
"rs485687"	0.785251551488352	348	0.944899921473911
"rs857835"	0.785267770504253	348	0.970785812171823
"rs225417"	0.785305219700353	348	1.02220140688492
"rs1055618"	0.785313918894539	348	0.962333729994457
"rs511990"	0.785351117745398	348	0.954244004436453
"rs295090"	0.785380916569912	348	0.965312011914887
"rs738340"	0.7853952655653	348	1.05561686123764
"rs260095"	0.785397231285762	348	0.920158557032134
"rs632149"	0.785398285267218	348	1.10886163530826
"rs986901"	0.785440382979684	348	0.94766143423361
"rs346624"	0.785467349534825	348	0.954916846275111
"rs2103053"	0.78547768623153	348	1.05261937438464
"rs1999343"	0.785479904869557	348	1.04750582300883
"rs1648403"	0.785484120229148	348	0.953567318226371
"rs684602"	0.785496471518242	348	0.92693624788932
"rs684643"	0.785496471518242	348	0.92693624788932
"rs684646"	0.785496471518242	348	0.92693624788932
"rs684648"	0.785496471518242	348	0.92693624788932
"rs684649"	0.785496471518242	348	0.92693624788932
"rs684652"	0.785496471518242	348	0.92693624788932
"rs684653"	0.785496471518242	348	0.92693624788932
"rs606013"	0.785511080389032	348	1.07831436979861
"rs780539"	0.785565689287787	348	0.926017645722737
"rs187624"	0.78559867639936	348	0.923402150136428
"rs1826266"	0.785606665576027	348	1.06772593224484
"rs1883897"	0.785623740477935	348	0.924463153177595
"rs1338865"	0.785628878657337	348	0.9638890768068
"rs1805521"	0.785661340329955	348	1.04556669937374
"rs1895637"	0.785691694073298	348	0.954193766125634
"rs1698898"	0.785695280188644	348	0.950382618403351
"rs1605075"	0.785697301308153	348	0.945607978750637
"rs2104856"	0.785718101276497	348	1.0896293064856
"rs438071"	0.785749234714248	348	1.01883865585082
"rs438074"	0.785749234714248	348	1.01883865585082
"rs438077"	0.785749234714248	348	1.01883865585082
"rs438080"	0.785749234714248	348	1.01883865585082
"rs438085"	0.785749234714248	348	1.01883865585082
"rs438095"	0.785749234714248	348	1.01883865585082
"rs438101"	0.785749234714248	348	1.01883865585082
"rs2163131"	0.785756718614708	348	1.03413972615137
"rs2163134"	0.785756718614708	348	1.03413972615137
"rs891020"	0.785762103907232	348	1.04799017428134
"rs894944"	0.785783076296498	348	0.928631239080129
"rs472723"	0.785787282827577	348	1.04907691121346
"rs472729"	0.785787282827577	348	1.04907691121346
"rs472733"	0.785787282827577	348	1.04907691121346
"rs1874658"	0.785798086045141	348	0.945165582388432
"rs1742576"	0.785802367315978	348	1.07410690921683
"rs1005355"	0.785849869065991	348	0.954451250534721
"rs1885613"	0.785860778453506	348	1.0650833819532
"rs118699"	0.785862194896835	348	1.04143469989999
"rs785025"	0.785883352804567	348	0.951842166399935
"rs492392"	0.785889367510432	348	1.1597759895445
"rs591171"	0.785907623267182	348	0.92438311094471
"rs143075"	0.785932075496676	348	1.05189148190564
"rs987365"	0.786004051575517	348	1.04380975865664
"rs987368"	0.786004051575517	348	1.04380975865664
"rs987386"	0.786004051575517	348	1.04380975865664
"rs916939"	0.786055712247537	348	0.945257607578129
"rs123297"	0.786065826273249	348	0.961806593402952
"rs1316329"	0.786081700371105	348	0.957881433023097
"rs1316331"	0.786081700371105	348	0.957881433023097
"rs1291414"	0.78611152745562	348	0.966271909171111
"rs129116"	0.786130373787088	348	1.04029774664454
"rs1475814"	0.786160364308981	348	0.957013315467331
"rs93660"	0.786164370626948	348	0.939522147256342
"rs1803274"	0.786170151241683	348	0.958871183443313
"rs1170893"	0.786187893195341	348	1.02463395724704
"rs2178439"	0.786226853465546	348	1.05689786580373
"rs1874364"	0.786231937674889	348	1.05456477973089
"rs1561435"	0.786303847214812	348	1.06219568563662
"rs2172650"	0.78637583821517	348	1.0384943505536
"rs367301"	0.786378098090254	348	1.04728267797005
"rs1264539"	0.786385969167759	348	1.04299898112033
"rs1076336"	0.786396308589548	348	1.06941224045677
"rs1917528"	0.786441559152878	348	0.947941872889635
"rs516757"	0.786442382712744	348	0.961618144210956
"rs239841"	0.786447710877243	348	1.05701419475714
"rs239842"	0.786447710877243	348	1.05701419475714
"rs2034862"	0.786462059950281	348	1.047483058759
"rs558112"	0.786463003143779	348	1.04037879201236
"rs942883"	0.786475481759061	348	0.907832495261366
"rs217462"	0.786490305071703	348	1.06632535832545
"rs1287611"	0.786496656288982	348	1.05886405779163
"rs1287613"	0.786496656288982	348	1.05886405779163
"rs1287980"	0.786496656288982	348	1.05886405779163
"rs1288058"	0.786496656288982	348	1.05886405779163
"rs1982817"	0.786513357754921	348	0.921982542282695
"rs1333435"	0.786522136143991	348	0.948375689177275
"rs1466122"	0.786635369124985	348	1.09624929033778
"rs1466125"	0.786635369124985	348	1.09624929033778
"rs2173691"	0.786738120757807	348	0.959526244660446
"rs814845"	0.78674909828092	348	1.04199482861807
"rs814866"	0.78674909828092	348	1.04199482861807
"rs814923"	0.78674909828092	348	1.04199482861807
"rs814947"	0.78674909828092	348	1.04199482861807
"rs625402"	0.786761934631541	348	0.902486831871879
"rs1177277"	0.786815476473155	348	0.948318052038905
"rs1177283"	0.786815476473155	348	0.948318052038905
"rs1177312"	0.786815476473155	348	0.948318052038905
"rs1177352"	0.786815476473155	348	0.948318052038905
"rs1177496"	0.786815476473155	348	0.948318052038905
"rs133703"	0.786815507183953	348	1.05969550221609
"rs1086301"	0.786822860632118	348	0.944763956733628
"rs124659"	0.786852940218526	348	1.06758810250605
"rs427434"	0.786866399043463	348	0.832530409727669
"rs2054090"	0.786931373939186	348	1.04805941340185
"rs1843068"	0.786947819809786	348	0.956440295766387
"rs713112"	0.786953254534049	348	1.04554983705284
"rs1802322"	0.78695879601658	348	1.04339187272337
"rs1628058"	0.786959530491993	348	0.937139517184076
"rs484383"	0.786988457677847	348	0.940699252783084
"rs1758288"	0.786992750423211	348	1.02999274377143
"rs1758290"	0.786992750423211	348	1.02999274377143
"rs2080272"	0.787006128381479	348	0.92861327435706
"rs1951611"	0.787017977999844	348	0.956270155208875
"rs891488"	0.787034172418413	348	0.926609129251462
"rs418322"	0.787035929478986	348	0.832865398840688
"rs458417"	0.787059561999909	348	0.932225764660862
"rs544751"	0.78707516739735	348	1.0655388716282
"rs544784"	0.78707516739735	348	1.0655388716282
"rs122857"	0.787075753540473	348	1.04375509198152
"rs1103326"	0.787093655387054	348	1.11402769081052
"rs323810"	0.787104644229115	348	0.979639704644424
"rs553442"	0.787104945366916	348	0.894861298620505
"rs553451"	0.787104945366916	348	0.894861298620505
"rs553452"	0.787104945366916	348	0.894861298620505
"rs418572"	0.78710744957839	348	0.950524951042115
"rs1338950"	0.787157972662628	348	1.04392982806473
"rs306072"	0.787158823026785	348	1.09304448170615
"rs492563"	0.78715938167742	348	0.953320174454846
"rs1580009"	0.787175394787346	348	0.917390593350893
"rs120931"	0.78721780658334	348	1.06152310773139
"rs810961"	0.787254316638844	348	1.05910649528023
"rs631321"	0.787266221492386	348	0.953958202168183
"rs1898059"	0.7872681724648	348	1.5662268898772
"rs1898062"	0.7872681724648	348	1.5662268898772
"rs1898028"	0.787268172464801	348	1.04735615302736
"rs1750899"	0.787268831280084	348	0.923646810051999
"rs1488794"	0.78729263397103	348	1.01667434833802
"rs2059337"	0.787345919091098	348	1.09369864240002
"rs2176241"	0.787463163954516	348	0.948363232924334
"rs2176350"	0.787463163954516	348	0.948363232924334
"rs437159"	0.787493947750074	348	1.09281527397192
"rs212078"	0.787512173454274	348	1.20802310438631
"rs1946188"	0.787512173454358	348	7.29513932155793
"rs1946191"	0.787512173454358	348	7.29513932155793
"rs1946206"	0.787512173454358	348	7.29513932155793
"rs1946218"	0.787512173454358	348	7.29513932155793
"rs1946221"	0.787512173454358	348	7.29513932155793
"rs1946330"	0.787512173454358	348	7.29513932155793
"rs483885"	0.787512173454365	348	5.88481292904133
"rs1679812"	0.787512173454386	348	1.20802310438616
"rs621192"	0.787512173454391	348	1.20802310438615
"rs621767"	0.787512173454391	348	1.20802310438615
"rs654666"	0.787512173454391	348	1.20802310438615
"rs656721"	0.787512173454391	348	1.20802310438615
"rs665462"	0.787512173454391	348	1.20802310438615
"rs1079193"	0.787512173454391	348	1.20802310438615
"rs1142884"	0.787512173454391	348	1.20802310438615
"rs1946029"	0.787512173454391	348	1.20802310438615
"rs1946080"	0.787512173454391	348	1.20802310438615
"rs1946086"	0.787512173454391	348	1.20802310438615
"rs1946387"	0.787512173454391	348	1.20802310438615
"rs2195388"	0.787512173454391	348	1.20802310438615
"rs2196208"	0.787512173454391	348	1.20802310438615
"rs2197165"	0.787512173454391	348	1.20802310438615
"rs2197700"	0.787512173454391	348	1.20802310438615
"rs2201055"	0.787512173454391	348	1.20802310438615
"rs2203130"	0.787512173454391	348	1.20802310438615
"rs2203550"	0.787512173454391	348	1.20802310438615
"rs2203613"	0.787512173454391	348	1.20802310438615
"rs2203633"	0.787512173454391	348	1.20802310438615
"rs2203673"	0.787512173454391	348	1.20802310438615
"rs2203694"	0.787512173454391	348	1.20802310438615
"rs2203699"	0.787512173454391	348	1.20802310438615
"rs2203721"	0.787512173454391	348	1.20802310438615
"rs2203723"	0.787512173454391	348	1.20802310438615
"rs2203732"	0.787512173454391	348	1.20802310438615
"rs2203808"	0.787512173454391	348	1.20802310438615
"rs2203810"	0.787512173454391	348	1.20802310438615
"rs2203811"	0.787512173454391	348	1.20802310438615
"rs2203850"	0.787512173454391	348	1.20802310438615
"rs2203855"	0.787512173454391	348	1.20802310438615
"rs2203865"	0.787512173454391	348	1.20802310438615
"rs2203904"	0.787512173454391	348	1.20802310438615
"rs2203907"	0.787512173454391	348	1.20802310438615
"rs2203963"	0.787512173454391	348	1.20802310438615
"rs2203986"	0.787512173454391	348	1.20802310438615
"rs2204248"	0.787512173454391	348	1.20802310438615
"rs2204450"	0.787512173454391	348	1.20802310438615
"rs2204762"	0.787512173454391	348	1.20802310438615
"rs2204860"	0.787512173454391	348	1.20802310438615
"rs2205057"	0.787512173454391	348	1.20802310438615
"rs2205082"	0.787512173454391	348	1.20802310438615
"rs2205124"	0.787512173454391	348	1.20802310438615
"rs1416178"	0.787512173454393	348	1.20802310438615
"rs1154808"	0.787512173454402	348	1.20802310438614
"rs1415178"	0.787512173454402	348	1.20802310438614
"rs1415248"	0.787512173454402	348	1.20802310438614
"rs1958905"	0.787512173454402	348	1.20802310438614
"rs1959271"	0.787512173454402	348	1.20802310438614
"rs212581"	0.787512173454405	348	1.20802310438613
"rs1160621"	0.787512173454414	348	38.2145059343456
"rs1160627"	0.787512173454414	348	38.2145059343456
"rs1160633"	0.787512173454414	348	38.2145059343456
"rs1160706"	0.787512173454414	348	38.2145059343456
"rs1160726"	0.787512173454414	348	38.2145059343456
"rs324476"	0.787512173454471	348	8.89891276480939
"rs212249"	0.787512173454591	348	1.20802310438586
"rs391122"	0.787586091370181	348	0.948480766534186
"rs468815"	0.787664928433678	348	1.05517607782572
"rs1563598"	0.787674750699879	348	1.08119683845555
"rs1563607"	0.787674750699879	348	1.08119683845555
"rs2166528"	0.787684240835782	348	0.953790297561325
"rs1116688"	0.787688084306124	348	0.947749519416955
"rs492242"	0.787710529904802	348	1.02993898079793
"rs2155443"	0.787772041188966	348	1.04317969579764
"rs473119"	0.787776755376514	348	1.03804744841761
"rs1107827"	0.787787872331958	348	0.853048224191025
"rs867362"	0.787789108801789	348	1.04424269693335
"rs1964323"	0.787795290491171	348	0.941546833675559
"rs132378"	0.787797236602144	348	0.893969169609949
"rs1488632"	0.787801698028947	348	0.982776904615511
"rs891104"	0.787850562814679	348	1.12372452394531
"rs650262"	0.787907573483472	348	0.944196580727998
"rs650265"	0.787907573483472	348	0.944196580727998
"rs1020962"	0.787980897260633	348	0.913767009583658
"rs867395"	0.788037913696092	348	0.955490970360005
"rs1964234"	0.788056603102679	348	0.949012521928977
"rs1665013"	0.788081216410466	348	0.930822193069507
"rs1664982"	0.788081216410492	348	0.930822193069517
"rs341605"	0.788091728727908	348	0.943221380829669
"rs341607"	0.788091728727908	348	0.943221380829669
"rs341608"	0.788091728727908	348	0.943221380829669
"rs1383582"	0.788192697902752	348	1.05381845931984
"rs644824"	0.788225577490283	348	1.08598185175102
"rs644869"	0.788225577490283	348	1.08598185175102
"rs644871"	0.788225577490283	348	1.08598185175102
"rs645156"	0.788225577490283	348	1.08598185175102
"rs645159"	0.788225577490283	348	1.08598185175102
"rs645183"	0.788225577490283	348	1.08598185175102
"rs645189"	0.788225577490283	348	1.08598185175102
"rs645404"	0.788225577490283	348	1.08598185175102
"rs1858513"	0.788234422042337	348	0.939088764654359
"rs344877"	0.788259813375013	348	0.833623399970406
"rs1844267"	0.788280888487549	348	1.05615486548975
"rs1844468"	0.788280888487549	348	1.05615486548975
"rs1844473"	0.788280888487549	348	1.05615486548975
"rs1844532"	0.788280888487549	348	1.05615486548975
"rs1844981"	0.788280888487549	348	1.05615486548975
"rs1845494"	0.788280888487549	348	1.05615486548975
"rs1846675"	0.788280888487549	348	1.05615486548975
"rs1846954"	0.788280888487549	348	1.05615486548975
"rs1389410"	0.788282738284007	348	1.05196403252492
"rs553368"	0.788294308288751	348	0.895031405058741
"rs553398"	0.788294308288751	348	0.895031405058741
"rs1196455"	0.788315544048055	348	0.950691368597711
"rs1714862"	0.788326102706508	348	1.04530994969132
"rs1714866"	0.788326102706508	348	1.04530994969132
"rs1356142"	0.788364760532821	348	0.931405677098919
"rs513274"	0.788364826548859	348	0.957661917160651
"rs989255"	0.788383450878086	348	1.08856326584806
"rs721526"	0.788406440772168	348	0.917116072978294
"rs650102"	0.788435354095423	348	0.943323207119016
"rs650088"	0.788435354095434	348	0.94332320711902
"rs650103"	0.788435354095434	348	0.94332320711902
"rs650104"	0.788435354095434	348	0.94332320711902
"rs650112"	0.788435354095434	348	0.94332320711902
"rs650118"	0.788435354095434	348	0.94332320711902
"rs650121"	0.788435354095434	348	0.94332320711902
"rs650127"	0.788435354095434	348	0.94332320711902
"rs650130"	0.788435354095434	348	0.94332320711902
"rs942751"	0.788455622992345	348	1.03011405537164
"rs1883018"	0.788508537897926	348	0.931405114515574
"rs1489424"	0.788524510345544	348	0.979230485520381
"rs857939"	0.788545677124821	348	1.06981490414564
"rs857949"	0.788545677124821	348	1.06981490414564
"rs1978317"	0.788548960200718	348	1.06978026240574
"rs2117509"	0.788584190768594	348	0.955208680750954
"rs287904"	0.788604018516221	348	0.96056099238269
"rs503131"	0.788618612239428	348	1.12226237681462
"rs391086"	0.788635147407284	348	0.926478689154609
"rs513505"	0.78863709161081	348	1.06819494596138
"rs2065224"	0.788667033657812	348	1.12254407078533
"rs1860899"	0.788669416177686	348	0.950747221900543
"rs1331249"	0.788670790048553	348	0.932419775161161
"rs255366"	0.788697358872342	348	0.960242378539459
"rs926110"	0.788705439761221	348	1.10347651677706
"rs1690435"	0.788711726774802	348	0.943799231799022
"rs1961665"	0.788726988349774	348	0.956756697017485
"rs2069485"	0.788743994511695	348	0.948424129774024
"rs1797508"	0.788760113371721	348	0.92481815213454
"rs722897"	0.788776576828861	348	0.950984752980411
"rs264726"	0.788788655620801	348	0.949932312770509
"rs264732"	0.788788655620801	348	0.949932312770509
"rs264736"	0.788788655620801	348	0.949932312770509
"rs387343"	0.788831945025995	348	1.08796238654922
"rs388098"	0.788831945025995	348	1.08796238654922
"rs1985521"	0.788934792236383	348	0.949239089861612
"rs1403176"	0.788949366366584	348	1.09242960234954
"rs130845"	0.788971873805991	348	0.90593784455497
"rs1751013"	0.788983173127644	348	0.924413186978861
"rs816852"	0.788999680487382	348	0.965683019787521
"rs365101"	0.789014113963993	348	1.05192814290248
"rs269182"	0.789028363699475	348	0.934698171014328
"rs1886461"	0.789062362490976	348	0.925431191693507
"rs172085"	0.78909624397703	348	1.05459493833884
"rs1758289"	0.789110651239314	348	1.0295981066454
"rs1104683"	0.789148577972689	348	0.954211373767055
"rs460359"	0.789149023584384	348	0.960625908944451
"rs460361"	0.789149023584384	348	0.960625908944451
"rs1739408"	0.789174247410647	348	0.935764698628697
"rs1739425"	0.789174247410647	348	0.935764698628697
"rs1739470"	0.789174247410647	348	0.935764698628697
"rs520269"	0.789230611190341	348	0.946419290335498
"rs1163235"	0.78923151126951	348	1.01949518553083
"rs522760"	0.789237932657266	348	1.10171185788302
"rs523084"	0.789237932657266	348	1.10171185788302
"rs524934"	0.789237932657266	348	1.10171185788302
"rs526179"	0.789237932657266	348	1.10171185788302
"rs526617"	0.789237932657266	348	1.10171185788302
"rs346088"	0.789238076102193	348	1.09958193737143
"rs613577"	0.789243651047523	348	1.05912683290309
"rs489008"	0.789290455752006	348	1.0618058862299
"rs1816284"	0.789291218406221	348	0.945227911430612
"rs1816286"	0.789291218406221	348	0.945227911430612
"rs1816292"	0.789291218406221	348	0.945227911430612
"rs1816315"	0.789291218406221	348	0.945227911430612
"rs450362"	0.789312250920648	348	0.959941099164883
"rs480471"	0.789356655796728	348	0.933140117924819
"rs1025263"	0.789362915998499	348	0.930853784692626
"rs1580165"	0.789387851387326	348	1.05665120395513
"rs1904915"	0.789535112390359	348	1.04746226130504
"rs853464"	0.789575725461529	348	0.962179464154262
"rs1795727"	0.789583592114991	348	1.06045010181459
"rs1108339"	0.789587249441488	348	0.853570705125183
"rs1819633"	0.789601478751955	348	1.07302118359815
"rs619222"	0.789619378266792	348	1.07399877015144
"rs1579437"	0.789624284123431	348	0.945264563827486
"rs899981"	0.789654658029153	348	0.834139335666181
"rs2039411"	0.789693280847656	348	0.93525549386186
"rs1116345"	0.78973407841229	348	1.0628957477378
"rs917254"	0.789756738557432	348	0.945419567927784
"rs917260"	0.789756738557432	348	0.945419567927784
"rs917263"	0.789756738557432	348	0.945419567927784
"rs467780"	0.789800609512664	348	1.0568100127777
"rs535342"	0.789834805407796	348	1.08771778485294
"rs535363"	0.789834805407796	348	1.08771778485294
"rs535372"	0.789834805407796	348	1.08771778485294
"rs535401"	0.789834805407796	348	1.08771778485294
"rs2180826"	0.789856679725516	348	0.962772304386105
"rs898247"	0.789867971761391	348	1.08119997132243
"rs1455454"	0.789872068420119	348	0.940981380506668
"rs1320471"	0.789905814097693	348	1.20609958853321
"rs1358848"	0.789923368482844	348	1.0400823998436
"rs1364351"	0.78993689712537	348	1.02958921229194
"rs731860"	0.789946716768216	348	0.934987151650263
"rs731877"	0.789946716768216	348	0.934987151650263
"rs731893"	0.789946716768216	348	0.934987151650263
"rs1893318"	0.790006988175328	348	1.01345867082095
"rs566361"	0.790039231197716	348	0.966744070775364
"rs265131"	0.790048318701801	348	1.03931601360202
"rs272770"	0.790066478734166	348	1.0477711316505
"rs1296072"	0.790070061724861	348	1.03860146875264
"rs1375900"	0.790086652883675	348	1.08584392887603
"rs1375939"	0.790086652883675	348	1.08584392887603
"rs549245"	0.790091589678358	348	1.04697659966462
"rs663001"	0.790130149126474	348	1.06059665952501
"rs1035681"	0.790130839554398	348	0.958706172316599
"rs1352570"	0.790145761454125	348	0.920927082168635
"rs1138111"	0.790153024611533	348	1.08065895957187
"rs1395319"	0.790190261838642	348	0.93748511833895
"rs1395320"	0.790190261838642	348	0.93748511833895
"rs1395321"	0.790190261838642	348	0.93748511833895
"rs189716"	0.790205944188608	348	0.944168259479222
"rs189744"	0.790205944188608	348	0.944168259479222
"rs676791"	0.790247541541767	348	0.92810344714132
"rs554107"	0.790268165731735	348	0.895663587343683
"rs554108"	0.790268165731735	348	0.895663587343683
"rs554111"	0.790268165731735	348	0.895663587343683
"rs554122"	0.790268165731735	348	0.895663587343683
"rs554124"	0.790268165731735	348	0.895663587343683
"rs554125"	0.790268165731735	348	0.895663587343683
"rs1324425"	0.790297626021294	348	0.897893718378905
"rs1313579"	0.790312297137378	348	0.940999096267417
"rs1351308"	0.79036810258723	348	1.0700692680395
"rs1699344"	0.790388278592652	348	0.952272122521234
"rs1699346"	0.790388278592652	348	0.952272122521234
"rs1104247"	0.790460011612188	348	1.08638171168985
"rs1381240"	0.790478113854187	348	0.935005703464916
"rs722777"	0.790520679887294	348	0.948991261473491
"rs2024969"	0.790614811723192	348	1.10593878652083
"rs2024975"	0.790614811723192	348	1.10593878652083
"rs1883911"	0.790639582254768	348	1.07999813870657
"rs1018164"	0.790657476417728	348	0.836043300745509
"rs1632925"	0.790676379913821	348	0.988791210920642
"rs1671465"	0.790721301497431	348	1.06877942865782
"rs1671471"	0.790721301497431	348	1.06877942865782
"rs1671477"	0.790721301497431	348	1.06877942865782
"rs99294"	0.790758861292673	348	1.04525691563158
"rs99449"	0.790758861292673	348	1.04525691563158
"rs730672"	0.790761020456054	348	0.954846439736266
"rs1552923"	0.7907872765058	348	1.0541426239508
"rs975309"	0.790790612361712	348	0.835418029306574
"rs1332859"	0.790868243455285	348	1.0454542468711
"rs1883557"	0.790885860165922	348	0.921617322132704
"rs1963666"	0.790890579490759	348	1.09469782562125
"rs2090154"	0.790923137630322	348	1.04136421625627
"rs1116519"	0.790937025114762	348	1.04565178845826
"rs2020555"	0.790942789920447	348	1.11346051927537
"rs639466"	0.790981734556979	348	0.958549108154112
"rs1067076"	0.791002390994733	348	0.957197540267011
"rs1061285"	0.791016474117581	348	1.08008685172056
"rs1356995"	0.791037770154047	348	1.01131966004427
"rs467460"	0.791039608897706	348	1.12953682188665
"rs1932319"	0.791039608897707	348	1.12953682188665
"rs1931470"	0.791039608897715	348	1.12953682188665
"rs1990387"	0.791069972410935	348	0.929830881874659
"rs1990393"	0.791069972410935	348	0.929830881874659
"rs1990567"	0.791069972410935	348	0.929830881874659
"rs1990600"	0.791069972410935	348	0.929830881874659
"rs1990603"	0.791069972410935	348	0.929830881874659
"rs1990621"	0.791069972410935	348	0.929830881874659
"rs1990669"	0.791069972410935	348	0.929830881874659
"rs890957"	0.79112718477971	348	0.936704529888115
"rs218978"	0.791137602983287	348	1.05477873500117
"rs327133"	0.791145865336265	348	0.955502729400884
"rs540112"	0.79117133304185	348	0.944774225637646
"rs1307376"	0.791176103658366	348	1.05317886846653
"rs51125"	0.791183084158515	348	0.946203459983286
"rs1069823"	0.791276352234405	348	1.09118941960272
"rs1069832"	0.791276352234405	348	1.09118941960272
"rs1069842"	0.791276352234405	348	1.09118941960272
"rs1069857"	0.791276352234405	348	1.09118941960272
"rs1069884"	0.791276352234405	348	1.09118941960272
"rs1069902"	0.791276352234405	348	1.09118941960272
"rs1069911"	0.791276352234405	348	1.09118941960272
"rs1069926"	0.791276352234405	348	1.09118941960272
"rs1069950"	0.791276352234405	348	1.09118941960272
"rs1069968"	0.791276352234405	348	1.09118941960272
"rs1069986"	0.791276352234405	348	1.09118941960272
"rs1070010"	0.791276352234405	348	1.09118941960272
"rs1070175"	0.791276352234405	348	1.09118941960272
"rs1070220"	0.791276352234405	348	1.09118941960272
"rs326037"	0.791276557043849	348	0.940500846904238
"rs604459"	0.791284852655886	348	1.11528067389706
"rs351811"	0.791300508625688	348	0.952413820054633
"rs1656418"	0.791341589824896	348	1.05626899811933
"rs1327226"	0.791348444444003	348	1.04598048768485
"rs1327208"	0.791348444444008	348	1.04598048768485
"rs2090004"	0.791387710810446	348	0.927550562570155
"rs2171193"	0.79142290582422	348	0.98308346065617
"rs405281"	0.791425004698813	348	1.0991492272719
"rs1342729"	0.791457171608398	348	1.08024600212067
"rs1766636"	0.791467954962618	348	1.0428662144637
"rs1673019"	0.791487648412557	348	0.940546689323374
"rs2016385"	0.791546728533453	348	1.10802896095032
"rs1742831"	0.791553461951765	348	0.956869571730583
"rs82784"	0.791614142711773	348	0.938542534352482
"rs1822090"	0.791635276686165	348	1.05751714820424
"rs1418178"	0.791695238073445	348	0.937624023127943
"rs1065077"	0.791704950645755	348	0.943363388764347
"rs870882"	0.791731007423821	348	1.03926156175716
"rs977703"	0.791771056875325	348	0.955694638681775
"rs811289"	0.791772693555186	348	1.0687172693045
"rs1050084"	0.791774676408772	348	0.836706145603869
"rs568857"	0.791818590139087	348	1.05871103343866
"rs1617721"	0.791829560750701	348	0.94680233680406
"rs1617724"	0.791829560750701	348	0.94680233680406
"rs1617726"	0.791829560750701	348	0.94680233680406
"rs1617727"	0.791829560750701	348	0.94680233680406
"rs1617736"	0.791829560750701	348	0.94680233680406
"rs1617738"	0.791829560750701	348	0.94680233680406
"rs1617739"	0.791829560750701	348	0.94680233680406
"rs1617741"	0.791829560750701	348	0.94680233680406
"rs743069"	0.791867894526452	348	0.945752240236509
"rs1130658"	0.791871712913198	348	0.955263754481856
"rs1631943"	0.79189315795125	348	1.04882356276742
"rs1206395"	0.791908310081698	348	0.973729419712697
"rs31686"	0.791937659120265	348	0.977701366902366
"rs31719"	0.791937659120265	348	0.977701366902366
"rs1403513"	0.79197087496887	348	1.11680214907636
"rs1317184"	0.792004447178113	348	0.948934550228274
"rs1317188"	0.792004447178113	348	0.948934550228274
"rs1317196"	0.792004447178113	348	0.948934550228274
"rs1317197"	0.792004447178113	348	0.948934550228274
"rs1317198"	0.792004447178113	348	0.948934550228274
"rs1381292"	0.792009315751995	348	1.06308389314356
"rs1610939"	0.792098396706988	348	0.92291847624701
"rs1368116"	0.79210587809072	348	1.08209454623999
"rs1753277"	0.792135841691176	348	1.0377545407397
"rs1753278"	0.792135841691176	348	1.0377545407397
"rs1753282"	0.792135841691176	348	1.0377545407397
"rs1753283"	0.792135841691176	348	1.0377545407397
"rs1844693"	0.792140950097844	348	1.05881270036729
"rs1844848"	0.792140950097844	348	1.05881270036729
"rs1899081"	0.792155442098118	348	1.09894923126827
"rs456947"	0.792160662788884	348	0.905898544019426
"rs507972"	0.792165813895933	348	1.06177072180826
"rs1035884"	0.792180114227264	348	1.0658928445207
"rs2175714"	0.792198184405407	348	0.98536005875464
"rs494212"	0.792203191793617	348	1.08502311293129
"rs121215"	0.792206128871776	348	1.11323723678972
"rs121216"	0.792206128871776	348	1.11323723678972
"rs2122225"	0.792217640355829	348	1.06509007762381
"rs864039"	0.792225226558702	348	1.04338013304791
"rs2134699"	0.792235335330778	348	1.0786369430256
"rs1710665"	0.79226896773997	348	0.949401158313118
"rs2158120"	0.792273958912655	348	1.04363304367649
"rs1742894"	0.792315309423161	348	0.946221587754124
"rs465132"	0.792340698104805	348	1.05044592206725
"rs465140"	0.792340698104805	348	1.05044592206725
"rs465152"	0.792340698104805	348	1.05044592206725
"rs465188"	0.792340698104805	348	1.05044592206725
"rs1114211"	0.792358146651749	348	0.973482333095483
"rs1963687"	0.792370008526829	348	0.940819167957655
"rs1085339"	0.79237919144711	348	1.05077416140876
"rs83386"	0.79238970105516	348	0.946756682514592
"rs1479160"	0.792477458979313	348	1.04200992313456
"rs559656"	0.792530309349313	348	0.961032368303708
"rs127814"	0.792532939984259	348	0.939575449500682
"rs2092079"	0.792535391058057	348	0.943971734833179
"rs1161429"	0.792543388966523	348	0.950407877618686
"rs1161435"	0.792543388966523	348	0.950407877618686
"rs308006"	0.792559182565498	348	0.950888944206195
"rs474137"	0.792587639696168	348	0.952201945210725
"rs1696167"	0.792665677167645	348	1.04505704360731
"rs330706"	0.792680880778085	348	0.946128383941539
"rs1055324"	0.79268955806831	348	1.02583058942294
"rs2025208"	0.792691319545773	348	0.940623366809961
"rs2025209"	0.792691319545773	348	0.940623366809961
"rs2025211"	0.792691319545773	348	0.940623366809961
"rs2025212"	0.792691319545773	348	0.940623366809961
"rs2025216"	0.792691319545773	348	0.940623366809961
"rs179492"	0.792762849363975	348	0.961359062684411
"rs179498"	0.792762849363975	348	0.961359062684411
"rs1105539"	0.792765576771463	348	1.11088773576238
"rs1105605"	0.792765576771463	348	1.11088773576238
"rs134561"	0.792765576771482	348	1.11088773576237
"rs135427"	0.792765576771482	348	1.11088773576237
"rs138448"	0.792765576771482	348	1.11088773576237
"rs1096294"	0.792765576771482	348	1.11088773576237
"rs1097212"	0.792765576771482	348	1.11088773576237
"rs1105469"	0.792765576771482	348	1.11088773576237
"rs1105617"	0.792765576771482	348	1.11088773576237
"rs1105620"	0.792765576771482	348	1.11088773576237
"rs1103269"	0.792765576771491	348	1.11088773576237
"rs1103278"	0.792765576771491	348	1.11088773576237
"rs1103281"	0.792765576771491	348	1.11088773576237
"rs1103293"	0.792765576771491	348	1.11088773576237
"rs1103296"	0.792765576771491	348	1.11088773576237
"rs1103299"	0.792765576771491	348	1.11088773576237
"rs1103302"	0.792765576771491	348	1.11088773576237
"rs1103314"	0.792765576771491	348	1.11088773576237
"rs1103332"	0.792765576771491	348	1.11088773576237
"rs1103344"	0.792765576771491	348	1.11088773576237
"rs1103347"	0.792765576771491	348	1.11088773576237
"rs1103365"	0.792765576771491	348	1.11088773576237
"rs1103368"	0.792765576771491	348	1.11088773576237
"rs191351"	0.792772777761626	348	1.04211299724824
"rs191353"	0.792772777761626	348	1.04211299724824
"rs191369"	0.792772777761626	348	1.04211299724824
"rs906807"	0.792793808991948	348	0.896802463571486
"rs1817293"	0.792810019575312	348	1.05070008187045
"rs1817296"	0.792810019575312	348	1.05070008187045
"rs1808319"	0.79281156559308	348	1.05352429492383
"rs598272"	0.79281203785797	348	0.938620087991799
"rs275727"	0.792828740167053	348	1.04027253140893
"rs275786"	0.792828740167053	348	1.04027253140893
"rs728850"	0.792843502393146	348	1.06101766277457
"rs437651"	0.792859769816536	348	1.07572839691245
"rs1073004"	0.792879416896465	348	0.98676040866293
"rs838710"	0.792885211215829	348	0.961087834477101
"rs838712"	0.792885211215829	348	0.961087834477101
"rs436006"	0.792890863076146	348	0.960197928201279
"rs40105"	0.792900678691683	348	1.09816299310523
"rs899698"	0.792906509086469	348	0.83747250101944
"rs1794180"	0.792915957162228	348	0.957857392911334
"rs1794222"	0.792915957162228	348	0.957857392911334
"rs513210"	0.792916776020323	348	0.942890370243435
"rs2091838"	0.792986111353399	348	1.07629557744714
"rs2091842"	0.792986111353399	348	1.07629557744714
"rs2091844"	0.792986111353399	348	1.07629557744714
"rs2091858"	0.792986111353399	348	1.07629557744714
"rs2091917"	0.792986111353399	348	1.07629557744714
"rs2097890"	0.792986111353399	348	1.07629557744714
"rs2098860"	0.792986111353399	348	1.07629557744714
"rs2101220"	0.792986111353399	348	1.07629557744714
"rs896845"	0.793009218499416	348	0.930933221052847
"rs2009922"	0.793027168562793	348	0.962910985205744
"rs434660"	0.793031974519515	348	1.04772885366315
"rs1796561"	0.79306091436708	348	0.876980542098433
"rs615960"	0.793074305515024	348	1.05752848270294
"rs1835577"	0.793107319072674	348	1.04991079022777
"rs2114750"	0.79314124622001	348	0.945085388271416
"rs1699003"	0.793167857597801	348	1.05282086529841
"rs149297"	0.793181767543372	348	0.940608837744857
"rs149303"	0.793181767543372	348	0.940608837744857
"rs843249"	0.793192142110655	348	0.935073881113468
"rs1633857"	0.793215377875851	348	0.968783947385172
"rs1123471"	0.79324433459559	348	0.939519260927562
"rs297744"	0.793250543147781	348	0.952908942411213
"rs84430"	0.793367692802813	348	1.05169636120181
"rs454711"	0.793379186041666	348	0.928312563197154
"rs455650"	0.793379186041666	348	0.928312563197154
"rs548567"	0.793399120949221	348	1.04628535683743
"rs469715"	0.79348284566135	348	1.04058931295174
"rs238292"	0.79356673582599	348	1.10769376054387
"rs1429502"	0.793566735825997	348	1.10769376054387
"rs1430398"	0.793566735825997	348	1.10769376054387
"rs370455"	0.793578292742822	348	0.936653230995106
"rs987769"	0.793586540938062	348	1.04942265924732
"rs807431"	0.793623709158732	348	1.04231295426802
"rs1394319"	0.793632882813026	348	1.06900806524016
"rs1394325"	0.793632882813026	348	1.06900806524016
"rs1394334"	0.793632882813033	348	1.06900806524016
"rs1708738"	0.793685649614931	348	1.03245809325236
"rs1982169"	0.793698711037202	348	1.08462983718869
"rs1618760"	0.793721241343084	348	1.04000806971575
"rs1297752"	0.793787232934464	348	0.945301079025524
"rs556276"	0.793830227070536	348	0.94537980658375
"rs830720"	0.793898689591073	348	1.05787479295786
"rs1386779"	0.793940116812015	348	1.08310491977678
"rs1579475"	0.793977644396743	348	1.11628722561443
"rs2086212"	0.79401087493148	348	1.06466181469231
"rs1701709"	0.794025757181702	348	1.05566215687117
"rs1022272"	0.794047296571075	348	1.01490389416357
"rs95871"	0.79407369331704	348	1.0584570677829
"rs95964"	0.79407369331704	348	1.0584570677829
"rs95967"	0.79407369331704	348	1.0584570677829
"rs915160"	0.794078356358779	348	1.09667306868849
"rs821769"	0.794104891646686	348	0.834456753631022
"rs136038"	0.794125919333816	348	0.940910775464483
"rs843906"	0.794158821393541	348	0.948738907982661
"rs1923995"	0.794162462866235	348	1.07551322926848
"rs228052"	0.794213008979225	348	0.9461250553016
"rs896750"	0.794223801516538	348	1.04879672933165
"rs896763"	0.794223801516538	348	1.04879672933165
"rs896766"	0.794223801516538	348	1.04879672933165
"rs125932"	0.794314163564356	348	1.07816471864669
"rs587903"	0.794397620332154	348	0.972543057491499
"rs2194248"	0.794431357360177	348	0.838804865416098
"rs577067"	0.794438326802956	348	1.04426877621893
"rs577068"	0.794438326802956	348	1.04426877621893
"rs577071"	0.794438326802956	348	1.04426877621893
"rs147423"	0.794465624903256	348	0.968355252464772
"rs147471"	0.794465624903256	348	0.968355252464772
"rs1763579"	0.794476245642516	348	0.93758373039032
"rs491744"	0.794494828422373	348	1.0676976811998
"rs917901"	0.794495781695384	348	1.06486947903715
"rs917903"	0.794495781695384	348	1.06486947903715
"rs1962233"	0.794501822128624	348	0.973850220396513
"rs2188610"	0.794508685549496	348	0.929472056486408
"rs1161014"	0.794560391962504	348	0.947587088749424
"rs1015995"	0.794573130988661	348	0.925905419984589
"rs650602"	0.794585060678689	348	0.979615708016719
"rs650603"	0.794585060678689	348	0.979615708016719
"rs650606"	0.794585060678689	348	0.979615708016719
"rs225980"	0.794591144072124	348	0.928511101053732
"rs1167078"	0.794598385445094	348	1.04578437162027
"rs1817191"	0.794618924557792	348	1.05257868798699
"rs1817194"	0.794618924557792	348	1.05257868798699
"rs1817239"	0.794618924557792	348	1.05257868798699
"rs1817227"	0.794618924557792	348	1.05257868798699
"rs83326"	0.794645818100662	348	1.06201835029581
"rs83378"	0.794645818100662	348	1.06201835029581
"rs1315363"	0.794647308781446	348	1.07839148763163
"rs302882"	0.79467642554276	348	1.05009515329692
"rs1104237"	0.794753434696524	348	1.06178370558686
"rs813567"	0.794779402092526	348	0.955728384229471
"rs813573"	0.794779402092526	348	0.955728384229471
"rs438089"	0.794812526428483	348	1.01806142390577
"rs96845"	0.794851039182251	348	0.955284798856999
"rs677868"	0.794851363701862	348	0.924577886279471
"rs68033"	0.794882898611769	348	0.94953231582298
"rs1053341"	0.794909860030873	348	0.921652013228006
"rs667195"	0.794911172311698	348	0.961700222871131
"rs919721"	0.794952138366001	348	0.955605146236877
"rs663336"	0.794952249075286	348	1.04087870181457
"rs288349"	0.794961654986478	348	1.03724265893243
"rs1920259"	0.794987984092359	348	0.965764232392078
"rs1920260"	0.794987984092359	348	0.965764232392078
"rs1961737"	0.79499517798767	348	1.05679190365894
"rs642428"	0.795008587698192	348	0.928966510222728
"rs642401"	0.795008587698193	348	0.928966510222728
"rs1839674"	0.795032980107896	348	1.23404713013014
"rs941359"	0.795037418143722	348	1.07897260720962
"rs941361"	0.795037418143722	348	1.07897260720962
"rs941362"	0.795037418143722	348	1.07897260720962
"rs941381"	0.795037418143722	348	1.07897260720962
"rs941384"	0.795037418143722	348	1.07897260720962
"rs1013401"	0.795058007729217	348	0.955039354871183
"rs585044"	0.795067733109015	348	1.07001155085495
"rs585045"	0.795067733109015	348	1.07001155085495
"rs350284"	0.795100753241917	348	1.09830460419495
"rs548102"	0.795111777560329	348	1.0437767893174
"rs548129"	0.795111777560329	348	1.0437767893174
"rs548132"	0.795111777560329	348	1.0437767893174
"rs548138"	0.795111777560329	348	1.0437767893174
"rs1534445"	0.795120139630637	348	1.05067300140411
"rs1738556"	0.795163895669544	348	1.03697128933325
"rs722794"	0.795181031925465	348	1.03789488881296
"rs582933"	0.795182231765684	348	0.92689367945701
"rs583215"	0.795182231765684	348	0.92689367945701
"rs1117812"	0.795211957024373	348	1.06943149543645
"rs93730"	0.79521313928833	348	0.952949990856901
"rs1399983"	0.795225317643424	348	1.12916760620181
"rs485136"	0.795239422103783	348	0.937746144354905
"rs485138"	0.795239422103783	348	0.937746144354905
"rs2172671"	0.795248540594411	348	0.958943376973563
"rs47997"	0.795263764933737	348	1.03431095780319
"rs178756"	0.795267561188685	348	1.11098695853781
"rs1124979"	0.795304268527308	348	1.09817806558177
"rs1086010"	0.795342947271319	348	1.04210862551199
"rs446790"	0.795374131019781	348	0.88950823395442
"rs1124005"	0.795386195765965	348	1.07582012265555
"rs1357472"	0.795462540691007	348	1.06337357965846
"rs1357480"	0.795462540691007	348	1.06337357965846
"rs577643"	0.795462598719607	348	0.936084289625345
"rs915175"	0.795488883454693	348	1.09602786629432
"rs2069855"	0.795537588109618	348	1.05599600104681
"rs627017"	0.795572741885958	348	0.94030207925816
"rs702300"	0.795627581576817	348	0.954857525521629
"rs989097"	0.795629047901652	348	0.913257865027382
"rs57177"	0.79563083201105	348	0.942500024361596
"rs57183"	0.79563083201105	348	0.942500024361596
"rs632090"	0.795683711493484	348	0.911543596610696
"rs1392339"	0.795684127851753	348	0.896470987204459
"rs1455597"	0.795685795671263	348	0.949486037820837
"rs1700590"	0.795700260759066	348	1.05346829215391
"rs579128"	0.79574414539057	348	1.04775281288287
"rs87459"	0.795757531538586	348	0.971099495353533
"rs1385077"	0.795762933184652	348	1.05549684878031
"rs2090157"	0.795768589583172	348	0.963304251806998
"rs130500"	0.795781968422405	348	1.05008106098305
"rs468259"	0.795794653359124	348	1.044314282447
"rs2106069"	0.7957971868741	348	1.04247463452003
"rs2106071"	0.7957971868741	348	1.04247463452003
"rs2106072"	0.7957971868741	348	1.04247463452003
"rs2106079"	0.7957971868741	348	1.04247463452003
"rs849683"	0.7957977821484	348	1.04688196987917
"rs2200231"	0.795846277747941	348	1.06755569652643
"rs736241"	0.795886848414358	348	1.05993741971463
"rs2115380"	0.795907290307861	348	1.08016073111295
"rs164319"	0.795921730876605	348	0.93450142629926
"rs164320"	0.795921730876605	348	0.93450142629926
"rs1930903"	0.795927258277978	348	0.958714357391523
"rs1805206"	0.795938165263735	348	1.05243454509463
"rs732429"	0.795940976596021	348	1.0506437504052
"rs225129"	0.795963273344722	348	1.07291368007487
"rs225137"	0.795963273344722	348	1.07291368007487
"rs225253"	0.795963273344722	348	1.07291368007487
"rs225259"	0.795963273344722	348	1.07291368007487
"rs915169"	0.796007809124842	348	1.09576905409151
"rs1162306"	0.796017745745119	348	0.919739437699295
"rs730876"	0.796032089731121	348	0.933694080813889
"rs1961886"	0.796044657393748	348	1.06105652534846
"rs509327"	0.796119111083924	348	1.06543963542798
"rs899842"	0.796129761627325	348	0.838939205749848
"rs1576386"	0.796129761627325	348	0.838939205749848
"rs850361"	0.796132453216007	348	1.0576623070351
"rs1486623"	0.79619385843175	348	1.06546247712607
"rs421116"	0.796198591745966	348	0.925263627538903
"rs421125"	0.796198591745966	348	0.925263627538903
"rs421158"	0.796198591745966	348	0.925263627538903
"rs421167"	0.796198591745966	348	0.925263627538903
"rs421176"	0.796198591745966	348	0.925263627538903
"rs1104402"	0.796233993208648	348	0.831276185135288
"rs2093585"	0.796235931084755	348	1.05194920888077
"rs1144134"	0.796237611285694	348	0.956839666673003
"rs465502"	0.796297696703995	348	0.975282423793128
"rs1469206"	0.79631764476655	348	0.938571946663168
"rs459122"	0.796336597378919	348	1.04359136493121
"rs840949"	0.79636649037546	348	1.178485763334
"rs840955"	0.79636649037546	348	1.178485763334
"rs840973"	0.79636649037546	348	1.178485763334
"rs1573158"	0.796366490375478	348	0.848546525645724
"rs605282"	0.796366490375479	348	1.17848576333398
"rs1863420"	0.796366490375485	348	0.848546525645731
"rs1737591"	0.796366490375487	348	0.848546525645731
"rs1832306"	0.796366490375487	348	0.848546525645731
"rs842063"	0.796366490375493	348	1.17848576333397
"rs1122375"	0.796366490375526	348	23.283585423506
"rs1122381"	0.796366490375526	348	23.283585423506
"rs1122383"	0.796366490375526	348	23.283585423506
"rs1122608"	0.796366490375526	348	23.283585423506
"rs1122618"	0.796366490375526	348	23.283585423506
"rs1122654"	0.796366490375526	348	23.283585423506
"rs1122656"	0.796366490375526	348	23.283585423506
"rs1122660"	0.796366490375526	348	23.283585423506
"rs1122708"	0.796366490375526	348	23.283585423506
"rs1122720"	0.796366490375526	348	23.283585423506
"rs2184940"	0.796392883294167	348	0.948409730948843
"rs231712"	0.796395678565024	348	1.07739907192189
"rs289433"	0.796400333544405	348	1.03833887516635
"rs1092934"	0.796422184769805	348	0.940290918787908
"rs2013107"	0.79648336640886	348	1.07897549195611
"rs2013113"	0.79648336640886	348	1.07897549195611
"rs2013125"	0.79648336640886	348	1.07897549195611
"rs2013127"	0.79648336640886	348	1.07897549195611
"rs2013131"	0.79648336640886	348	1.07897549195611
"rs1987576"	0.796520446378565	348	0.958601685584181
"rs499168"	0.796538899790477	348	0.949469680809931
"rs1610109"	0.796558981627903	348	0.955587651974807
"rs554663"	0.796560203568709	348	1.07801428441903
"rs635617"	0.796597677831803	348	0.957946786021327
"rs1618772"	0.796641234088401	348	0.957675189098036
"rs857843"	0.796645193817112	348	0.964393425578705
"rs944995"	0.796698124033181	348	0.968321520492963
"rs2120567"	0.796780445702429	348	0.967581325382587
"rs675450"	0.796789393032096	348	0.924091475978441
"rs1077820"	0.796803926963515	348	0.944490198689321
"rs1874531"	0.796822049020408	348	1.05205802825185
"rs793064"	0.796824529441209	348	0.967785480271693
"rs116811"	0.796843785507579	348	0.969844585881855
"rs116856"	0.796843785507579	348	0.969844585881855
"rs116958"	0.796843785507579	348	0.969844585881855
"rs116994"	0.796843785507579	348	0.969844585881855
"rs117108"	0.796843785507579	348	0.969844585881855
"rs117138"	0.796843785507579	348	0.969844585881855
"rs1655860"	0.796846165826995	348	0.924975108012892
"rs851775"	0.796901093230898	348	0.940159624358627
"rs1207343"	0.796951840790846	348	0.966045032541625
"rs2073505"	0.796960517383978	348	1.04618679868228
"rs1578799"	0.796969882233194	348	0.943328879864319
"rs1373373"	0.797007684856482	348	0.95783748474036
"rs2007261"	0.797037640880815	348	0.927235797420195
"rs1305263"	0.797076719038846	348	0.946281162017418
"rs2110046"	0.7971448806115	348	0.94507485403487
"rs1449776"	0.797198136970096	348	0.960380095520479
"rs1449764"	0.797198136970118	348	0.960380095520484
"rs1449767"	0.797198136970118	348	0.960380095520484
"rs1293681"	0.797214607887611	348	0.962769916199526
"rs1293762"	0.797214607887611	348	0.962769916199526
"rs1293765"	0.797214607887611	348	0.962769916199526
"rs1293770"	0.797214607887611	348	0.962769916199526
"rs1293771"	0.797214607887611	348	0.962769916199526
"rs2093857"	0.797221968059894	348	1.04902686174532
"rs181034"	0.797343269278991	348	1.02519324553866
"rs1440645"	0.797346456043203	348	1.06222464912165
"rs307977"	0.797364423890687	348	0.925482195606133
"rs142426"	0.797371185840961	348	0.957182475658898
"rs849808"	0.797392459310242	348	1.09284615513693
"rs817607"	0.797395887032009	348	1.03466728424277
"rs817619"	0.797395887032009	348	1.03466728424277
"rs1411616"	0.797457942234388	348	0.840297219218171
"rs1701043"	0.797478985806691	348	0.952030971618136
"rs1742780"	0.79748923517002	348	1.05762813800752
"rs1742783"	0.79748923517002	348	1.05762813800752
"rs1742816"	0.79748923517002	348	1.05762813800752
"rs1742828"	0.79748923517002	348	1.05762813800752
"rs1928638"	0.797535477282257	348	1.0639314618221
"rs297537"	0.797543935188346	348	1.05333577065709
"rs1598732"	0.797547930816752	348	1.0623172432552
"rs87460"	0.797589180476703	348	0.97321261017968
"rs1654930"	0.797669251482762	348	1.06812339342665
"rs972939"	0.797676212839272	348	1.01434612443617
"rs508096"	0.797737790245281	348	0.938126328288599
"rs508155"	0.797737790245281	348	0.938126328288599
"rs71009"	0.797747650786106	348	1.04421646431917
"rs1610118"	0.79779913041695	348	1.0640512604904
"rs1610145"	0.79779913041695	348	1.0640512604904
"rs1610146"	0.79779913041695	348	1.0640512604904
"rs2160966"	0.797802956283145	348	1.0403479816889
"rs982742"	0.797809774184061	348	0.964216430684356
"rs673490"	0.79782297553279	348	0.822355490442865
"rs129125"	0.797843647921813	348	1.03645028340405
"rs807414"	0.797868840135187	348	0.953239023503789
"rs1874655"	0.797898011886688	348	0.948256769012363
"rs2213608"	0.79790394610656	348	0.928880359759646
"rs2213619"	0.79790394610656	348	0.928880359759646
"rs254489"	0.797919770892997	348	0.987612356482641
"rs796131"	0.797996356311147	348	1.04233607521148
"rs85927"	0.798034876606307	348	0.960963836066684
"rs2119904"	0.798056750717024	348	0.946555608395343
"rs615959"	0.798112974013531	348	1.06538323386354
"rs1763731"	0.798148931037665	348	1.05305942743063
"rs1307492"	0.798160672679113	348	1.06069942199313
"rs1882229"	0.798168790746626	348	1.06942879128512
"rs145535"	0.798190689188656	348	1.02891832410482
"rs145834"	0.798190689188673	348	1.02891832410482
"rs1894434"	0.798191916337799	348	1.06183688272284
"rs553469"	0.798209456888805	348	0.900045475349428
"rs806532"	0.79823254566499	348	0.929886993797693
"rs1131540"	0.7982344135027	348	0.931062160367849
"rs472430"	0.79824765240139	348	1.04633534051222
"rs1906416"	0.798256331003275	348	1.05348174002276
"rs451557"	0.798317201651108	348	0.928863014518205
"rs452266"	0.798317201651108	348	0.928863014518205
"rs1287376"	0.798341344990773	348	1.02318467776063
"rs565812"	0.798346031755994	348	1.03433065190109
"rs449231"	0.798391581669932	348	1.01208076460098
"rs1411454"	0.798395497655643	348	0.841011369345357
"rs439583"	0.798411467141943	348	0.943298207406234
"rs1802454"	0.7984114687902	348	1.04065608525424
"rs753256"	0.798439525660529	348	1.05147381394702
"rs126331"	0.798446194655154	348	0.960582958012436
"rs126333"	0.798446194655154	348	0.960582958012436
"rs1577927"	0.798453420972256	348	0.95544152193015
"rs2110429"	0.798500054119822	348	0.945446617037154
"rs492599"	0.798560801760509	348	1.04233141217066
"rs643507"	0.798571578130807	348	0.937617444515757
"rs819912"	0.798581309172836	348	0.945175047308976
"rs198042"	0.798589430909109	348	0.940098175317187
"rs2010823"	0.79860132548197	348	0.947263941172135
"rs39755"	0.798637937807882	348	1.07554918897035
"rs1549697"	0.798641839452183	348	0.92867663615774
"rs2158629"	0.798686414176368	348	1.02729677459804
"rs1329801"	0.798689976242936	348	1.03730527817562
"rs216299"	0.798737409473056	348	0.842198392013132
"rs519056"	0.798770699174168	348	0.9364570624989
"rs2132596"	0.798801972491248	348	1.0392041539663
"rs1450134"	0.798823455154119	348	1.05350673904114
"rs1775104"	0.798845353522966	348	1.08728005099931
"rs842976"	0.798846512986812	348	0.936775680512433
"rs480557"	0.798894792857061	348	0.957997195383425
"rs1205943"	0.798899477569036	348	1.03578210300257
"rs2147697"	0.798968724691685	348	0.960989514770182
"rs109489"	0.798974463841687	348	1.10732493296359
"rs109497"	0.798974463841687	348	1.10732493296359
"rs109498"	0.798974463841687	348	1.10732493296359
"rs782962"	0.798994205012346	348	0.9601556792596
"rs782985"	0.798994205012346	348	0.9601556792596
"rs783005"	0.798994205012346	348	0.9601556792596
"rs783109"	0.798994205012346	348	0.9601556792596
"rs783119"	0.798994205012346	348	0.9601556792596
"rs783122"	0.798994205012346	348	0.9601556792596
"rs783135"	0.798994205012346	348	0.9601556792596
"rs783138"	0.798994205012346	348	0.9601556792596
"rs328033"	0.799059974514585	348	0.946427462740264
"rs496419"	0.799077947550989	348	0.92997347691894
"rs496436"	0.799077947550989	348	0.92997347691894
"rs395437"	0.799093606698466	348	1.05299442407677
"rs978855"	0.799100719394802	348	1.05071956365273
"rs978888"	0.799100719394802	348	1.05071956365273
"rs1939726"	0.799213381255928	348	0.913086898620813
"rs1939739"	0.799213381255928	348	0.913086898620813
"rs474126"	0.799214359644887	348	0.953730161228612
"rs845996"	0.799226172907325	348	0.962902305365029
"rs846086"	0.799226172907325	348	0.962902305365029
"rs899994"	0.799256166536155	348	0.841791926053424
"rs1999349"	0.799296661593214	348	0.892838944422371
"rs982867"	0.799378499765389	348	1.07394227923641
"rs497525"	0.799410969263201	348	1.05394676716336
"rs497549"	0.799410969263201	348	1.05394676716336
"rs941299"	0.79943515674534	348	1.04994719610314
"rs153593"	0.79948963868516	348	1.03358262009634
"rs1103482"	0.799495906015492	348	1.10691696490484
"rs1103485"	0.799495906015492	348	1.10691696490484
"rs516890"	0.799559177596848	348	0.964604633762866
"rs133959"	0.799568445428556	348	0.972021809455789
"rs514204"	0.799600436984557	348	1.04289901908569
"rs1195590"	0.799645488165636	348	1.03701107302071
"rs193018"	0.799658409451231	348	0.918789536328269
"rs227425"	0.799669310223331	348	1.05965033159993
"rs945012"	0.799735808162755	348	0.958512762638519
"rs945022"	0.799735808162755	348	0.958512762638519
"rs1845491"	0.799778972742351	348	1.0529250789357
"rs1845548"	0.799778972742351	348	1.0529250789357
"rs1845819"	0.799778972742351	348	1.0529250789357
"rs1951764"	0.799814214768488	348	0.917215574920067
"rs2093923"	0.799815878097591	348	1.04839474389359
"rs2121059"	0.799830066333609	348	1.05862851460045
"rs836311"	0.799830388053694	348	1.046982440621
"rs2218017"	0.799843973807881	348	0.930690345126749
"rs2024802"	0.799864270703339	348	0.922396361544017
"rs950775"	0.799874907541354	348	0.940095359878004
"rs464350"	0.799913956461838	348	1.06493235402898
"rs1961748"	0.799922609469442	348	1.04787992653835
"rs1123457"	0.799941664418401	348	1.05379986890848
"rs650376"	0.799946684470489	348	0.944945321632453
"rs340058"	0.799951525766642	348	1.05795774123259
"rs898838"	0.799971654455407	348	0.954810887191806
"rs1817452"	0.799980435534453	348	1.09021480921818
"rs1205852"	0.800070793178109	348	1.04475002113823
"rs1205865"	0.800070793178109	348	1.04475002113823
"rs566117"	0.800104045658419	348	1.02338084658382
"rs1160549"	0.80012920717929	348	0.958254346324577
"rs2123273"	0.800155693477496	348	1.04385944265123
"rs1774277"	0.800182677590826	348	0.935012929790548
"rs1774280"	0.800182677590826	348	0.935012929790548
"rs610416"	0.800223346585833	348	1.06332526717789
"rs1394394"	0.800248795968467	348	1.05797526923613
"rs1710144"	0.800295844637988	348	1.04464144385553
"rs1072020"	0.800317734350034	348	1.07331908157127
"rs27426"	0.800334907622717	348	0.957462521921269
"rs1859186"	0.800351141312628	348	0.953462504433043
"rs915215"	0.800409260963953	348	1.09352451976802
"rs2170810"	0.800416826932379	348	0.974631830560154
"rs1659264"	0.800420491976629	348	0.960646273286199
"rs922393"	0.80043527299772	348	1.23314360562941
"rs494591"	0.800455937610901	348	1.08122839868839
"rs435047"	0.80048042372716	348	0.960662143780437
"rs1598184"	0.800500930165739	348	0.949326288265429
"rs148305"	0.800557369290659	348	0.936346313995479
"rs148309"	0.800557369290659	348	0.936346313995479
"rs319016"	0.80057673807114	348	0.582598117836478
"rs1962894"	0.800589969159307	348	1.05945124259428
"rs1962728"	0.800589969159344	348	1.05945124259427
"rs1962769"	0.800589969159344	348	1.05945124259427
"rs1962770"	0.800589969159344	348	1.05945124259427
"rs1962780"	0.800589969159344	348	1.05945124259427
"rs1962856"	0.800589969159344	348	1.05945124259427
"rs1783372"	0.800596670300642	348	0.958191971115354
"rs1828053"	0.800598034330127	348	1.04160033531974
"rs1961866"	0.800614502569929	348	1.05963309469856
"rs1961892"	0.800614502569929	348	1.05963309469856
"rs1961893"	0.800614502569929	348	1.05963309469856
"rs1961895"	0.800614502569929	348	1.05963309469856
"rs1961896"	0.800614502569929	348	1.05963309469856
"rs2058115"	0.800655303758878	348	1.04917839873604
"rs797129"	0.800678879360777	348	0.909017440871534
"rs840921"	0.80069298008937	348	0.937933287475089
"rs1715307"	0.800738902972725	348	1.04164567268143
"rs283902"	0.800757328498168	348	1.05761104257408
"rs2024440"	0.800792486747226	348	1.0692500514525
"rs987026"	0.800846327786971	348	0.958909802036869
"rs833458"	0.800939837073055	348	0.952522971178307
"rs330742"	0.801005189807242	348	1.07949224675588
"rs466945"	0.80102541027336	348	0.977338879425816
"rs1892542"	0.801029596521758	348	1.01135008133956
"rs1342486"	0.801049183023787	348	1.04246940888169
"rs1595919"	0.801080906894709	348	0.902206091838064
"rs1596170"	0.801080906894709	348	0.902206091838064
"rs1596206"	0.801080906894709	348	0.902206091838064
"rs2111996"	0.801081474339618	348	0.96533320138651
"rs57186"	0.801114247916669	348	0.946400964142763
"rs1715011"	0.801141977030984	348	1.04565328720316
"rs1715013"	0.801141977030984	348	1.04565328720316
"rs1715015"	0.801141977030984	348	1.04565328720316
"rs1715018"	0.801141977030984	348	1.04565328720316
"rs1715019"	0.801141977030984	348	1.04565328720316
"rs1715028"	0.801141977030984	348	1.04565328720316
"rs1982066"	0.801147231768383	348	1.07350356580053
"rs2115335"	0.801155960579613	348	1.07108034092201
"rs522952"	0.801188870470386	348	1.06457229098688
"rs1672934"	0.801283112777263	348	0.978645531145937
"rs248180"	0.801288999155266	348	0.943271174028486
"rs1778865"	0.80140687010019	348	1.07866900726992
"rs1791524"	0.801471264632288	348	1.03739552891378
"rs782609"	0.80148238368153	348	0.960270556329329
"rs1485109"	0.80150138742785	348	1.04346795442792
"rs2000167"	0.80150761672432	348	1.04222848150711
"rs964737"	0.801507720982153	348	0.844088751058671
"rs513139"	0.801518003386492	348	0.964543014696954
"rs611660"	0.801522563009457	348	1.05762058999352
"rs1956539"	0.801536985975052	348	1.13381409804015
"rs227659"	0.801558792065714	348	1.05501711703832
"rs1146390"	0.801565441906598	348	0.913372236404546
"rs388654"	0.801597397435161	348	0.954878876221949
"rs388810"	0.801597397435161	348	0.954878876221949
"rs1750964"	0.801624619373789	348	0.928716465764551
"rs1417666"	0.801655265588706	348	0.954782632827669
"rs1882725"	0.801660978720209	348	1.04979915645333
"rs566382"	0.801671232533206	348	0.968118857253508
"rs1291320"	0.801697091328076	348	1.07426677327094
"rs516497"	0.801751245414103	348	1.06017155837453
"rs517144"	0.801751245414103	348	1.06017155837453
"rs518367"	0.801751245414103	348	1.06017155837453
"rs425638"	0.801756997198793	348	1.05582921178444
"rs425641"	0.801756997198793	348	1.05582921178444
"rs425644"	0.801756997198793	348	1.05582921178444
"rs425650"	0.801756997198793	348	1.05582921178444
"rs1093610"	0.801771153657999	348	1.05828313062459
"rs1413127"	0.801773376097461	348	1.02053934599925
"rs488836"	0.801775803923407	348	1.05230816555425
"rs744176"	0.801805071157591	348	1.03891939208641
"rs2203984"	0.801815892214695	348	0.94227566001684
"rs1687866"	0.801820722370347	348	0.945536988967928
"rs1687878"	0.801820722370347	348	0.945536988967928
"rs148146"	0.801848757399394	348	0.936754967333263
"rs148150"	0.801848757399394	348	0.936754967333263
"rs148152"	0.801848757399394	348	0.936754967333263
"rs148158"	0.801848757399394	348	0.936754967333263
"rs148162"	0.801848757399394	348	0.936754967333263
"rs148164"	0.801848757399394	348	0.936754967333263
"rs1169342"	0.801893453667182	348	1.04098383277744
"rs1775319"	0.801899288830478	348	1.05028605572164
"rs1552849"	0.801899726120685	348	1.05397030500283
"rs578367"	0.801931260547381	348	1.07793570048331
"rs378580"	0.801941547233107	348	1.08924570620501
"rs1371126"	0.801955336795495	348	0.94395901944221
"rs2173210"	0.80196829719728	348	0.965023061843226
"rs132088"	0.801980612193306	348	0.948911094273353
"rs561785"	0.802007644916448	348	0.98478361254829
"rs353936"	0.802027322074629	348	1.05348493542587
"rs1633961"	0.802033889860942	348	0.943590815858412
"rs1961902"	0.802114279937213	348	1.05138884549342
"rs1961905"	0.802114279937213	348	1.05138884549342
"rs926123"	0.802114932182034	348	0.862916676929109
"rs51352"	0.802121488382279	348	1.04986440454845
"rs254570"	0.802129324123502	348	1.01668238230978
"rs1882702"	0.802138684999955	348	1.0507330674083
"rs1678318"	0.802193041294527	348	1.04848076516298
"rs789761"	0.802193137322869	348	1.04438109389552
"rs121626"	0.802207791991048	348	0.956449528922054
"rs1666779"	0.802251419523737	348	1.01557570634197
"rs738229"	0.802284829040656	348	0.934045627394108
"rs1660567"	0.802290670604385	348	0.956777002290807
"rs547053"	0.802298154919473	348	1.0779391724486
"rs1287716"	0.802310384771423	348	1.05829108183304
"rs1287718"	0.802310384771423	348	1.05829108183304
"rs277479"	0.802339686945384	348	1.03490414745783
"rs1093837"	0.802342976630025	348	0.945332873454782
"rs544387"	0.802347015428685	348	1.06143990237343
"rs932434"	0.802422191505435	348	1.04885917589232
"rs2098703"	0.802423439824219	348	0.961582896557328
"rs1109557"	0.802463237153267	348	0.945721722807656
"rs1352467"	0.802468098694605	348	1.05973339415351
"rs1085456"	0.80248291252711	348	1.03853932083301
"rs463272"	0.802504488360203	348	1.05655264812486
"rs462628"	0.802504488360205	348	1.05655264812486
"rs463193"	0.802504488360208	348	1.05655264812486
"rs463246"	0.802504488360208	348	1.05655264812486
"rs463263"	0.802504488360208	348	1.05655264812486
"rs463296"	0.802504488360208	348	1.05655264812486
"rs463324"	0.802504488360208	348	1.05655264812486
"rs463371"	0.802504488360208	348	1.05655264812486
"rs2161806"	0.80252486662713	348	1.04323928519208
"rs444386"	0.802562074095144	348	0.844497366469298
"rs1805954"	0.802562074095144	348	0.844497366469298
"rs1569755"	0.802562095608506	348	1.04355770240724
"rs1648613"	0.8025641638353	348	1.04445281079559
"rs1648614"	0.8025641638353	348	1.04445281079559
"rs100282"	0.802573600056831	348	1.0301091969879
"rs990449"	0.802584633237356	348	0.936732421498736
"rs1372747"	0.802715536108724	348	0.979596516267797
"rs579791"	0.802736695514101	348	1.07394258338268
"rs1616521"	0.80278993140137	348	0.95910190013816
"rs1963933"	0.802789955368185	348	1.05524168288728
"rs1963940"	0.802789955368185	348	1.05524168288728
"rs1963946"	0.802789955368185	348	1.05524168288728
"rs1963964"	0.802789955368185	348	1.05524168288728
"rs1963976"	0.802789955368185	348	1.05524168288728
"rs1963996"	0.802789955368185	348	1.05524168288728
"rs1964018"	0.802789955368185	348	1.05524168288728
"rs413157"	0.80280851506452	348	1.12548282799671
"rs520351"	0.802827082914408	348	1.05399597877629
"rs636473"	0.802845477866084	348	0.964644038355982
"rs453711"	0.802852433158072	348	0.962521745191584
"rs1163775"	0.802855231548596	348	0.967781356318555
"rs1575385"	0.802867492674208	348	1.08267299776539
"rs1087043"	0.802898458061359	348	1.04206311965989
"rs1013826"	0.802932802275712	348	1.08334113590186
"rs1117793"	0.802943959860716	348	0.92365140068838
"rs1117809"	0.802943959860716	348	0.92365140068838
"rs1117950"	0.802943959860716	348	0.92365140068838
"rs1117959"	0.802943959860716	348	0.92365140068838
"rs1118028"	0.802943959860716	348	0.92365140068838
"rs1118406"	0.802943959860716	348	0.92365140068838
"rs1118412"	0.802943959860716	348	0.92365140068838
"rs1118448"	0.802943959860716	348	0.92365140068838
"rs1118451"	0.802943959860716	348	0.92365140068838
"rs1118500"	0.802943959860716	348	0.92365140068838
"rs1118519"	0.802943959860716	348	0.92365140068838
"rs1118550"	0.802943959860716	348	0.92365140068838
"rs1118601"	0.802943959860716	348	0.92365140068838
"rs63842"	0.80294511886951	348	1.0865268805791
"rs1741359"	0.802964851236709	348	0.962732998921594
"rs1741367"	0.802964851236709	348	0.962732998921594
"rs1741368"	0.802964851236709	348	0.962732998921594
"rs1741389"	0.802964851236709	348	0.962732998921594
"rs515141"	0.802997544610599	348	0.926761101783205
"rs517646"	0.802997544610599	348	0.926761101783205
"rs817997"	0.802997544610599	348	0.926761101783205
"rs818943"	0.802997544610599	348	0.926761101783205
"rs823268"	0.802997544610599	348	0.926761101783205
"rs823633"	0.802997544610599	348	0.926761101783205
"rs823657"	0.802997544610599	348	0.926761101783205
"rs823687"	0.802997544610599	348	0.926761101783205
"rs823705"	0.802997544610599	348	0.926761101783205
"rs823714"	0.802997544610599	348	0.926761101783205
"rs823744"	0.802997544610599	348	0.926761101783205
"rs823798"	0.802997544610599	348	0.926761101783205
"rs872764"	0.802997544610599	348	0.926761101783205
"rs873551"	0.802997544610599	348	0.926761101783205
"rs874898"	0.802997544610599	348	0.926761101783205
"rs2041767"	0.803012958668387	348	0.953444995711046
"rs2041770"	0.803012958668387	348	0.953444995711046
"rs1672956"	0.803027620121894	348	0.95456053791993
"rs415554"	0.803051991985774	348	0.93963444860159
"rs1298455"	0.803075659226167	348	0.903111935852507
"rs1750862"	0.803092567082646	348	0.929429692658388
"rs1635636"	0.803097916613259	348	1.04521405750976
"rs1635637"	0.803097916613259	348	1.04521405750976
"rs820332"	0.803130184333763	348	0.959094957587362
"rs548396"	0.803157339207872	348	1.04354740072427
"rs360772"	0.803161919392153	348	1.05748108591677
"rs1119003"	0.803168184277716	348	0.946392895255725
"rs505632"	0.80319229012782	348	1.06996204850425
"rs497292"	0.803347363072675	348	0.938298295577754
"rs1961284"	0.803361170758531	348	1.0701530585812
"rs1293174"	0.803366330748693	348	0.928728377913466
"rs1207031"	0.803397562968464	348	1.02606308889004
"rs1815936"	0.803433656957764	348	0.912838963995837
"rs342491"	0.803506267510684	348	0.928805666159432
"rs240151"	0.803559029708872	348	1.05310483494885
"rs568928"	0.803570009469214	348	1.03491464239673
"rs491387"	0.803614850599712	348	0.902362382184784
"rs491417"	0.803614850599712	348	0.902362382184784
"rs490865"	0.803614850599713	348	0.902362382184783
"rs491043"	0.803614850599713	348	0.902362382184783
"rs1123868"	0.803638175369871	348	0.912273243438248
"rs1609618"	0.803690917119649	348	0.953870935136444
"rs491696"	0.803702846496154	348	1.06357681941452
"rs1308941"	0.803725592103958	348	0.941978108997559
"rs388485"	0.80373779136417	348	1.13071253216936
"rs107502"	0.803745334631849	348	0.874268771744749
"rs552574"	0.803787992351448	348	1.0793221546439
"rs1376626"	0.803808101531161	348	1.05700087478204
"rs1117698"	0.803810844373525	348	0.922390487597042
"rs1741662"	0.803826098928961	348	1.06671459904228
"rs1982782"	0.80385377390315	348	1.04486617819395
"rs175518"	0.803867779341944	348	0.955932463783642
"rs704755"	0.803882941120591	348	1.05651047697032
"rs855760"	0.803893922459934	348	0.939379210331423
"rs450161"	0.803935095646694	348	1.05525144075197
"rs1907698"	0.80394155527445	348	1.04564655532232
"rs1907699"	0.80394155527445	348	1.04564655532232
"rs1907701"	0.80394155527445	348	1.04564655532232
"rs1907704"	0.80394155527445	348	1.04564655532232
"rs1775593"	0.803947143403891	348	1.05188273565778
"rs484831"	0.804018137273421	348	0.950543036625063
"rs484847"	0.804018137273421	348	0.950543036625063
"rs484848"	0.804018137273421	348	0.950543036625063
"rs484849"	0.804018137273421	348	0.950543036625063
"rs484859"	0.804018137273421	348	0.950543036625063
"rs484862"	0.804018137273421	348	0.950543036625063
"rs484864"	0.804018137273421	348	0.950543036625063
"rs1699866"	0.804071323784874	348	0.969677170581818
"rs1878302"	0.804197911243675	348	0.945861300313597
"rs971028"	0.804229716867428	348	1.07271874824427
"rs987167"	0.804229716867428	348	1.07271874824427
"rs987967"	0.804229716867428	348	1.07271874824427
"rs988350"	0.804229716867428	348	1.07271874824427
"rs1600825"	0.804229716867428	348	1.07271874824427
"rs121353"	0.804245846168643	348	0.968761286424913
"rs1823102"	0.804249361119563	348	0.952845112171296
"rs1873059"	0.80427605562685	348	1.01290592852373
"rs2202234"	0.804284344588491	348	0.958383708969757
"rs1594795"	0.804292594266465	348	0.947372271310489
"rs419525"	0.804363723554438	348	1.03969753981591
"rs823111"	0.804395012074382	348	1.03463942471231
"rs1564455"	0.804399183366389	348	0.959315108642357
"rs824128"	0.804427139047835	348	1.02099406625429
"rs498331"	0.804437378086759	348	0.947189644742312
"rs745399"	0.804485953848419	348	0.950688566939167
"rs745401"	0.804485953848419	348	0.950688566939167
"rs745402"	0.804485953848419	348	0.950688566939167
"rs1201875"	0.804512434018665	348	0.964872571774024
"rs2204855"	0.80451816814843	348	0.911100312113632
"rs1946801"	0.804533362429985	348	1.09256743145271
"rs1653833"	0.804574453022607	348	1.0683199582364
"rs1907305"	0.804575516056553	348	1.04112589797302
"rs1907306"	0.804575516056553	348	1.04112589797302
"rs1907309"	0.804575516056553	348	1.04112589797302
"rs1907330"	0.804575516056553	348	1.04112589797302
"rs1907335"	0.804575516056553	348	1.04112589797302
"rs1907339"	0.804575516056553	348	1.04112589797302
"rs1907357"	0.804575516056553	348	1.04112589797302
"rs1907396"	0.804575516056553	348	1.04112589797302
"rs1907399"	0.804575516056553	348	1.04112589797302
"rs1907401"	0.804575516056553	348	1.04112589797302
"rs1907417"	0.804575516056553	348	1.04112589797302
"rs1907423"	0.804575516056553	348	1.04112589797302
"rs1907429"	0.804575516056553	348	1.04112589797302
"rs650289"	0.804639657434446	348	1.05408717497384
"rs886307"	0.804669255151451	348	0.955073778914716
"rs694850"	0.804719916106086	348	0.952519953004046
"rs1699756"	0.804757521330879	348	1.05151883245153
"rs2087945"	0.804759784405388	348	1.0390846110461
"rs356352"	0.804775815813888	348	0.949653594733387
"rs1372995"	0.804786634544427	348	0.957733868537472
"rs1579216"	0.804816680710639	348	0.948967726128731
"rs43932"	0.804832031080644	348	0.942509848752991
"rs43941"	0.804832031080644	348	0.942509848752991
"rs2173575"	0.80485485515329	348	0.968126380683399
"rs1672403"	0.804903618918027	348	1.04268269238317
"rs286777"	0.804946657363754	348	0.968172788769619
"rs270936"	0.805002604870972	348	0.943267582895476
"rs2057506"	0.805006251641495	348	1.08449318471593
"rs253061"	0.805011988297396	348	0.948435145418924
"rs253070"	0.805011988297396	348	0.948435145418924
"rs1713510"	0.805012918404152	348	1.04622660116991
"rs83060"	0.805057733761057	348	1.04988489258341
"rs83061"	0.805057733761057	348	1.04988489258341
"rs2158621"	0.805063690035136	348	1.02350423168563
"rs470700"	0.805080621624363	348	0.916911405303666
"rs37126"	0.805088874835083	348	0.920096274608963
"rs1720432"	0.805098304886066	348	1.04419564981206
"rs2056068"	0.805137933358215	348	0.9487754540747
"rs875255"	0.805139030323378	348	0.961277407526931
"rs492371"	0.805140268744128	348	1.02544127064584
"rs120923"	0.805150119583899	348	1.0387692077234
"rs120926"	0.805150119583899	348	1.0387692077234
"rs120934"	0.805150119583899	348	1.0387692077234
"rs464671"	0.805159200569512	348	1.05167201336372
"rs557070"	0.805164848614345	348	0.939418405264674
"rs836149"	0.805180347627763	348	1.04681468369357
"rs836164"	0.805180347627763	348	1.04681468369357
"rs836170"	0.805180347627763	348	1.04681468369357
"rs1103576"	0.805184204464309	348	1.1035753593468
"rs1907647"	0.805186338729245	348	0.969240421796475
"rs1797771"	0.805191871237904	348	0.960589848268379
"rs1776903"	0.805201253738186	348	1.05099545780651
"rs1777052"	0.805201253738186	348	1.05099545780651
"rs1873082"	0.805269243095535	348	1.02001711687671
"rs2161372"	0.805270262157769	348	1.04270695545855
"rs1619041"	0.805306857438018	348	0.902495103263674
"rs2066841"	0.805306857438018	348	0.902495103263674
"rs1191096"	0.805307245883028	348	0.960820966011139
"rs1125247"	0.80532000164728	348	1.06026109093522
"rs1564227"	0.805361725212524	348	1.02897920236491
"rs537345"	0.805395061358165	348	1.04064921375552
"rs395332"	0.805431232050413	348	0.95653999899078
"rs2131156"	0.805440358004774	348	1.04770388432949
"rs1735840"	0.805445382983149	348	1.04850068158259
"rs548599"	0.805478111919251	348	0.93142801472462
"rs34182"	0.805502221466747	348	0.943186267831045
"rs856769"	0.805561587186266	348	1.01940899013629
"rs2180925"	0.805566844448078	348	0.968301317692782
"rs2180928"	0.805566844448078	348	0.968301317692782
"rs1534539"	0.805576232280447	348	0.954526111567586
"rs713238"	0.805602792787083	348	1.04612268448642
"rs1103452"	0.805608070990956	348	1.10336341076456
"rs952924"	0.805635084176333	348	0.941693146073117
"rs842881"	0.805692655860391	348	0.938761588261884
"rs1113932"	0.805711852037077	348	0.982410965677314
"rs1113935"	0.805711852037077	348	0.982410965677314
"rs318953"	0.805730507774004	348	0.482315804422023
"rs1405003"	0.805733965926785	348	1.06790762164858
"rs1964099"	0.805736129243934	348	1.05323419113837
"rs1964105"	0.805736129243934	348	1.05323419113837
"rs1964108"	0.805736129243934	348	1.05323419113837
"rs458689"	0.805739000007837	348	1.06090100421972
"rs2008289"	0.80573960191085	348	0.861428485931215
"rs358342"	0.805753130949631	348	1.05638112543973
"rs358516"	0.805753130949631	348	1.05638112543973
"rs358598"	0.805753130949631	348	1.05638112543973
"rs1748172"	0.8058093350926	348	1.01608073253631
"rs1019165"	0.805875433950161	348	1.07670029214625
"rs2135021"	0.805903034530284	348	0.968117173209954
"rs1826100"	0.805907362424711	348	0.95302287031401
"rs1925987"	0.805915022548046	348	0.942599061414458
"rs1621956"	0.805925480071707	348	1.04046418506575
"rs539741"	0.80595978559504	348	1.04936050630967
"rs1946342"	0.805992661842008	348	0.966865187461843
"rs1778535"	0.805995032354887	348	1.0426149919432
"rs1303415"	0.806006868614535	348	0.957724533334622
"rs911957"	0.806048167108938	348	0.953163285301875
"rs406938"	0.806048572572476	348	0.961926575694222
"rs56488"	0.806103658742597	348	0.936413125988362
"rs330595"	0.806116802447533	348	0.928911719722486
"rs497165"	0.806120483717069	348	1.07339189948529
"rs1805758"	0.806132290664955	348	1.11135353784932
"rs502738"	0.806133566078245	348	1.06678777753138
"rs1420091"	0.806159234316657	348	0.95545816333202
"rs1420146"	0.806159234316657	348	0.95545816333202
"rs1420149"	0.806159234316657	348	0.95545816333202
"rs1420153"	0.806159234316657	348	0.95545816333202
"rs1420215"	0.806159234316657	348	0.95545816333202
"rs1420224"	0.806159234316657	348	0.95545816333202
"rs841310"	0.806164683827556	348	0.949726987764181
"rs1488899"	0.806188550955465	348	0.981394710148151
"rs1751004"	0.806196497952306	348	0.930405309474208
"rs99990"	0.806204127009268	348	1.06069252328325
"rs939019"	0.806218110177231	348	1.05733356084547
"rs278523"	0.806267100959748	348	0.96814729402342
"rs278524"	0.806267100959748	348	0.96814729402342
"rs278525"	0.806267100959748	348	0.96814729402342
"rs278526"	0.806267100959748	348	0.96814729402342
"rs722793"	0.806275246795644	348	1.05238198451554
"rs1841430"	0.80633585806401	348	0.962258254330818
"rs1841437"	0.80633585806401	348	0.962258254330818
"rs654246"	0.806351337334915	348	1.05781268324483
"rs2160425"	0.806384224857681	348	1.02564240635759
"rs490727"	0.806393706835052	348	1.06187201758987
"rs491402"	0.806393706835052	348	1.06187201758987
"rs2172638"	0.806433105278633	348	1.03236582009567
"rs1583713"	0.806457605352338	348	1.04210002908983
"rs1579060"	0.806461451105703	348	0.939348476940781
"rs806639"	0.806507976644277	348	0.983121729548921
"rs1170911"	0.806515338666907	348	0.97571906536711
"rs527861"	0.80654129872664	348	1.07275626516929
"rs1734099"	0.806554416162362	348	1.02709685629718
"rs350615"	0.806571398246907	348	1.04655549280298
"rs1684261"	0.806589661368395	348	1.05383696960423
"rs628722"	0.806596590032222	348	0.921368130423893
"rs1633703"	0.806616494615398	348	1.08529762132509
"rs2012999"	0.806617548188454	348	1.06428066896618
"rs2013011"	0.806617548188454	348	1.06428066896618
"rs2013017"	0.806617548188454	348	1.06428066896618
"rs110782"	0.806622068939805	348	1.03807795693983
"rs110784"	0.806622068939805	348	1.03807795693983
"rs256788"	0.806628571800394	348	0.958259594485061
"rs1962525"	0.806628616253585	348	1.04892786637343
"rs227257"	0.806633059493651	348	1.09587582341817
"rs1294090"	0.806655814488951	348	0.958879896837529
"rs474087"	0.80666114848279	348	1.03715322464236
"rs539958"	0.806687989701342	348	1.06504731211954
"rs338979"	0.806695000024635	348	0.958891145127036
"rs1907851"	0.806769352875493	348	1.03900068694872
"rs1907892"	0.806769352875493	348	1.03900068694872
"rs1688232"	0.806774470892538	348	0.956753202639694
"rs437571"	0.806839241377511	348	1.05503400038279
"rs857108"	0.806852680613328	348	1.05675597343226
"rs857125"	0.806852680613328	348	1.05675597343226
"rs1394666"	0.806854010403875	348	1.09255456804492
"rs1655008"	0.806901350861795	348	1.0626757831307
"rs1655016"	0.806901350861795	348	1.0626757831307
"rs1655020"	0.806901350861795	348	1.0626757831307
"rs1655035"	0.806901350861795	348	1.0626757831307
"rs1759937"	0.806920765456252	348	0.953225745463686
"rs2172536"	0.806934033248646	348	1.03949989849698
"rs2123883"	0.806975067450573	348	1.03210126898275
"rs207246"	0.807000825708405	348	0.889939977108806
"rs1928755"	0.807000825708406	348	0.889939977108809
"rs1720435"	0.80702488203697	348	1.04373249436634
"rs1720437"	0.80702488203697	348	1.04373249436634
"rs1720438"	0.80702488203697	348	1.04373249436634
"rs304458"	0.807035402927079	348	1.04048073976515
"rs1844366"	0.80704901727974	348	0.8898629107791
"rs1844455"	0.80704901727974	348	0.8898629107791
"rs1343381"	0.807058410687628	348	0.956853569763461
"rs483039"	0.807065502620216	348	0.949439626091596
"rs483063"	0.807065502620216	348	0.949439626091596
"rs1291305"	0.807077722262895	348	0.922661639008901
"rs1406446"	0.807103905901626	348	1.06023132764425
"rs1092868"	0.807105962637915	348	1.06680402035832
"rs1092869"	0.807105962637915	348	1.06680402035832
"rs1708846"	0.807180621056016	348	1.033508494483
"rs1929457"	0.807263535294914	348	0.928466114697847
"rs1125242"	0.807285967964765	348	1.04530084513008
"rs1972549"	0.807286010685151	348	0.950808219529121
"rs308429"	0.807300733587108	348	1.11641526751257
"rs1160456"	0.807304141256439	348	0.940069534515017
"rs81880"	0.807318767108691	348	0.975720277153265
"rs93082"	0.807341119602366	348	1.06994437533454
"rs1802787"	0.807374735500108	348	1.1452662824534
"rs2151310"	0.807374735500116	348	1.14526628245339
"rs2036290"	0.807389899557114	348	1.04673695298395
"rs146210"	0.807448314062474	348	1.02112549341621
"rs533526"	0.80747172498544	348	0.959267291331071
"rs421407"	0.807508198093576	348	1.06242167853551
"rs421410"	0.807508198093576	348	1.06242167853551
"rs421413"	0.807508198093576	348	1.06242167853551
"rs421452"	0.807508198093576	348	1.06242167853551
"rs421500"	0.807508198093576	348	1.06242167853551
"rs1022317"	0.807537869742314	348	1.02025361283856
"rs424473"	0.80754071893432	348	0.970308218308041
"rs942769"	0.807633355479817	348	1.04438857365352
"rs942772"	0.807633355479817	348	1.04438857365352
"rs942776"	0.807633355479817	348	1.04438857365352
"rs712417"	0.807637547319776	348	0.941122258268241
"rs547880"	0.807638089729411	348	1.04545482082486
"rs466755"	0.807647104427599	348	0.967889444299796
"rs1264326"	0.807672344371709	348	1.03735645668387
"rs434423"	0.807715546406414	348	1.05062756486514
"rs1038601"	0.807719403872769	348	1.04806394523816
"rs1899580"	0.80776976340309	348	1.05430823343773
"rs1103747"	0.807791951450473	348	1.06894063554134
"rs1103750"	0.807791951450473	348	1.06894063554134
"rs224924"	0.807858321254062	348	0.848612107303174
"rs212404"	0.807909780106703	348	0.940534649971852
"rs2130735"	0.807922129085226	348	1.04895819415925
"rs1461806"	0.80794827064635	348	0.948725621375014
"rs1747905"	0.807971365560141	348	0.941969074218856
"rs742541"	0.80797406950967	348	1.03620458961756
"rs1469058"	0.807998102720982	348	1.05915632706054
"rs133757"	0.808009671786338	348	0.964976686709215
"rs842980"	0.808018558954954	348	0.939727066360099
"rs553183"	0.808028547211462	348	0.97504994125271
"rs418734"	0.808028561476988	348	1.06467904702808
"rs515773"	0.808050104182621	348	1.08975199338239
"rs515908"	0.808050104182621	348	1.08975199338239
"rs915370"	0.808050104182621	348	1.08975199338239
"rs915612"	0.808050104182621	348	1.08975199338239
"rs915638"	0.808050104182621	348	1.08975199338239
"rs915686"	0.808050104182621	348	1.08975199338239
"rs915695"	0.808050104182621	348	1.08975199338239
"rs915697"	0.808050104182621	348	1.08975199338239
"rs915793"	0.808050104182621	348	1.08975199338239
"rs915968"	0.808050104182621	348	1.08975199338239
"rs915984"	0.808050104182621	348	1.08975199338239
"rs915986"	0.808050104182621	348	1.08975199338239
"rs915995"	0.808050104182621	348	1.08975199338239
"rs915996"	0.808050104182621	348	1.08975199338239
"rs916068"	0.808050104182621	348	1.08975199338239
"rs916076"	0.808050104182621	348	1.08975199338239
"rs916143"	0.808050104182621	348	1.08975199338239
"rs916182"	0.808050104182621	348	1.08975199338239
"rs916183"	0.808050104182621	348	1.08975199338239
"rs916184"	0.808050104182621	348	1.08975199338239
"rs916191"	0.808050104182621	348	1.08975199338239
"rs918528"	0.808050104182621	348	1.08975199338239
"rs2202340"	0.808050104182621	348	1.08975199338239
"rs916100"	0.808050104182624	348	1.08975199338239
"rs915511"	0.808050104182625	348	1.08975199338239
"rs915776"	0.808050104182625	348	1.08975199338239
"rs915800"	0.808050104182625	348	1.08975199338239
"rs915914"	0.808050104182625	348	1.08975199338239
"rs915974"	0.808050104182625	348	1.08975199338239
"rs915977"	0.808050104182625	348	1.08975199338239
"rs916065"	0.808050104182625	348	1.08975199338239
"rs916109"	0.808050104182625	348	1.08975199338239
"rs916115"	0.808050104182625	348	1.08975199338239
"rs916162"	0.808050104182625	348	1.08975199338239
"rs916163"	0.808050104182625	348	1.08975199338239
"rs916167"	0.808050104182625	348	1.08975199338239
"rs916203"	0.808050104182625	348	1.08975199338239
"rs261864"	0.80805010418269	348	1.08975199338236
"rs2092513"	0.808108414158291	348	1.02032110370214
"rs807740"	0.808190936212838	348	0.911201769529464
"rs609467"	0.808225817852096	348	0.901338509965837
"rs290458"	0.808247212301523	348	1.03392513676308
"rs1882862"	0.808303583290402	348	0.964146199647328
"rs1125754"	0.808323380263518	348	0.962958363878954
"rs1323986"	0.808341717233683	348	0.906680607724714
"rs2126611"	0.808371434580344	348	0.968747248424363
"rs552673"	0.80838966779471	348	0.903325752308406
"rs374385"	0.808403306433723	348	1.04221819848461
"rs608404"	0.808410329608431	348	0.908324850859239
"rs609124"	0.808410329608431	348	0.908324850859239
"rs605294"	0.808410329608436	348	0.908324850859241
"rs225161"	0.808509174247536	348	1.06812020621382
"rs225183"	0.808509174247536	348	1.06812020621382
"rs225188"	0.808509174247536	348	1.06812020621382
"rs225191"	0.808509174247536	348	1.06812020621382
"rs225195"	0.808509174247536	348	1.06812020621382
"rs225196"	0.808509174247536	348	1.06812020621382
"rs225206"	0.808509174247536	348	1.06812020621382
"rs225222"	0.808509174247536	348	1.06812020621382
"rs225223"	0.808509174247536	348	1.06812020621382
"rs225239"	0.808509174247536	348	1.06812020621382
"rs225243"	0.808509174247536	348	1.06812020621382
"rs2148399"	0.808570453615505	348	1.0373064269879
"rs650882"	0.808585352066225	348	1.06845526010584
"rs581075"	0.808605422139373	348	0.92019516979396
"rs83565"	0.808611240787594	348	0.944852260619632
"rs1103521"	0.808669841500434	348	1.10175316619144
"rs1692499"	0.808736548223305	348	1.05560326585754
"rs1832358"	0.808746907861564	348	0.961027937807086
"rs942766"	0.808763492416272	348	0.955771236454417
"rs1822759"	0.808769803088096	348	1.10537003105634
"rs886188"	0.80878471295418	348	0.936387753865619
"rs885252"	0.80878471295418	348	0.936387753865618
"rs272322"	0.808804191309297	348	1.04041268679086
"rs566421"	0.808806249063503	348	1.01353300371951
"rs2153415"	0.808876802644913	348	1.05475091857355
"rs2183141"	0.808884234845599	348	0.954875632446277
"rs1072965"	0.8088957352809	348	0.987830152215711
"rs124799"	0.808930015210718	348	0.972091045425594
"rs124801"	0.808930015210718	348	0.972091045425594
"rs124802"	0.808930015210718	348	0.972091045425594
"rs1846229"	0.808956044331236	348	0.955230936316481
"rs1130253"	0.808970362350716	348	0.964810928394878
"rs858092"	0.808979897718446	348	0.929115460018837
"rs940857"	0.809007309167088	348	1.06873957923216
"rs1602959"	0.809042482697327	348	0.925113007620439
"rs1602975"	0.809042482697327	348	0.925113007620439
"rs1610670"	0.809042482697327	348	0.925113007620439
"rs1613838"	0.809042482697327	348	0.925113007620439
"rs2034832"	0.809064797285051	348	0.903175101779293
"rs2038758"	0.809064797285328	348	0.903175101779397
"rs1013848"	0.809066493984921	348	1.08026595392053
"rs508548"	0.809086675222232	348	0.954185205549734
"rs616762"	0.809110650040838	348	1.05903260019754
"rs1693170"	0.809113543468618	348	0.932216846398615
"rs852973"	0.809116481295911	348	0.946040109798648
"rs1637407"	0.809142626524893	348	1.0409364476489
"rs1676918"	0.809153171429987	348	0.929933083059427
"rs663404"	0.809160885405487	348	1.04562344564594
"rs832641"	0.809165978123756	348	0.93970971629501
"rs782735"	0.809195111784039	348	1.04964210488192
"rs1054046"	0.809260832374043	348	0.958971802449641
"rs1546300"	0.809289098916186	348	0.949697746668535
"rs168326"	0.809326305891651	348	0.956759131674116
"rs168368"	0.809326305891651	348	0.956759131674116
"rs168398"	0.809326305891651	348	0.956759131674116
"rs2022877"	0.809338450671109	348	1.05488543153507
"rs1768738"	0.80933917337373	348	0.964000944616484
"rs1291365"	0.809362461927047	348	1.02747183065438
"rs1291369"	0.809362461927047	348	1.02747183065438
"rs145192"	0.809363019430711	348	0.961250392709235
"rs145196"	0.809363019430711	348	0.961250392709235
"rs145202"	0.809363019430711	348	0.961250392709235
"rs145232"	0.809363019430711	348	0.961250392709235
"rs145250"	0.809363019430711	348	0.961250392709235
"rs703375"	0.809403527900538	348	0.935701554024292
"rs235964"	0.809424224779235	348	0.923931943833376
"rs278680"	0.809488203116375	348	1.04821015483209
"rs1051354"	0.809504969173862	348	0.937060327917872
"rs1117379"	0.809526446999474	348	1.03820051470969
"rs465511"	0.809530056438703	348	0.974852253092155
"rs944933"	0.809554083324684	348	0.974636435379491
"rs2153986"	0.809577304582347	348	0.965689133693919
"rs1764008"	0.809588649753147	348	1.04214150561248
"rs1692242"	0.809594153041619	348	1.05492104168037
"rs1692473"	0.809594153041619	348	1.05492104168037
"rs1076557"	0.80959544729329	348	0.926789556035114
"rs1846057"	0.809623778665651	348	1.05274228564199
"rs1846079"	0.809623778665651	348	1.05274228564199
"rs1846103"	0.809623778665651	348	1.05274228564199
"rs226358"	0.809636890108576	348	0.971331042992124
"rs133931"	0.809648060163359	348	1.02725659475137
"rs1599122"	0.809684435815914	348	0.948922510624737
"rs117592"	0.809702255413991	348	0.971735373198188
"rs1779102"	0.809719820551895	348	1.04749592883445
"rs1779084"	0.809719820551928	348	1.04749592883444
"rs305904"	0.809720386594349	348	1.04425387169623
"rs842834"	0.809724975040721	348	0.929554177049726
"rs498689"	0.809808523992515	348	1.06837121159509
"rs2040006"	0.809812817108332	348	1.0662350620457
"rs2104756"	0.809835313928267	348	1.03473715066027
"rs1570093"	0.809852352130109	348	1.06314107706612
"rs693842"	0.809864508995874	348	1.05644349256448
"rs1962264"	0.809883762112047	348	1.05008848585077
"rs1301739"	0.809885595092156	348	0.947947422088309
"rs253640"	0.809891533457285	348	1.03884882795608
"rs1961440"	0.80990566359104	348	1.01823940353432
"rs1354433"	0.809952045496859	348	0.847102463318343
"rs1742608"	0.809953319866277	348	1.04473576326049
"rs2118925"	0.80997214571016	348	0.917064687783682
"rs2121585"	0.80997214571016	348	0.917064687783682
"rs608045"	0.810063437648796	348	0.849943852060434
"rs906300"	0.810063437648796	348	0.849943852060434
"rs1637651"	0.810063437648796	348	0.849943852060434
"rs615371"	0.810080020005428	348	0.930307921936423
"rs1560680"	0.810103554205772	348	0.961653634747147
"rs1924448"	0.810109850988834	348	0.943450594373951
"rs1761765"	0.810132824753577	348	0.90504020632522
"rs497139"	0.810202774851192	348	1.06823050698441
"rs497757"	0.810202774851192	348	1.06823050698441
"rs1639877"	0.810229877166138	348	0.954308651766904
"rs1447884"	0.810255315274366	348	0.851332563163611
"rs565206"	0.810268007947366	348	1.01968228868246
"rs608542"	0.810278597119169	348	1.05687684062098
"rs845259"	0.810294959977262	348	0.940111762234099
"rs638465"	0.810300217182919	348	0.952275839215788
"rs638848"	0.810300217182919	348	0.952275839215788
"rs628242"	0.810352867611619	348	1.07162449502441
"rs810845"	0.810382005552425	348	0.95625685189859
"rs522779"	0.81038854316551	348	0.922157758040033
"rs325406"	0.8104128207517	348	1.1081535730914
"rs1579406"	0.810437790580618	348	0.948894808595409
"rs1055341"	0.810453722600827	348	1.06441479005133
"rs1960509"	0.81048728354342	348	0.9154312529347
"rs566120"	0.810503856625862	348	1.03017026636521
"rs566121"	0.810503856625862	348	1.03017026636521
"rs566122"	0.810503856625862	348	1.03017026636521
"rs490439"	0.810537917586548	348	0.841043135496755
"rs1626504"	0.810543031153648	348	0.939045031081275
"rs43685"	0.810551775125536	348	1.09306155608986
"rs26172"	0.810566866009686	348	1.06204322972347
"rs278367"	0.810573833488072	348	0.969253873099213
"rs1091133"	0.810576260764264	348	0.918628967504544
"rs2093720"	0.810591716418745	348	1.04691734990356
"rs1798743"	0.810626914651941	348	1.04514851485027
"rs1167226"	0.810631239355673	348	0.970772504650484
"rs1569900"	0.810669002093669	348	1.05253366115944
"rs1568282"	0.810675011822771	348	1.06063834112867
"rs788382"	0.810710102804105	348	1.08712083511881
"rs788411"	0.810710102804105	348	1.08712083511881
"rs1395308"	0.810739032580786	348	0.975719752119109
"rs927502"	0.810740653455288	348	0.963272055849799
"rs459115"	0.810758895385167	348	1.04029530011626
"rs171676"	0.810787949395625	348	0.956255089384825
"rs1389224"	0.810795548679682	348	1.06445265899922
"rs742400"	0.810826505695311	348	1.07560039450994
"rs189755"	0.810838869809407	348	0.955046062578556
"rs419354"	0.810844976955094	348	0.945608394203949
"rs419368"	0.810844976955094	348	0.945608394203949
"rs2203459"	0.810860014965221	348	0.953260036436456
"rs545972"	0.810863853095877	348	1.03890153499917
"rs2092240"	0.810924378197475	348	1.03714499434118
"rs553129"	0.810930741502598	348	0.958519725965838
"rs1734308"	0.811006517243804	348	1.04362819827342
"rs1169285"	0.811020909805877	348	1.03604845561389
"rs1104224"	0.811021170086089	348	1.07685572019678
"rs857855"	0.811032015031201	348	0.96674852456042
"rs857857"	0.811032015031201	348	0.96674852456042
"rs857858"	0.811032015031201	348	0.96674852456042
"rs2162438"	0.811070934697579	348	1.0421127066203
"rs370319"	0.811075293089806	348	0.896249270373325
"rs394681"	0.811075293089807	348	0.896249270373325
"rs371545"	0.811075293089812	348	0.896249270373327
"rs372647"	0.811075293089812	348	0.896249270373327
"rs2134661"	0.811076938117463	348	1.04665431927594
"rs324814"	0.811083248606217	348	1.047290324559
"rs324820"	0.811083248606217	348	1.047290324559
"rs353568"	0.811084502414162	348	1.04997263766614
"rs631993"	0.811101380823426	348	0.923108704244653
"rs863208"	0.81110434135252	348	0.934757949804993
"rs847525"	0.811157808314753	348	0.950775436784442
"rs530820"	0.811157939719356	348	0.551664893576297
"rs740595"	0.811165440620795	348	0.959340999235062
"rs972118"	0.811186118079355	348	1.04559211767162
"rs253065"	0.81120290591346	348	1.04839100014236
"rs253067"	0.81120290591346	348	1.04839100014236
"rs1570086"	0.811280045841399	348	0.957763221798709
"rs1815726"	0.811314193021096	348	0.907016497404539
"rs1406274"	0.811333726414926	348	0.979287516874588
"rs1351844"	0.811341913957327	348	0.927327501392587
"rs425664"	0.811350009180204	348	1.04258831909928
"rs208557"	0.811364087683949	348	0.947793374891442
"rs1439244"	0.811437066716039	348	1.10053319112821
"rs241936"	0.811474003719848	348	1.04566675057579
"rs1742633"	0.811485589958054	348	1.04431305729293
"rs943137"	0.811507258469249	348	1.02242864781085
"rs943138"	0.811507258469249	348	1.02242864781085
"rs1120892"	0.811515302864317	348	0.915652457356951
"rs1121267"	0.811515302864319	348	0.915652457356952
"rs396725"	0.811616432285049	348	1.07009071660917
"rs841309"	0.811652729653002	348	0.951159969580361
"rs2134994"	0.811696212410153	348	0.966675978176031
"rs800715"	0.811700725381913	348	0.957903971114293
"rs786518"	0.81170238374563	348	0.957447288483273
"rs354583"	0.811702599956145	348	1.01443907440165
"rs850179"	0.811704703578398	348	1.03845175971445
"rs850181"	0.811704703578398	348	1.03845175971445
"rs850166"	0.811704703578401	348	1.03845175971445
"rs880498"	0.811704744068559	348	1.07802801136152
"rs1907250"	0.811726733310086	348	1.0395293188065
"rs1778781"	0.811744362071414	348	0.909424362452091
"rs357055"	0.811767892822313	348	1.05230247242092
"rs359925"	0.811767892822313	348	1.05230247242092
"rs2026580"	0.811779702324993	348	1.045555882052
"rs1264185"	0.811791854972416	348	1.03592067328618
"rs1973880"	0.811819186241981	348	1.05169150879985
"rs372007"	0.811855631542908	348	0.952475663217895
"rs1558191"	0.811871396299362	348	0.920493332454983
"rs1128514"	0.811877912089487	348	1.03977438010926
"rs326917"	0.811888697194865	348	0.9551300645615
"rs907605"	0.811938014505061	348	0.948595590569702
"rs907619"	0.811938014505061	348	0.948595590569702
"rs122626"	0.811948602203147	348	0.966228966381418
"rs1937001"	0.81195640807088	348	1.0448617918844
"rs591599"	0.811970194490899	348	1.07825834182325
"rs1974247"	0.811985887918216	348	0.942401480869329
"rs1974404"	0.811985887918216	348	0.942401480869329
"rs1975082"	0.811985887918284	348	0.942401480869352
"rs1792471"	0.81206182653538	348	1.04916576872643
"rs2172580"	0.812079750282368	348	0.962401525038921
"rs507576"	0.812135545161847	348	0.94699659254027
"rs2119559"	0.812136889285332	348	0.958945483349647
"rs1127088"	0.812175795215089	348	0.913962400107599
"rs1127592"	0.812175795215089	348	0.913962400107599
"rs940996"	0.812203917251304	348	1.08112104637278
"rs856120"	0.812244855709431	348	1.03434721841425
"rs856129"	0.812244855709431	348	1.03434721841425
"rs856132"	0.812244855709431	348	1.03434721841425
"rs945372"	0.812270873297334	348	1.04805832604873
"rs341515"	0.812357288786682	348	1.04529011606983
"rs149695"	0.812376821632766	348	1.05298929020541
"rs389804"	0.812390546117964	348	1.05729232789555
"rs389805"	0.812390546117964	348	1.05729232789555
"rs1103426"	0.812442908813076	348	1.09957906789973
"rs442817"	0.812463430026615	348	1.07423623341501
"rs1086654"	0.812484881018393	348	1.21036768150762
"rs1116549"	0.812554288590938	348	1.05754683425335
"rs1639301"	0.81256680743304	348	0.957005770663349
"rs2100752"	0.812639078392022	348	0.959329629433823
"rs1783105"	0.812639992523543	348	1.0356770753179
"rs1783114"	0.812639992523543	348	1.0356770753179
"rs1783123"	0.812639992523543	348	1.0356770753179
"rs1899953"	0.812662388488387	348	1.04535565866918
"rs1435168"	0.812672820883197	348	1.10753723488409
"rs1791963"	0.812677804732582	348	0.957829591864674
"rs133766"	0.812689685221065	348	1.10786446988002
"rs1076594"	0.812691643236778	348	1.04730175350134
"rs395218"	0.812693353837236	348	1.0907619202257
"rs2158215"	0.812694111376799	348	1.03961720490099
"rs519966"	0.812776084235524	348	0.928815577817983
"rs1539806"	0.812809075930907	348	1.05911197978816
"rs652223"	0.812831165222517	348	1.10367617464469
"rs1776619"	0.812889200013808	348	1.04898236486683
"rs148827"	0.812904269385545	348	1.02456377197803
"rs1140326"	0.812918981451612	348	1.07211001406412
"rs319420"	0.812925482481069	348	0.93515361473864
"rs1963087"	0.812969790135665	348	0.957422995856659
"rs1963099"	0.812969790135665	348	0.957422995856659
"rs1080359"	0.812973025731638	348	0.913023510194946
"rs1082523"	0.812973025731638	348	0.913023510194946
"rs1082550"	0.812973025731638	348	0.913023510194946
"rs1539422"	0.812984041936935	348	1.09453195631122
"rs1406391"	0.812989305503237	348	0.980746851849708
"rs1013467"	0.812997717414372	348	0.966763781843681
"rs253559"	0.813011542427645	348	1.03714572159476
"rs253562"	0.813011542427645	348	1.03714572159476
"rs306282"	0.813052452941681	348	1.0775719558944
"rs306283"	0.813052452941681	348	1.0775719558944
"rs306309"	0.813052452941681	348	1.0775719558944
"rs809513"	0.813097488600698	348	0.982245888242193
"rs1946122"	0.813101155328732	348	1.06753509609219
"rs341381"	0.81315888574564	348	1.03313871064718
"rs490299"	0.813164021211907	348	1.05260952689546
"rs1822928"	0.813184781598155	348	1.04345147818564
"rs1822943"	0.813184781598155	348	1.04345147818564
"rs1822949"	0.813184781598155	348	1.04345147818564
"rs1003613"	0.813204203070384	348	0.931534612487069
"rs576756"	0.813225154199868	348	1.06114123326483
"rs1801942"	0.813227557286362	348	1.0652130971882
"rs584186"	0.813240568746462	348	0.957597999514308
"rs948249"	0.813285630572325	348	1.04810644583849
"rs1570166"	0.81328689102887	348	0.94577904453282
"rs329746"	0.813332428928111	348	1.06040498747291
"rs1310555"	0.813333108247244	348	0.959328530605208
"rs1800425"	0.813333805141002	348	1.04714961464798
"rs472780"	0.81336739207361	348	1.04245506676082
"rs419678"	0.813367498470285	348	0.929254601714156
"rs327130"	0.81340483978375	348	0.960721721415552
"rs225534"	0.813413056898275	348	0.9119069067315
"rs225699"	0.813413056898275	348	0.9119069067315
"rs1605782"	0.813420712640154	348	1.08302437384381
"rs472333"	0.81342573943072	348	0.96196990860629
"rs1161504"	0.813435883284912	348	1.04003228481781
"rs1620759"	0.813441301811189	348	1.05841365880131
"rs820113"	0.813460110249167	348	0.952777171781603
"rs820131"	0.813460110249167	348	0.952777171781603
"rs820140"	0.813460110249167	348	0.952777171781603
"rs153905"	0.813471983500303	348	1.03411595655364
"rs153908"	0.813471983500303	348	1.03411595655364
"rs1653926"	0.813480169961329	348	1.07258037056856
"rs112582"	0.813481683812505	348	1.03529597924218
"rs419446"	0.81349837488764	348	0.957028597087698
"rs1404327"	0.813498732794242	348	1.07191751422486
"rs295372"	0.813521112927891	348	0.966957388297797
"rs843829"	0.813558291360862	348	1.04597559020076
"rs843883"	0.813558291360862	348	1.04597559020076
"rs843897"	0.813558291360862	348	1.04597559020076
"rs843919"	0.813558291360862	348	1.04597559020076
"rs1934264"	0.813594560555969	348	0.912973688525741
"rs226448"	0.813596445841272	348	1.0249635483829
"rs2171043"	0.813600411963764	348	1.02232560611434
"rs1017423"	0.813622157236215	348	4.25922296181648
"rs819813"	0.813656745802204	348	0.959882847787111
"rs491765"	0.813692849894355	348	1.05908979961041
"rs491774"	0.813692849894355	348	1.05908979961041
"rs491777"	0.813692849894355	348	1.05908979961041
"rs491780"	0.813692849894355	348	1.05908979961041
"rs491786"	0.813692849894355	348	1.05908979961041
"rs491801"	0.813692849894355	348	1.05908979961041
"rs491819"	0.813692849894355	348	1.05908979961041
"rs491882"	0.813692849894355	348	1.05908979961041
"rs408308"	0.813757869013966	348	0.965808384227805
"rs408314"	0.813757869013966	348	0.965808384227805
"rs2160648"	0.813774032075077	348	1.02814680914691
"rs1720429"	0.813775716866968	348	0.961243379345003
"rs485962"	0.813782961848192	348	0.95490704424411
"rs485968"	0.813782961848192	348	0.95490704424411
"rs485971"	0.813782961848192	348	0.95490704424411
"rs485977"	0.813782961848192	348	0.95490704424411
"rs2177676"	0.813783889077146	348	0.96255467101039
"rs2112990"	0.813821469369838	348	1.0432795533343
"rs1781265"	0.813909148007199	348	1.0824803939246
"rs1907138"	0.813941292991851	348	1.0972546640956
"rs1104359"	0.813941918501736	348	1.05218365830886
"rs405169"	0.81395222775385	348	1.02574760977833
"rs2157447"	0.813980222230583	348	1.04090105781151
"rs2095202"	0.813982496120164	348	0.913115161749408
"rs429182"	0.813982496120174	348	0.913115161749412
"rs1670602"	0.813993874527255	348	1.04972423380674
"rs1013735"	0.814064284654004	348	1.0780628016194
"rs1287800"	0.814082486177141	348	0.954776283272581
"rs1288051"	0.814082486177141	348	0.954776283272581
"rs403352"	0.81414213433392	348	0.95169729927156
"rs1163004"	0.814246695191992	348	1.03571258902893
"rs1117488"	0.814307433512284	348	0.938883878068689
"rs1117485"	0.814307433512291	348	0.93888387806869
"rs202808"	0.814326784978371	348	0.953769861971322
"rs1449914"	0.814330981823255	348	1.06455377979082
"rs532171"	0.814389790263257	348	1.05598499855359
"rs491756"	0.814400482637258	348	1.06119869037322
"rs1163238"	0.814401346572329	348	1.02802910504411
"rs1736273"	0.814448638480847	348	1.09733914236105
"rs127793"	0.814465307297665	348	0.953259341278205
"rs80473"	0.814479920885565	348	1.03934020537466
"rs253706"	0.814508797708874	348	0.960539669903187
"rs671925"	0.814510073360227	348	1.04550908161828
"rs2164199"	0.81451314488242	348	1.03789383721898
"rs1126542"	0.814519898881274	348	0.946462655908472
"rs626221"	0.814527704114707	348	1.05747057897065
"rs1766564"	0.814575212415317	348	1.03852753458813
"rs1632870"	0.814592924545411	348	0.990106882057117
"rs947865"	0.814593512359161	348	1.03620024931392
"rs264769"	0.814606671542958	348	0.987632148146222
"rs121477"	0.814658499852036	348	0.964909038663088
"rs2060370"	0.814669205340455	348	0.91361708732602
"rs121725"	0.814691639941576	348	0.965117465284149
"rs988868"	0.814732026856653	348	0.964953745475836
"rs2147690"	0.814749823187125	348	1.02995687626697
"rs23101"	0.814761099680032	348	0.959049856707334
"rs1583488"	0.814764477787549	348	0.854079196522491
"rs534045"	0.814770801132383	348	1.04663018704737
"rs298918"	0.814792703459153	348	0.934180822981062
"rs301332"	0.814802768714437	348	0.945926173704817
"rs60748"	0.814810106360544	348	1.07143038464172
"rs712621"	0.814894975168246	348	0.952971508288159
"rs712561"	0.814894975168249	348	0.952971508288159
"rs712714"	0.814894975168249	348	0.952971508288159
"rs391735"	0.814898423846896	348	1.08736405389156
"rs1764680"	0.814900123399977	348	1.04411692112004
"rs212742"	0.814980450669168	348	0.959418625041032
"rs238905"	0.814995829326608	348	1.04188447257187
"rs694111"	0.8149965454228	348	0.959344253539809
"rs675279"	0.815030495225552	348	0.954430965458858
"rs351666"	0.815075476238323	348	1.08904743912955
"rs450135"	0.815117424134161	348	1.04292171052119
"rs294778"	0.81512208450131	348	1.03337038038995
"rs1087960"	0.815146282375286	348	1.08255268510004
"rs484434"	0.815162020756888	348	1.05116912060389
"rs1456347"	0.815261577538054	348	1.06548995474777
"rs2094952"	0.815262405831921	348	1.03288687034553
"rs1823228"	0.815302870650573	348	1.04429315796852
"rs639535"	0.815332503595421	348	0.962692225003241
"rs79437"	0.815364168003088	348	0.955940275953704
"rs79450"	0.815364168003088	348	0.955940275953704
"rs79554"	0.815364168003088	348	0.955940275953704
"rs1735616"	0.81536712732357	348	1.04099740259169
"rs653124"	0.815378394147399	348	1.10357411317975
"rs472388"	0.815388785397701	348	1.12513375865295
"rs1804873"	0.815396390798822	348	1.04829892841995
"rs308336"	0.815400547644644	348	1.08600725968055
"rs308339"	0.815400547644644	348	1.08600725968055
"rs628187"	0.815435008416516	348	1.07014068916935
"rs326845"	0.815470545478555	348	0.937867051295406
"rs1041004"	0.815485633326332	348	1.08686824700044
"rs429606"	0.815488995789249	348	0.956584967086606
"rs1907188"	0.815489124439737	348	0.888188661489075
"rs553493"	0.815556290153115	348	0.907724571472117
"rs553502"	0.815556290153115	348	0.907724571472117
"rs553505"	0.815556290153115	348	0.907724571472117
"rs553517"	0.815556290153115	348	0.907724571472117
"rs553547"	0.815556290153115	348	0.907724571472117
"rs553578"	0.815556290153115	348	0.907724571472117
"rs553587"	0.815556290153115	348	0.907724571472117
"rs553679"	0.815556290153115	348	0.907724571472117
"rs553703"	0.815556290153115	348	0.907724571472117
"rs553709"	0.815556290153115	348	0.907724571472117
"rs553716"	0.815556290153115	348	0.907724571472117
"rs553736"	0.815556290153115	348	0.907724571472117
"rs553958"	0.815556290153115	348	0.907724571472117
"rs554035"	0.815556290153115	348	0.907724571472117
"rs554060"	0.815556290153115	348	0.907724571472117
"rs554061"	0.815556290153115	348	0.907724571472117
"rs554074"	0.815556290153115	348	0.907724571472117
"rs554075"	0.815556290153115	348	0.907724571472117
"rs554076"	0.815556290153115	348	0.907724571472117
"rs554077"	0.815556290153115	348	0.907724571472117
"rs82981"	0.81558083669884	348	0.950860321786686
"rs1824985"	0.815589327721615	348	1.08036306089163
"rs552800"	0.815599624852572	348	0.966147056569895
"rs1086759"	0.815648823314719	348	1.04743880065094
"rs651104"	0.815662841952414	348	0.854082697653048
"rs1116003"	0.815730950905842	348	0.967905525930169
"rs492194"	0.815733944829367	348	0.95463897063215
"rs492200"	0.815733944829367	348	0.95463897063215
"rs951127"	0.815739025404032	348	1.0368026483478
"rs145270"	0.815743000126729	348	1.03144811491143
"rs468231"	0.815753846919268	348	1.09620057785769
"rs227872"	0.815806297590669	348	0.945801238600804
"rs650881"	0.815839378674804	348	1.06363114060347
"rs529490"	0.815842347000862	348	1.07302223115591
"rs188701"	0.815859909894374	348	1.06060287636096
"rs95685"	0.815870861782001	348	1.05807328011193
"rs304563"	0.815901374880873	348	0.952228250412288
"rs304567"	0.815901374880873	348	0.952228250412288
"rs2192170"	0.815927903942622	348	0.965053208584266
"rs264723"	0.815977138551685	348	0.930306062828456
"rs254576"	0.81599448634013	348	0.986541599606643
"rs1116117"	0.816000595995433	348	1.06603055413254
"rs1116150"	0.816000595995433	348	1.06603055413254
"rs1341567"	0.816064479615736	348	1.03617652996703
"rs1123900"	0.816072157231411	348	0.917671582695027
"rs2119044"	0.816082945338896	348	1.04904345323035
"rs928535"	0.816105000566258	348	0.94986214353179
"rs880376"	0.816105999432393	348	1.06869261904968
"rs1125543"	0.816129850611778	348	0.948483848810024
"rs1325648"	0.816177628247641	348	1.04574649237138
"rs497149"	0.816178790615767	348	0.936863535390451
"rs1335478"	0.816249302082517	348	0.946824476339093
"rs2130758"	0.81630488758942	348	0.963913369344024
"rs819771"	0.816314881765913	348	1.06797304366641
"rs819861"	0.816314881765913	348	1.06797304366641
"rs1360227"	0.816322244614587	348	0.978954000318891
"rs212566"	0.81632745698527	348	0.942162481826031
"rs2205722"	0.816347455283037	348	0.952134711985032
"rs535350"	0.816365177581753	348	0.932401867663088
"rs1945125"	0.816367285147712	348	0.925192561107791
"rs1945170"	0.816367285147712	348	0.925192561107791
"rs1948831"	0.816368954654116	348	1.05975251513142
"rs1802001"	0.816370498831355	348	0.960029822014021
"rs553375"	0.816381704837551	348	0.953195316913582
"rs553381"	0.816381704837551	348	0.953195316913582
"rs553387"	0.816381704837551	348	0.953195316913582
"rs553393"	0.816381704837551	348	0.953195316913582
"rs553427"	0.816381704837551	348	0.953195316913582
"rs553433"	0.816381704837551	348	0.953195316913582
"rs1094324"	0.816388640584726	348	1.09760876431852
"rs989203"	0.816433549618578	348	0.886560416606503
"rs1746138"	0.816446037206138	348	1.08348270816161
"rs1746801"	0.816446037206138	348	1.08348270816161
"rs1746876"	0.816446037206138	348	1.08348270816161
"rs2063464"	0.816453946712829	348	1.03483212482805
"rs2170375"	0.816457205046971	348	1.04605734896902
"rs1389116"	0.81648178244844	348	0.883998099988846
"rs1563933"	0.81648178244844	348	0.883998099988846
"rs2070658"	0.81648178244844	348	0.883998099988846
"rs2071393"	0.81648178244844	348	0.883998099988846
"rs338689"	0.816516175083027	348	1.068161129114
"rs338697"	0.816516175083027	348	1.068161129114
"rs254501"	0.816540709993876	348	0.987962253921729
"rs1906891"	0.816547387396509	348	0.887007249218326
"rs420990"	0.816572077814297	348	0.961353498667575
"rs1068698"	0.816613415302263	348	1.07167953210208
"rs82377"	0.816613489379599	348	0.947739730051892
"rs895887"	0.816627657645165	348	0.9238692607253
"rs1293251"	0.816639917217846	348	0.957124345389379
"rs562407"	0.81670093380472	348	0.947598535846677
"rs562417"	0.81670093380472	348	0.947598535846677
"rs2087052"	0.816708051556495	348	1.0188031470936
"rs469725"	0.816715031452711	348	1.08549799348301
"rs984790"	0.816736304143441	348	1.03642482169741
"rs2015935"	0.816759317099357	348	0.96873363587969
"rs2015937"	0.816759317099357	348	0.96873363587969
"rs597096"	0.816786758330778	348	1.04192836652025
"rs1037225"	0.816790000703487	348	1.03884825854042
"rs2213584"	0.816850479000313	348	0.846122492964347
"rs554725"	0.816886288444776	348	1.01607737550547
"rs951421"	0.816893121519932	348	1.05411361258453
"rs951423"	0.816893121519932	348	1.05411361258453
"rs951427"	0.816893121519932	348	1.05411361258453
"rs951429"	0.816893121519932	348	1.05411361258453
"rs951430"	0.816893121519932	348	1.05411361258453
"rs951431"	0.816893121519932	348	1.05411361258453
"rs1055720"	0.816894795577317	348	0.963015028523582
"rs628356"	0.816902736690342	348	0.938254105603248
"rs940330"	0.816926105203223	348	1.07141153270679
"rs492539"	0.816936222274993	348	0.930345583475767
"rs790269"	0.816975422798327	348	0.987338704342281
"rs1893460"	0.816979710967437	348	1.04351791654948
"rs809478"	0.816989076150419	348	0.967953791361191
"rs1630433"	0.817023169444007	348	1.05443234226525
"rs872185"	0.817065987929519	348	1.0411108514884
"rs848253"	0.817099994927001	348	1.04811183996287
"rs1552825"	0.81710655252272	348	1.05344845261557
"rs1990294"	0.817136286954278	348	0.945669885440816
"rs1170883"	0.817144103533876	348	1.02092288105668
"rs653089"	0.817179490040232	348	1.10220128124599
"rs357946"	0.817186060148366	348	1.0528531654278
"rs360312"	0.817186060148366	348	1.0528531654278
"rs361670"	0.817186060148366	348	1.0528531654278
"rs1751396"	0.817250099330463	348	1.10068958222024
"rs1907686"	0.817271098241241	348	1.03405305441041
"rs1351259"	0.817273975253348	348	1.04725293603733
"rs1141873"	0.817320723177669	348	1.04649406064556
"rs1141875"	0.817320723177669	348	1.04649406064556
"rs1055858"	0.817325306153135	348	1.06187843235766
"rs498415"	0.817350598579401	348	0.860521537166788
"rs1706332"	0.817358997051116	348	0.95794973065972
"rs1706356"	0.817358997051116	348	0.95794973065972
"rs1706362"	0.817358997051116	348	0.95794973065972
"rs1706365"	0.817358997051116	348	0.95794973065972
"rs1706368"	0.817358997051116	348	0.95794973065972
"rs1706370"	0.817358997051116	348	0.95794973065972
"rs1706383"	0.817358997051116	348	0.95794973065972
"rs1706395"	0.817358997051116	348	0.95794973065972
"rs857277"	0.817386922367534	348	1.03479351086483
"rs2050693"	0.817434752743575	348	0.91886230579318
"rs388880"	0.81743871091519	348	1.07450127586926
"rs804604"	0.817439058176403	348	0.922856521363295
"rs805583"	0.817439058176403	348	0.922856521363295
"rs547237"	0.817445998804554	348	0.899506247107229
"rs1742813"	0.817465257284058	348	1.05133938281023
"rs1624261"	0.817475071095933	348	0.962637255926016
"rs1765249"	0.817476150359239	348	1.04793256317333
"rs1072952"	0.817502627212741	348	0.987794389496811
"rs730519"	0.817521657404348	348	0.955574511315052
"rs1598206"	0.817554060015248	348	0.954491236778625
"rs87429"	0.817556815942425	348	1.02098765528325
"rs458549"	0.817568826180456	348	0.942191272393204
"rs1672393"	0.817577449903563	348	0.930473788619301
"rs1412778"	0.817579773331195	348	1.04396646575922
"rs2169353"	0.817580739541737	348	1.03959926908929
"rs1961958"	0.817603761645972	348	1.03011894623945
"rs158998"	0.817642448859105	348	0.950096280429285
"rs854536"	0.817653301265995	348	0.959784209354549
"rs105794"	0.81780634589397	348	0.961940220620985
"rs533898"	0.817811010681009	348	1.03882829759487
"rs420671"	0.817817503813065	348	0.957853325209036
"rs239632"	0.817860895346261	348	0.955897270340916
"rs239647"	0.817860895346261	348	0.955897270340916
"rs2161746"	0.817874238171693	348	1.03987147407792
"rs307032"	0.817878309985628	348	1.06045236650498
"rs1039499"	0.81789870061584	348	0.933317229461409
"rs1116810"	0.817902328334565	348	1.03514575632979
"rs360734"	0.817937865145419	348	1.05712663052373
"rs360764"	0.817937865145419	348	1.05712663052373
"rs2041920"	0.817941624549177	348	1.03961149557307
"rs527410"	0.817946665642628	348	1.04547632591794
"rs738294"	0.817979312237484	348	0.961791793972011
"rs496405"	0.81799295960286	348	0.940359564554901
"rs329245"	0.818038309105953	348	0.932116373620039
"rs2160015"	0.818083805158141	348	1.02536183582776
"rs1359049"	0.818128544711974	348	0.982078898643096
"rs1140077"	0.818128678466816	348	1.0581581507909
"rs713137"	0.818144542768528	348	0.9500821722527
"rs545117"	0.818199758541497	348	1.0353354478188
"rs1103410"	0.818231961298553	348	1.09624732535019
"rs270308"	0.818237092625465	348	1.01488366601243
"rs208083"	0.818267221532642	348	1.04241428139918
"rs1965332"	0.818296028784766	348	0.830585682929338
"rs1965385"	0.818296028784766	348	0.830585682929338
"rs1696889"	0.818296616233058	348	1.05226302569904
"rs1573821"	0.818323685327342	348	1.04022024659543
"rs1405473"	0.818344409003723	348	1.10605230626587
"rs580664"	0.81836068597617	348	0.956485638986756
"rs1750545"	0.818368568884607	348	1.03369289151088
"rs1406717"	0.818385531658119	348	0.959054521143629
"rs1406722"	0.818385531658119	348	0.959054521143629
"rs494413"	0.818395414420117	348	1.0737160681797
"rs549296"	0.818429107398857	348	1.06476243354221
"rs549383"	0.818429107398857	348	1.06476243354221
"rs341775"	0.81843228647195	348	1.05306530377848
"rs1126582"	0.818438186062471	348	1.07611561527514
"rs478954"	0.818451981565619	348	1.05675519399662
"rs1103275"	0.818458084154768	348	1.09611727949543
"rs1103308"	0.818458084154768	348	1.09611727949543
"rs1103311"	0.818458084154768	348	1.09611727949543
"rs1916858"	0.818490126715611	348	1.03456188071342
"rs1809933"	0.818515103641552	348	1.05182820899954
"rs1886941"	0.818528378017673	348	0.93332825018042
"rs1886989"	0.818528378017673	348	0.93332825018042
"rs846248"	0.818538555733545	348	0.965046516425295
"rs846263"	0.818538555733545	348	0.965046516425295
"rs846296"	0.818538555733545	348	0.965046516425295
"rs846311"	0.818538555733545	348	0.965046516425295
"rs601282"	0.818545734455043	348	0.945760923694632
"rs649878"	0.818555328721257	348	0.930715222990227
"rs88500"	0.818566983253791	348	0.957583024235565
"rs2100942"	0.818594989944677	348	0.968498339213186
"rs121530"	0.818614428977162	348	0.962724063170304
"rs591598"	0.818616732703351	348	0.49193534214758
"rs912215"	0.818743915651907	348	0.94704481747818
"rs1488452"	0.818753042493246	348	1.01811478992771
"rs1553228"	0.818764821873967	348	1.07489889672023
"rs553264"	0.818767115146122	348	0.953141381129142
"rs553270"	0.818767115146122	348	0.953141381129142
"rs553318"	0.818767115146122	348	0.953141381129142
"rs1792898"	0.818767376635356	348	1.04428275670775
"rs1792952"	0.818767376635356	348	1.04428275670775
"rs1793084"	0.818767376635356	348	1.04428275670775
"rs1793111"	0.818767376635356	348	1.04428275670775
"rs1793135"	0.818767376635356	348	1.04428275670775
"rs1793147"	0.818767376635356	348	1.04428275670775
"rs1793162"	0.818767376635356	348	1.04428275670775
"rs1793172"	0.818767376635356	348	1.04428275670775
"rs1793207"	0.818767376635356	348	1.04428275670775
"rs1793215"	0.818767376635356	348	1.04428275670775
"rs1793237"	0.818767376635356	348	1.04428275670775
"rs1795559"	0.818767376635356	348	1.04428275670775
"rs1823162"	0.818826700351204	348	0.954597798919288
"rs1748958"	0.818836645967482	348	0.949879838684187
"rs584182"	0.818841718355008	348	0.924081739799076
"rs584209"	0.818841718355008	348	0.924081739799076
"rs300533"	0.818863969623678	348	1.03436164122123
"rs149022"	0.818875480512191	348	1.02781638077859
"rs359107"	0.818901355699865	348	1.05215820477503
"rs549647"	0.818904983117762	348	1.04005230425783
"rs1751065"	0.818905524846075	348	0.934933303238409
"rs133949"	0.818910419109394	348	0.972904669260681
"rs1681439"	0.81891296256642	348	0.957648385001655
"rs1112767"	0.818950368610881	348	0.958615954733375
"rs1825978"	0.819051665408984	348	0.94815907137173
"rs1167119"	0.819065114343214	348	1.04229291568431
"rs1167122"	0.819065114343214	348	1.04229291568431
"rs1167127"	0.819065114343214	348	1.04229291568431
"rs1648175"	0.819068228389896	348	0.856972073033589
"rs553294"	0.819089338564433	348	0.953228914827506
"rs553297"	0.819089338564433	348	0.953228914827506
"rs1569112"	0.819152943544085	348	1.02667999840744
"rs216472"	0.81915952283174	348	1.0599408091605
"rs641083"	0.819178965503551	348	1.04710006930084
"rs149357"	0.819182781880983	348	1.05100464657757
"rs856166"	0.819237453739009	348	1.03790809423971
"rs1691341"	0.819244532308672	348	0.951183026523289
"rs1691343"	0.819244532308672	348	0.951183026523289
"rs1126118"	0.819254066257495	348	0.949431713096674
"rs356944"	0.819257209239156	348	1.05204512271616
"rs2170829"	0.819301113291865	348	0.975222028423318
"rs301009"	0.819307478819519	348	0.963604145538632
"rs335005"	0.819326032897567	348	1.04695316588317
"rs745831"	0.819331130757443	348	1.03629457397046
"rs1836067"	0.819344294686909	348	1.11611612631564
"rs1836026"	0.819344294686912	348	1.11611612631564
"rs722654"	0.819380495311581	348	0.956636956379981
"rs1962527"	0.819385999432215	348	1.04910642047032
"rs1205652"	0.819419234247728	348	0.969637329410609
"rs545246"	0.819453233694696	348	1.03457677615406
"rs545249"	0.819453233694696	348	1.03457677615406
"rs1047211"	0.819474974262456	348	1.05601468858567
"rs1294278"	0.819491275954601	348	1.0473080097503
"rs1294372"	0.819491275954601	348	1.0473080097503
"rs574993"	0.819529261791678	348	0.971927884509288
"rs1792012"	0.819530164658717	348	0.959376922506009
"rs225714"	0.819541869869666	348	1.03826181440919
"rs95198"	0.819556050684542	348	0.936353355797549
"rs1846807"	0.819611459134824	348	1.04442888076429
"rs1479177"	0.81961992799943	348	1.04932537512745
"rs304967"	0.819660443857266	348	1.03050893660062
"rs1401103"	0.819719868247125	348	1.05093400490095
"rs58914"	0.819746098188457	348	1.05808438775044
"rs1131354"	0.819754757884552	348	1.0450902689991
"rs1131357"	0.819754757884552	348	1.0450902689991
"rs1895620"	0.819761407771073	348	0.937044825102175
"rs1952633"	0.81979905868671	348	0.958870797871826
"rs1486948"	0.81980348443194	348	1.0737987625514
"rs1487037"	0.81980348443194	348	1.0737987625514
"rs863936"	0.819810029499513	348	1.06090767157802
"rs1372805"	0.819830137581173	348	1.03880802481573
"rs1372806"	0.819830137581173	348	1.03880802481573
"rs2090412"	0.819847504678219	348	1.04094920940183
"rs2090417"	0.819847504678219	348	1.04094920940183
"rs381781"	0.81989432471264	348	1.03866669315212
"rs648863"	0.819927094247706	348	0.969251702480021
"rs2090100"	0.819959612394283	348	0.942363114164703
"rs2090120"	0.819959612394283	348	0.942363114164703
"rs466200"	0.819980632094645	348	0.949485827666452
"rs813123"	0.819988390358409	348	0.975428257809077
"rs198703"	0.819990485271504	348	0.926834595808039
"rs150784"	0.820044049789255	348	1.04720658422897
"rs1778879"	0.820044157651045	348	1.03425131000566
"rs492263"	0.82004919732946	348	1.03543668967246
"rs488314"	0.82005669896101	348	0.857391143022594
"rs488670"	0.82005669896101	348	0.857391143022594
"rs1395754"	0.820096847858356	348	0.917730140705368
"rs1395769"	0.820096847858356	348	0.917730140705368
"rs951507"	0.820098795535761	348	1.05579416204535
"rs1929360"	0.82009913233878	348	1.07514900386353
"rs1044688"	0.82011890578663	348	0.960926827803643
"rs844343"	0.820119007276583	348	1.01485361229034
"rs579977"	0.820121794090959	348	0.952295128274889
"rs579992"	0.820121794090959	348	0.952295128274889
"rs702632"	0.820129694512537	348	0.940847700541317
"rs532108"	0.820138197850189	348	1.04143251635747
"rs1804936"	0.820182670411088	348	1.04060591750564
"rs466167"	0.820228496889673	348	0.969727659668441
"rs726282"	0.820237172004887	348	1.08478087569235
"rs912083"	0.820239661872642	348	0.949026784408013
"rs1049341"	0.820335579781044	348	0.914497631205498
"rs329741"	0.820355699684246	348	1.05800331317344
"rs110746"	0.820359099028173	348	1.03653636142266
"rs1423409"	0.820367196010358	348	0.949392395639769
"rs1162560"	0.820371250973003	348	0.945937771260432
"rs1162590"	0.820371250973003	348	0.945937771260432
"rs1162599"	0.820371250973003	348	0.945937771260432
"rs1162602"	0.820371250973003	348	0.945937771260432
"rs1014032"	0.820379239432385	348	1.0325581286857
"rs97376"	0.820410450556198	348	1.05173089530619
"rs847948"	0.820415172270805	348	1.08751177831076
"rs1017300"	0.820416369889228	348	0.0440366461466761
"rs1017771"	0.820416369889228	348	0.0440366461466761
"rs840816"	0.820416369889234	348	0.850452977852265
"rs1882267"	0.820416369889234	348	0.850452977852265
"rs324269"	0.820416369889246	348	1.17584396320817
"rs723842"	0.820416369889246	348	1.17584396320817
"rs1094482"	0.820416369889246	348	1.17584396320817
"rs1095037"	0.820416369889246	348	1.17584396320817
"rs1119647"	0.820416369889246	348	1.17584396320817
"rs1317399"	0.820416369889246	348	1.17584396320817
"rs1320695"	0.820416369889246	348	1.17584396320817
"rs1636489"	0.820416369889246	348	1.17584396320817
"rs1676816"	0.820416369889246	348	1.17584396320817
"rs1678640"	0.820416369889246	348	1.17584396320817
"rs1017615"	0.820416369889247	348	0.85045297785227
"rs1017631"	0.820416369889247	348	0.85045297785227
"rs1017649"	0.820416369889247	348	0.85045297785227
"rs1017651"	0.820416369889247	348	0.85045297785227
"rs1017678"	0.820416369889247	348	0.85045297785227
"rs1017738"	0.820416369889247	348	0.85045297785227
"rs1017774"	0.820416369889247	348	0.85045297785227
"rs1142305"	0.820416369889247	348	1.17584396320817
"rs773807"	0.82041636988925	348	0.850452977852271
"rs1813416"	0.82041636988925	348	0.850452977852271
"rs1813585"	0.82041636988925	348	0.850452977852271
"rs1670527"	0.820416369889251	348	1.17584396320816
"rs1670945"	0.820416369889251	348	1.17584396320816
"rs1087540"	0.820416369889252	348	0.850452977852271
"rs1315181"	0.820416369889252	348	1.17584396320816
"rs1315300"	0.820416369889252	348	1.17584396320816
"rs905994"	0.820416369889267	348	0.182080027478848
"rs303646"	0.820416369889293	348	6.3385002200879
"rs324607"	0.820416369889293	348	6.3385002200879
"rs1607097"	0.820422010445578	348	1.07413431542575
"rs1161049"	0.820435189373205	348	1.04473944264228
"rs1161041"	0.820435189373206	348	1.04473944264228
"rs1161044"	0.820435189373206	348	1.04473944264228
"rs1161047"	0.820435189373206	348	1.04473944264228
"rs1161050"	0.820435189373206	348	1.04473944264228
"rs1445643"	0.82049719663383	348	1.09417873528973
"rs1446547"	0.82049719663383	348	1.09417873528973
"rs1961637"	0.82049719663383	348	1.09417873528973
"rs1103114"	0.820511671743985	348	0.925624096150674
"rs2206365"	0.820532081419177	348	0.937337635745354
"rs1481875"	0.820553433015063	348	0.939734912816594
"rs162850"	0.820562906362822	348	0.96072384473815
"rs1017374"	0.820564837416918	348	1.04641772758018
"rs1590822"	0.820567051704646	348	1.0436749950008
"rs1570142"	0.820592168058783	348	1.1994185535099
"rs1963579"	0.820621748387371	348	1.05707403158122
"rs1630608"	0.820639825450565	348	1.06152221959184
"rs895029"	0.820642470558975	348	0.93995536700191
"rs1655544"	0.820678530488283	348	1.05778388880305
"rs628367"	0.820683713206564	348	0.939374454116902
"rs2020180"	0.820690852142581	348	1.05180497734307
"rs620185"	0.820696576251239	348	1.04312154092735
"rs640941"	0.820714452656224	348	1.04891496263279
"rs640952"	0.820714452656224	348	1.04891496263279
"rs100790"	0.820717056152603	348	1.05120407708657
"rs135626"	0.820723822361884	348	0.924029250252289
"rs2124605"	0.820775742441918	348	0.950404676569479
"rs628655"	0.820776884462541	348	1.08474183645738
"rs1372906"	0.820778380076358	348	1.0249752027655
"rs1317190"	0.820924277917341	348	0.954341872497071
"rs139785"	0.82096728963661	348	1.06259910097834
"rs470628"	0.820987893399083	348	0.949657291451877
"rs2025128"	0.820999214194263	348	0.957476563772088
"rs488414"	0.821007975067778	348	0.877915432851497
"rs1206089"	0.821032471478742	348	0.978136097237453
"rs1195101"	0.821035511910654	348	0.949318510822582
"rs1084286"	0.821049381507406	348	0.954875593535367
"rs900201"	0.821054123791978	348	1.08802242717174
"rs301998"	0.821059712277258	348	0.951470873880339
"rs1486975"	0.821106383586918	348	0.945729529874483
"rs1129061"	0.821138197932325	348	1.07120836306607
"rs1128544"	0.821138197932327	348	1.07120836306607
"rs486178"	0.821146818293322	348	1.04887934656862
"rs1853989"	0.821168181358074	348	1.04496400620323
"rs1087007"	0.821183024688528	348	0.963455977337755
"rs283095"	0.821223988793102	348	0.940574634305716
"rs2167354"	0.82125020494386	348	1.02689770617915
"rs426999"	0.82126729376289	348	1.04566180394419
"rs427017"	0.82126729376289	348	1.04566180394419
"rs26025"	0.821275429494614	348	1.0617571877454
"rs1035721"	0.821305096811178	348	1.05228558104979
"rs1899394"	0.821322586978227	348	0.95322293480826
"rs1415477"	0.821328587033743	348	0.981958861730111
"rs577733"	0.82133428841968	348	0.929732184766554
"rs1093408"	0.821375187268544	348	1.12600725392071
"rs202596"	0.821422738462155	348	0.916244199406079
"rs1163232"	0.821423156519962	348	0.978141533824997
"rs1651638"	0.82144558750407	348	1.06344702043157
"rs1651645"	0.82144558750407	348	1.06344702043157
"rs1651646"	0.82144558750407	348	1.06344702043157
"rs1651649"	0.82144558750407	348	1.06344702043157
"rs324692"	0.821527555644808	348	2.32621100476217
"rs627977"	0.82158101946566	348	1.06858887479521
"rs134401"	0.821607974590698	348	0.961307506344988
"rs1792161"	0.821646710985379	348	1.04027320679725
"rs648678"	0.821649019649769	348	1.01802341526421
"rs536193"	0.82166603552272	348	1.07157319228501
"rs1900846"	0.821670031141665	348	1.03034398206702
"rs1798709"	0.821691905175001	348	1.06400429336083
"rs705444"	0.82170222603827	348	1.06010004441962
"rs290273"	0.821754323069363	348	1.04291275361134
"rs665944"	0.821792607397543	348	0.915709985292991
"rs1196444"	0.821795708630829	348	0.960432294313503
"rs406731"	0.821796998039677	348	0.947985708224448
"rs101282"	0.821839794472439	348	1.03462805009578
"rs2161632"	0.821854619456218	348	1.03936460213492
"rs990711"	0.821882672531018	348	0.958299893801495
"rs274179"	0.821895030932096	348	0.921580950439159
"rs913630"	0.821896499939381	348	0.946616113628218
"rs1997783"	0.821899093512554	348	0.851313273803178
"rs1598768"	0.821904390806894	348	0.952429510747748
"rs1073005"	0.82191530639746	348	0.988136426889874
"rs2010907"	0.821929794284212	348	1.04306378436316
"rs2010931"	0.821929794284212	348	1.04306378436316
"rs109277"	0.821947726928706	348	0.979575840248524
"rs613275"	0.821951535906265	348	0.958096621734238
"rs588195"	0.821971793486413	348	1.08811506453693
"rs356013"	0.821979526384398	348	1.05366975531514
"rs712702"	0.822159282932097	348	0.920913631661859
"rs48089"	0.822184561735808	348	1.04734570977883
"rs714089"	0.822213200264538	348	0.956311254026358
"rs129299"	0.822284746039538	348	0.966160274695081
"rs514552"	0.822293549376255	348	1.0494482874696
"rs1815843"	0.822302797049063	348	1.07330870023613
"rs268588"	0.82232828267837	348	1.06179937778775
"rs1055892"	0.822351317349995	348	0.959486445853013
"rs1065278"	0.822447202146225	348	0.954148915051848
"rs1065310"	0.822447202146225	348	0.954148915051848
"rs1734906"	0.822465318146146	348	1.04139703364313
"rs630445"	0.822539097520915	348	1.04856116165886
"rs1138435"	0.822540057624375	348	0.954329245405723
"rs1381235"	0.822565535652649	348	1.04314045231573
"rs1592078"	0.822572634834988	348	0.943346602112215
"rs64463"	0.822582914816934	348	0.913947254409518
"rs1803324"	0.822605012945434	348	1.04030576230341
"rs1803325"	0.822605012945434	348	1.04030576230341
"rs1096064"	0.822641699685726	348	0.90785863560213
"rs995023"	0.822663321702743	348	1.07968520154742
"rs1135156"	0.822714860381718	348	0.955456072942054
"rs1583493"	0.822730758462614	348	1.04031279510282
"rs1193619"	0.822741076797532	348	0.963051906549123
"rs272837"	0.822747487134514	348	1.04142099307277
"rs695273"	0.822753473095204	348	0.953027495678976
"rs1174946"	0.822761417504279	348	0.95584606666522
"rs1175294"	0.822761417504279	348	0.95584606666522
"rs1175378"	0.822761417504279	348	0.95584606666522
"rs1175561"	0.822761417504279	348	0.95584606666522
"rs1175564"	0.822761417504279	348	0.95584606666522
"rs1175702"	0.822761417504279	348	0.95584606666522
"rs1175956"	0.822761417504279	348	0.95584606666522
"rs1176245"	0.822761417504279	348	0.95584606666522
"rs1176386"	0.822761417504279	348	0.95584606666522
"rs1176389"	0.822761417504279	348	0.95584606666522
"rs1176638"	0.822761417504279	348	0.95584606666522
"rs1176656"	0.822761417504279	348	0.95584606666522
"rs1176785"	0.822761417504279	348	0.95584606666522
"rs1176857"	0.822761417504279	348	0.95584606666522
"rs1176974"	0.822761417504279	348	0.95584606666522
"rs843194"	0.822795275718575	348	0.944286301355709
"rs2161630"	0.822838937778233	348	1.03894423544374
"rs223485"	0.822848189753835	348	0.943586896259921
"rs1415981"	0.822880130936037	348	1.01543346304237
"rs1760030"	0.822929492742128	348	0.968819571763635
"rs547428"	0.822945739449849	348	1.05742486274272
"rs899670"	0.822984899419746	348	0.859954020545011
"rs978329"	0.823009691472303	348	0.962449682812721
"rs1010783"	0.82307565504733	348	1.07335840091406
"rs562329"	0.823078523883091	348	1.03294131131663
"rs562330"	0.823078523883091	348	1.03294131131663
"rs866771"	0.823090443722795	348	0.952819465005824
"rs2193070"	0.823095352328501	348	0.978240107749355
"rs253700"	0.823103059319808	348	1.03562693723808
"rs1882955"	0.82311644091371	348	0.954620486625113
"rs1775788"	0.823131277391815	348	1.04548292588606
"rs500567"	0.823136109406583	348	1.10414395702561
"rs501883"	0.823136109406583	348	1.10414395702561
"rs496804"	0.823144346066431	348	1.0648276964316
"rs496886"	0.823144346066431	348	1.0648276964316
"rs496899"	0.823144346066431	348	1.0648276964316
"rs497218"	0.823144346066431	348	1.0648276964316
"rs497264"	0.823144346066431	348	1.0648276964316
"rs497296"	0.823144346066431	348	1.0648276964316
"rs2093990"	0.823166436986366	348	1.0424485049169
"rs1645174"	0.82318665688173	348	1.06761458138176
"rs64311"	0.823206085339429	348	0.9165833028981
"rs64317"	0.823206085339429	348	0.9165833028981
"rs64320"	0.823206085339429	348	0.9165833028981
"rs64200"	0.823206085339431	348	0.916583302898102
"rs64212"	0.823206085339431	348	0.916583302898102
"rs64242"	0.823206085339431	348	0.916583302898102
"rs64260"	0.823206085339431	348	0.916583302898102
"rs64266"	0.823206085339431	348	0.916583302898102
"rs64273"	0.823206085339431	348	0.916583302898102
"rs64275"	0.823206085339431	348	0.916583302898102
"rs64278"	0.823206085339431	348	0.916583302898102
"rs64281"	0.823206085339431	348	0.916583302898102
"rs64296"	0.823206085339431	348	0.916583302898102
"rs64305"	0.823206085339431	348	0.916583302898102
"rs940421"	0.823214666766812	348	1.06534921862009
"rs492272"	0.823214778452627	348	0.960270712056446
"rs356964"	0.823229174749198	348	1.05155957522803
"rs87548"	0.823271946460379	348	0.943771794325076
"rs868177"	0.823281192249453	348	0.954897960061289
"rs1160727"	0.823295848588014	348	0.958706499677581
"rs1962058"	0.823351711258847	348	0.852772788585205
"rs1608980"	0.823356512700884	348	0.950890688192872
"rs1609004"	0.823356512700884	348	0.950890688192872
"rs1609006"	0.823356512700884	348	0.950890688192872
"rs498779"	0.823374192731248	348	0.943822651644397
"rs1964448"	0.823386339132665	348	1.04278191457048
"rs1964454"	0.823386339132665	348	1.04278191457048
"rs2183174"	0.823386671620304	348	0.95893525827261
"rs249215"	0.82341205208874	348	1.07744090834312
"rs1091862"	0.823420100738304	348	1.10903492589092
"rs407823"	0.823423105804667	348	0.95180742626842
"rs165532"	0.823488359823213	348	0.852612581087292
"rs824141"	0.823500465771386	348	0.954473551994606
"rs118857"	0.823504572497663	348	1.02946235259626
"rs330821"	0.823506318609542	348	1.04669738916581
"rs326738"	0.82352512023104	348	0.937950150238056
"rs2076488"	0.823590190707901	348	0.931859847024795
"rs1735068"	0.823623002194873	348	1.04321653253989
"rs1415711"	0.823642540218252	348	1.03175920387949
"rs1415714"	0.823642540218252	348	1.03175920387949
"rs1415717"	0.823642540218252	348	1.03175920387949
"rs1439476"	0.823646683984004	348	1.05967356872855
"rs84966"	0.823662934300541	348	1.04503011375243
"rs1161814"	0.8236772023234	348	0.916834687626865
"rs373643"	0.823707403215256	348	1.03672395465775
"rs2070205"	0.823771021825365	348	0.950193373915253
"rs1815753"	0.823788030335434	348	0.913255824771445
"rs2027216"	0.823794171137611	348	0.95877821106617
"rs1619382"	0.823839211004147	348	1.06208807033277
"rs1619393"	0.823839211004147	348	1.06208807033277
"rs914694"	0.823858834336778	348	1.07380165257568
"rs914396"	0.823858834336782	348	1.07380165257568
"rs1617112"	0.823874059188753	348	1.04460131034541
"rs1617118"	0.823874059188753	348	1.04460131034541
"rs1530112"	0.823894951633177	348	0.960565437425808
"rs329392"	0.823908770690586	348	1.06242207717937
"rs532332"	0.82392551617503	348	1.05351624958627
"rs88270"	0.823941255452662	348	0.932693398833971
"rs1717648"	0.823956908867018	348	0.971030395122899
"rs1292459"	0.823957654894423	348	1.03168454051585
"rs853202"	0.82395901938795	348	1.03901893419142
"rs853208"	0.82395901938795	348	1.03901893419142
"rs853212"	0.82395901938795	348	1.03901893419142
"rs702332"	0.823966925756221	348	1.0385969420831
"rs2088157"	0.824004353324702	348	0.953531786237534
"rs1440062"	0.824014547497302	348	1.03936113893662
"rs2119802"	0.824056640953867	348	1.04209072660089
"rs622138"	0.824064938284561	348	1.04955706945056
"rs1751284"	0.824072514977749	348	1.09980529854518
"rs1822872"	0.82410888179809	348	0.957408017010206
"rs498735"	0.824137475518607	348	0.944032504519012
"rs1013767"	0.824162411132888	348	1.07375371677427
"rs1013701"	0.824162411132891	348	1.07375371677427
"rs540124"	0.824220279622204	348	1.04499115854537
"rs540125"	0.824220279622204	348	1.04499115854537
"rs540151"	0.824220279622204	348	1.04499115854537
"rs226051"	0.824291550189735	348	0.951448731158991
"rs1700063"	0.824293702787183	348	0.967542411733796
"rs1700070"	0.824293702787183	348	0.967542411733796
"rs1128417"	0.82433186829482	348	1.03647848873346
"rs1569821"	0.824334144604723	348	0.936870299973623
"rs566315"	0.824360003097599	348	0.97448048308706
"rs566318"	0.824360003097599	348	0.97448048308706
"rs4025"	0.824378909840644	348	0.95654893853246
"rs386551"	0.82440751102413	348	0.931946846102432
"rs853619"	0.824421031670392	348	0.947866934610182
"rs319386"	0.824433023874148	348	0.938866700163062
"rs319409"	0.824433023874148	348	0.938866700163062
"rs331380"	0.82443347844002	348	1.09937625361085
"rs551532"	0.824435373128447	348	1.07793693821376
"rs1200556"	0.824437317169843	348	0.967041609480281
"rs1200751"	0.824437317169843	348	0.967041609480281
"rs1201655"	0.824437317169843	348	0.967041609480281
"rs676972"	0.824439889540383	348	1.03974368876538
"rs462436"	0.824441591328385	348	0.95383760295534
"rs1125959"	0.824458248121531	348	0.950859069161552
"rs1125965"	0.824458248121531	348	0.950859069161552
"rs1125980"	0.824458248121531	348	0.950859069161552
"rs1125998"	0.824458248121531	348	0.950859069161552
"rs1126004"	0.824458248121531	348	0.950859069161552
"rs1126007"	0.824458248121531	348	0.950859069161552
"rs1126016"	0.824458248121531	348	0.950859069161552
"rs1126019"	0.824458248121531	348	0.950859069161552
"rs1126031"	0.824458248121531	348	0.950859069161552
"rs895490"	0.82446299054566	348	1.04793689431796
"rs956162"	0.824509493514966	348	0.855287239403842
"rs621956"	0.824575537010171	348	0.953416218912839
"rs607867"	0.824577264642135	348	1.07392976070586
"rs607876"	0.824577264642135	348	1.07392976070586
"rs1052070"	0.824679626717236	348	0.919321177190142
"rs1052171"	0.824679626717236	348	0.919321177190142
"rs628070"	0.824711095277736	348	1.06626764306968
"rs1355676"	0.824719482134908	348	0.907079543982086
"rs358108"	0.824760902693998	348	0.95432379393502
"rs1443786"	0.824784844774708	348	0.957397149174189
"rs2058118"	0.824800112546706	348	0.962866567846547
"rs475564"	0.82480636115502	348	0.948307975035746
"rs475568"	0.82480636115502	348	0.948307975035746
"rs475573"	0.82480636115502	348	0.948307975035746
"rs1580194"	0.824818094557016	348	1.04617653213238
"rs754979"	0.82483998238854	348	1.04136521527421
"rs2146403"	0.824863614501983	348	1.09977335380408
"rs797192"	0.82486873779609	348	1.0994954670428
"rs797195"	0.82486873779609	348	1.0994954670428
"rs1777897"	0.824898727701998	348	0.95514146916044
"rs1539925"	0.824929140534441	348	1.08790176333953
"rs306904"	0.824935111504394	348	1.04456097532196
"rs1963213"	0.824936218682634	348	1.07881827761385
"rs1963711"	0.824936218682634	348	1.07881827761385
"rs1963805"	0.824936218682634	348	1.07881827761385
"rs1882256"	0.824942771701247	348	0.940311091184712
"rs1882280"	0.824942771701248	348	0.940311091184713
"rs1882283"	0.824942771701248	348	0.940311091184713
"rs1882284"	0.824942771701248	348	0.940311091184713
"rs1882292"	0.824942771701248	348	0.940311091184713
"rs1882304"	0.824942771701248	348	0.940311091184713
"rs1882325"	0.824942771701248	348	0.940311091184713
"rs987692"	0.824952735867379	348	0.916608218708942
"rs1322049"	0.82497933552514	348	1.04563860907145
"rs1293570"	0.825008104451522	348	1.03719751905516
"rs1449968"	0.825029681582916	348	1.05747977538519
"rs845954"	0.825050908414	348	0.968910894747468
"rs1898027"	0.825059062794574	348	1.03857082655657
"rs104728"	0.825059798415769	348	2.03054626203429
"rs1884024"	0.825059984012045	348	1.01678090744032
"rs1973960"	0.825129192474549	348	0.953117432570428
"rs2024756"	0.825141930392558	348	0.951404014646374
"rs2024761"	0.825141930392558	348	0.951404014646374
"rs719027"	0.825165500974913	348	1.06591250299104
"rs1691020"	0.82516896757697	348	1.03958055275269
"rs1691021"	0.82516896757697	348	1.03958055275269
"rs1691022"	0.82516896757697	348	1.03958055275269
"rs1999145"	0.825172685656941	348	1.03459167362125
"rs1320609"	0.825192312674844	348	0.927134370486367
"rs1320684"	0.825192312674844	348	0.927134370486367
"rs1320714"	0.825192312674844	348	0.927134370486367
"rs1320732"	0.825192312674844	348	0.927134370486367
"rs1320738"	0.825192312674844	348	0.927134370486367
"rs1320711"	0.825192312674847	348	0.927134370486368
"rs1320879"	0.825192312674847	348	0.927134370486368
"rs1322855"	0.825192312674847	348	0.927134370486368
"rs2170538"	0.825198542723934	348	0.973304093787722
"rs494827"	0.825220388606408	348	0.978387576244392
"rs1687932"	0.825233957200681	348	1.05484362324693
"rs561653"	0.825246778421617	348	1.02753665740257
"rs2200054"	0.825251234789926	348	1.09091456160797
"rs2109510"	0.825296224764851	348	1.03674639742158
"rs1822541"	0.825299198327791	348	1.02437151758165
"rs511525"	0.825316427042238	348	1.05961867211185
"rs511611"	0.825316427042238	348	1.05961867211185
"rs473753"	0.825474281323987	348	1.05627946427856
"rs1379384"	0.825480222530453	348	1.04640567062219
"rs1847101"	0.82549120548682	348	0.957597005982552
"rs1750461"	0.825495771743107	348	0.967148847633321
"rs129188"	0.825522878981563	348	0.94485528640139
"rs811778"	0.825530602465465	348	0.967365396787596
"rs650007"	0.825544468070373	348	1.04945033417044
"rs172177"	0.82554546096799	348	1.03416325921795
"rs1845196"	0.825547155943335	348	0.951793797248138
"rs376151"	0.825565113520804	348	0.934292198865059
"rs149418"	0.825629903522015	348	1.04912213332401
"rs149459"	0.825629903522015	348	1.04912213332401
"rs1882776"	0.825664904584047	348	1.05006670144905
"rs1431989"	0.825704331251112	348	1.01571261511198
"rs951638"	0.825796158202222	348	0.949580063904708
"rs2170405"	0.825846793394118	348	0.975314592450976
"rs2105243"	0.825856410482811	348	0.954878641693219
"rs198009"	0.825865470770222	348	1.09345965410866
"rs389345"	0.825877088884367	348	0.962485944748582
"rs389370"	0.825877088884367	348	0.962485944748582
"rs389459"	0.825877088884367	348	0.962485944748582
"rs1120277"	0.825886860523665	348	0.939429235283617
"rs1120311"	0.825886860523665	348	0.939429235283617
"rs1287593"	0.825887417600507	348	0.954848669275081
"rs1609330"	0.825936878812397	348	1.1094334649858
"rs672102"	0.825976352597602	348	1.04201892806299
"rs766322"	0.825995829651072	348	0.958087700281358
"rs902090"	0.826007150067577	348	0.895148519783221
"rs1117269"	0.826020115682928	348	1.03672813063747
"rs1117272"	0.826020115682928	348	1.03672813063747
"rs967668"	0.826035453133539	348	1.10904956933237
"rs2087925"	0.826046329950342	348	1.03480602023394
"rs448758"	0.826063395691075	348	0.986991149180639
"rs1064189"	0.826111468707268	348	1.05112319674385
"rs1370965"	0.826201540788508	348	1.09518766038684
"rs342800"	0.826223476155837	348	0.934219192250201
"rs342832"	0.826223476155837	348	0.934219192250201
"rs1854796"	0.826249014023401	348	0.956700945886782
"rs818097"	0.826260122987757	348	1.04110286961158
"rs1117845"	0.826292282494757	348	1.08527167956649
"rs2147694"	0.826298657462406	348	0.963633950541799
"rs1461334"	0.826329383111331	348	0.930976053234342
"rs319312"	0.826337285803205	348	1.12006956538388
"rs804194"	0.826357068077622	348	0.964507482419802
"rs626803"	0.82637266389221	348	0.955121219655696
"rs1010317"	0.8263950830812	348	0.945051070138954
"rs2034678"	0.826418661099799	348	1.07232241245082
"rs2035309"	0.826418661099799	348	1.07232241245082
"rs1331525"	0.826424708219489	348	1.05124494906213
"rs519711"	0.826425465709692	348	0.95256494496667
"rs519741"	0.826425465709692	348	0.95256494496667
"rs225474"	0.826447825563786	348	1.03811730398558
"rs225477"	0.826447825563786	348	1.03811730398558
"rs225480"	0.826447825563786	348	1.03811730398558
"rs1563625"	0.826461171184058	348	0.932773531832547
"rs651365"	0.826469047470714	348	1.06268034413558
"rs2085513"	0.826470860237524	348	1.06675833476325
"rs610364"	0.826529171480605	348	0.949353300345402
"rs298030"	0.826555955693585	348	0.966725205835942
"rs838706"	0.826578942126569	348	0.965317104434415
"rs507843"	0.826579841448709	348	1.0410067299846
"rs507849"	0.826579841448709	348	1.0410067299846
"rs906800"	0.826620560088568	348	0.914485113646285
"rs494222"	0.826675235205381	348	1.07006201605872
"rs494236"	0.826675235205381	348	1.07006201605872
"rs494272"	0.826675235205381	348	1.07006201605872
"rs494274"	0.826675235205381	348	1.07006201605872
"rs494280"	0.826675235205381	348	1.07006201605872
"rs494289"	0.826675235205381	348	1.07006201605872
"rs639747"	0.826686587339592	348	1.03674989423335
"rs303583"	0.826696462930905	348	0.948120225140525
"rs2161410"	0.826718790387695	348	1.03817871330713
"rs783084"	0.826736002527261	348	1.0389972224218
"rs308120"	0.8267370480232	348	1.04845520329118
"rs790211"	0.826766558616275	348	0.950274527683274
"rs1002383"	0.826777227701473	348	0.944111872723172
"rs563161"	0.826777249560326	348	1.02803758938125
"rs835621"	0.826792338983964	348	0.960508774116283
"rs584602"	0.82679542504045	348	0.949678329761624
"rs450063"	0.826836641968355	348	1.04871541273704
"rs1371514"	0.826842921532864	348	0.951890936624277
"rs1168517"	0.826849437273321	348	1.05678533062012
"rs1142145"	0.826850248054944	348	0.958192206817523
"rs2161513"	0.826916346384407	348	1.03796911152943
"rs566313"	0.826958458234565	348	0.973902995427894
"rs566319"	0.826958458234565	348	0.973902995427894
"rs566320"	0.826958458234565	348	0.973902995427894
"rs268918"	0.827005954565623	348	0.950386424504527
"rs1740573"	0.827022049133755	348	1.03247208911227
"rs640050"	0.827024402361557	348	0.965164535621168
"rs640053"	0.827024402361557	348	0.965164535621168
"rs2172527"	0.827089293497717	348	1.03522836666465
"rs2172531"	0.827089293497717	348	1.03522836666465
"rs2045158"	0.827097397602273	348	1.10163612817954
"rs1400445"	0.827120354515378	348	0.955350403282853
"rs1400448"	0.827120354515378	348	0.955350403282853
"rs433592"	0.827128209860869	348	1.08205439523182
"rs942833"	0.827177550674927	348	0.952372779962054
"rs794670"	0.827210313943888	348	1.12477693482578
"rs1907714"	0.827217448458278	348	0.979037221360825
"rs915188"	0.827281515880808	348	1.08018132501146
"rs494229"	0.827320864702346	348	0.930060357539257
"rs494235"	0.827320864702346	348	0.930060357539257
"rs494244"	0.827320864702346	348	0.930060357539257
"rs359830"	0.827344927473471	348	1.04953634111163
"rs360128"	0.827344927473471	348	1.04953634111163
"rs1294128"	0.827399686209136	348	1.03579532952862
"rs1294130"	0.827399686209136	348	1.03579532952862
"rs1294131"	0.827399686209136	348	1.03579532952862
"rs1294134"	0.827399686209136	348	1.03579532952862
"rs1294139"	0.827399686209136	348	1.03579532952862
"rs1294140"	0.827399686209136	348	1.03579532952862
"rs1294143"	0.827399686209136	348	1.03579532952862
"rs1294144"	0.827399686209136	348	1.03579532952862
"rs1294152"	0.827399686209136	348	1.03579532952862
"rs1103381"	0.827402474693666	348	1.09115002485794
"rs1103542"	0.827402474693666	348	1.09115002485794
"rs1103581"	0.827402474693666	348	1.09115002485794
"rs75231"	0.827425733565543	348	0.951766624442339
"rs326810"	0.827428628509327	348	0.953092628815137
"rs308087"	0.827442933633239	348	1.04826302055934
"rs96902"	0.827485658598722	348	0.965845288433255
"rs2024785"	0.827505147919812	348	0.951628087261989
"rs2024786"	0.827505147919812	348	0.951628087261989
"rs1672425"	0.827528198385056	348	1.02516834066556
"rs2021080"	0.827560307629264	348	0.953639552362825
"rs1103638"	0.827564827649651	348	0.966674462269757
"rs994541"	0.827570705627246	348	1.03730646596757
"rs225451"	0.827589323470362	348	1.1068259843812
"rs669530"	0.827604106943904	348	0.951629533522822
"rs1798524"	0.827613105868535	348	1.05227655038825
"rs2172796"	0.827614247834358	348	1.02771458457065
"rs2172797"	0.827614247834358	348	1.02771458457065
"rs348287"	0.827646595084527	348	0.945701330183388
"rs2092211"	0.827675851016178	348	1.04600194105151
"rs371484"	0.827703248778763	348	0.947904362392312
"rs1103257"	0.827707383125132	348	1.09097799084473
"rs1103338"	0.827707383125132	348	1.09097799084473
"rs361126"	0.82776588436176	348	1.04939592381482
"rs347477"	0.827766511879058	348	1.03545623210149
"rs2073037"	0.827785151842859	348	0.969408427351943
"rs491816"	0.827787553654888	348	0.966349826348362
"rs2007295"	0.827833910497764	348	0.953796480712478
"rs1987811"	0.827852513494701	348	1.15180613231832
"rs1170900"	0.827852759175127	348	0.980474421691375
"rs1294982"	0.827903198060205	348	1.07745379369952
"rs554515"	0.827935775206414	348	1.05212335082751
"rs554518"	0.827935775206414	348	1.05212335082751
"rs631453"	0.827952938700858	348	0.954821238260028
"rs541315"	0.827959451778402	348	1.03559569598844
"rs903653"	0.827960801388885	348	1.05379968705315
"rs1165055"	0.827964020827486	348	0.961108663109644
"rs1884282"	0.827967064122359	348	0.919683079253757
"rs1575627"	0.827967064122359	348	0.919683079253756
"rs1982045"	0.82796706412236	348	0.919683079253758
"rs214256"	0.827983443371602	348	0.924785110221253
"rs214117"	0.827983443371617	348	0.924785110221248
"rs214386"	0.827983443371617	348	0.924785110221248
"rs214483"	0.827983443371658	348	0.924785110221264
"rs1902451"	0.828006520210857	348	0.950485168740406
"rs1902322"	0.828006520210862	348	0.950485168740408
"rs1937092"	0.82800931668341	348	0.950981867996013
"rs562378"	0.828017868847053	348	1.01778765203764
"rs2088136"	0.82820728551	348	0.95891835467074
"rs553123"	0.828217022983147	348	0.956294988514441
"rs1167173"	0.828225277879432	348	0.969937313707185
"rs1702060"	0.828238868736381	348	1.04591177498408
"rs1598708"	0.828245583840829	348	1.04776643496543
"rs1293893"	0.828250759611167	348	1.03111512006843
"rs1293910"	0.828250759611167	348	1.03111512006843
"rs578016"	0.828264555564061	348	1.06557441350459
"rs491507"	0.828278394235167	348	0.93428179215567
"rs1874866"	0.828336956805411	348	0.94003066863506
"rs517929"	0.828351643156113	348	1.0325514278442
"rs517964"	0.828351643156113	348	1.0325514278442
"rs517965"	0.828351643156113	348	1.0325514278442
"rs1165137"	0.828355939692701	348	1.03839569163216
"rs1165146"	0.828355939692701	348	1.03839569163216
"rs329536"	0.828378884824242	348	1.05978095629976
"rs639415"	0.828428604842659	348	0.96377893691804
"rs149021"	0.828451231698351	348	1.02630538780798
"rs140262"	0.828481309489622	348	1.0603815110913
"rs2133459"	0.828483258192553	348	0.959103160870823
"rs1292684"	0.828494477917431	348	1.04355577543457
"rs1292756"	0.828494477917431	348	1.04355577543457
"rs2133973"	0.82849463765594	348	0.968524342187845
"rs1933656"	0.828535336317027	348	1.08765697827272
"rs1933669"	0.828535336317027	348	1.08765697827272
"rs1933693"	0.828535336317027	348	1.08765697827272
"rs272056"	0.828538572059533	348	0.957588225033364
"rs356523"	0.828544171457656	348	1.04914024966471
"rs1776627"	0.828592245615559	348	1.0447551305869
"rs1776994"	0.828592245615559	348	1.0447551305869
"rs1551386"	0.828610326944172	348	1.02311103259114
"rs55111"	0.828611085961766	348	1.03469353060948
"rs55114"	0.828611085961766	348	1.03469353060948
"rs55120"	0.828611085961766	348	1.03469353060948
"rs1114327"	0.828619740793299	348	1.13389659318469
"rs1114656"	0.828619740793299	348	1.13389659318469
"rs187809"	0.828619740793322	348	0.881914634906337
"rs1802388"	0.828644393937581	348	1.03397330375068
"rs1907257"	0.828671901831124	348	0.973407814381984
"rs1067230"	0.828681852160425	348	0.982769454281811
"rs2120732"	0.828700249458475	348	1.0564366403848
"rs1433048"	0.828713866893463	348	1.01594920332642
"rs1131234"	0.828760947809984	348	1.05519483068029
"rs1131259"	0.828760947809984	348	1.05519483068029
"rs1131264"	0.828760947809984	348	1.05519483068029
"rs1131267"	0.828760947809984	348	1.05519483068029
"rs1131272"	0.828760947809984	348	1.05519483068029
"rs1131276"	0.828760947809984	348	1.05519483068029
"rs40010"	0.828774600475834	348	0.958794957321315
"rs40016"	0.828774600475834	348	0.958794957321315
"rs2020682"	0.828790695385757	348	0.928335027346915
"rs338769"	0.82879542908618	348	0.961993400275364
"rs2116273"	0.828806796101557	348	1.04092340737958
"rs1807723"	0.828869642323855	348	0.923376730660366
"rs104442"	0.828880916769495	348	1.0431487256147
"rs621987"	0.82890731682064	348	1.0435591648425
"rs1578822"	0.828944502236864	348	0.951811574564744
"rs1578863"	0.828944502236864	348	0.951811574564744
"rs1963907"	0.828983314278638	348	1.0650405864097
"rs1964021"	0.828983314278638	348	1.0650405864097
"rs640023"	0.82900740834578	348	0.958420034327729
"rs1736452"	0.829067253034711	348	1.03891922981667
"rs1350489"	0.829087743886051	348	1.03741063290092
"rs60985"	0.829115127415387	348	1.03095834651779
"rs1982307"	0.829124012752432	348	1.06958022157062
"rs1753826"	0.829136969354327	348	1.07361440101041
"rs1779622"	0.829136969354327	348	1.07361440101041
"rs2056674"	0.829136969354333	348	1.0736144010104
"rs1329411"	0.829188076487021	348	0.925105835942617
"rs128252"	0.82918912826125	348	1.06635597648871
"rs186302"	0.829202756794888	348	1.05376018483268
"rs1244864"	0.829204917098806	348	0.952807677135151
"rs1244885"	0.829204917098806	348	0.952807677135151
"rs1245065"	0.829204917098806	348	0.952807677135151
"rs1245270"	0.829204917098806	348	0.952807677135151
"rs1245295"	0.829204917098806	348	0.952807677135151
"rs1245389"	0.829204917098806	348	0.952807677135151
"rs1245430"	0.829204917098806	348	0.952807677135151
"rs1245487"	0.829204917098806	348	0.952807677135151
"rs1245489"	0.829204917098806	348	0.952807677135151
"rs1245601"	0.829204917098806	348	0.952807677135151
"rs1245607"	0.829204917098806	348	0.952807677135151
"rs1245816"	0.829204917098806	348	0.952807677135151
"rs1248845"	0.829204917098806	348	0.952807677135151
"rs1248875"	0.829204917098806	348	0.952807677135151
"rs1248974"	0.829204917098806	348	0.952807677135151
"rs1249069"	0.829204917098806	348	0.952807677135151
"rs1249112"	0.829204917098806	348	0.952807677135151
"rs1249133"	0.829204917098806	348	0.952807677135151
"rs1249205"	0.829204917098806	348	0.952807677135151
"rs1249212"	0.829204917098806	348	0.952807677135151
"rs1249325"	0.829204917098806	348	0.952807677135151
"rs1249459"	0.829204917098806	348	0.952807677135151
"rs1249469"	0.829204917098806	348	0.952807677135151
"rs1249475"	0.829204917098806	348	0.952807677135151
"rs1249836"	0.829204917098806	348	0.952807677135151
"rs1249994"	0.829204917098806	348	0.952807677135151
"rs1250039"	0.829204917098806	348	0.952807677135151
"rs1250060"	0.829204917098806	348	0.952807677135151
"rs1250263"	0.829204917098806	348	0.952807677135151
"rs1250324"	0.829204917098806	348	0.952807677135151
"rs1256157"	0.829204917098806	348	0.952807677135151
"rs1257479"	0.829204917098806	348	0.952807677135151
"rs1257518"	0.829204917098806	348	0.952807677135151
"rs1257774"	0.829204917098806	348	0.952807677135151
"rs1257960"	0.829204917098806	348	0.952807677135151
"rs1258023"	0.829204917098806	348	0.952807677135151
"rs1258024"	0.829204917098806	348	0.952807677135151
"rs1258038"	0.829204917098806	348	0.952807677135151
"rs1258765"	0.829204917098806	348	0.952807677135151
"rs1258801"	0.829204917098806	348	0.952807677135151
"rs1258843"	0.829204917098806	348	0.952807677135151
"rs1259074"	0.829204917098806	348	0.952807677135151
"rs1259242"	0.829204917098806	348	0.952807677135151
"rs1259455"	0.829204917098806	348	0.952807677135151
"rs1383414"	0.82924037096012	348	0.958585745644426
"rs633216"	0.829247197132211	348	1.04443820540752
"rs407720"	0.829289854088448	348	0.951506363492936
"rs407726"	0.829289854088448	348	0.951506363492936
"rs407728"	0.829289854088448	348	0.951506363492936
"rs1977314"	0.829341261875203	348	0.952527103618718
"rs1977341"	0.829341261875203	348	0.952527103618718
"rs1977343"	0.829341261875203	348	0.952527103618718
"rs1977362"	0.829341261875203	348	0.952527103618718
"rs1995863"	0.829391923457625	348	1.03551251341821
"rs1063704"	0.829437436444185	348	0.933897538777509
"rs135368"	0.829450758022206	348	0.957880643270044
"rs135377"	0.829450758022206	348	0.957880643270044
"rs197992"	0.829545314685739	348	1.06473843048465
"rs655978"	0.829554414996573	348	0.9525772062934
"rs819663"	0.82958956907772	348	0.969372369883869
"rs598377"	0.829619378374846	348	0.949955545000781
"rs950778"	0.829621071179719	348	0.944180210689753
"rs1087501"	0.829629124747559	348	0.941592585890597
"rs1088916"	0.829629124747563	348	0.941592585890598
"rs1089296"	0.829629124747563	348	0.941592585890598
"rs1743963"	0.829629466668708	348	0.955714064061019
"rs227611"	0.829632415555436	348	0.959726158325906
"rs227626"	0.829632415555436	348	0.959726158325906
"rs227638"	0.829632415555436	348	0.959726158325906
"rs2176749"	0.82964514692555	348	1.04258576791879
"rs1988104"	0.829651123913553	348	1.04549821478056
"rs1988107"	0.829651123913553	348	1.04549821478056
"rs820078"	0.829673792359429	348	1.03450453210012
"rs820080"	0.829673792359429	348	1.03450453210012
"rs820083"	0.829673792359429	348	1.03450453210012
"rs820086"	0.829673792359429	348	1.03450453210012
"rs820089"	0.829673792359429	348	1.03450453210012
"rs820101"	0.829673792359429	348	1.03450453210012
"rs820107"	0.829673792359429	348	1.03450453210012
"rs820164"	0.829673792359429	348	1.03450453210012
"rs820167"	0.829673792359429	348	1.03450453210012
"rs820176"	0.829673792359429	348	1.03450453210012
"rs820179"	0.829673792359429	348	1.03450453210012
"rs127020"	0.829688466240794	348	1.02955644585221
"rs828441"	0.829703676557653	348	0.96564153259243
"rs1480120"	0.829704899379441	348	0.965086330465637
"rs518435"	0.82972430642195	348	0.95537786038085
"rs1324218"	0.829749845040329	348	1.05539941454098
"rs1486337"	0.829758653486211	348	0.953264664542917
"rs1055687"	0.829779998017105	348	0.972798677292753
"rs2007654"	0.829799696291186	348	0.939995880461385
"rs2007682"	0.829799696291186	348	0.939995880461385
"rs1070659"	0.82990073585794	348	1.04647853965713
"rs1986929"	0.829913819204089	348	1.04059170335738
"rs1987273"	0.829913819204089	348	1.04059170335738
"rs711890"	0.829914093431114	348	0.926818432242392
"rs843805"	0.829920947525378	348	0.956248696489032
"rs843817"	0.829920947525378	348	0.956248696489032
"rs843823"	0.829920947525378	348	0.956248696489032
"rs843922"	0.829920947525378	348	0.956248696489032
"rs843925"	0.829920947525378	348	0.956248696489032
"rs610380"	0.829935774406947	348	1.05288914374251
"rs610384"	0.829935774406958	348	1.05288914374251
"rs275753"	0.829978310756218	348	1.05684656868765
"rs349013"	0.829999884685197	348	0.946417779469981
"rs2003558"	0.830000274037539	348	0.975559680539661
"rs1790951"	0.830027522940331	348	1.03253050982186
"rs2215111"	0.830041511154283	348	1.06233959487421
"rs1883318"	0.830099628077635	348	0.965783782768915
"rs169986"	0.830129112952464	348	0.952595303288852
"rs1121746"	0.830155883354955	348	0.971463066569157
"rs133685"	0.830175456371515	348	0.954320900365894
"rs302040"	0.830184021644541	348	1.1107973185794
"rs302041"	0.830184021644541	348	1.1107973185794
"rs810152"	0.830228984995438	348	1.02915437785492
"rs843064"	0.830268308959587	348	0.946581401463852
"rs307675"	0.830278824659989	348	1.05868468689061
"rs1112434"	0.830333349299688	348	0.96198669393589
"rs912658"	0.830338319937729	348	0.954764045113431
"rs96752"	0.830363274849856	348	1.03768700147463
"rs1370098"	0.830374824842347	348	1.05295636051032
"rs157394"	0.830389297670252	348	0.976368315837167
"rs1055654"	0.83040075713015	348	1.03084895518043
"rs655801"	0.8304027775363	348	0.930751925793682
"rs574535"	0.83051794586957	348	0.911136862296606
"rs850205"	0.830560556976591	348	0.967730470528444
"rs1466718"	0.83059393822563	348	0.940848810193544
"rs1873061"	0.83060761145044	348	1.01109798280068
"rs1873062"	0.83060761145044	348	1.01109798280068
"rs1616749"	0.830640758156952	348	1.04905830434839
"rs1965280"	0.830653047079557	348	1.06599315098504
"rs1774180"	0.830658831154885	348	0.933732623451733
"rs126711"	0.830701591399866	348	0.969663510280239
"rs670439"	0.830708217990253	348	0.95584978446349
"rs1354562"	0.830724304459313	348	1.0500410814366
"rs1354571"	0.830724304459313	348	1.0500410814366
"rs1354574"	0.830724304459313	348	1.0500410814366
"rs1354576"	0.830724304459313	348	1.0500410814366
"rs783168"	0.83072751270091	348	0.966175685187116
"rs790622"	0.830757955260538	348	1.01583367269452
"rs648724"	0.830817253397655	348	0.983195438824996
"rs1716028"	0.830829719470497	348	0.973137394773265
"rs623421"	0.830832464216156	348	0.93637512764304
"rs2093647"	0.83084536284843	348	1.04187521803993
"rs1106220"	0.830856854592246	348	0.965390292869359
"rs48891"	0.830915731830116	348	1.08252645962941
"rs1331492"	0.830927851116551	348	0.964236589139087
"rs552535"	0.830943865411728	348	0.916247432139116
"rs1093081"	0.830960122680556	348	1.05855146125658
"rs1093086"	0.830960122680556	348	1.05855146125658
"rs1093088"	0.830960122680556	348	1.05855146125658
"rs815716"	0.830964906999912	348	0.952285099947258
"rs157523"	0.831034705208832	348	0.974896064626265
"rs157526"	0.831034705208832	348	0.974896064626265
"rs157559"	0.831034705208832	348	0.974896064626265
"rs157565"	0.831034705208832	348	0.974896064626265
"rs1169435"	0.831034921991536	348	0.923143152621061
"rs1169456"	0.831034921991536	348	0.923143152621061
"rs821653"	0.831072458908081	348	1.01507265774194
"rs105832"	0.83109211572083	348	1.06538189867358
"rs363005"	0.83109499371914	348	0.952264460230646
"rs1093231"	0.83110621196228	348	1.05234815643004
"rs10531"	0.831113774531974	348	0.924892718416319
"rs10754"	0.831113774531974	348	0.924892718416319
"rs1674315"	0.831145967962722	348	1.04627788678793
"rs1103602"	0.831185099825604	348	1.0888093143889
"rs2055293"	0.831194949182741	348	0.944973772428775
"rs336661"	0.831196875682807	348	0.937526861771534
"rs1540286"	0.831262871903652	348	0.956415706053976
"rs830864"	0.831269797226284	348	1.0436615554692
"rs1609353"	0.831317845311993	348	0.953957342326156
"rs82897"	0.831355405407443	348	1.05061026237805
"rs1333438"	0.831398982016483	348	0.967321702870227
"rs1964441"	0.831420250922884	348	0.965502202899176
"rs554533"	0.831464598263064	348	0.950147867519415
"rs554547"	0.831464598263064	348	0.950147867519415
"rs554548"	0.831464598263064	348	0.950147867519415
"rs554569"	0.831464598263064	348	0.950147867519415
"rs554590"	0.831464598263064	348	0.950147867519415
"rs1094647"	0.831479805441309	348	0.965716965727378
"rs1094728"	0.831479805441309	348	0.965716965727378
"rs427262"	0.831489919124088	348	0.879958155054436
"rs817203"	0.831489919124305	348	1.13641767424492
"rs620026"	0.831495993204731	348	0.939936677149895
"rs620050"	0.831495993204731	348	0.939936677149895
"rs465308"	0.83151080854	348	0.96047072610304
"rs1167537"	0.831570094593709	348	1.03803074505548
"rs585076"	0.831579738037015	348	1.03786283206285
"rs2099979"	0.831606851587424	348	1.05006121845092
"rs1554542"	0.83161060749615	348	1.03818789874463
"rs819232"	0.831610812224262	348	0.934505211193177
"rs1479292"	0.831617443959517	348	0.960724155606492
"rs1479307"	0.831617443959517	348	0.960724155606492
"rs655066"	0.831621967725973	348	0.953161101744634
"rs965971"	0.831629386454902	348	0.96578914803266
"rs98147"	0.831632868644883	348	0.962169207145266
"rs1836406"	0.831665379015921	348	1.06271521016555
"rs343361"	0.831706336624284	348	0.935878414380697
"rs707954"	0.831716756014167	348	0.955420924380989
"rs649064"	0.831747791058791	348	1.01618989444549
"rs489098"	0.831752506817695	348	1.04572790028735
"rs451782"	0.831828567896511	348	1.07679787722397
"rs1550461"	0.831855916920424	348	1.08111599302435
"rs1207574"	0.831863874820484	348	0.970124096802196
"rs1898545"	0.831875069500283	348	1.02937784707175
"rs1898548"	0.831875069500283	348	1.02937784707175
"rs1898551"	0.831875069500283	348	1.02937784707175
"rs1898554"	0.831875069500283	348	1.02937784707175
"rs484038"	0.831875104508131	348	1.04445552611844
"rs384415"	0.831921318877929	348	0.934789935213006
"rs390897"	0.831921318877929	348	0.934789935213006
"rs1808900"	0.831921318877929	348	0.934789935213006
"rs1735055"	0.831938264787581	348	1.04032915532258
"rs1956615"	0.83193906018603	348	0.951534259585444
"rs1733666"	0.831940598013328	348	1.02313750288581
"rs1786224"	0.831955139120249	348	1.12067559497539
"rs175713"	0.831963518586963	348	0.958660134132592
"rs1291455"	0.831974788791398	348	1.02447234918744
"rs1072126"	0.83198266447893	348	1.04910143824096
"rs102331"	0.831996797031384	348	0.95261172135439
"rs1908606"	0.832031821606841	348	1.02967527318374
"rs2135481"	0.8320741066355	348	1.03269954739353
"rs516877"	0.832074717602531	348	0.969755283200428
"rs516958"	0.832074717602531	348	0.969755283200428
"rs1072119"	0.832076692794564	348	1.04911891020145
"rs2096993"	0.832133044760232	348	0.970623508053358
"rs466230"	0.832135854941172	348	0.956259204308286
"rs2025233"	0.832152537469584	348	0.892061425776604
"rs1802379"	0.832161282189605	348	0.965548702741904
"rs533905"	0.832243700044646	348	0.953234643104058
"rs420330"	0.83224548866268	348	1.03206373564558
"rs420348"	0.83224548866268	348	1.03206373564558
"rs1702494"	0.832322636181071	348	0.962605340598513
"rs1879556"	0.832352790383994	348	0.936458970008983
"rs1197817"	0.832355168408587	348	1.03429774875346
"rs1302014"	0.832365369542432	348	1.05828835625255
"rs1117119"	0.832377030553776	348	1.03721750406793
"rs704198"	0.832397119668189	348	1.04003241340193
"rs1451283"	0.832438451392249	348	1.04056095365045
"rs742448"	0.832489828493123	348	1.02828963999698
"rs1741954"	0.832525343405436	348	1.02356746286155
"rs418422"	0.832529415257145	348	0.962192875986788
"rs1750966"	0.83253471190628	348	0.939794929229663
"rs1750967"	0.83253471190628	348	0.939794929229663
"rs1907375"	0.832557133076061	348	0.912746093595947
"rs1907450"	0.832557133076061	348	0.912746093595947
"rs864668"	0.832580725964828	348	0.964575559576343
"rs840543"	0.832627059152225	348	1.04028555998391
"rs840557"	0.832627059152225	348	1.04028555998391
"rs840563"	0.832627059152225	348	1.04028555998391
"rs840569"	0.832627059152225	348	1.04028555998391
"rs840572"	0.832627059152225	348	1.04028555998391
"rs951126"	0.832659266889228	348	1.04095222366443
"rs628693"	0.832669759433835	348	0.943239814788955
"rs260061"	0.83267613003638	348	0.959809172118014
"rs1791831"	0.832682575903529	348	0.97069103539908
"rs1196395"	0.832685046541631	348	0.96291368620268
"rs1380615"	0.832701209847152	348	0.937675957751806
"rs2033630"	0.832714559992603	348	1.00967829135159
"rs838526"	0.832761855016907	348	0.962398331862253
"rs341650"	0.832775756872785	348	0.954787752132128
"rs1783717"	0.832843129847358	348	1.04170967625883
"rs89888"	0.832850474714085	348	0.988694372645394
"rs377932"	0.83291422988901	348	1.03219130656385
"rs797684"	0.832928681063515	348	1.01750145349657
"rs1343422"	0.832991712123337	348	0.94039714546404
"rs556758"	0.833041976280062	348	1.02020524406909
"rs376341"	0.833047657707879	348	1.02756944140399
"rs1933806"	0.833170838538803	348	1.05078487482321
"rs984622"	0.833186075806717	348	1.04492276554317
"rs1907519"	0.833300786880908	348	0.898050911151
"rs1907549"	0.833300786880908	348	0.898050911151
"rs1014757"	0.83331938776446	348	1.01829807745076
"rs2160165"	0.833345106958915	348	1.03704081188957
"rs82342"	0.833368854358935	348	1.04759203892708
"rs867302"	0.833386134198924	348	1.04301006390766
"rs565818"	0.833400217158892	348	0.971197238955968
"rs565821"	0.833400217158892	348	0.971197238955968
"rs1827938"	0.833402134811633	348	0.926086119998052
"rs1828079"	0.833402134811633	348	0.926086119998052
"rs2092795"	0.833433740446769	348	1.01753513658317
"rs1952239"	0.83346167609123	348	0.914127754460178
"rs939001"	0.833463558338089	348	1.05189910980932
"rs1367679"	0.833479499538197	348	0.948492594953283
"rs1789264"	0.833493782091947	348	0.971775187641919
"rs1137204"	0.833495605570185	348	0.95561485031045
"rs290171"	0.833503993784928	348	0.960616229097047
"rs113090"	0.833514242164617	348	1.01988831834156
"rs56998"	0.833537168798718	348	1.07890161805539
"rs1567601"	0.833552232506928	348	1.05423096251579
"rs145300"	0.833552548748561	348	0.948624400654167
"rs1585740"	0.833559266131244	348	0.96643688502556
"rs1369562"	0.833574663430786	348	0.917211614518176
"rs651422"	0.833579647836594	348	1.05738024944644
"rs1031223"	0.833606570781455	348	1.11804429484609
"rs1652581"	0.833613074934988	348	1.06830523109636
"rs1652611"	0.833613074934988	348	1.06830523109636
"rs1652623"	0.833613074934988	348	1.06830523109636
"rs1652789"	0.833613074934988	348	1.06830523109636
"rs2110413"	0.833647053144702	348	0.96021479485336
"rs898607"	0.833675042589787	348	1.08186825562533
"rs304452"	0.8336803776301	348	0.971138989381635
"rs1233491"	0.833680631902389	348	0.942338067534923
"rs1245478"	0.833680631902389	348	0.942338067534923
"rs1249826"	0.833680631902389	348	0.942338067534923
"rs1259037"	0.833680631902389	348	0.942338067534923
"rs1259356"	0.833680631902389	348	0.942338067534923
"rs1259956"	0.833680631902389	348	0.942338067534923
"rs1260331"	0.833680631902389	348	0.942338067534923
"rs1260988"	0.833680631902389	348	0.942338067534923
"rs1262203"	0.833680631902389	348	0.942338067534923
"rs1262212"	0.833680631902389	348	0.942338067534923
"rs322573"	0.833701956498034	348	0.904553799859276
"rs466632"	0.833713125497996	348	1.05334025800619
"rs412307"	0.833720294219128	348	1.04225296275336
"rs412310"	0.833720294219128	348	1.04225296275336
"rs1608974"	0.833766311075093	348	0.947778246563944
"rs1608977"	0.833766311075093	348	0.947778246563944
"rs1608988"	0.833766311075093	348	0.947778246563944
"rs1609001"	0.833766311075093	348	0.947778246563944
"rs1619597"	0.833803065710882	348	0.96569708520471
"rs1949030"	0.833823096177556	348	1.04046183753469
"rs575204"	0.833848512962732	348	0.958356924920206
"rs1626096"	0.833854808788624	348	1.06680440658218
"rs324515"	0.833861283865774	348	1.03528757613302
"rs1370824"	0.8338890728552	348	1.04206303169012
"rs756722"	0.833902467575184	348	0.948942172799443
"rs1104623"	0.833960602404511	348	0.96024925044264
"rs891382"	0.833965016156813	348	0.949213565222407
"rs736970"	0.833989989960822	348	0.952435991381938
"rs1125989"	0.833996779010132	348	0.95232670137099
"rs465029"	0.834034546751323	348	1.03881742230724
"rs465053"	0.834034546751323	348	1.03881742230724
"rs1354325"	0.834034954026523	348	0.964572980031772
"rs503915"	0.834053668555684	348	0.972005994170262
"rs1168763"	0.834060564520167	348	0.960277624767843
"rs1850787"	0.834081503576051	348	0.971611646995826
"rs1825947"	0.834106842280637	348	0.959706580822577
"rs846284"	0.834140984805825	348	1.03001232285263
"rs1987448"	0.834145208650674	348	0.973837170266723
"rs2170327"	0.834145612163529	348	0.973129021733757
"rs1786295"	0.834147054818142	348	1.063792543249
"rs1017855"	0.834176962996994	348	1.06832881160736
"rs1017885"	0.834176962996994	348	1.06832881160736
"rs1017916"	0.834176962996994	348	1.06832881160736
"rs1017945"	0.834176962996994	348	1.06832881160736
"rs1017948"	0.834176962996994	348	1.06832881160736
"rs1017954"	0.834176962996994	348	1.06832881160736
"rs1125040"	0.834201174919162	348	0.921451780187148
"rs99783"	0.834243624774211	348	0.950218273645224
"rs63740"	0.834276594017383	348	1.04962200575003
"rs1354823"	0.834292027091877	348	0.952675001352703
"rs1881135"	0.834357755914808	348	0.956436524517662
"rs1881136"	0.834357755914808	348	0.956436524517662
"rs1881137"	0.834357755914808	348	0.956436524517662
"rs133943"	0.834413348841537	348	0.975250005042555
"rs133944"	0.834413348841537	348	0.975250005042555
"rs133945"	0.834413348841537	348	0.975250005042555
"rs133946"	0.834413348841537	348	0.975250005042555
"rs133950"	0.834413348841537	348	0.975250005042555
"rs913796"	0.834453840421086	348	1.05227340756141
"rs914294"	0.834453840421086	348	1.05227340756141
"rs914222"	0.834453840421086	348	1.05227340756141
"rs914228"	0.834453840421086	348	1.05227340756141
"rs914231"	0.834453840421086	348	1.05227340756141
"rs914249"	0.834453840421086	348	1.05227340756141
"rs914261"	0.834453840421086	348	1.05227340756141
"rs914264"	0.834453840421086	348	1.05227340756141
"rs914267"	0.834453840421086	348	1.05227340756141
"rs914270"	0.834453840421086	348	1.05227340756141
"rs914303"	0.834453840421086	348	1.05227340756141
"rs914315"	0.834453840421086	348	1.05227340756141
"rs914327"	0.834453840421086	348	1.05227340756141
"rs914339"	0.834453840421086	348	1.05227340756141
"rs914342"	0.834453840421086	348	1.05227340756141
"rs914282"	0.834453840421086	348	1.05227340756141
"rs914288"	0.834453840421086	348	1.05227340756141
"rs914312"	0.834453840421086	348	1.05227340756141
"rs914336"	0.834453840421086	348	1.05227340756141
"rs914345"	0.834453840421086	348	1.05227340756141
"rs914351"	0.834453840421086	348	1.05227340756141
"rs914354"	0.834453840421086	348	1.05227340756141
"rs914141"	0.834453840421086	348	1.05227340756141
"rs454260"	0.834455263876073	348	1.0891104843067
"rs628343"	0.834467943358156	348	0.944349657397598
"rs1103464"	0.834485023137243	348	1.08711306443862
"rs1103533"	0.834485023137243	348	1.08711306443862
"rs2089600"	0.834518532230209	348	1.04236271626603
"rs1948911"	0.834598612431903	348	0.964366174566662
"rs1700578"	0.834618287664935	348	1.04405423696342
"rs1701727"	0.834618287664935	348	1.04405423696342
"rs2160921"	0.83462426506003	348	1.03317687037645
"rs1580113"	0.834656671938738	348	1.04399503426524
"rs491771"	0.834665507076234	348	1.05241082096269
"rs1610498"	0.834712863226963	348	1.06175189856199
"rs1720549"	0.83482836614014	348	1.05151786794211
"rs1039977"	0.834831957194319	348	0.940248046764532
"rs227145"	0.834840741205219	348	1.06985712716773
"rs361226"	0.834862708717311	348	1.04583459206348
"rs1987871"	0.834891208698376	348	0.963779111427937
"rs1552848"	0.834975888875229	348	1.04610837382018
"rs932875"	0.834976906691709	348	0.961585301533215
"rs354056"	0.834992443999874	348	1.04381624850868
"rs354064"	0.834992443999874	348	1.04381624850868
"rs354071"	0.834992443999874	348	1.04381624850868
"rs825810"	0.835002322454731	348	0.962351632466852
"rs825846"	0.835002322454731	348	0.962351632466852
"rs825771"	0.835002322454737	348	0.962351632466853
"rs825774"	0.835002322454737	348	0.962351632466853
"rs825777"	0.835002322454737	348	0.962351632466853
"rs825795"	0.835002322454737	348	0.962351632466853
"rs825798"	0.835002322454737	348	0.962351632466853
"rs825804"	0.835002322454737	348	0.962351632466853
"rs825807"	0.835002322454737	348	0.962351632466853
"rs825813"	0.835002322454737	348	0.962351632466853
"rs31301"	0.835033861637315	348	0.91209323239447
"rs301005"	0.83504808667643	348	1.03110763739961
"rs1801932"	0.83506373861224	348	0.924210109509409
"rs1748718"	0.835077488332571	348	0.951064902988566
"rs120639"	0.835079707079411	348	0.954479814807253
"rs1388552"	0.835090437250959	348	1.05375247671072
"rs306011"	0.835112392264377	348	0.956819866263946
"rs1093527"	0.835138151525291	348	1.05177717387824
"rs1813452"	0.835141817416458	348	0.910519689663022
"rs1813554"	0.835141817416458	348	0.910519689663022
"rs395416"	0.83515963797139	348	0.950675108505932
"rs1575342"	0.835175992553888	348	0.963566598547761
"rs1979566"	0.835178660072469	348	0.988727028021189
"rs1114180"	0.835208029012166	348	1.02886257651548
"rs324400"	0.835209795342326	348	1.046387238013
"rs258559"	0.835210345263622	348	0.96807207015016
"rs2041140"	0.835273375987744	348	0.966929885740524
"rs2041143"	0.835273375987744	348	0.966929885740524
"rs2041152"	0.835273375987744	348	0.966929885740524
"rs2041155"	0.835273375987744	348	0.966929885740524
"rs2041161"	0.835273375987744	348	0.966929885740524
"rs38982"	0.835282735827679	348	0.939595984027855
"rs2084163"	0.835300169014513	348	1.02599010684476
"rs2204009"	0.835309656681297	348	0.956902033638619
"rs43502"	0.835316376361116	348	1.03941289563778
"rs43506"	0.835316376361116	348	1.03941289563778
"rs1472816"	0.835362710877725	348	1.04299736937954
"rs1317635"	0.835378492619968	348	0.933939580117877
"rs544289"	0.835388394696996	348	0.962263376377837
"rs912044"	0.835459868044697	348	0.947712570779331
"rs912062"	0.835459868044697	348	0.947712570779331
"rs1840664"	0.835476958002278	348	0.95657203682647
"rs134129"	0.835516150803268	348	0.967797441470237
"rs2058349"	0.835527773408712	348	1.03782377349595
"rs839594"	0.835540207072331	348	1.04794388633928
"rs839624"	0.835540207072331	348	1.04794388633928
"rs839641"	0.835540207072331	348	1.04794388633928
"rs839693"	0.835540207072331	348	1.04794388633928
"rs839699"	0.835540207072331	348	1.04794388633928
"rs646892"	0.835546112718897	348	0.945128906165367
"rs1883585"	0.83558068764921	348	0.942404539008955
"rs658995"	0.835580914903338	348	0.944896513841093
"rs2051234"	0.835598953040589	348	0.89802731672158
"rs813997"	0.83559895304059	348	0.898027316721579
"rs815450"	0.83559895304059	348	0.898027316721579
"rs212387"	0.835598953040591	348	0.898027316721581
"rs1780565"	0.835598953040591	348	0.898027316721581
"rs1780571"	0.835598953040591	348	0.898027316721581
"rs1780573"	0.835598953040591	348	0.898027316721581
"rs1907288"	0.835598953040591	348	0.898027316721581
"rs1907467"	0.835598953040591	348	0.898027316721581
"rs2202750"	0.835598953040591	348	0.898027316721581
"rs1906937"	0.835598953040591	348	0.898027316721579
"rs1907025"	0.835598953040591	348	0.898027316721579
"rs1907098"	0.835598953040591	348	0.898027316721579
"rs1323853"	0.835612010184064	348	0.967322764775122
"rs2161396"	0.835658822278743	348	1.03603242795783
"rs2156788"	0.835658822278744	348	1.03603242795783
"rs893346"	0.835678866316486	348	0.950402549165771
"rs829468"	0.835724886951812	348	1.03323670429211
"rs485039"	0.835750478601119	348	1.02681579994892
"rs1962086"	0.83575087112544	348	0.954658323682094
"rs1649346"	0.835850443545952	348	0.967843881588636
"rs1883497"	0.835874530981148	348	0.931829716363675
"rs602264"	0.835913921196715	348	1.07687703495698
"rs227551"	0.835916138161365	348	1.04584809041758
"rs227557"	0.835916138161365	348	1.04584809041758
"rs227632"	0.835916138161365	348	1.04584809041758
"rs227641"	0.835916138161365	348	1.04584809041758
"rs227656"	0.835916138161365	348	1.04584809041758
"rs227504"	0.835916138161444	348	1.04584809041756
"rs2209226"	0.83596100345966	348	0.86734963044366
"rs584075"	0.835987090334667	348	0.95034057778098
"rs584068"	0.835987090334695	348	0.950340577780988
"rs584069"	0.835987090334695	348	0.950340577780988
"rs584070"	0.835987090334695	348	0.950340577780988
"rs584071"	0.835987090334695	348	0.950340577780988
"rs89879"	0.836071724488871	348	0.989101176619742
"rs100264"	0.836079588680766	348	0.984680237071909
"rs2055081"	0.836090190135955	348	1.0507499488956
"rs598376"	0.836093485355913	348	1.04497329870722
"rs1675806"	0.836098302053945	348	0.957291038284289
"rs1014711"	0.836123735528285	348	0.987005154826085
"rs1899432"	0.83613498565492	348	0.95072170494843
"rs540067"	0.836145453371327	348	1.03646673527084
"rs155163"	0.836155547521698	348	1.02222191881765
"rs304599"	0.836202208306628	348	1.02204477266824
"rs1064257"	0.836225759931739	348	1.05468317467348
"rs1064705"	0.836225759931739	348	1.05468317467348
"rs1093021"	0.836252178216688	348	1.05664128074911
"rs776355"	0.836287516718431	348	0.94912900453455
"rs149345"	0.836289477892746	348	1.04596652286734
"rs1488185"	0.836291501450149	348	0.985184218527395
"rs235807"	0.836298487821885	348	0.927232470131803
"rs235817"	0.836298487821885	348	0.927232470131803
"rs235820"	0.836298487821885	348	0.927232470131803
"rs235823"	0.836298487821885	348	0.927232470131803
"rs235824"	0.836298487821885	348	0.927232470131803
"rs235826"	0.836298487821885	348	0.927232470131803
"rs235829"	0.836298487821885	348	0.927232470131803
"rs1769302"	0.836307491996566	348	1.03389901365043
"rs1131576"	0.83632821544807	348	1.03648560626288
"rs636336"	0.836333246949489	348	1.05974652466576
"rs1450121"	0.836349439833841	348	1.11685987030858
"rs467373"	0.836378909045388	348	1.03968796831162
"rs1907673"	0.836399380361547	348	1.03117272401951
"rs913362"	0.836405055324824	348	1.04770677174942
"rs783283"	0.836405925477971	348	0.920784277602157
"rs1343543"	0.836441974062154	348	1.04301757055682
"rs448752"	0.836468133053083	348	0.988883689783622
"rs448756"	0.836468133053083	348	0.988883689783622
"rs818106"	0.836476798329389	348	1.05009224261549
"rs1978555"	0.836506798166234	348	0.939815693722595
"rs857846"	0.836529163264583	348	0.978191955183518
"rs1342285"	0.836536311746739	348	0.966170906798186
"rs900348"	0.836541549737132	348	1.04575560139877
"rs349729"	0.836544967939065	348	1.03415307148187
"rs1688109"	0.836552889284783	348	0.961136469229259
"rs1776609"	0.836565934510626	348	1.04244293902843
"rs354466"	0.836583268215155	348	0.973242370085994
"rs214412"	0.836601441719971	348	1.06744075825578
"rs2157840"	0.836633470337073	348	0.972198386787988
"rs1859171"	0.836701397026602	348	1.05164591835218
"rs2075564"	0.83672443709681	348	0.954526516891239
"rs1883003"	0.83678811046846	348	0.932275568481175
"rs1883034"	0.83678811046846	348	0.932275568481175
"rs1883126"	0.83678811046846	348	0.932275568481175
"rs1883252"	0.83678811046846	348	0.932275568481175
"rs1564431"	0.836808557204756	348	0.962487535964068
"rs1564443"	0.836808557204756	348	0.962487535964068
"rs952860"	0.836846451397188	348	0.931996641096713
"rs953453"	0.836846451397191	348	0.931996641096715
"rs954785"	0.836846451397191	348	0.931996641096715
"rs2209293"	0.836899963461361	348	1.05352777002513
"rs851001"	0.83690584989085	348	0.951768221851696
"rs57189"	0.836937560107628	348	0.954047032383895
"rs57198"	0.836937560107628	348	0.954047032383895
"rs57201"	0.836937560107628	348	0.954047032383895
"rs57204"	0.836937560107628	348	0.954047032383895
"rs2093772"	0.836955440438741	348	1.0397781403393
"rs35214"	0.836984579980675	348	0.949206276580061
"rs1447874"	0.837004989085899	348	0.968533453199743
"rs1162983"	0.837032959601972	348	1.02959051295577
"rs1162992"	0.837032959601972	348	1.02959051295577
"rs540127"	0.837042167904919	348	1.04332270394422
"rs540139"	0.837042167904919	348	1.04332270394422
"rs396366"	0.837044312706527	348	0.950131454039936
"rs305620"	0.837089094359684	348	1.06503829770611
"rs1578881"	0.837119140859408	348	0.952754773489376
"rs83276"	0.837119958074025	348	0.96107024449734
"rs944558"	0.837133058444532	348	0.961525158690798
"rs2003475"	0.837175858868994	348	0.972885313366494
"rs621542"	0.837241658098198	348	0.959139118278463
"rs2110367"	0.837263587778701	348	0.955806764646867
"rs806710"	0.837265929355836	348	1.05053781427435
"rs1118753"	0.837283112773131	348	1.04197470588334
"rs1130180"	0.837314084110778	348	1.05458418494143
"rs1130190"	0.837314084110778	348	1.05458418494143
"rs1130196"	0.837314084110778	348	1.05458418494143
"rs1130216"	0.837314084110778	348	1.05458418494143
"rs1130244"	0.837314084110778	348	1.05458418494143
"rs2110371"	0.837358906825267	348	0.955869568790593
"rs353536"	0.837369881917861	348	1.04648517841924
"rs358916"	0.837369881917861	348	1.04648517841924
"rs817718"	0.837407896403855	348	0.973219926902085
"rs817721"	0.837407896403855	348	0.973219926902085
"rs817730"	0.837407896403855	348	0.973219926902085
"rs817787"	0.837407896403855	348	0.973219926902085
"rs817790"	0.837407896403855	348	0.973219926902085
"rs909869"	0.837435606132758	348	1.04671486106404
"rs909911"	0.837435606132758	348	1.04671486106404
"rs909920"	0.837435606132758	348	1.04671486106404
"rs909929"	0.837435606132758	348	1.04671486106404
"rs909944"	0.837435606132758	348	1.04671486106404
"rs909953"	0.837435606132758	348	1.04671486106404
"rs533511"	0.837548525789832	348	0.967158675228384
"rs2033629"	0.837560907128025	348	0.9899401920439
"rs1531351"	0.837566466876169	348	1.03929991701188
"rs1309965"	0.837569952134849	348	1.04699277736376
"rs229024"	0.837580249327157	348	0.893499524320708
"rs288309"	0.837583713243556	348	0.954128460395696
"rs1978730"	0.837610383251641	348	0.960006534053208
"rs2118004"	0.837672885876748	348	1.04059025409475
"rs1881497"	0.837673662808752	348	0.956763273139086
"rs1739422"	0.837715053052305	348	1.03593568564374
"rs1739427"	0.837715053052305	348	1.03593568564374
"rs1739434"	0.837715053052305	348	1.03593568564374
"rs2160880"	0.837747193491851	348	1.03535610879658
"rs143829"	0.837754079449981	348	1.04156499950404
"rs580300"	0.837759037423607	348	0.927304049876841
"rs148932"	0.837762189527246	348	1.01355803684163
"rs120932"	0.837775681238023	348	1.03480556633573
"rs1440321"	0.837791802060778	348	0.954414329426444
"rs899673"	0.83780806783766	348	0.87125826446193
"rs8389"	0.837812521110883	348	1.05111594521462
"rs1317795"	0.83788228471203	348	1.04502037363642
"rs1928140"	0.837885315183741	348	1.06253873162313
"rs891018"	0.837890188306882	348	1.05337991804575
"rs891262"	0.837890188306882	348	1.05337991804575
"rs1356444"	0.837932649879755	348	1.05031093318217
"rs2203148"	0.83794512058965	348	0.958009897081085
"rs701835"	0.837947281040959	348	1.03265275541447
"rs1777024"	0.837950869506774	348	1.04176658007763
"rs1146242"	0.837966612918137	348	1.06361199742442
"rs349307"	0.837966774244257	348	1.05420640318029
"rs842899"	0.83800726982167	348	0.948793070611234
"rs1610660"	0.838020590676488	348	1.04792202892723
"rs729754"	0.838042813062543	348	0.95709456442493
"rs2119747"	0.838066493824533	348	0.976657596083539
"rs2081161"	0.838071058604125	348	0.955421427085696
"rs1754334"	0.83809165636295	348	0.962428278489984
"rs1962943"	0.838091876219889	348	1.0404442515527
"rs492626"	0.838110593961585	348	1.03492292023534
"rs634407"	0.838120195625952	348	1.04856448575852
"rs1907363"	0.838120550060805	348	1.03383676551106
"rs1907366"	0.838120550060805	348	1.03383676551106
"rs1610479"	0.8381431713968	348	1.05079704843653
"rs326929"	0.838179006414945	348	0.956905186858365
"rs1575055"	0.838179979780297	348	0.96785856618888
"rs1841327"	0.83818113758742	348	1.02938022826447
"rs1847209"	0.838189128529681	348	0.957000034718248
"rs149675"	0.83820840821503	348	1.04547862306113
"rs651552"	0.838234773346939	348	1.07963664262717
"rs1617187"	0.838237974383297	348	1.06840452317851
"rs1720570"	0.838259087388956	348	0.953432404644289
"rs699813"	0.838259870275594	348	0.95289783987136
"rs1894114"	0.838308973677385	348	1.03309204361893
"rs2172571"	0.838333079407498	348	0.973744220798703
"rs542873"	0.838376343790283	348	1.03531059907033
"rs165968"	0.838403220329494	348	1.04830252581231
"rs1431933"	0.83841389198939	348	1.0148153339531
"rs22925"	0.838419233263581	348	0.9538293529784
"rs1117641"	0.838421136245142	348	1.0560844327035
"rs886253"	0.838451457065058	348	1.04349565530475
"rs1350602"	0.838462470466349	348	0.865449499445914
"rs381477"	0.838489132669683	348	1.05600235567721
"rs532470"	0.83849558865834	348	1.03456682520507
"rs871154"	0.838529117761318	348	1.03468651928343
"rs1670575"	0.838560323942078	348	0.956056556458835
"rs828135"	0.838604325780898	348	1.04961141666
"rs828169"	0.838604325780898	348	1.04961141666
"rs424601"	0.838648920205353	348	0.983979213628503
"rs1609764"	0.838651966858672	348	1.0360549446145
"rs1609770"	0.838651966858672	348	1.0360549446145
"rs2075129"	0.838678240931109	348	0.963229282679199
"rs1390848"	0.838701858476155	348	0.931801710140958
"rs634369"	0.838703773997685	348	1.15833388426413
"rs634378"	0.838703773997685	348	1.15833388426413
"rs2055884"	0.838703773997694	348	1.15833388426412
"rs907311"	0.838703773997699	348	0.863308941907792
"rs1020029"	0.838703773997699	348	0.863308941907792
"rs1962574"	0.838703773997699	348	0.863308941907792
"rs1962635"	0.838703773997699	348	0.863308941907792
"rs1962651"	0.838703773997699	348	0.863308941907792
"rs1963149"	0.838703773997699	348	0.863308941907792
"rs1963633"	0.838703773997699	348	0.863308941907792
"rs1963636"	0.838703773997699	348	0.863308941907792
"rs1963915"	0.838703773997699	348	0.863308941907792
"rs1964051"	0.838703773997699	348	0.863308941907792
"rs1964333"	0.838703773997699	348	0.863308941907792
"rs1964358"	0.838703773997781	348	0.213195647330311
"rs1964417"	0.838703773997781	348	0.213195647330311
"rs275586"	0.838703773998845	348	7.69152754065159
"rs280868"	0.838703773998845	348	7.69152754065159
"rs281529"	0.838703773998845	348	7.69152754065159
"rs1633252"	0.838703773998845	348	7.69152754065159
"rs1633259"	0.838703773998845	348	7.69152754065159
"rs857844"	0.83871126647827	348	0.978482523821707
"rs842712"	0.8387620585539	348	0.961578617054671
"rs1692487"	0.838766084981515	348	1.04591670455616
"rs1337617"	0.838775767053098	348	1.06157145650558
"rs2059232"	0.83877960912974	348	1.56346937973042
"rs225537"	0.838808667294604	348	0.923293209476236
"rs2089376"	0.838818683588971	348	1.05011951711592
"rs68210"	0.838822752932165	348	1.04215175001176
"rs1932828"	0.838829336502528	348	0.95707757668693
"rs1618673"	0.838865576290943	348	1.04293752910799
"rs535305"	0.838878473262249	348	0.87257881971016
"rs1962249"	0.838893234950735	348	1.04201776986094
"rs1962251"	0.838893234950735	348	1.04201776986094
"rs1962256"	0.838893234950735	348	1.04201776986094
"rs1962257"	0.838893234950735	348	1.04201776986094
"rs1962263"	0.838893234950735	348	1.04201776986094
"rs835756"	0.838902414345514	348	1.03507344364952
"rs835878"	0.838902414345514	348	1.03507344364952
"rs685097"	0.838907527063409	348	0.964279356849187
"rs1661665"	0.838921027982983	348	1.03522068160236
"rs132706"	0.838945828863171	348	0.86529057357381
"rs1653276"	0.838948723146849	348	0.962160340052795
"rs1740522"	0.83895379003142	348	0.963741728352379
"rs1765765"	0.838974230755212	348	0.963002239603769
"rs289313"	0.838979843860048	348	0.969378623233521
"rs1205676"	0.839022754503439	348	0.973157238759412
"rs495003"	0.839031547302761	348	1.03992244613743
"rs319084"	0.839098347147755	348	1.11065302806993
"rs303801"	0.839098347147797	348	2.71245706083765
"rs839564"	0.839103082681294	348	0.966483972070874
"rs804077"	0.839137798325451	348	1.03429838384382
"rs354663"	0.839160313628978	348	1.01281013934412
"rs725266"	0.839172428663013	348	0.896722394503851
"rs725271"	0.839172428663013	348	0.896722394503851
"rs249500"	0.839181033972228	348	1.0388373990601
"rs2059149"	0.839197145715947	348	1.03956974612929
"rs2059022"	0.839212331106254	348	0.957918835381583
"rs2059024"	0.839212331106254	348	0.957918835381583
"rs485017"	0.839240454070024	348	0.958482022417429
"rs485019"	0.839240454070024	348	0.958482022417429
"rs485021"	0.839240454070024	348	0.958482022417429
"rs2010949"	0.83924195193588	348	0.964345665867689
"rs1824656"	0.839245454467669	348	1.03361830843989
"rs997625"	0.83932853934983	348	1.07349510551573
"rs297050"	0.83934814932477	348	1.05889428569722
"rs1845398"	0.839483332815267	348	0.962106265821502
"rs170744"	0.839508944506656	348	1.07164088617828
"rs1989808"	0.839518200424745	348	0.922352644859881
"rs917914"	0.839556268669799	348	0.963852657175727
"rs757600"	0.839558355936893	348	0.963216979877266
"rs1946776"	0.839599062083975	348	1.04008138151444
"rs1379021"	0.839611894118763	348	0.958255516490281
"rs1935090"	0.839622934196863	348	0.956434808066953
"rs583113"	0.839634948515858	348	0.957254115017569
"rs1121227"	0.839690680804846	348	1.05237072793898
"rs295433"	0.83971471031775	348	0.961018738938162
"rs1294202"	0.839735716180876	348	1.03328368628792
"rs2103098"	0.839745677189197	348	0.970261832984385
"rs429357"	0.839759898665687	348	1.05920215687858
"rs504060"	0.839775191658408	348	0.960005497231514
"rs581595"	0.839794512240279	348	1.0389708778629
"rs1013772"	0.839801485840108	348	1.06729591998327
"rs1680482"	0.839888299421343	348	1.03713022428106
"rs969863"	0.839894246197429	348	0.96531842549643
"rs783307"	0.83994409767232	348	0.92277379576102
"rs783355"	0.83994409767232	348	0.92277379576102
"rs111312"	0.839953648419148	348	1.05557978463326
"rs353955"	0.840036687663236	348	1.04253804342004
"rs2147552"	0.840052303518073	348	1.01698217269599
"rs1783228"	0.840072618744523	348	1.0260094735225
"rs850980"	0.840083551443384	348	1.14893952085458
"rs523625"	0.840088549817122	348	0.977584814541098
"rs1582256"	0.84013430450976	348	1.05875077424917
"rs1582364"	0.84013430450976	348	1.05875077424917
"rs628298"	0.840152738193871	348	0.946417623923992
"rs2097686"	0.840156531577776	348	1.04599524463371
"rs1672423"	0.84017236740944	348	1.02326677939577
"rs149431"	0.840208886984876	348	1.04492804563736
"rs1422341"	0.840213684645704	348	1.03302580499534
"rs2113095"	0.840266710046446	348	0.966775385240288
"rs47820"	0.840288709984055	348	0.964091859271319
"rs1365559"	0.840294314296517	348	1.04691564896334
"rs413314"	0.840302764099073	348	0.953470581912787
"rs210259"	0.840330977173875	348	1.04671154435267
"rs2101030"	0.840362457806185	348	1.03471033022271
"rs1856290"	0.840397179589532	348	0.929231538157559
"rs570235"	0.840400013149798	348	1.03676114343122
"rs1288215"	0.840411078095416	348	0.960333904061184
"rs1288250"	0.840411078095416	348	0.960333904061184
"rs1013791"	0.840426092322579	348	1.06702914657262
"rs1013801"	0.840426092322579	348	1.06702914657262
"rs811661"	0.840442145593862	348	1.06732966878545
"rs610657"	0.840458397624645	348	1.06808072896844
"rs344581"	0.840513716524608	348	0.942364326668719
"rs1167876"	0.840538469594872	348	0.950103218484729
"rs2101430"	0.840544597970002	348	1.0437394201294
"rs2101286"	0.840544597970005	348	1.0437394201294
"rs1053410"	0.840545743576505	348	0.918445449927681
"rs548828"	0.840585647544304	348	0.955602696869539
"rs1879352"	0.840593298153995	348	0.948827979536007
"rs1879364"	0.840593298153995	348	0.948827979536007
"rs1879367"	0.840593298153995	348	0.948827979536007
"rs1879376"	0.840593298153995	348	0.948827979536007
"rs1879385"	0.840593298153995	348	0.948827979536007
"rs1879409"	0.840593298153995	348	0.948827979536007
"rs1397385"	0.840621504504673	348	1.05034861789794
"rs1397396"	0.840621504504673	348	1.05034861789794
"rs1397397"	0.840621504504673	348	1.05034861789794
"rs227845"	0.840625748892958	348	0.963481609845449
"rs2134079"	0.84063758979993	348	0.970324327911346
"rs1777536"	0.840663255901335	348	0.966826275215264
"rs265197"	0.840749507667342	348	1.03302609050513
"rs1816131"	0.840755810637108	348	0.953562482655305
"rs566323"	0.840772451781604	348	1.02391557814253
"rs1264077"	0.840792615818254	348	1.0293340419379
"rs1264086"	0.840792615818254	348	1.0293340419379
"rs1136501"	0.840833148962838	348	1.04478037018718
"rs391228"	0.840876691352066	348	0.915307982390326
"rs1907607"	0.840928275440573	348	1.03879874804608
"rs540204"	0.84094676704893	348	0.967147240759408
"rs2110313"	0.840991991122835	348	0.956826634243027
"rs1751071"	0.840996983668839	348	0.942644047323573
"rs1990288"	0.841041240691585	348	0.952538426764002
"rs1990291"	0.841041240691585	348	0.952538426764002
"rs1383921"	0.841056080113549	348	1.0401103287915
"rs1880419"	0.841071114917345	348	1.02334248801077
"rs443264"	0.841130897282416	348	1.05998131233407
"rs295457"	0.841190420063484	348	1.04663258913381
"rs1737907"	0.841211050415095	348	1.04482070060655
"rs723367"	0.841250710457345	348	1.05268578023306
"rs648985"	0.841272458540338	348	1.0355469333371
"rs1335937"	0.84127252238434	348	1.04276990492366
"rs851016"	0.841275414165097	348	0.933430885081038
"rs2134801"	0.841285624356572	348	1.03747030528984
"rs2089474"	0.841290898250718	348	1.03783659407519
"rs2040017"	0.841323722116512	348	0.966045151775282
"rs496836"	0.841324743042872	348	1.05804297633412
"rs498639"	0.841324743042872	348	1.05804297633412
"rs187996"	0.841340035369401	348	1.04671967799733
"rs732329"	0.841342373776912	348	1.03902011449811
"rs732372"	0.841342373776912	348	1.03902011449811
"rs732391"	0.841342373776912	348	1.03902011449811
"rs906057"	0.841385756292739	348	4.48943965595233
"rs502308"	0.841385756292781	348	1.15447250942027
"rs727631"	0.841385756292782	348	0.866196459283522
"rs803272"	0.841385756292782	348	0.866196459283522
"rs803307"	0.841385756292782	348	0.866196459283522
"rs803311"	0.841385756292782	348	0.866196459283522
"rs803317"	0.841385756292782	348	0.866196459283522
"rs803320"	0.841385756292782	348	0.866196459283522
"rs803329"	0.841385756292782	348	0.866196459283522
"rs803330"	0.841385756292782	348	0.866196459283522
"rs803332"	0.841385756292782	348	0.866196459283522
"rs803347"	0.841385756292782	348	0.866196459283522
"rs803350"	0.841385756292782	348	0.866196459283522
"rs803356"	0.841385756292782	348	0.866196459283522
"rs803359"	0.841385756292782	348	0.866196459283522
"rs803364"	0.841385756292782	348	0.866196459283522
"rs803368"	0.841385756292782	348	0.866196459283522
"rs803380"	0.841385756292782	348	0.866196459283522
"rs803383"	0.841385756292782	348	0.866196459283522
"rs803398"	0.841385756292782	348	0.866196459283522
"rs803399"	0.841385756292782	348	0.866196459283522
"rs803404"	0.841385756292782	348	0.866196459283522
"rs803405"	0.841385756292782	348	0.866196459283522
"rs803425"	0.841385756292782	348	0.866196459283522
"rs803442"	0.841385756292782	348	0.866196459283522
"rs803410"	0.841385756292783	348	0.866196459283523
"rs803413"	0.841385756292783	348	0.866196459283523
"rs380107"	0.841385756292785	348	1.15447250942027
"rs502117"	0.841385756292785	348	1.15447250942027
"rs1889800"	0.841385756292785	348	1.15447250942027
"rs1986568"	0.841393799423251	348	1.03780787417825
"rs1688960"	0.841446051306115	348	1.05570668426905
"rs1390888"	0.841461278116082	348	0.932961403636836
"rs307335"	0.841557773994186	348	0.900701020232605
"rs552388"	0.841619163805448	348	1.01845040454067
"rs1160034"	0.841670338058376	348	0.970952488198358
"rs1160037"	0.841670338058376	348	0.970952488198358
"rs1202839"	0.841723201975947	348	1.02952895147241
"rs1396188"	0.84172434448665	348	1.03773545577365
"rs473395"	0.841740566816453	348	0.986309734040833
"rs212564"	0.841744881348655	348	0.950054794547531
"rs225783"	0.841763626862081	348	0.920747625283649
"rs824383"	0.841767078284094	348	1.01850884291643
"rs394927"	0.841824563849717	348	0.946853288701907
"rs1126332"	0.841860379546194	348	1.03562899593431
"rs126966"	0.841871234536544	348	0.953850995634533
"rs1769448"	0.841960782657109	348	1.03848228061569
"rs324340"	0.841990763440658	348	0.461847129399122
"rs324343"	0.841990763440658	348	0.461847129399122
"rs324344"	0.841990763440658	348	0.461847129399122
"rs324346"	0.841990763440658	348	0.461847129399122
"rs324349"	0.841990763440658	348	0.461847129399122
"rs825714"	0.842000843900263	348	0.959556332526883
"rs621501"	0.842054488830805	348	1.07491628945842
"rs829642"	0.842067451260012	348	1.03606193700947
"rs829648"	0.842067451260012	348	1.03606193700947
"rs829663"	0.842067451260012	348	1.03606193700947
"rs987907"	0.842080798017284	348	0.959207692320558
"rs1287698"	0.842115759439534	348	1.04226100371735
"rs1315548"	0.842118393158765	348	1.04501074449355
"rs511075"	0.842135099601521	348	1.03200667810349
"rs1602346"	0.842155143806248	348	0.94914775842337
"rs295785"	0.842175364967792	348	0.974534414184214
"rs1882200"	0.842179832006403	348	0.920508065204973
"rs1116339"	0.842198608143093	348	1.03753752990367
"rs652905"	0.842200185914329	348	1.04789172869141
"rs652793"	0.842209583186659	348	1.08428571168089
"rs1716034"	0.842215502938108	348	1.02816276719113
"rs913581"	0.842252525570105	348	0.953125529317545
"rs561424"	0.842328225117051	348	1.02730981914848
"rs3592"	0.842348291719619	348	1.04514852400861
"rs347208"	0.842368252771071	348	0.961261731258269
"rs2070494"	0.842401739954121	348	1.09028419296512
"rs1579951"	0.842402308567352	348	0.961706095113064
"rs1551354"	0.842406742095475	348	1.02167228604728
"rs1551355"	0.842406742095475	348	1.02167228604728
"rs1551362"	0.842406742095475	348	1.02167228604728
"rs603056"	0.842432756594545	348	1.05436767057539
"rs587755"	0.842440212084806	348	1.01758640474186
"rs1717421"	0.842498813363765	348	1.03519386507631
"rs790573"	0.842503698307762	348	0.984496174016333
"rs496870"	0.84251232575093	348	1.0577625204138
"rs497323"	0.84251232575093	348	1.0577625204138
"rs2131631"	0.842524098784033	348	0.957309755634737
"rs1579969"	0.842589722575544	348	0.938549708796715
"rs5148"	0.842639460057537	348	1.04598912573124
"rs1123860"	0.842663936024748	348	0.928966833780686
"rs1783210"	0.842719437983169	348	1.02814032969617
"rs2033708"	0.84272499230926	348	0.955558651624827
"rs2059699"	0.842729681109289	348	0.949022876910196
"rs2042912"	0.842736311960587	348	0.938544982740343
"rs413032"	0.842762206103265	348	0.940146017357616
"rs1565760"	0.842795886439327	348	1.03078804978125
"rs1949985"	0.84280795073969	348	0.96221244640679
"rs1480647"	0.842872622389627	348	1.06660583140042
"rs1460009"	0.84297650626369	348	0.922474110563785
"rs467572"	0.843021452412799	348	1.04047060987736
"rs356391"	0.8430223911622	348	1.04514492951676
"rs1296543"	0.843031774164129	348	1.04322870414
"rs1714989"	0.843046568293272	348	1.03388491264089
"rs1739272"	0.843090744562097	348	0.964828479259407
"rs1778739"	0.84309297251856	348	0.970890002288799
"rs1873026"	0.843106044383008	348	0.989759532661805
"rs60667"	0.843132527512786	348	0.963493819516869
"rs992109"	0.843150817235154	348	0.921552463014915
"rs861140"	0.843171526698538	348	0.9630358348337
"rs862700"	0.843171526698538	348	0.9630358348337
"rs553484"	0.843180923790615	348	0.95957564873774
"rs553568"	0.843180923790615	348	0.95957564873774
"rs553730"	0.843180923790615	348	0.95957564873774
"rs553733"	0.843180923790615	348	0.95957564873774
"rs553740"	0.843180923790615	348	0.95957564873774
"rs553742"	0.843180923790615	348	0.95957564873774
"rs553805"	0.843180923790615	348	0.95957564873774
"rs553819"	0.843180923790615	348	0.95957564873774
"rs554020"	0.843180923790615	348	0.95957564873774
"rs413066"	0.843265968851149	348	0.939921834505162
"rs306580"	0.843295981462806	348	1.07292755079903
"rs145207"	0.843315014261612	348	0.965617567487551
"rs1579194"	0.843336181754735	348	0.939323424183436
"rs128390"	0.843370668499194	348	1.08568579634848
"rs942316"	0.843381658734921	348	0.94813757952062
"rs942319"	0.843381658734921	348	0.94813757952062
"rs1013694"	0.843387509984883	348	1.06531437795477
"rs1894782"	0.843411935231771	348	0.894348628546078
"rs544754"	0.843414214114762	348	1.02995297542987
"rs149964"	0.84342668606477	348	1.03938655543163
"rs1103252"	0.843494214055569	348	1.08163905327881
"rs5105"	0.843498779939044	348	0.950855199396911
"rs6000"	0.843498779939046	348	0.950855199396912
"rs850190"	0.843503727035449	348	1.03244389163238
"rs1776954"	0.843552827121205	348	1.04005177679337
"rs267113"	0.843557977357933	348	0.943143554758894
"rs93400"	0.843570955725857	348	1.02170503295491
"rs2118076"	0.843588119493825	348	0.9570207869872
"rs2118079"	0.843588119493825	348	0.9570207869872
"rs2118082"	0.843588119493825	348	0.9570207869872
"rs2118088"	0.843588119493825	348	0.9570207869872
"rs606089"	0.843599984869011	348	1.05216737160171
"rs1898713"	0.843601399457067	348	0.971907923311868
"rs497088"	0.843615163829019	348	1.0557600181588
"rs546459"	0.843617417854775	348	1.06388217747264
"rs47529"	0.843637565366473	348	1.0410859182124
"rs1751338"	0.843653004595718	348	1.08831537416664
"rs403300"	0.843671125595652	348	1.05125623845304
"rs1551357"	0.843773309112759	348	0.971891901389666
"rs319315"	0.843792038631538	348	1.11295954603829
"rs697963"	0.843794393306391	348	0.919260785528323
"rs698122"	0.843794393306391	348	0.919260785528323
"rs1324824"	0.843794393306391	348	0.919260785528323
"rs1783357"	0.843794393306391	348	0.919260785528323
"rs556872"	0.843805182098698	348	1.17156177678893
"rs1649652"	0.843809493094014	348	0.987486369440409
"rs1095134"	0.843820911004809	348	0.948081539648607
"rs1962629"	0.843853353646816	348	0.953886792810129
"rs1962794"	0.843853353646816	348	0.953886792810129
"rs1962836"	0.843853353646816	348	0.953886792810129
"rs1962846"	0.843853353646816	348	0.953886792810129
"rs1962854"	0.843853353646816	348	0.953886792810129
"rs1962855"	0.843853353646816	348	0.953886792810129
"rs1962872"	0.843853353646818	348	0.953886792810129
"rs1962873"	0.843853353646818	348	0.953886792810129
"rs1962875"	0.843853353646818	348	0.953886792810129
"rs329263"	0.84385577906758	348	1.04123463559601
"rs1335273"	0.843903672005109	348	1.06862687258285
"rs1999303"	0.843927896432541	348	1.03036043311657
"rs213005"	0.843974674623653	348	1.04677243131818
"rs632191"	0.843975071736035	348	0.949523219871324
"rs1161375"	0.843995263735802	348	1.03782631317473
"rs553722"	0.844081684576195	348	0.959798220421336
"rs121013"	0.844086793902548	348	1.03101362533848
"rs351566"	0.84409078307844	348	0.960104404139134
"rs1836138"	0.844112280865841	348	1.09980605555209
"rs2162801"	0.844126136581318	348	0.970543329732203
"rs2162804"	0.844126136581318	348	0.970543329732203
"rs2162819"	0.844126136581318	348	0.970543329732203
"rs1676693"	0.844130023485771	348	0.957051772420947
"rs1690658"	0.844132874480068	348	0.961876258829456
"rs1553011"	0.844153127957458	348	1.0995556676125
"rs344542"	0.844156974735132	348	0.948522696706218
"rs634149"	0.844160262263595	348	0.964446412582649
"rs634167"	0.844160262263595	348	0.964446412582649
"rs830846"	0.844191833148374	348	1.04983762529005
"rs395869"	0.844196637234255	348	1.04179116120853
"rs1078938"	0.844204678729185	348	0.956634237916015
"rs1734122"	0.844240597459991	348	1.02255717503074
"rs1092922"	0.844245039735063	348	0.945416420604814
"rs216284"	0.844250157613606	348	0.971210169697316
"rs984497"	0.84436341749666	348	1.05012850666706
"rs547432"	0.844366703249208	348	1.07129497732003
"rs547434"	0.844366703249208	348	1.07129497732003
"rs547393"	0.844366703249209	348	1.07129497732003
"rs1777413"	0.844368895580878	348	1.02488465697577
"rs1533767"	0.844382672549477	348	1.04392092216235
"rs853480"	0.844418938539129	348	1.07062167049486
"rs149524"	0.844488623329142	348	1.04358280853507
"rs1171752"	0.844509528030567	348	1.06869734277813
"rs1199676"	0.84452213031312	348	0.972073906934183
"rs1942395"	0.844560290789839	348	1.03922225694766
"rs1579058"	0.844565625266088	348	0.939430618453928
"rs1579208"	0.844565625266088	348	0.939430618453928
"rs1394940"	0.844590164332205	348	1.05902501135127
"rs1897994"	0.844594155268477	348	1.03414890189325
"rs1824701"	0.844598431315504	348	0.941753763474325
"rs1104287"	0.844623833435892	348	0.964761332338044
"rs1847216"	0.844633883274284	348	0.958706059112173
"rs1737454"	0.8446387670815	348	0.930046838482633
"rs1737710"	0.8446387670815	348	0.930046838482633
"rs1156704"	0.844661448144214	348	0.968855481447113
"rs149961"	0.844664410090461	348	1.03905597183489
"rs149963"	0.844664410090461	348	1.03905597183489
"rs1381564"	0.844682170250512	348	1.05240542479092
"rs1381600"	0.844682170250512	348	1.05240542479092
"rs1166961"	0.844743045362101	348	0.973367033503676
"rs994446"	0.844755764234174	348	0.969089596675
"rs1515863"	0.844758758287144	348	0.987890860548356
"rs646784"	0.844765807499296	348	1.06494020965632
"rs145807"	0.84479468596246	348	1.02196161532874
"rs145860"	0.84479468596246	348	1.02196161532874
"rs1575099"	0.844829532949257	348	1.07441641495964
"rs485052"	0.844832908955726	348	0.977182787786793
"rs294514"	0.844887668884071	348	0.96272822653359
"rs113420"	0.844889567956855	348	0.982303656175069
"rs1980037"	0.844897473701882	348	1.05263214626867
"rs1287375"	0.844898022852483	348	1.0170836964233
"rs1735027"	0.844919989451168	348	1.0359711205852
"rs47424"	0.844923840488302	348	0.990396199815244
"rs548105"	0.844975026532839	348	1.03270166199852
"rs548106"	0.844975026532839	348	1.03270166199852
"rs548108"	0.844975026532839	348	1.03270166199852
"rs1544486"	0.844979074160031	348	1.04816902926986
"rs1315962"	0.845001091169541	348	1.04953105622065
"rs389526"	0.845008430889529	348	0.966578807335026
"rs389527"	0.845008430889529	348	0.966578807335026
"rs389532"	0.845008430889529	348	0.966578807335026
"rs305458"	0.845041862516245	348	0.963921942480276
"rs1599111"	0.845062136352017	348	0.97337930349924
"rs297951"	0.845080177087832	348	0.969057980629156
"rs1734408"	0.845108548085021	348	1.03706558090679
"rs1734413"	0.845108548085021	348	1.03706558090679
"rs460786"	0.845175379971733	348	1.01317379486927
"rs411816"	0.845179930091587	348	0.968141943046848
"rs2160016"	0.845197587980149	348	1.01950697258139
"rs2119754"	0.845224663701573	348	0.977967524073257
"rs2119757"	0.845224663701573	348	0.977967524073257
"rs2119759"	0.845224663701573	348	0.977967524073257
"rs2119760"	0.845224663701573	348	0.977967524073257
"rs475550"	0.845225758028054	348	0.953825675910966
"rs475736"	0.845225758028054	348	0.953825675910966
"rs695584"	0.84523262497468	348	1.04684353992695
"rs1749388"	0.845257240823782	348	1.06786142414133
"rs933679"	0.84527744734697	348	1.03914380710165
"rs943804"	0.845308584623639	348	0.954264628520554
"rs1103802"	0.845374293046296	348	0.956653560510707
"rs2109977"	0.845377058381597	348	0.659555918596504
"rs1738776"	0.845400501538258	348	0.965146537757515
"rs856780"	0.845406271339598	348	1.02787681801278
"rs945525"	0.845466997373877	348	0.961479000468483
"rs945967"	0.845466997373877	348	0.961479000468483
"rs946697"	0.845466997373877	348	0.961479000468483
"rs627913"	0.845480563684442	348	1.05858664399144
"rs71049"	0.845510651434856	348	1.04106110808266
"rs633686"	0.845517112090344	348	1.03579939028305
"rs830998"	0.845526772148853	348	0.896145101837574
"rs852941"	0.84554556958334	348	0.956438739194589
"rs1020908"	0.845573040692547	348	0.903344812669598
"rs1021473"	0.845573040692547	348	0.903344812669598
"rs1621329"	0.845573040692548	348	0.903344812669598
"rs9333"	0.845573040692548	348	0.903344812669599
"rs583392"	0.845573040692548	348	0.903344812669599
"rs583569"	0.845573040692548	348	0.903344812669599
"rs1039811"	0.845573040692548	348	0.903344812669599
"rs1394937"	0.845573040692548	348	0.903344812669599
"rs500864"	0.845573040692549	348	0.903344812669599
"rs2154898"	0.845586956098811	348	0.970728985561695
"rs1287492"	0.845607968884155	348	1.04470438261213
"rs995010"	0.845626434539059	348	0.948717534540421
"rs553216"	0.845638405661325	348	1.03211116383175
"rs618886"	0.845645854054926	348	1.03961977118274
"rs618889"	0.845645854054926	348	1.03961977118274
"rs1162315"	0.845674131017558	348	0.973195498145369
"rs496357"	0.845758746037302	348	0.947873181534697
"rs496361"	0.845758746037302	348	0.947873181534697
"rs496371"	0.845758746037302	348	0.947873181534697
"rs496375"	0.845758746037302	348	0.947873181534697
"rs496384"	0.845758746037302	348	0.947873181534697
"rs561251"	0.845762914839709	348	1.03957574414106
"rs277909"	0.845790282131072	348	1.02585623438162
"rs1978540"	0.845794072511453	348	1.03749952464869
"rs1978560"	0.845794072511453	348	1.03749952464869
"rs568801"	0.845824599970995	348	1.03845794635953
"rs1117832"	0.84582993410237	348	0.957511241216954
"rs1117833"	0.84582993410237	348	0.957511241216954
"rs1117835"	0.84582993410237	348	0.957511241216954
"rs1117836"	0.84582993410237	348	0.957511241216954
"rs1117848"	0.84582993410237	348	0.957511241216954
"rs1117851"	0.84582993410237	348	0.957511241216954
"rs1117854"	0.84582993410237	348	0.957511241216954
"rs44568"	0.845904694780093	348	0.965273005682221
"rs782958"	0.845914066094847	348	1.04102654009715
"rs1613323"	0.845926946214355	348	1.01028453188797
"rs1207610"	0.845932024133363	348	0.972717030083051
"rs1778871"	0.845942246479341	348	0.954256800053694
"rs1778898"	0.845942246479341	348	0.954256800053694
"rs1778916"	0.845942246479341	348	0.954256800053694
"rs264694"	0.845948979581165	348	0.988508038588793
"rs356950"	0.845952726925753	348	0.960040734509445
"rs228753"	0.845965583538488	348	1.04150334007298
"rs512452"	0.84598905791712	348	1.05398420496477
"rs512467"	0.84598905791712	348	1.05398420496477
"rs512519"	0.84598905791712	348	1.05398420496477
"rs512617"	0.84598905791712	348	1.05398420496477
"rs1532563"	0.845992407615702	348	1.03883644785698
"rs2122567"	0.845995771756983	348	1.04116213081447
"rs825410"	0.846006715611207	348	0.960021633516671
"rs2114431"	0.846026454596858	348	0.973695386015373
"rs1822991"	0.84603832427905	348	0.957505718452925
"rs1087873"	0.846091922147564	348	1.05089729341727
"rs2177885"	0.846097974872847	348	0.944370198694406
"rs2119964"	0.846144676815869	348	0.978901846489139
"rs294488"	0.846150667018451	348	1.04990288653428
"rs473368"	0.846179054355877	348	1.02051660953514
"rs149432"	0.84622995636649	348	1.04318063537763
"rs149465"	0.84622995636649	348	1.04318063537763
"rs548480"	0.846285719696917	348	1.03404560534894
"rs548483"	0.846285719696917	348	1.03404560534894
"rs462645"	0.846388594475177	348	1.04029770272135
"rs649382"	0.846388680676699	348	1.04032362371494
"rs154379"	0.846398893613856	348	1.02552446504302
"rs2211218"	0.846409655259072	348	0.938378990436652
"rs2211293"	0.846409655259072	348	0.938378990436652
"rs2211408"	0.846409655259072	348	0.938378990436652
"rs2211875"	0.846409655259072	348	0.938378990436652
"rs2211942"	0.846409655259072	348	0.938378990436652
"rs2212386"	0.846409655259072	348	0.938378990436652
"rs2212568"	0.846409655259072	348	0.938378990436652
"rs1145195"	0.846410811252728	348	1.03193805352639
"rs725596"	0.846438115522623	348	1.09319399669407
"rs473205"	0.846439452074688	348	1.01526895559218
"rs1326793"	0.846443055051513	348	0.960039653007672
"rs1326796"	0.846443055051513	348	0.960039653007672
"rs96650"	0.846473098346447	348	0.961650805929255
"rs999117"	0.846482555860132	348	0.967937914650116
"rs420396"	0.846487609381449	348	0.901739685320941
"rs2111618"	0.846492534569285	348	1.0119972811825
"rs2111622"	0.846492534569285	348	1.0119972811825
"rs2111624"	0.846492534569285	348	1.0119972811825
"rs2111629"	0.846492534569285	348	1.0119972811825
"rs1599102"	0.846496648975571	348	0.95341569593573
"rs149378"	0.846505365036669	348	1.04310154222586
"rs149384"	0.846505365036669	348	1.04310154222586
"rs149399"	0.846505365036669	348	1.04310154222586
"rs149404"	0.846505365036669	348	1.04310154222586
"rs149411"	0.846505365036669	348	1.04310154222586
"rs227869"	0.846510352312504	348	0.954905275545499
"rs227887"	0.846510352312504	348	0.954905275545499
"rs1115085"	0.846519142790284	348	0.974121327755883
"rs1972278"	0.846619985652237	348	0.989871689410625
"rs652239"	0.846625971109219	348	1.04387407485426
"rs1977148"	0.846699927306045	348	0.960859138640314
"rs64368"	0.84671049251088	348	0.965828566952781
"rs44499"	0.846718310398489	348	1.03669631838875
"rs1387255"	0.84674140761839	348	0.95739115299097
"rs1387268"	0.84674140761839	348	0.95739115299097
"rs1387269"	0.84674140761839	348	0.95739115299097
"rs1459392"	0.846742448425072	348	1.05100222079346
"rs1288397"	0.846760210398781	348	0.970834039836616
"rs419200"	0.846769277210943	348	1.03787901281999
"rs1963016"	0.846807079534439	348	0.971412804320144
"rs1092495"	0.846813658773819	348	0.960543607986653
"rs1092507"	0.846813658773819	348	0.960543607986653
"rs211216"	0.846906172351211	348	1.03672078799253
"rs1637111"	0.846941757768527	348	1.01472278625386
"rs1114982"	0.846957369245181	348	1.02862394336271
"rs253718"	0.846969583066536	348	1.06644590477126
"rs1976894"	0.847022954791785	348	0.957334282649675
"rs1116569"	0.84706615241461	348	1.04283600258262
"rs1116636"	0.84706615241461	348	1.04283600258262
"rs1116780"	0.847066152414613	348	1.04283600258262
"rs1116789"	0.847066152414613	348	1.04283600258262
"rs534015"	0.847073594219111	348	1.03248852300524
"rs137744"	0.847110117686426	348	0.966419560120956
"rs418946"	0.847118413815101	348	0.955385636322527
"rs1845399"	0.847120751952407	348	1.04458811107921
"rs688580"	0.847147145321309	348	1.03757942108372
"rs954378"	0.847159820752803	348	1.05770851042576
"rs953982"	0.847159820752827	348	1.05770851042575
"rs954011"	0.847159820752839	348	1.05770851042575
"rs1357147"	0.847171194339186	348	0.945732421909417
"rs131406"	0.847181162400495	348	1.04475821928352
"rs2119063"	0.847194180794033	348	1.03105611253651
"rs70209"	0.84726221577939	348	1.00941733510192
"rs907572"	0.847284519048789	348	1.04853524400957
"rs907574"	0.847284519048789	348	1.04853524400957
"rs907578"	0.847284519048789	348	1.04853524400957
"rs907584"	0.847284519048789	348	1.04853524400957
"rs1532644"	0.84730992920213	348	1.03339055552058
"rs327088"	0.847310024842059	348	1.04197148278298
"rs699749"	0.847326679801947	348	0.988957151212341
"rs1655608"	0.847330150581872	348	1.04580778671888
"rs1708755"	0.847333490548551	348	1.02307814984171
"rs129350"	0.84735450203878	348	0.968699655210994
"rs73208"	0.847421560290531	348	1.03338161755116
"rs1616869"	0.847432213501576	348	1.02781144864276
"rs80839"	0.847432282914935	348	0.912180012685685
"rs80975"	0.847432282914935	348	0.912180012685685
"rs679189"	0.847467451318339	348	0.959499526559365
"rs457406"	0.847510861373336	348	1.0703767514218
"rs938777"	0.847553500061097	348	1.05768096163823
"rs359288"	0.847590367656271	348	1.04655021243429
"rs850982"	0.847595191259471	348	1.05706838923275
"rs1579198"	0.847608817282462	348	0.940523649542563
"rs1579289"	0.847608817282462	348	0.940523649542563
"rs566295"	0.8476290315253	348	0.977219280591471
"rs2172810"	0.847729267221563	348	1.0189440917323
"rs618169"	0.847778947957659	348	0.961895034768234
"rs1691505"	0.847798335324291	348	1.03670054040994
"rs1321660"	0.847815996517265	348	0.937901645725166
"rs1880357"	0.847829514531171	348	1.03873875587932
"rs2070601"	0.847852475985041	348	0.955582495915126
"rs340001"	0.847894752032552	348	0.967555755805898
"rs896727"	0.847910269618406	348	0.968089742791247
"rs226838"	0.84792560378708	348	0.971118654939763
"rs247664"	0.847935083753595	348	0.96676244022184
"rs486360"	0.847975053437733	348	1.05103238426455
"rs2150960"	0.848071498895669	348	0.948200089912783
"rs1126941"	0.848086622561128	348	0.970908183516326
"rs938747"	0.848095366378689	348	1.0575134404891
"rs938780"	0.848095366378689	348	1.0575134404891
"rs938783"	0.848095366378689	348	1.0575134404891
"rs1793398"	0.848099861288182	348	0.962736914399352
"rs159470"	0.848100538743526	348	1.02488738270799
"rs1515715"	0.848125574634774	348	0.983258704535914
"rs98583"	0.848135727728047	348	0.945374476442591
"rs2163815"	0.848140332778182	348	0.977462898088304
"rs1822313"	0.848156844247266	348	1.0818385155998
"rs1822325"	0.848156844247266	348	1.0818385155998
"rs1822343"	0.848156844247266	348	1.0818385155998
"rs1822358"	0.848156844247266	348	1.0818385155998
"rs1822361"	0.848156844247266	348	1.0818385155998
"rs1822366"	0.848156844247266	348	1.0818385155998
"rs1822370"	0.848156844247266	348	1.0818385155998
"rs1822372"	0.848156844247266	348	1.0818385155998
"rs1822463"	0.848156844247266	348	1.0818385155998
"rs1880563"	0.848164751019031	348	1.02082346253957
"rs466152"	0.848168396270337	348	0.97897957744614
"rs1064558"	0.848191694377011	348	0.975647509376095
"rs1717334"	0.848205858661278	348	0.965706168987791
"rs1717385"	0.848205858661278	348	0.965706168987791
"rs1717418"	0.848205858661278	348	0.965706168987791
"rs1717436"	0.848205858661278	348	0.965706168987791
"rs1717442"	0.848205858661278	348	0.965706168987791
"rs927500"	0.848218188032063	348	0.971492377389267
"rs717183"	0.848230342009241	348	1.07968708858939
"rs1882453"	0.848245018679712	348	0.944280165162493
"rs530651"	0.848249580156449	348	1.06607730519502
"rs456122"	0.848258939645992	348	1.04811951593129
"rs1896048"	0.848260087954077	348	0.877572121101094
"rs868125"	0.848270023417126	348	0.945117110858175
"rs785752"	0.848277982059515	348	1.03814415527674
"rs1708768"	0.84836335308641	348	0.96827785620625
"rs1708771"	0.84836335308641	348	0.96827785620625
"rs295230"	0.848443140729353	348	0.928629615321258
"rs1202198"	0.848455556036925	348	0.973232159189567
"rs639849"	0.848473421978402	348	1.0472443725891
"rs639851"	0.848473421978402	348	1.0472443725891
"rs1384242"	0.848493302744531	348	0.941700667938056
"rs139871"	0.848501809204791	348	1.05318350912927
"rs574683"	0.848509351380813	348	1.04921062356052
"rs601113"	0.848510170093927	348	1.03910148606558
"rs1578906"	0.84854276777712	348	0.955080568796972
"rs1020104"	0.848548236301859	348	0.954520641175518
"rs2093438"	0.848549531933456	348	1.03175105083189
"rs1964141"	0.848584988213792	348	0.96868252323905
"rs634918"	0.848606899915198	348	0.935409439060122
"rs857304"	0.848623237894567	348	0.968547654691596
"rs488832"	0.848633508388522	348	1.03718796738669
"rs2118832"	0.848644311966315	348	0.976158417503682
"rs611267"	0.848668770774335	348	0.965264249419575
"rs1862288"	0.848700435283307	348	1.04723148089461
"rs1488548"	0.848740436621332	348	1.01406952992862
"rs2164504"	0.848762884503804	348	0.961788182194532
"rs858051"	0.848768118924904	348	1.07473446292184
"rs159886"	0.848775824292198	348	1.09755415141514
"rs1619587"	0.848775824292207	348	1.09755415141513
"rs1638599"	0.848775824292207	348	1.09755415141513
"rs63965"	0.848779522433602	348	1.06526396454089
"rs1824314"	0.848818543141041	348	1.03192062543971
"rs240208"	0.848822856430575	348	1.04232178555035
"rs240211"	0.848822856430575	348	1.04232178555035
"rs3553"	0.848845534460438	348	0.936047734312271
"rs3574"	0.848845534460438	348	0.936047734312271
"rs3583"	0.848845534460438	348	0.936047734312271
"rs3586"	0.848845534460438	348	0.936047734312271
"rs3601"	0.848845534460438	348	0.936047734312271
"rs3616"	0.848845534460438	348	0.936047734312271
"rs3619"	0.848845534460438	348	0.936047734312271
"rs3577"	0.848845534460555	348	0.936047734312331
"rs466155"	0.848852545685665	348	1.0270382321821
"rs466159"	0.848852545685665	348	1.0270382321821
"rs466160"	0.848852545685665	348	1.0270382321821
"rs902916"	0.84886689749098	348	1.04515641634292
"rs414277"	0.848936247590774	348	0.977859980202845
"rs778528"	0.848962370128722	348	0.954723329476866
"rs737752"	0.849000408849096	348	1.04355769204939
"rs407792"	0.849023903007817	348	1.03460369207232
"rs320923"	0.84903516899219	348	0.92671040957775
"rs1067200"	0.849043439218572	348	0.977186447582663
"rs1062705"	0.849075160139099	348	1.04465872055031
"rs746336"	0.849092932634009	348	0.929570713410189
"rs2000549"	0.849097399901176	348	1.03798858876938
"rs1610671"	0.849120649506008	348	1.03866498833583
"rs966697"	0.849135481578312	348	1.0387760930947
"rs966694"	0.849135481578313	348	1.0387760930947
"rs2156924"	0.849139789254171	348	1.0330543026704
"rs1193809"	0.849182278906966	348	0.967371788667456
"rs1397429"	0.84920081284563	348	0.961993596612294
"rs1164940"	0.849205357491697	348	0.94637906879266
"rs2171181"	0.84923185932154	348	1.01275227700385
"rs508029"	0.849242440047351	348	0.963244489318251
"rs547153"	0.849306082952404	348	1.04904853972858
"rs36081"	0.849324898290485	348	0.936339311978631
"rs1739220"	0.849335360890378	348	1.06409236497727
"rs101488"	0.849350059025194	348	0.947952780871041
"rs145813"	0.849353310284907	348	0.964860566146333
"rs107586"	0.849360738912988	348	1.03336379651442
"rs714121"	0.849408663704732	348	0.969015506293217
"rs1698037"	0.849428236240268	348	0.977689462472592
"rs1703048"	0.84944044291419	348	0.967146794797839
"rs2110417"	0.849443334047728	348	0.959116599039574
"rs1395450"	0.84950900428051	348	1.04174445895506
"rs993064"	0.849514649309566	348	0.94395222588295
"rs1372682"	0.849538506346325	348	0.955716395163818
"rs1372688"	0.849538506346325	348	0.955716395163818
"rs1372691"	0.849538506346325	348	0.955716395163818
"rs1372693"	0.849538506346325	348	0.955716395163818
"rs1372702"	0.849538506346325	348	0.955716395163818
"rs471942"	0.849565854109863	348	1.03955682231044
"rs1641761"	0.849579578956886	348	1.03528156527409
"rs1130064"	0.849619630552432	348	1.03433649230766
"rs1351739"	0.849628921520042	348	0.872148139417832
"rs1139354"	0.84967890366645	348	1.06353965605702
"rs1880023"	0.849692219275966	348	1.04736880014957
"rs1352188"	0.849720139161168	348	1.03409610385159
"rs1713868"	0.849757067357037	348	0.971480835446038
"rs823970"	0.849795533284724	348	0.970449685955101
"rs1774849"	0.849828620430803	348	0.969917452104135
"rs1774852"	0.849828620430803	348	0.969917452104135
"rs1415562"	0.849897686335719	348	1.03094783926335
"rs1415569"	0.849897686335719	348	1.03094783926335
"rs1963402"	0.849922962721063	348	1.02761228319995
"rs1006135"	0.849943908499167	348	0.954385264386193
"rs128708"	0.850057476081358	348	0.968767756317803
"rs344804"	0.850083815840005	348	0.952081398849301
"rs235190"	0.850094992543031	348	1.10437191347637
"rs253535"	0.850094992543031	348	1.10437191347637
"rs487650"	0.850094992543031	348	1.10437191347637
"rs725587"	0.850094992543031	348	1.10437191347637
"rs725652"	0.850094992543031	348	1.10437191347637
"rs841268"	0.850094992543031	348	1.10437191347637
"rs1388443"	0.850094992543031	348	1.10437191347637
"rs2099469"	0.850094992543031	348	1.10437191347637
"rs2099685"	0.850094992543031	348	1.10437191347637
"rs1561611"	0.850094992543036	348	1.10437191347636
"rs1632397"	0.850094992543036	348	1.10437191347636
"rs137129"	0.850094992543043	348	1.10437191347636
"rs1618368"	0.850106668534374	348	1.02860937459226
"rs1618369"	0.850106668534374	348	1.02860937459226
"rs490199"	0.850110524301849	348	0.961785634410561
"rs557613"	0.850110601004458	348	1.05420784086914
"rs1973134"	0.850138895306251	348	0.940436245860529
"rs441205"	0.850192005364118	348	0.958246993135045
"rs343848"	0.850200540673647	348	0.94315830313184
"rs653520"	0.850215966592141	348	0.926082309751895
"rs2208041"	0.850257794791378	348	1.03542497958845
"rs902803"	0.850291446699617	348	1.02022685954202
"rs610882"	0.85029384144935	348	0.938006709989435
"rs1831801"	0.850297856077495	348	0.964717362728479
"rs344585"	0.850299847815264	348	1.056473017132
"rs921699"	0.850300923680496	348	0.968950168195769
"rs412116"	0.850334191159833	348	0.988631563973702
"rs628213"	0.850340367317907	348	1.05621533134331
"rs467785"	0.850359183293191	348	1.03500398329787
"rs467793"	0.850359183293191	348	1.03500398329787
"rs1798913"	0.850403135416044	348	0.962679883793886
"rs739031"	0.850405137769783	348	0.965691346581228
"rs147058"	0.850415097549966	348	0.969465455537561
"rs147062"	0.850415097549966	348	0.969465455537561
"rs1937678"	0.85041723580117	348	0.95737659443996
"rs627947"	0.850446240343326	348	1.05694166429056
"rs1354337"	0.850447532668773	348	1.06989824576464
"rs359065"	0.850470490415728	348	1.04150015115399
"rs787966"	0.850473479912012	348	1.03290825912159
"rs843950"	0.850534867782638	348	1.03906087504658
"rs1934254"	0.850539250634735	348	0.951054523328882
"rs1857306"	0.850555846829259	348	0.96121554242565
"rs1961868"	0.850555885167737	348	1.0372598157738
"rs1961878"	0.850555885167737	348	1.0372598157738
"rs915414"	0.850658355991218	348	0.959831137253835
"rs915431"	0.850658355991218	348	0.959831137253835
"rs1083305"	0.850680199211221	348	1.07720123384329
"rs1338192"	0.850720592811763	348	1.05338853702218
"rs272606"	0.850724942195428	348	1.03349804471049
"rs272608"	0.850724942195428	348	1.03349804471049
"rs272617"	0.850724942195428	348	1.03349804471049
"rs272638"	0.850724942195428	348	1.03349804471049
"rs1013992"	0.850730152449522	348	0.981049588063442
"rs354039"	0.850763790194393	348	0.959112019326243
"rs842391"	0.850765283446628	348	0.966110680009318
"rs1121764"	0.850767380721254	348	0.97228675876263
"rs1121768"	0.850767380721254	348	0.97228675876263
"rs1121770"	0.850767380721254	348	0.97228675876263
"rs1377338"	0.850770764023854	348	1.03916552124532
"rs1842312"	0.850789036293905	348	1.08249959044315
"rs1842315"	0.850789036293905	348	1.08249959044315
"rs1842321"	0.850789036293905	348	1.08249959044315
"rs1842336"	0.850789036293905	348	1.08249959044315
"rs1842378"	0.850789036293905	348	1.08249959044315
"rs1842384"	0.850789036293905	348	1.08249959044315
"rs1842471"	0.850789036293905	348	1.08249959044315
"rs1912953"	0.850802540956228	348	1.03022853776451
"rs1916405"	0.850802540956228	348	1.03022853776451
"rs745234"	0.850836026052446	348	1.03484615427132
"rs514044"	0.850837856908185	348	0.953123717559135
"rs1205742"	0.850916774297794	348	1.0333648762179
"rs1205747"	0.850916774297794	348	1.0333648762179
"rs1205754"	0.850916774297794	348	1.0333648762179
"rs2160853"	0.850975444409066	348	1.0323011223192
"rs1446215"	0.85097743739371	348	1.03027447876732
"rs137994"	0.85104996065451	348	1.03486307865857
"rs841216"	0.851099828793195	348	0.951949428382532
"rs1738807"	0.851100944509786	348	1.03294854939723
"rs1710966"	0.851120852193986	348	0.96599594256965
"rs1117538"	0.851125640714199	348	1.03850201200367
"rs648704"	0.851132777301183	348	0.986704984095045
"rs858834"	0.851133490091997	348	1.03049104107103
"rs228925"	0.851141760768095	348	0.964883707996148
"rs915187"	0.851148970494427	348	0.960479799489555
"rs915204"	0.851148970494427	348	0.960479799489555
"rs915205"	0.851148970494427	348	0.960479799489555
"rs915218"	0.851148970494427	348	0.960479799489555
"rs915220"	0.851148970494427	348	0.960479799489555
"rs525493"	0.851153573368348	348	1.04049136744314
"rs597924"	0.851170985628484	348	0.927072154288817
"rs307418"	0.851173164834114	348	1.05921483787214
"rs307440"	0.851173164834114	348	1.05921483787214
"rs776593"	0.851175605664122	348	1.03656790422138
"rs1011470"	0.851222892471253	348	0.934494222059204
"rs1791962"	0.851256098136074	348	0.963661375880825
"rs330586"	0.851316508449548	348	1.00977890074126
"rs283683"	0.851362508827561	348	1.02970033719488
"rs1116987"	0.851385953786403	348	0.967374371994319
"rs1664964"	0.851393847923747	348	0.959100338617532
"rs395839"	0.851429582405877	348	1.09269088511264
"rs784018"	0.851482513091626	348	1.02835461544207
"rs831007"	0.851511338719328	348	0.900664970683165
"rs745043"	0.851515963741897	348	1.0450976058099
"rs1963345"	0.851528555517467	348	0.975576224617188
"rs83807"	0.851529532526824	348	1.04423412056095
"rs751320"	0.851542272225374	348	0.966178675492417
"rs1357055"	0.851549987667638	348	1.0666834010322
"rs986376"	0.851553958416896	348	1.03353232186697
"rs986416"	0.851553958416896	348	1.03353232186697
"rs241135"	0.851573628042507	348	1.06057864889506
"rs426531"	0.851584801754562	348	1.04192454022809
"rs1783240"	0.851589325601046	348	0.976489416660132
"rs1861255"	0.851602295640157	348	1.03856943888533
"rs1987497"	0.851618710981638	348	0.946025949431765
"rs627199"	0.851619404452996	348	1.04286054509355
"rs1763606"	0.851639726043456	348	1.05332930833422
"rs1884507"	0.851690520437051	348	1.07101178398845
"rs1884831"	0.851690520437051	348	1.07101178398845
"rs1777519"	0.851699685359553	348	0.968621426736316
"rs1350986"	0.851704232280355	348	0.873199679995311
"rs553681"	0.851725999240705	348	0.961752663264071
"rs553940"	0.851725999240705	348	0.961752663264071
"rs1136969"	0.851779760625349	348	0.950680874415548
"rs1906483"	0.851806259101983	348	0.957621505255913
"rs475743"	0.85182751974499	348	0.956598793691147
"rs393214"	0.851829607949899	348	1.03390696053758
"rs393241"	0.851829607949899	348	1.03390696053758
"rs393244"	0.851829607949899	348	1.03390696053758
"rs393247"	0.851829607949899	348	1.03390696053758
"rs2170651"	0.851876209461991	348	0.979929738210917
"rs1959151"	0.851887234022418	348	0.932321387315245
"rs1376677"	0.851908903864755	348	1.03395528559592
"rs2103917"	0.851936641899788	348	1.02276024798764
"rs1885134"	0.851942721646688	348	0.94319617572314
"rs255483"	0.851950664615347	348	1.02510022371813
"rs1714011"	0.851961050544899	348	0.978433348642512
"rs2159034"	0.851967137558449	348	0.971497411403687
"rs975958"	0.85199297326796	348	0.969280806014077
"rs850502"	0.85201285044389	348	1.05272223816629
"rs1670305"	0.852069896960213	348	1.03851856470695
"rs1648530"	0.852109826778121	348	0.944551184542335
"rs1741617"	0.852112134259344	348	1.04387285080987
"rs2148802"	0.85211933955628	348	0.956053020831366
"rs1167582"	0.852201131255749	348	0.979217440046706
"rs302886"	0.85220345508358	348	1.01422124308546
"rs2110325"	0.852209363561531	348	0.959816210627849
"rs1673015"	0.852229362829277	348	0.961453932218866
"rs541603"	0.852237676352332	348	1.0409753423758
"rs2021840"	0.852306483255015	348	0.949337891454128
"rs2021873"	0.852306483255015	348	0.949337891454128
"rs2021876"	0.852306483255015	348	0.949337891454128
"rs414702"	0.852341991021396	348	1.03375619520695
"rs640825"	0.852343101647366	348	0.968298409728151
"rs1618655"	0.852377734935086	348	1.03928314815628
"rs1618795"	0.852377734935086	348	1.03928314815628
"rs385322"	0.852381844876527	348	1.03895760674775
"rs1117506"	0.852391842654907	348	1.04214918244066
"rs789876"	0.852422594795222	348	1.05405687337221
"rs326428"	0.852522735237906	348	0.957067687767285
"rs1734958"	0.852546032224457	348	1.03418359990967
"rs463062"	0.85255547514425	348	1.02999241930253
"rs1670266"	0.852562377587173	348	0.963061775765573
"rs842277"	0.852627403020282	348	1.03570919040995
"rs308126"	0.852712178789361	348	1.0413328468908
"rs866373"	0.85274325531131	348	0.975393816125401
"rs2006850"	0.852750222392137	348	1.05509407918362
"rs2006965"	0.852750222392137	348	1.05509407918362
"rs678566"	0.852764036015896	348	0.910111200819999
"rs1341855"	0.852770942696029	348	1.06285340560458
"rs1048172"	0.852776235255206	348	0.942971336367726
"rs722232"	0.852837782684896	348	1.0352636185971
"rs1554593"	0.852841793709421	348	1.03264528998008
"rs12604"	0.852886366002126	348	1.07126194227986
"rs1802339"	0.852906786211143	348	1.02908557433543
"rs745786"	0.8529515484993	348	1.04256950905328
"rs1918951"	0.852978179725125	348	0.957287889544676
"rs896736"	0.852994842633048	348	1.02469982425915
"rs896739"	0.852994842633048	348	1.02469982425915
"rs58443"	0.853031359026084	348	0.909632560091568
"rs588256"	0.85303135902609	348	0.909632560091572
"rs517665"	0.853075464230334	348	1.10781420899334
"rs1881976"	0.853075464230338	348	0.902678438209143
"rs852373"	0.85307830238872	348	0.91060530576891
"rs653204"	0.853113328181339	348	1.07826235204462
"rs839600"	0.853161550893903	348	1.04469542748869
"rs532609"	0.853176443430812	348	1.04940691276037
"rs742535"	0.853207726697442	348	1.02715928418166
"rs927461"	0.853232997743398	348	0.972433020981391
"rs97487"	0.853243403497648	348	0.970743090159126
"rs1827782"	0.853259574326426	348	0.935985915871677
"rs1793059"	0.853279326231249	348	1.03538839760204
"rs160745"	0.85328037547433	348	0.912164535235596
"rs2135063"	0.853288155240517	348	0.990520170834516
"rs68973"	0.853318058017964	348	1.04588639526425
"rs1013781"	0.853340769658129	348	1.06087106040071
"rs566622"	0.85335133266858	348	0.97365326452906
"rs1792033"	0.8533609083458	348	1.03627129401311
"rs264775"	0.853372410699824	348	0.989763102627862
"rs826990"	0.853377820984929	348	0.953962282636849
"rs621671"	0.853378674148578	348	0.967727062195216
"rs264743"	0.85338976603027	348	0.968554401918928
"rs929876"	0.853451905622138	348	1.03542344463868
"rs1118133"	0.853491595042055	348	0.959780645729692
"rs1118212"	0.853491595042098	348	0.959780645729704
"rs1858180"	0.85349504219637	348	1.08764932715406
"rs787965"	0.853503206147402	348	1.03222017922316
"rs1527060"	0.853504392683483	348	1.0072986179507
"rs830811"	0.853536211630033	348	1.05809591162173
"rs1851316"	0.853596472344203	348	0.953295173278135
"rs542117"	0.853607701487261	348	1.03379970919731
"rs852397"	0.85361909776919	348	0.91081693324796
"rs1574963"	0.85363101707702	348	1.03341138252833
"rs303497"	0.853641081543659	348	1.02408916500701
"rs1055821"	0.853662748589608	348	0.96700218298616
"rs1055822"	0.853662748589608	348	0.96700218298616
"rs1055826"	0.853662748589608	348	0.96700218298616
"rs1055828"	0.853662748589608	348	0.96700218298616
"rs1055830"	0.853662748589608	348	0.96700218298616
"rs1055840"	0.853662748589608	348	0.96700218298616
"rs1055851"	0.853662748589608	348	0.96700218298616
"rs2110992"	0.853667819895095	348	1.02127984828234
"rs2126913"	0.853674352130406	348	1.03821577967136
"rs244019"	0.853674836299546	348	0.96866357252972
"rs844060"	0.853678672974633	348	0.970279015626575
"rs844129"	0.853678672974633	348	0.970279015626575
"rs844132"	0.853678672974633	348	0.970279015626575
"rs844136"	0.853678672974633	348	0.970279015626575
"rs844138"	0.853678672974633	348	0.970279015626575
"rs844141"	0.853678672974633	348	0.970279015626575
"rs467239"	0.853702948029917	348	0.968365255741906
"rs1580103"	0.853715403209671	348	1.03898183810521
"rs927431"	0.853734351371255	348	1.03355040434353
"rs1136214"	0.853738568768943	348	1.06206070292049
"rs1136211"	0.853738568768948	348	1.06206070292048
"rs1907655"	0.853762694405914	348	0.917036401838719
"rs2157209"	0.85376396315263	348	1.03202082077213
"rs1087684"	0.853769722781662	348	0.944397493039958
"rs307495"	0.853791375301583	348	1.05807221420537
"rs307580"	0.853791375301583	348	1.05807221420537
"rs307709"	0.853791375301583	348	1.05807221420537
"rs94000"	0.853812943238979	348	1.03288840065573
"rs1040885"	0.853816126732641	348	1.06223228786148
"rs1883091"	0.853880658690981	348	1.03802571061835
"rs1883123"	0.853880658690981	348	1.03802571061835
"rs1883004"	0.853880658690981	348	1.03802571061835
"rs1883007"	0.853880658690981	348	1.03802571061835
"rs1883008"	0.853880658690981	348	1.03802571061835
"rs1013824"	0.853899722889806	348	1.06062400612369
"rs1013864"	0.853899722889806	348	1.06062400612369
"rs640867"	0.853901298371534	348	1.04730382172771
"rs1355958"	0.853905773922524	348	1.04149752397339
"rs1963317"	0.853907099320475	348	1.01971416548424
"rs1828195"	0.853966954148718	348	0.955720524147748
"rs2105540"	0.853969350547723	348	1.04159295799378
"rs2105546"	0.853969350547723	348	1.04159295799378
"rs2105555"	0.853969350547723	348	1.04159295799378
"rs2105558"	0.853969350547723	348	1.04159295799378
"rs2105561"	0.853969350547723	348	1.04159295799378
"rs2162719"	0.853973414671703	348	1.03177997749078
"rs1715787"	0.854011210062309	348	0.97436560611253
"rs763392"	0.85404773999685	348	0.979036625069898
"rs2134805"	0.854126723955773	348	1.03315491832103
"rs627876"	0.85413331544744	348	1.05534891762071
"rs1980694"	0.854136985855034	348	0.943925930298192
"rs1207205"	0.854161866742182	348	0.976918206219867
"rs1791984"	0.854173689604502	348	1.02717744219013
"rs2213597"	0.854188836828778	348	1.13206712308478
"rs1481864"	0.854189512963435	348	0.967249650817731
"rs1481869"	0.854189512963435	348	0.967249650817731
"rs1481888"	0.854189512963435	348	0.967249650817731
"rs1068649"	0.854226610854392	348	0.964035316597854
"rs1116939"	0.854245467554788	348	1.03653818884603
"rs418954"	0.854256865574485	348	0.958273913789694
"rs610243"	0.854265066909224	348	1.04336777393914
"rs129644"	0.854327208596538	348	0.954790288018793
"rs129647"	0.854327208596538	348	0.954790288018793
"rs129650"	0.854327208596538	348	0.954790288018793
"rs129683"	0.854327208596538	348	0.954790288018793
"rs129701"	0.854327208596538	348	0.954790288018793
"rs151336"	0.854353977087517	348	1.04444403617916
"rs360909"	0.854396907281159	348	0.96244869305641
"rs1055232"	0.854408129994348	348	1.02093566188568
"rs1206060"	0.854411660080627	348	0.984239806740525
"rs620487"	0.854433769562774	348	1.06629769371257
"rs2089613"	0.854482900098551	348	1.04029031622779
"rs637133"	0.854492366009732	348	0.960795571109195
"rs557630"	0.854505522856132	348	0.964919380638349
"rs574937"	0.854535859635156	348	1.0117139966076
"rs763303"	0.854573608199956	348	1.02383081595589
"rs565197"	0.854594062574008	348	1.01599626103898
"rs840985"	0.854621170476895	348	0.951451689511865
"rs840925"	0.854621170476905	348	0.951451689511869
"rs840931"	0.854621170476905	348	0.951451689511869
"rs810287"	0.854632956443888	348	1.03272092910305
"rs1898086"	0.854642399061337	348	0.951343009242469
"rs776658"	0.854693174487615	348	1.03930565150601
"rs1792331"	0.854721178645672	348	0.964039528847563
"rs1792337"	0.854721178645672	348	0.964039528847563
"rs1792346"	0.854721178645672	348	0.964039528847563
"rs1792655"	0.854721178645672	348	0.964039528847563
"rs2155752"	0.854740163875885	348	1.03505155089426
"rs1160085"	0.854747898061397	348	0.973438549471419
"rs2093955"	0.854750452719564	348	1.03470141141738
"rs2093983"	0.854750452719564	348	1.03470141141738
"rs1579062"	0.854759245077829	348	0.942848899829668
"rs511534"	0.854782871874746	348	0.961877178766496
"rs1844960"	0.854817269957162	348	1.0393781363868
"rs286429"	0.854842986069331	348	1.03238593462622
"rs331204"	0.854901608945809	348	0.967995298006232
"rs1973648"	0.854925998978463	348	1.03907344862695
"rs539396"	0.854933075020477	348	1.03664383963833
"rs540037"	0.854933075020477	348	1.03664383963833
"rs1570244"	0.854938549698442	348	0.969336545663838
"rs1088452"	0.854954928368491	348	0.956439620415753
"rs122703"	0.854982004383042	348	1.06108667617388
"rs730736"	0.855013622068263	348	0.954300487073494
"rs554692"	0.855069106153088	348	0.955876902907569
"rs554693"	0.855069106153088	348	0.955876902907569
"rs554694"	0.855069106153088	348	0.955876902907569
"rs621770"	0.855093728549232	348	1.05822089119704
"rs2161363"	0.855105595214022	348	1.03184447487095
"rs2009654"	0.855130515732673	348	1.03399302416238
"rs2009657"	0.855130515732673	348	1.03399302416238
"rs1611745"	0.855190780468759	348	0.907687865349801
"rs2176737"	0.855209970343137	348	0.976370305480423
"rs2176740"	0.855209970343137	348	0.976370305480423
"rs2176725"	0.85520997034314	348	0.976370305480423
"rs413245"	0.855275696782939	348	1.044952528297
"rs417170"	0.855287693328236	348	0.96662545402665
"rs1734370"	0.855293011573501	348	0.959355402251911
"rs1751046"	0.855306000304354	348	0.947940981724367
"rs1170804"	0.85531289477579	348	0.984070531468836
"rs652468"	0.855320207304977	348	1.07771660660037
"rs149734"	0.855364585025623	348	1.0404261993594
"rs887332"	0.855373739442253	348	0.968810622951409
"rs1167161"	0.855381866707162	348	0.972041199867649
"rs265734"	0.855386064722036	348	1.03559959012182
"rs1085794"	0.855410638399438	348	0.950294565320475
"rs1085863"	0.855410638399438	348	0.950294565320475
"rs1085878"	0.855410638399438	348	0.950294565320475
"rs1085986"	0.855410638399438	348	0.950294565320475
"rs1086028"	0.855410638399438	348	0.950294565320475
"rs1086043"	0.855410638399438	348	0.950294565320475
"rs505698"	0.855459036659032	348	0.967133954121521
"rs573779"	0.855495092355726	348	0.974438885817028
"rs573782"	0.855495092355726	348	0.974438885817028
"rs470738"	0.855503955466227	348	0.929295855271571
"rs470748"	0.855503955466227	348	0.929295855271571
"rs470761"	0.855503955466227	348	0.929295855271571
"rs618577"	0.855522860658741	348	0.94700045946955
"rs1792622"	0.855552103277473	348	1.03547525601279
"rs1813263"	0.855554045780875	348	1.01426240830036
"rs485046"	0.855574288596285	348	0.97783783627317
"rs1647398"	0.855587130824192	348	1.03731346225726
"rs287155"	0.855603222198934	348	0.952422858849313
"rs491781"	0.855616958252676	348	1.04648054183955
"rs609573"	0.855696722354336	348	0.951786119831957
"rs228741"	0.855721387325856	348	0.951589141835656
"rs1735571"	0.855727223700252	348	0.96655887663609
"rs940514"	0.855729402607408	348	1.05537126859976
"rs420882"	0.855735544079291	348	0.969060897912799
"rs295096"	0.85575453647661	348	0.922981739981991
"rs295136"	0.85575453647661	348	0.922981739981991
"rs1583716"	0.855770387128734	348	1.0318560932858
"rs373486"	0.85579102783298	348	1.02777490295286
"rs967615"	0.855794655749364	348	0.939556635010391
"rs1111411"	0.855819939651385	348	0.947886176499633
"rs1104305"	0.855852285863278	348	1.06935914061706
"rs1104317"	0.855852285863278	348	1.06935914061706
"rs502893"	0.855887141398151	348	0.967665211778673
"rs470664"	0.855893830362657	348	0.929473104311326
"rs509323"	0.855903793441421	348	1.043957641675
"rs497962"	0.855907042044972	348	0.950771398883693
"rs497963"	0.855907042044972	348	0.950771398883693
"rs497966"	0.855907042044972	348	0.950771398883693
"rs497971"	0.855907042044972	348	0.950771398883693
"rs497981"	0.855907042044972	348	0.950771398883693
"rs497982"	0.855907042044972	348	0.950771398883693
"rs498014"	0.855907042044972	348	0.950771398883693
"rs587883"	0.855910152175175	348	1.01292119186994
"rs2172833"	0.855953051837009	348	1.01011017686377
"rs712816"	0.855954701177942	348	0.965573188739693
"rs712840"	0.855954701177942	348	0.965573188739693
"rs492278"	0.856000969144978	348	0.971390846755753
"rs1365557"	0.856018718825124	348	1.03524821404279
"rs1609139"	0.856057589121786	348	1.03833741635354
"rs1127136"	0.856150448133364	348	1.03117016037029
"rs997274"	0.856151863136621	348	1.05447802660712
"rs561465"	0.856166617232266	348	1.02567921036298
"rs222969"	0.856174316716799	348	1.05524021237745
"rs403934"	0.8561754392865	348	0.959683891357817
"rs1205637"	0.856200941818486	348	0.976093469137536
"rs227764"	0.856290311030585	348	1.03397455338999
"rs1352858"	0.856303170801061	348	1.04488692154168
"rs109448"	0.856355160552352	348	1.01768256681447
"rs1358955"	0.856408186022505	348	0.958546742850587
"rs6233"	0.85643670700343	348	0.965617550931571
"rs1290568"	0.856448166991645	348	0.954412541373371
"rs519795"	0.856463733373489	348	1.03530491756392
"rs1572177"	0.856484018622416	348	1.05060883923108
"rs327814"	0.856510373159454	348	0.968828016143597
"rs1351461"	0.856519887930974	348	0.878632567937087
"rs1609224"	0.856550988837224	348	0.950052772739564
"rs1609228"	0.856550988837224	348	0.950052772739564
"rs138014"	0.85655840169764	348	0.966470637622142
"rs1292984"	0.856562152209186	348	1.02539811698746
"rs1292997"	0.856562152209186	348	1.02539811698746
"rs1292999"	0.856562152209186	348	1.02539811698746
"rs1342261"	0.856566286709485	348	1.02922782940831
"rs1652467"	0.856568409950909	348	0.913857536852913
"rs1652472"	0.856568409950909	348	0.913857536852913
"rs1652477"	0.856568409950909	348	0.913857536852913
"rs2102954"	0.856581401279756	348	1.02435972614024
"rs133715"	0.856586415290766	348	0.959617928177812
"rs795002"	0.856612291803916	348	1.03476873411328
"rs1680304"	0.856654501514148	348	0.95441678925835
"rs482715"	0.85673267802677	348	1.04446851174846
"rs967227"	0.856754452997957	348	0.968003014477126
"rs1958022"	0.856759416305189	348	1.04511813585211
"rs1206411"	0.85680424615537	348	1.01878623771449
"rs1146949"	0.856832620561115	348	1.00790776449444
"rs608182"	0.856851298838499	348	0.884259524667782
"rs470764"	0.856881385290386	348	0.929922706705466
"rs2091964"	0.856918376682763	348	1.04398336453466
"rs1351172"	0.856931143143315	348	0.880352522620042
"rs575267"	0.856933037352296	348	0.981383901448691
"rs2214248"	0.856953421331266	348	0.943462255291792
"rs1205601"	0.856962230077368	348	0.986731621585059
"rs918350"	0.856995912186805	348	1.03919003415008
"rs918356"	0.856995912186805	348	1.03919003415008
"rs191849"	0.857035350290025	348	1.04804375029653
"rs191873"	0.857035350290025	348	1.04804375029653
"rs582603"	0.857042028095995	348	0.942064151838004
"rs582651"	0.857042028095995	348	0.942064151838004
"rs913320"	0.857064989335191	348	1.04898263542151
"rs157123"	0.857067745060925	348	0.973462357471136
"rs470745"	0.857073789017954	348	0.9300104355886
"rs275102"	0.857083084471009	348	1.03136735106009
"rs497837"	0.857092153893746	348	1.05189532031268
"rs497842"	0.857092153893746	348	1.05189532031268
"rs497873"	0.857092153893746	348	1.05189532031268
"rs497876"	0.857092153893746	348	1.05189532031268
"rs497885"	0.857092153893746	348	1.05189532031268
"rs497891"	0.857092153893746	348	1.05189532031268
"rs497897"	0.857092153893746	348	1.05189532031268
"rs1085900"	0.857120174627428	348	0.971243025705465
"rs1532518"	0.857144527140838	348	1.02881122489296
"rs279625"	0.857146424257794	348	0.963332191827642
"rs419207"	0.857176103417045	348	1.03464571360959
"rs279958"	0.857185746352655	348	0.969505496989901
"rs806711"	0.857221291340224	348	1.04413870223559
"rs2129822"	0.857247625197594	348	0.966952840997331
"rs2131309"	0.857249261379601	348	1.03116001931543
"rs927473"	0.857253168784604	348	0.973168580026561
"rs1618327"	0.857254793057017	348	0.973759460107751
"rs470681"	0.857265127674508	348	0.930097703639972
"rs470724"	0.857265127674508	348	0.930097703639972
"rs864551"	0.857324114340706	348	1.03893450514736
"rs2149773"	0.857329494873901	348	0.966436169816865
"rs83032"	0.857353956902747	348	0.959845994773178
"rs83040"	0.857353956902747	348	0.959845994773178
"rs79374"	0.85736956535713	348	0.968721116178213
"rs1655589"	0.857390379046609	348	1.04571655555757
"rs89828"	0.857431492939024	348	1.00741659374283
"rs395368"	0.85743414237541	348	1.05352207128737
"rs247880"	0.857437108598666	348	0.970729487868103
"rs1790662"	0.857453233234253	348	1.01999092616303
"rs510736"	0.857473422812524	348	1.04201558991085
"rs510737"	0.857473422812524	348	1.04201558991085
"rs510739"	0.857473422812524	348	1.04201558991085
"rs510778"	0.857473422812524	348	1.04201558991085
"rs510832"	0.857473422812524	348	1.04201558991085
"rs1802766"	0.857473963160558	348	1.02896382620154
"rs942809"	0.857492584986816	348	1.03697648708753
"rs942811"	0.857492584986816	348	1.03697648708753
"rs1126463"	0.857517467616026	348	0.960091511405872
"rs1579987"	0.857530316867942	348	0.944296734694822
"rs1446208"	0.857557034387374	348	1.04770061862298
"rs1996836"	0.857601021515917	348	1.04998969308629
"rs120718"	0.857604440494043	348	0.982990215680586
"rs1759392"	0.857630695787752	348	1.01185900579974
"rs820771"	0.857651594588877	348	0.990198517882043
"rs1365346"	0.857677291642345	348	1.03422539346766
"rs1365355"	0.857677291642345	348	1.03422539346766
"rs1365361"	0.857677291642345	348	1.03422539346766
"rs1528916"	0.857684334285915	348	0.967843530308463
"rs1103193"	0.857699663351741	348	0.969954622644369
"rs1103195"	0.857699663351741	348	0.969954622644369
"rs1894346"	0.857714959121578	348	1.03057060461159
"rs56851"	0.857725939215672	348	0.939419252427718
"rs56814"	0.857725939215675	348	0.939419252427719
"rs56826"	0.857725939215675	348	0.939419252427719
"rs490968"	0.85772977098959	348	0.949328676545645
"rs217322"	0.857761566084821	348	1.04591027866099
"rs2110269"	0.857824904594237	348	0.961328705891759
"rs255447"	0.857870864075245	348	1.01568692498847
"rs628176"	0.857878996599533	348	1.05356669152796
"rs367339"	0.857890140307878	348	1.03841958784367
"rs554482"	0.857932028615543	348	1.02026211933905
"rs120719"	0.857965318320285	348	0.983007342994751
"rs1834770"	0.857978348006312	348	1.03955715720944
"rs2094568"	0.858010433545158	348	0.971740909011119
"rs258280"	0.858023664548277	348	1.06113996670303
"rs414515"	0.858026350410262	348	1.03143417347436
"rs828703"	0.858026569556068	348	0.971854101470778
"rs1881524"	0.858048889554075	348	0.963773741270828
"rs1881557"	0.858048889554075	348	0.963773741270828
"rs1881560"	0.858048889554075	348	0.963773741270828
"rs1881538"	0.858048889554079	348	0.963773741270829
"rs1881572"	0.858048889554079	348	0.963773741270829
"rs1348721"	0.858084916343558	348	1.03416847582879
"rs1358215"	0.85810989633138	348	1.04213333680998
"rs5306"	0.858133766011877	348	1.04527404935575
"rs851576"	0.858138004638287	348	0.958032386980426
"rs1169567"	0.858167993028226	348	1.02870737864663
"rs1169592"	0.858167993028226	348	1.02870737864663
"rs1169595"	0.858167993028226	348	1.02870737864663
"rs1581626"	0.858234526440988	348	0.966370429442342
"rs2113121"	0.85823535076371	348	1.05128352514945
"rs1205982"	0.858330007922478	348	0.98365200421364
"rs548492"	0.858387041873501	348	0.966307306332762
"rs1372885"	0.858390849834681	348	0.979545989659708
"rs1360914"	0.858404068427656	348	0.887015036715398
"rs562319"	0.85842978427185	348	0.978778810140702
"rs562326"	0.85842978427185	348	0.978778810140702
"rs562343"	0.85842978427185	348	0.978778810140702
"rs432568"	0.858464023976226	348	0.933245565766949
"rs1950023"	0.858487636088915	348	1.03156267800213
"rs1950026"	0.858487636088915	348	1.03156267800213
"rs1950038"	0.858487636088915	348	1.03156267800213
"rs637180"	0.8584932453961	348	0.968833498378453
"rs42741"	0.858534171344777	348	1.02205648145033
"rs1013803"	0.858536506226659	348	1.05831467106644
"rs153674"	0.858541704092477	348	1.04079593830203
"rs722950"	0.85858214526096	348	0.972848622321251
"rs138102"	0.858598137834334	348	1.03660557262265
"rs1609180"	0.858631444588786	348	0.958428352126667
"rs1609188"	0.858631444588786	348	0.958428352126667
"rs1609206"	0.858631444588786	348	0.958428352126667
"rs744450"	0.858657432763662	348	1.03888999547229
"rs579482"	0.858699193026219	348	1.04362933591345
"rs1442636"	0.858715896405049	348	0.964936678369419
"rs1884222"	0.858724806661139	348	1.05577606613185
"rs2186858"	0.858727645645708	348	0.972602205568031
"rs1779625"	0.858742321011919	348	0.966253230858
"rs655504"	0.858785659134352	348	0.958898428030814
"rs1601687"	0.85879042112608	348	0.966843505707093
"rs1080397"	0.858844207911122	348	1.0277156155171
"rs179477"	0.858845869183662	348	1.02853212506762
"rs179480"	0.858845869183662	348	1.02853212506762
"rs1570509"	0.858855855628202	348	1.06390878862958
"rs1264516"	0.858880284642764	348	1.02660985045975
"rs1400078"	0.858940979144453	348	1.04154946180716
"rs619406"	0.85894750941028	348	1.04187792177441
"rs940754"	0.858959051271611	348	1.05638299187981
"rs1597602"	0.858976885643284	348	0.961176348198575
"rs1202881"	0.858986623686063	348	0.974033637940402
"rs2080033"	0.858998446117577	348	1.03571368143556
"rs1742789"	0.859023582938923	348	0.970182406937859
"rs1923477"	0.859023913171252	348	0.962719782862531
"rs1824539"	0.859056430139587	348	1.03420137136076
"rs196140"	0.859060614991667	348	0.935054514762729
"rs817301"	0.859071664309784	348	1.02422292085148
"rs1321611"	0.859091911152079	348	0.963626043306436
"rs1321608"	0.859091911152081	348	0.963626043306437
"rs1567493"	0.859092204706889	348	0.967730440451017
"rs1567496"	0.859092204706889	348	0.967730440451017
"rs1567499"	0.859092204706889	348	0.967730440451017
"rs1594592"	0.859134905673849	348	0.963180568992587
"rs897072"	0.859137800440301	348	1.01072075554611
"rs2145636"	0.859156291298569	348	1.0729277836282
"rs1835660"	0.859157558960396	348	0.942905766701421
"rs248925"	0.859177562814276	348	1.03692583875584
"rs155132"	0.859181489765555	348	0.980295303975352
"rs1063694"	0.859185504867651	348	0.952145003923607
"rs2009947"	0.859197495774058	348	1.03216958765691
"rs532331"	0.859209804647708	348	1.04133724053394
"rs1163894"	0.859210592521676	348	0.973885508332395
"rs1163960"	0.859210592521679	348	0.973885508332395
"rs1163961"	0.859210592521684	348	0.973885508332396
"rs1163963"	0.859210592521684	348	0.973885508332396
"rs1842246"	0.859214757045578	348	1.04979966713754
"rs1742603"	0.859216029367654	348	1.05592104054604
"rs1742630"	0.859216029367654	348	1.05592104054604
"rs1820632"	0.859252215603754	348	0.947495757507489
"rs2009967"	0.859254321962725	348	1.03441860894308
"rs2054559"	0.859282721070092	348	1.04432157603013
"rs1748131"	0.859293742446802	348	0.970540396514249
"rs1748138"	0.859293742446802	348	0.970540396514249
"rs1748141"	0.859293742446802	348	0.970540396514249
"rs1748142"	0.859293742446802	348	0.970540396514249
"rs253556"	0.85930060693568	348	0.971475016840104
"rs1365499"	0.859321380510413	348	1.03208115562778
"rs1046066"	0.859335729270434	348	0.962631719195522
"rs821655"	0.859343754795309	348	1.01268818180771
"rs1594138"	0.859366709326122	348	0.971600454385484
"rs1735234"	0.859371998470656	348	0.952823171425166
"rs1790271"	0.859435360945129	348	1.02400304178899
"rs1763745"	0.859450746829985	348	1.09448094856527
"rs393472"	0.85945269058443	348	0.968908024483927
"rs393481"	0.85945269058443	348	0.968908024483927
"rs261909"	0.859504140898236	348	1.08060398463181
"rs851606"	0.85954573987444	348	0.958447325666331
"rs579919"	0.859561125179182	348	1.05130954076131
"rs516863"	0.859582521773067	348	1.02681097532556
"rs516867"	0.859582521773067	348	1.02681097532556
"rs1952627"	0.859590103658564	348	1.04911600818085
"rs1952690"	0.859590103658564	348	1.04911600818085
"rs585156"	0.859595721855853	348	0.940770756964459
"rs407019"	0.859616406283965	348	0.97132746130383
"rs407058"	0.859616406283965	348	0.97132746130383
"rs407061"	0.859616406283965	348	0.97132746130383
"rs407088"	0.859616406283965	348	0.97132746130383
"rs407091"	0.859616406283965	348	0.97132746130383
"rs407112"	0.859616406283965	348	0.97132746130383
"rs322539"	0.859659662053734	348	1.04234601837637
"rs1632102"	0.859711369527068	348	0.964021724229357
"rs1161339"	0.859736486614401	348	1.03684469020943
"rs1161342"	0.859736486614401	348	1.03684469020943
"rs1961996"	0.859748675572907	348	0.961499100756036
"rs1085993"	0.859751733116738	348	0.951771551293963
"rs1085998"	0.859751733116738	348	0.951771551293963
"rs1086031"	0.859751733116738	348	0.951771551293963
"rs2023047"	0.859759855011814	348	0.955581795448847
"rs210274"	0.859771626678894	348	0.978195296154931
"rs1383222"	0.859776171730839	348	0.934311567125877
"rs2073715"	0.859798339990123	348	0.976764245697933
"rs918035"	0.859829548494521	348	1.03629295459547
"rs8872"	0.859860675967685	348	0.951917117976247
"rs325953"	0.859913858501253	348	1.06322162916318
"rs852597"	0.859917631974106	348	0.958436315207115
"rs122512"	0.859925302581562	348	1.01593877005354
"rs1919618"	0.859931563694551	348	0.966714702987812
"rs133773"	0.859998468642344	348	0.959789624015339
"rs1548042"	0.860014586775261	348	0.941710360467492
"rs941335"	0.860025140147542	348	1.04758317480483
"rs941339"	0.860025140147542	348	1.04758317480483
"rs1611494"	0.860081255003702	348	0.968894079716071
"rs139848"	0.860082316416335	348	1.05198952898663
"rs1593110"	0.860087365223165	348	1.07861816137353
"rs149571"	0.860114556413253	348	1.03904837758878
"rs396828"	0.860139608865399	348	1.07812802582303
"rs723297"	0.860195538307264	348	1.04685910200219
"rs418955"	0.860267393562475	348	0.959944464090448
"rs2130787"	0.860275791360311	348	1.03000544323581
"rs634744"	0.860285233651084	348	1.08384589294272
"rs238770"	0.860291511170928	348	0.980211628188911
"rs399242"	0.860391453548122	348	1.06199779079011
"rs1195962"	0.86040582043133	348	0.967774395987569
"rs1070340"	0.860426005541625	348	1.05526887135243
"rs257507"	0.860444814641719	348	1.03643543679588
"rs299007"	0.860456798724245	348	1.05029738489064
"rs578863"	0.86046535328187	348	1.02688834279002
"rs1794426"	0.860492260117687	348	1.0350486073394
"rs730844"	0.860541074531794	348	1.03418895863788
"rs1748126"	0.860564149940328	348	0.9708085096606
"rs2115308"	0.860650696827155	348	0.971342145003121
"rs1155291"	0.860704320402978	348	0.881297097411065
"rs1017016"	0.860706111339848	348	0.953448032409963
"rs585071"	0.860707671970898	348	0.94266563763849
"rs857832"	0.860801335742741	348	0.974759960671131
"rs1128792"	0.86081577631879	348	1.0614427421368
"rs355864"	0.860832674664198	348	0.966325390322825
"rs1957443"	0.860868047287399	348	1.04198138288553
"rs507516"	0.860871725571433	348	0.971507159798645
"rs1623271"	0.860989838820839	348	0.937025730792943
"rs457670"	0.860996657968373	348	0.954384486264989
"rs1841737"	0.861034356042067	348	1.06772761617647
"rs1638157"	0.86106857860785	348	0.951930419631143
"rs535814"	0.861102887608708	348	1.04569943801546
"rs568581"	0.861109207486404	348	1.01303152025605
"rs819675"	0.861168936703992	348	0.970926872371678
"rs945215"	0.861190064937995	348	1.03094043983594
"rs1692540"	0.86119872063165	348	1.04094225853797
"rs2016205"	0.861253627808103	348	1.03919766836832
"rs1565406"	0.861268801452747	348	0.978197193253455
"rs742529"	0.861283851042413	348	1.02595764551384
"rs742532"	0.861283851042413	348	1.02595764551384
"rs742538"	0.861283851042413	348	1.02595764551384
"rs742546"	0.861283851042413	348	1.02595764551384
"rs742548"	0.861283851042413	348	1.02595764551384
"rs742549"	0.861283851042413	348	1.02595764551384
"rs742554"	0.861283851042413	348	1.02595764551384
"rs742559"	0.861283851042413	348	1.02595764551384
"rs742561"	0.861283851042413	348	1.02595764551384
"rs1459766"	0.861291720473031	348	0.963571148626719
"rs697052"	0.861297306703912	348	1.03794882931325
"rs566297"	0.861305106675996	348	0.980383401294467
"rs1666694"	0.861334999787041	348	0.954312946050523
"rs2122758"	0.861371736409322	348	0.957410839560897
"rs2122761"	0.861371736409322	348	0.957410839560897
"rs2122764"	0.861371736409322	348	0.957410839560897
"rs2122767"	0.861371736409322	348	0.957410839560897
"rs2122768"	0.861371736409322	348	0.957410839560897
"rs2122773"	0.861371736409322	348	0.957410839560897
"rs2122780"	0.861371736409322	348	0.957410839560897
"rs2122781"	0.861371736409322	348	0.957410839560897
"rs497967"	0.861408373316429	348	1.04927537693343
"rs1851914"	0.861426394693194	348	0.95670444392197
"rs1378348"	0.861447682545213	348	1.03251176485985
"rs496826"	0.861456684619768	348	1.04926195797497
"rs498138"	0.861456684619768	348	1.04926195797497
"rs498988"	0.861456684619768	348	1.04926195797497
"rs1068481"	0.86149000128622	348	1.05566029019569
"rs702618"	0.861500899024218	348	1.0285810984151
"rs1436816"	0.861577357656665	348	1.04674300541726
"rs562225"	0.861652957760384	348	1.01483256633665
"rs1385083"	0.861694400874182	348	0.963627249211809
"rs1385086"	0.861694400874182	348	0.963627249211809
"rs1385116"	0.861694400874182	348	0.963627249211809
"rs1385176"	0.861694400874182	348	0.963627249211809
"rs51802"	0.861767377428896	348	0.969807031549786
"rs264451"	0.861811749382471	348	0.974751686254589
"rs473285"	0.861859136881863	348	1.02914179963752
"rs1735136"	0.861884617432411	348	0.971836333609039
"rs627824"	0.861946353062518	348	1.05165556483946
"rs627924"	0.861946353062518	348	1.05165556483946
"rs1655620"	0.86194828701543	348	0.972516321434979
"rs1884297"	0.861956048594657	348	0.946775645851388
"rs1127699"	0.861965874242052	348	0.978463746693824
"rs149712"	0.861969997642925	348	1.03859551965092
"rs464707"	0.861988057256851	348	1.03461249828707
"rs1470366"	0.862031342398785	348	0.960975954005763
"rs768093"	0.862057181060611	348	0.962279520613091
"rs1918619"	0.862069165899966	348	0.963841674125303
"rs141807"	0.862114872253669	348	0.95345469540035
"rs141863"	0.862114872253669	348	0.95345469540035
"rs145401"	0.862119604664312	348	1.04657078243843
"rs291022"	0.862137223092148	348	1.03855977005549
"rs1962026"	0.862198739759907	348	0.88277967581287
"rs1962044"	0.862198739759907	348	0.88277967581287
"rs1962073"	0.862198739759907	348	0.88277967581287
"rs1336265"	0.862234111558744	348	0.967483211108431
"rs100191"	0.862237060664541	348	1.0336273739879
"rs125693"	0.862240453403543	348	0.987105911890918
"rs1481750"	0.862244997056181	348	0.969081550573909
"rs127224"	0.862248179232541	348	0.962205996022645
"rs1126715"	0.862258987068294	348	0.969562903608353
"rs1713695"	0.862264908504176	348	1.0360685855832
"rs494627"	0.862268027373834	348	1.05499062064139
"rs1069920"	0.862302290494314	348	1.05972696883709
"rs340960"	0.862313660522179	348	0.964409284667384
"rs1397493"	0.862346627208354	348	1.03596167129485
"rs1854146"	0.862383686945505	348	0.968306047043004
"rs1854157"	0.862383686945505	348	0.968306047043004
"rs1112833"	0.862383690297196	348	1.0517663965132
"rs1291411"	0.86240401507832	348	0.974681845124566
"rs626267"	0.862434948821981	348	0.96334347843681
"rs491480"	0.862437423668222	348	1.0227796114137
"rs1828049"	0.86252494835136	348	1.0448020124108
"rs1583490"	0.862531363697378	348	1.03763384863744
"rs528694"	0.862563124062062	348	0.945403892214535
"rs396408"	0.862566025826575	348	0.959000353726728
"rs396411"	0.862566025826575	348	0.959000353726728
"rs652097"	0.862620733617605	348	1.07550201236054
"rs492740"	0.862632787080773	348	0.954722988776678
"rs361485"	0.862645729684662	348	1.02151309313816
"rs2080544"	0.862679590502049	348	1.03690838727209
"rs756391"	0.862708206110263	348	1.02773800060205
"rs620207"	0.862709257528078	348	0.988277300890591
"rs1802255"	0.862748713557464	348	0.972732138920127
"rs344349"	0.862760506521655	348	1.03192541435405
"rs275186"	0.862782434963244	348	0.946026012630609
"rs592231"	0.862788641290697	348	0.965259493756295
"rs592232"	0.862788641290697	348	0.965259493756295
"rs86972"	0.862790909148131	348	0.952476217214876
"rs1628500"	0.862796031273345	348	0.974223387865107
"rs271303"	0.862805822888025	348	1.02771522253545
"rs838581"	0.862821087592001	348	0.973079823380764
"rs1360263"	0.862846588600132	348	1.01535088919681
"rs1885426"	0.862857924952231	348	0.965272248237325
"rs1576895"	0.862897889334669	348	1.04996156251571
"rs1577081"	0.862897889334669	348	1.04996156251571
"rs1576584"	0.862897889334681	348	1.0499615625157
"rs1577507"	0.862897889334684	348	1.0499615625157
"rs305817"	0.862966705760698	348	0.948666336937962
"rs1774034"	0.862974399692212	348	1.0302411035025
"rs622595"	0.862978238249689	348	0.956049728948244
"rs1579251"	0.862988721886236	348	0.946447472328469
"rs1579328"	0.862988721886236	348	0.946447472328469
"rs129269"	0.863033419006529	348	0.970718807066658
"rs1389271"	0.863037504291232	348	0.966076502188435
"rs1558964"	0.86307178772165	348	0.96266954755089
"rs201256"	0.863119327459235	348	0.966172051720188
"rs737447"	0.863123744021135	348	0.968221844114169
"rs598035"	0.863132869578957	348	0.964163989104939
"rs1623325"	0.863142755727953	348	1.08457205575653
"rs1648373"	0.863144173500646	348	0.972474366848916
"rs396394"	0.863148287547658	348	1.04244032695502
"rs913042"	0.863157514539833	348	1.04742118103495
"rs41953"	0.863184992276093	348	0.965790629787887
"rs1924313"	0.863195710394232	348	1.03891425988774
"rs1815876"	0.863202205918032	348	0.943452832991864
"rs1462628"	0.863214434186666	348	1.05688263989657
"rs2069833"	0.863232003971298	348	0.966474111532336
"rs133724"	0.863287423177732	348	0.974943724949125
"rs466459"	0.86328873951633	348	1.0460717872523
"rs1691064"	0.863327752753961	348	1.0398294698253
"rs934068"	0.86334358429472	348	1.04108762928261
"rs1436320"	0.863370013308597	348	1.04140732558843
"rs1619623"	0.86338380210699	348	0.970636128200265
"rs9283"	0.863461094014109	348	1.05645442519595
"rs2193034"	0.863470716767281	348	0.965720202421621
"rs435686"	0.863532771281379	348	1.04914408070121
"rs145391"	0.863533170227146	348	0.972234841284666
"rs1390839"	0.863543214022032	348	0.961623524531308
"rs851252"	0.863553659228356	348	1.03131050020518
"rs399748"	0.863653627360282	348	0.954513777951316
"rs2135084"	0.86366971974398	348	0.990044924331171
"rs408659"	0.863719917028791	348	1.03092934061278
"rs505454"	0.863743010862773	348	0.966492791899674
"rs1826756"	0.863753112805318	348	0.954937571200789
"rs1515892"	0.86377693284893	348	0.984935629014147
"rs840167"	0.863854823418363	348	0.959404387980435
"rs842547"	0.863854823418363	348	0.959404387980435
"rs552868"	0.863861741933618	348	0.963835366761466
"rs675610"	0.863864986135606	348	1.04885030339662
"rs1609692"	0.863866914944338	348	1.03389465921012
"rs1609707"	0.863866914944338	348	1.03389465921012
"rs1687851"	0.863884719454654	348	0.902479880279203
"rs21889"	0.863901672218254	348	1.0185549509892
"rs1619231"	0.863915683960662	348	0.948606599852319
"rs407752"	0.863976900365923	348	1.04313311744921
"rs2001174"	0.863986067622364	348	0.974580727413996
"rs2000092"	0.864004397987584	348	1.02766674701184
"rs572128"	0.864024209534024	348	1.02223450854788
"rs149826"	0.864087912869155	348	1.03791587577771
"rs1754150"	0.864092522621865	348	1.07628390518416
"rs127711"	0.864092522621867	348	1.07628390518416
"rs135676"	0.864092522621867	348	1.07628390518416
"rs138176"	0.864092522621867	348	1.07628390518416
"rs138429"	0.864092522621867	348	1.07628390518416
"rs143160"	0.864092522621867	348	1.07628390518416
"rs144373"	0.864092522621867	348	1.07628390518416
"rs329731"	0.864092522621867	348	1.07628390518416
"rs329779"	0.864092522621867	348	1.07628390518416
"rs329782"	0.864092522621867	348	1.07628390518416
"rs334282"	0.864092522621867	348	1.07628390518416
"rs1036704"	0.864092522621867	348	1.07628390518416
"rs1063862"	0.864092522621867	348	1.07628390518416
"rs1063886"	0.864092522621867	348	1.07628390518416
"rs1063904"	0.864092522621867	348	1.07628390518416
"rs1063913"	0.864092522621867	348	1.07628390518416
"rs1063922"	0.864092522621867	348	1.07628390518416
"rs1063934"	0.864092522621867	348	1.07628390518416
"rs1063940"	0.864092522621867	348	1.07628390518416
"rs1063946"	0.864092522621867	348	1.07628390518416
"rs1374296"	0.864092522621867	348	1.07628390518416
"rs2133149"	0.864092522621867	348	1.07628390518416
"rs2133756"	0.864092522621867	348	1.07628390518416
"rs140332"	0.864092522621867	348	1.07628390518416
"rs902816"	0.864097380271258	348	0.968199441596241
"rs1662306"	0.864137887394628	348	0.93361301464623
"rs149788"	0.864141631695202	348	1.03790184760652
"rs149823"	0.864141631695202	348	1.03790184760652
"rs443859"	0.864145969434307	348	0.954119691097233
"rs443930"	0.864145969434307	348	0.954119691097233
"rs444113"	0.864145969434307	348	0.954119691097233
"rs751405"	0.864169411551963	348	0.97385588801019
"rs1902612"	0.864241533818783	348	0.95245179650291
"rs94571"	0.864243401577394	348	0.958060258996376
"rs427794"	0.864253533058722	348	0.890900166819589
"rs802873"	0.864253644878983	348	0.939578007774953
"rs802879"	0.864253644878983	348	0.939578007774953
"rs802882"	0.864253644878983	348	0.939578007774953
"rs802885"	0.864253644878983	348	0.939578007774953
"rs802888"	0.864253644878983	348	0.939578007774953
"rs1579183"	0.864318495332349	348	0.946498402092762
"rs1684438"	0.864323391889717	348	0.962257332904581
"rs1742747"	0.864333592240933	348	0.969871261867198
"rs1742741"	0.864333592240941	348	0.9698712618672
"rs1162893"	0.864376013641103	348	1.02879994002314
"rs1168122"	0.864388003915998	348	1.03376254910432
"rs511187"	0.864393984048712	348	0.961275286823858
"rs511294"	0.864393984048712	348	0.961275286823858
"rs566379"	0.864401459909138	348	1.02170851994516
"rs808153"	0.864417581687583	348	0.969532606226663
"rs1642052"	0.864460624625574	348	0.938450520583995
"rs97115"	0.864491784879943	348	1.02777581468488
"rs487072"	0.864509845805258	348	1.03430374892013
"rs487075"	0.864509845805258	348	1.03430374892013
"rs487076"	0.864509845805258	348	1.03430374892013
"rs487081"	0.864509845805258	348	1.03430374892013
"rs487084"	0.864509845805258	348	1.03430374892013
"rs556480"	0.86451326758646	348	1.02687173895299
"rs635069"	0.864518276493614	348	0.975572192397451
"rs635071"	0.864518276493614	348	0.975572192397451
"rs635074"	0.864518276493614	348	0.975572192397451
"rs1160402"	0.864527067177594	348	0.951339156804441
"rs1842759"	0.864650300398777	348	0.949234580213952
"rs1758324"	0.864655051175567	348	1.01984977824838
"rs927574"	0.864659151136208	348	0.974572908043827
"rs703519"	0.864698890528385	348	0.967112725094331
"rs2160632"	0.864725610369804	348	0.979903735840462
"rs1907203"	0.864726645718734	348	0.915465323296524
"rs1859454"	0.864730004206475	348	0.934071909198233
"rs549510"	0.86474614425898	348	1.05245788868466
"rs1575954"	0.864806273328994	348	1.02832634515425
"rs1575983"	0.864806273328994	348	1.02832634515425
"rs1980624"	0.864821380908474	348	1.02679256846703
"rs1910494"	0.86484435024346	348	1.02757814482671
"rs1911668"	0.86484435024346	348	1.02757814482671
"rs1912764"	0.86484435024346	348	1.02757814482671
"rs1919826"	0.864865618040335	348	0.967467577209399
"rs2199362"	0.864920635615229	348	1.03374224152857
"rs777742"	0.864924562214467	348	1.04121818452653
"rs1941947"	0.864963994058168	348	0.970942400053713
"rs2218713"	0.864972214347656	348	0.955806568763519
"rs702214"	0.864978700158964	348	1.02557426229042
"rs584359"	0.864987311765105	348	0.952277299112152
"rs74832"	0.865036926921489	348	1.04043156553748
"rs1576015"	0.865064527443873	348	1.03469380767549
"rs1055698"	0.865070312650846	348	1.01708360981333
"rs2105209"	0.865119636795131	348	1.03480266328376
"rs157553"	0.865131052041552	348	1.02900123253013
"rs1962128"	0.865188896544377	348	1.03474708004229
"rs547186"	0.865201915147767	348	1.05046398220509
"rs1962082"	0.865227710320559	348	0.965292963208148
"rs1962084"	0.865227710320559	348	0.965292963208148
"rs131772"	0.865232679264194	348	0.977127600313128
"rs2111771"	0.86523681216617	348	1.05614738156353
"rs628170"	0.865238602252063	348	1.05132818600007
"rs1822349"	0.865304804289272	348	1.03481659540362
"rs1822363"	0.865304804289272	348	1.03481659540362
"rs1822367"	0.865304804289272	348	1.03481659540362
"rs1822439"	0.865304804289272	348	1.03481659540362
"rs1822442"	0.865304804289272	348	1.03481659540362
"rs1822459"	0.865304804289272	348	1.03481659540362
"rs1822610"	0.865304804289272	348	1.03481659540362
"rs23483"	0.865340932731983	348	0.98524716052189
"rs873385"	0.865355987412021	348	0.962793546133128
"rs254599"	0.865361410490123	348	1.01222258406689
"rs1117719"	0.865379796129302	348	1.05433535012041
"rs295855"	0.86542047551562	348	1.04208286233649
"rs278732"	0.865440629759018	348	1.04671626868716
"rs122939"	0.865461186124527	348	1.02785794086961
"rs102153"	0.865463570099335	348	0.954713511134849
"rs1353153"	0.865474616895821	348	0.97878549982721
"rs263457"	0.865569360346769	348	1.02778420632828
"rs392696"	0.865611054764445	348	1.02886034523636
"rs1697666"	0.8656394309203	348	0.96094104607853
"rs439298"	0.86563961064341	348	0.968658218671406
"rs818420"	0.865690376465209	348	1.0260562628654
"rs818439"	0.865690376465209	348	1.0260562628654
"rs1126230"	0.865710238056949	348	0.958515917591056
"rs1126265"	0.865710238056949	348	0.958515917591056
"rs1126266"	0.865710238056949	348	0.958515917591056
"rs1126274"	0.865710238056949	348	0.958515917591056
"rs1126279"	0.865710238056949	348	0.958515917591056
"rs1126286"	0.865710238056949	348	0.958515917591056
"rs1126306"	0.865710238056949	348	0.958515917591056
"rs1126316"	0.865710238056949	348	0.958515917591056
"rs1126344"	0.865710238056949	348	0.958515917591056
"rs1126361"	0.865710238056949	348	0.958515917591056
"rs1126362"	0.865710238056949	348	0.958515917591056
"rs1015798"	0.865713821511557	348	1.03828379939244
"rs2160231"	0.865795492074915	348	1.02779458467822
"rs356635"	0.865799766470894	348	1.03704349766307
"rs357750"	0.865799766470894	348	1.03704349766307
"rs361689"	0.865799766470894	348	1.03704349766307
"rs960090"	0.865816005862096	348	0.956977843104208
"rs1412822"	0.865893611395538	348	0.96883209750939
"rs2148535"	0.866005421698379	348	0.967218906367323
"rs858052"	0.866013084101309	348	0.944742726950864
"rs858093"	0.866013084101309	348	0.944742726950864
"rs1911184"	0.866016592775371	348	1.02690971754997
"rs305467"	0.866053236897078	348	1.03284719731759
"rs1817164"	0.866081879907614	348	0.967240112571852
"rs2151284"	0.866116510068965	348	0.978930286751331
"rs1162833"	0.866121188525376	348	1.02747527680315
"rs1580130"	0.86613579248756	348	1.03513980415595
"rs1580196"	0.86613579248756	348	1.03513980415595
"rs561724"	0.866157231819819	348	1.03430432559319
"rs1911649"	0.866170161413314	348	1.02687973641514
"rs1911654"	0.866170161413314	348	1.02687973641514
"rs1914882"	0.866170161413314	348	1.02687973641514
"rs1553517"	0.866193274825905	348	0.953808430860674
"rs1750343"	0.866204694228655	348	1.04060012005789
"rs1950821"	0.866213672628475	348	1.02901924761451
"rs1950823"	0.866213672628475	348	1.02901924761451
"rs1950825"	0.866213672628475	348	1.02901924761451
"rs306251"	0.866215010659108	348	1.05270231863964
"rs306651"	0.866215010659108	348	1.05270231863964
"rs306909"	0.866215010659108	348	1.05270231863964
"rs852181"	0.866221494023976	348	0.960408664666003
"rs2175732"	0.86622607780226	348	1.01315184525664
"rs462294"	0.866267068283553	348	0.970431356982018
"rs818574"	0.866270632860858	348	1.03777592521667
"rs1777462"	0.866298713368421	348	0.97156167564867
"rs65028"	0.866301943527157	348	0.986542919636283
"rs1376942"	0.866303213786265	348	1.04265540286354
"rs1562832"	0.866344339826804	348	0.939390189944183
"rs344627"	0.866348032017408	348	0.959306713215263
"rs967111"	0.86638843370239	348	1.04662180433601
"rs967172"	0.86638843370239	348	1.04662180433601
"rs2183498"	0.866419859354102	348	0.952855174280971
"rs412082"	0.866438000919579	348	0.974011520312085
"rs1742098"	0.866443058986322	348	1.0218534379772
"rs409005"	0.86645881970941	348	1.02742895379393
"rs853139"	0.86647020948554	348	1.03229313935498
"rs2089508"	0.866486254430474	348	1.04400210277223
"rs2046519"	0.866522340394751	348	1.03214328123615
"rs1782841"	0.866574669189449	348	0.978751019066558
"rs1020527"	0.866585352883592	348	0.952671645071471
"rs628299"	0.8665867089614	348	0.954615755724528
"rs1076720"	0.866598739321893	348	0.966886877365058
"rs1792863"	0.866607051616907	348	1.03245619358525
"rs1792896"	0.866607051616907	348	1.03245619358525
"rs1792905"	0.866607051616907	348	1.03245619358525
"rs1792906"	0.866607051616907	348	1.03245619358525
"rs1792907"	0.866607051616907	348	1.03245619358525
"rs1792918"	0.866607051616907	348	1.03245619358525
"rs1792933"	0.866607051616907	348	1.03245619358525
"rs1792934"	0.866607051616907	348	1.03245619358525
"rs1792937"	0.866607051616907	348	1.03245619358525
"rs1792946"	0.866607051616907	348	1.03245619358525
"rs1792970"	0.866607051616907	348	1.03245619358525
"rs1792972"	0.866607051616907	348	1.03245619358525
"rs1792982"	0.866607051616907	348	1.03245619358525
"rs1793058"	0.866607051616907	348	1.03245619358525
"rs1793102"	0.866607051616907	348	1.03245619358525
"rs1793108"	0.866607051616907	348	1.03245619358525
"rs1793168"	0.866607051616907	348	1.03245619358525
"rs1793177"	0.866607051616907	348	1.03245619358525
"rs1793194"	0.866607051616907	348	1.03245619358525
"rs1793204"	0.866607051616907	348	1.03245619358525
"rs1793206"	0.866607051616907	348	1.03245619358525
"rs1793212"	0.866607051616907	348	1.03245619358525
"rs1793213"	0.866607051616907	348	1.03245619358525
"rs1793238"	0.866607051616907	348	1.03245619358525
"rs1793261"	0.866607051616907	348	1.03245619358525
"rs1793276"	0.866607051616907	348	1.03245619358525
"rs1793278"	0.866607051616907	348	1.03245619358525
"rs1793294"	0.866607051616907	348	1.03245619358525
"rs1793295"	0.866607051616907	348	1.03245619358525
"rs1793314"	0.866607051616907	348	1.03245619358525
"rs1793333"	0.866607051616907	348	1.03245619358525
"rs1793363"	0.866607051616907	348	1.03245619358525
"rs1793471"	0.866607051616907	348	1.03245619358525
"rs1793520"	0.866607051616907	348	1.03245619358525
"rs1793528"	0.866607051616907	348	1.03245619358525
"rs1793728"	0.866607051616907	348	1.03245619358525
"rs1793909"	0.866607051616907	348	1.03245619358525
"rs1794002"	0.866607051616907	348	1.03245619358525
"rs1794005"	0.866607051616907	348	1.03245619358525
"rs1794041"	0.866607051616907	348	1.03245619358525
"rs1794644"	0.866607051616907	348	1.03245619358525
"rs1794698"	0.866607051616907	348	1.03245619358525
"rs1794875"	0.866607051616907	348	1.03245619358525
"rs543088"	0.86664617833741	348	0.970498915052773
"rs1972256"	0.866659450611219	348	0.99236463343501
"rs754482"	0.866668695227581	348	1.03078549931035
"rs497474"	0.866685736814796	348	0.967775244515942
"rs1917433"	0.866704838629164	348	1.02715966626072
"rs932485"	0.866728499096517	348	1.03088847251148
"rs846677"	0.866755417083792	348	0.967365297591885
"rs2121335"	0.866767341866104	348	1.02774322369273
"rs851816"	0.866801431514515	348	0.960414267102619
"rs428206"	0.866836982981766	348	1.03774719665669
"rs465944"	0.866839820654928	348	0.962764382812926
"rs465954"	0.866839820654928	348	0.962764382812926
"rs465959"	0.866839820654928	348	0.962764382812926
"rs465982"	0.866839820654928	348	0.962764382812926
"rs466047"	0.866839820654928	348	0.962764382812926
"rs59010"	0.866938087420301	348	1.04308699471694
"rs360265"	0.866957266619685	348	1.03736063051337
"rs361155"	0.866957266619685	348	1.03736063051337
"rs361820"	0.866957266619685	348	1.03736063051337
"rs89909"	0.86697142318567	348	0.990408446386761
"rs2110470"	0.867056361183937	348	0.963497595283559
"rs1654888"	0.867063184510084	348	1.02503481464749
"rs364576"	0.867100144029481	348	1.04263807975714
"rs149533"	0.867118468848988	348	1.03710013265656
"rs507492"	0.867130573916318	348	0.970107945914161
"rs507495"	0.867130573916318	348	0.970107945914161
"rs491836"	0.867165229607058	348	1.04318940696937
"rs1823138"	0.867177260436023	348	0.96804512204145
"rs127239"	0.867220479736376	348	0.963492710008197
"rs1046823"	0.867317124092227	348	0.938005246359763
"rs429576"	0.867343327635147	348	1.05469849211496
"rs429586"	0.867343327635154	348	1.69230959860904
"rs1798964"	0.867376880288337	348	1.04311303176024
"rs353425"	0.867411069875944	348	1.03772004537255
"rs891415"	0.867441922707569	348	0.951175781893238
"rs1948982"	0.867460596489878	348	0.952794569064753
"rs2119380"	0.867544186420362	348	1.02138244414512
"rs907814"	0.867613269801804	348	0.964743267898007
"rs907815"	0.867613269801804	348	0.964743267898007
"rs2131188"	0.867616986757829	348	1.04515709504186
"rs1802306"	0.867625820401935	348	1.0699808278309
"rs2040052"	0.8676401848772	348	1.03062113303645
"rs748486"	0.867661931894226	348	1.05636435607377
"rs1827092"	0.867675320795325	348	1.07248119890339
"rs553276"	0.867696350837721	348	0.934622869577526
"rs553279"	0.867696350837721	348	0.934622869577526
"rs902838"	0.867711944613674	348	0.969161178049941
"rs326657"	0.867717927316769	348	1.02200074030814
"rs1882049"	0.867832372711731	348	0.964752216924122
"rs1882051"	0.867832372711731	348	0.964752216924122
"rs1882055"	0.867832372711731	348	0.964752216924122
"rs815058"	0.867835477374363	348	1.02544251829691
"rs1383375"	0.86784129920032	348	1.02873080460885
"rs413163"	0.867855886337343	348	0.968698042216531
"rs2152769"	0.867856350347897	348	0.966060910144778
"rs1765330"	0.86787300198016	348	1.0340738310952
"rs1765991"	0.86787300198016	348	1.0340738310952
"rs1769283"	0.86787300198016	348	1.0340738310952
"rs1679135"	0.867877607959792	348	0.967839061538889
"rs1654894"	0.867884604774493	348	1.04284049153078
"rs1962643"	0.867959290553751	348	0.96820711229268
"rs1116234"	0.867979827532886	348	0.97637422619428
"rs651665"	0.867991799927673	348	1.05053692070841
"rs851469"	0.868013228974129	348	0.960933406221531
"rs64440"	0.868027204405991	348	1.03635735896109
"rs64443"	0.868027204405991	348	1.03635735896109
"rs64449"	0.868027204405991	348	1.03635735896109
"rs64464"	0.868027204405991	348	1.03635735896109
"rs64476"	0.868027204405991	348	1.03635735896109
"rs330617"	0.868043062227244	348	1.02940939017619
"rs1610148"	0.868049443777827	348	0.958108423987481
"rs1962156"	0.868055611210942	348	1.03502420352972
"rs1962170"	0.868055611210942	348	1.03502420352972
"rs1350864"	0.868075654845333	348	1.03507283656663
"rs2090029"	0.868077579162532	348	1.04337929888788
"rs1961857"	0.868141268703696	348	0.932632837149132
"rs2016261"	0.86814470041921	348	1.01267201658718
"rs1806692"	0.868162127684197	348	1.03440310812937
"rs732091"	0.868211125631551	348	1.03541333703785
"rs1638126"	0.868314408748323	348	1.04476927946395
"rs1638127"	0.868314408748323	348	1.04476927946395
"rs838727"	0.86833382377154	348	1.02229235397924
"rs1167535"	0.868358531801841	348	1.01543190772605
"rs330549"	0.868369223352095	348	0.985418384001001
"rs576101"	0.868369885384786	348	0.972958350875038
"rs465401"	0.868388729034277	348	1.03188363219666
"rs1881623"	0.868400582161927	348	0.966569977398316
"rs1881627"	0.868400582161927	348	0.966569977398316
"rs1392298"	0.868429869001025	348	1.07040629015076
"rs1814819"	0.868432159755917	348	1.03720429476592
"rs490541"	0.868461628693367	348	1.02669391563945
"rs899934"	0.868465906306328	348	0.894436216872734
"rs1770089"	0.868492746343466	348	0.956678960076308
"rs1432481"	0.868537236826254	348	0.964735259282143
"rs2118103"	0.868562790803137	348	0.953873134296565
"rs392606"	0.868570073315083	348	0.97063712510306
"rs392615"	0.868570073315083	348	0.97063712510306
"rs392687"	0.868570073315083	348	0.97063712510306
"rs392639"	0.868570073315084	348	0.97063712510306
"rs1359894"	0.868586745482203	348	1.01821362436367
"rs226324"	0.868586918633888	348	0.935823156723833
"rs1780010"	0.86860482005171	348	0.971545474234827
"rs856772"	0.868617283419189	348	0.986903713890171
"rs846116"	0.868621700057981	348	0.966204948490603
"rs330712"	0.868635980501171	348	1.05987620978877
"rs235835"	0.868660919416266	348	1.02848599548759
"rs1532429"	0.868670568518696	348	1.03035829668784
"rs801191"	0.868683624474822	348	1.02991773015563
"rs149348"	0.868746781813646	348	1.03664704139541
"rs149354"	0.868746781813646	348	1.03664704139541
"rs149423"	0.868746781813646	348	1.03664704139541
"rs149447"	0.868746781813646	348	1.03664704139541
"rs149507"	0.868746781813646	348	1.03664704139541
"rs149519"	0.868746781813646	348	1.03664704139541
"rs149522"	0.868746781813646	348	1.03664704139541
"rs149564"	0.868746781813646	348	1.03664704139541
"rs149582"	0.868746781813646	348	1.03664704139541
"rs149603"	0.868746781813646	348	1.03664704139541
"rs149604"	0.868746781813646	348	1.03664704139541
"rs149606"	0.868746781813646	348	1.03664704139541
"rs149609"	0.868746781813646	348	1.03664704139541
"rs149617"	0.868746781813646	348	1.03664704139541
"rs149618"	0.868746781813646	348	1.03664704139541
"rs149730"	0.868746781813646	348	1.03664704139541
"rs149748"	0.868746781813646	348	1.03664704139541
"rs149775"	0.868746781813646	348	1.03664704139541
"rs149787"	0.868746781813646	348	1.03664704139541
"rs149817"	0.868746781813646	348	1.03664704139541
"rs475662"	0.868761025464475	348	0.960978967183179
"rs1691766"	0.868776249301915	348	0.953650582610069
"rs484912"	0.868780469893564	348	1.03508314935787
"rs265122"	0.868802742971341	348	1.02645966103793
"rs2171044"	0.868828181538456	348	1.01558124638554
"rs2086973"	0.868831244545104	348	0.965036861758909
"rs1827287"	0.868863419602151	348	1.03593620011569
"rs112583"	0.868867300207374	348	1.03672778661651
"rs1370896"	0.868867334255743	348	1.02658445625236
"rs828672"	0.868902439107815	348	1.03253311364541
"rs434588"	0.8689627561445	348	1.0415748582117
"rs1103956"	0.868974744694269	348	1.04639950282703
"rs1088195"	0.868982708553199	348	1.05769851871369
"rs1088196"	0.868982708553199	348	1.05769851871369
"rs1088197"	0.868982708553199	348	1.05769851871369
"rs1129719"	0.868982708553222	348	1.05769851871368
"rs1088962"	0.868982708553225	348	1.05769851871367
"rs1610067"	0.86900133219138	348	0.967607248459868
"rs2120630"	0.869042979602018	348	1.02992593837222
"rs385331"	0.869084628919406	348	0.951531212937577
"rs123674"	0.869105634007901	348	1.00817298025826
"rs1782610"	0.869228163056729	348	1.02398851042364
"rs1881878"	0.86923087563311	348	0.960209452783285
"rs1881887"	0.86923087563311	348	0.960209452783285
"rs1647560"	0.869232982390714	348	0.957072466982189
"rs574726"	0.86928037392769	348	1.04374320686301
"rs1962596"	0.869374853657688	348	0.970202497951273
"rs1016484"	0.869379525021275	348	0.947884215539152
"rs815812"	0.869420316369943	348	1.0274549270007
"rs544052"	0.869473762138055	348	0.960300843848468
"rs1579925"	0.869497419098535	348	0.948596091719231
"rs1292270"	0.869509477233746	348	1.0329385301173
"rs204868"	0.869520833795447	348	0.95503728061473
"rs302802"	0.869552135315977	348	0.924158148636546
"rs519792"	0.869573167138785	348	0.948026624102501
"rs1743298"	0.869582460050453	348	1.02879353122588
"rs1991570"	0.869621221356272	348	1.04151801090371
"rs444657"	0.869622844820544	348	0.940063702676503
"rs678360"	0.86963636483173	348	0.917391162935077
"rs1895601"	0.869659269106179	348	0.970403774171506
"rs1907672"	0.86968941005601	348	1.02445368298081
"rs298114"	0.869698611282971	348	1.02268182128307
"rs166523"	0.869717697586732	348	1.04442829469677
"rs2161306"	0.869720371766385	348	1.02840459373132
"rs491478"	0.869757919093122	348	1.02156203590362
"rs973706"	0.869816594940395	348	0.96459281696101
"rs822472"	0.869823284643661	348	0.951973550991045
"rs1800806"	0.869836277478355	348	0.949043880132772
"rs1800809"	0.869836277478355	348	0.949043880132772
"rs1828584"	0.869927316018651	348	0.967136796147039
"rs99438"	0.869952544151106	348	1.02667339854206
"rs1618937"	0.869985578461604	348	0.970806944885268
"rs290193"	0.869999141913533	348	0.965333545062019
"rs48709"	0.870010925818825	348	0.94154509443777
"rs1764744"	0.87007405272057	348	0.970028206894187
"rs213269"	0.870090911004978	348	0.959357265385158
"rs1475999"	0.870092272194507	348	1.02475537009469
"rs636489"	0.870161558547924	348	0.967693847730965
"rs914300"	0.870189959529437	348	1.04030969962136
"rs811199"	0.87022326301677	348	0.974682055326552
"rs816748"	0.870301270810348	348	1.02286594019087
"rs627861"	0.87032775356533	348	1.7691175825733
"rs627855"	0.87032775356534	348	1.04852260762639
"rs1665124"	0.870330480355137	348	1.05359930863174
"rs62342"	0.870357445334306	348	0.977225683458988
"rs817877"	0.870387272854097	348	0.977201008188774
"rs703508"	0.870433893180334	348	1.02981679215105
"rs1769909"	0.870455354601122	348	0.968772814659425
"rs1661955"	0.870459371569299	348	1.0293708431494
"rs532156"	0.870514501074027	348	1.03776541541425
"rs919613"	0.870556788393621	348	1.03346499593225
"rs919620"	0.870556788393621	348	1.03346499593225
"rs2060335"	0.870612489955417	348	0.96694830653918
"rs475670"	0.870622118483784	348	0.960591001992168
"rs179777"	0.870647971297903	348	1.04200051372019
"rs1295942"	0.870648217998358	348	1.0258243180632
"rs561809"	0.870655642895727	348	0.968041119787416
"rs1816699"	0.870660498270248	348	0.965232582946857
"rs1117182"	0.870672913320738	348	1.03241299732815
"rs1474845"	0.870711122282264	348	0.965997907918622
"rs1907679"	0.870727179881508	348	1.02425713273772
"rs1372883"	0.870729187068057	348	1.02718344407476
"rs331049"	0.870749933295498	348	0.952649518479326
"rs330691"	0.870749933295499	348	0.952649518479326
"rs379974"	0.870756471885742	348	0.973766024365756
"rs2090804"	0.870830042242502	348	0.960496867975567
"rs2090816"	0.870830042242502	348	0.960496867975567
"rs344743"	0.870843668533628	348	0.959521369728619
"rs2090295"	0.870873075842887	348	0.972324978460255
"rs2090301"	0.870873075842887	348	0.972324978460255
"rs1298626"	0.870884880593982	348	0.968117639873121
"rs1324878"	0.870909383436181	348	1.03791206189191
"rs131971"	0.870917638641079	348	0.963904968232762
"rs329818"	0.870934407043536	348	1.02965583281445
"rs1116729"	0.870936798792664	348	1.0261536873891
"rs123658"	0.870987676155698	348	1.08950265631687
"rs1098574"	0.870995343230052	348	0.959546419724989
"rs1121532"	0.87101030952364	348	1.02496477815026
"rs1922097"	0.871012850406982	348	1.03543400897237
"rs123464"	0.871020487060165	348	0.936479947460945
"rs1978606"	0.87102581908538	348	1.02867214274213
"rs633637"	0.871031070250353	348	0.97043290077282
"rs653026"	0.871082615233752	348	1.05095159332421
"rs463812"	0.871094215476725	348	0.968161484992304
"rs1391953"	0.871155671400179	348	0.953837872383879
"rs1779000"	0.871156985112195	348	0.974276981457641
"rs1038954"	0.871202053404474	348	0.966936961055571
"rs1608528"	0.871207316722414	348	0.938461520947468
"rs254486"	0.87122698405878	348	1.00789522141356
"rs1321020"	0.871245720130333	348	0.955168508356278
"rs1321023"	0.871245720130333	348	0.955168508356278
"rs255390"	0.871257522860534	348	0.976499591123759
"rs1069292"	0.87128446355523	348	1.07162623254701
"rs821636"	0.871329699929529	348	0.981375240537164
"rs300668"	0.871384358395791	348	0.971318281640804
"rs361965"	0.871450172940614	348	0.972708242650634
"rs1019943"	0.87147630009671	348	0.944178268934658
"rs1908647"	0.871492577508226	348	1.02396247979787
"rs1913483"	0.871492577508226	348	1.02396247979787
"rs132085"	0.871515461332061	348	1.0376418549576
"rs753024"	0.871552254641102	348	1.05508025231234
"rs1397454"	0.871580512027579	348	1.0375119860169
"rs1613632"	0.871582403864539	348	1.05004049438025
"rs396268"	0.871586260841035	348	0.959100172120505
"rs1553339"	0.871596626541343	348	0.897346660782262
"rs1568648"	0.871632601839618	348	0.972181049503642
"rs1065403"	0.871658896919907	348	0.972691146221586
"rs1369445"	0.871709078076023	348	0.900240695439703
"rs1370612"	0.871709078076023	348	0.900240695439703
"rs375868"	0.871713614158748	348	1.04335652347419
"rs966721"	0.871774208062194	348	1.03299184690302
"rs89882"	0.871801932999872	348	0.991435850792347
"rs578012"	0.871810950838003	348	0.953853764456738
"rs498407"	0.871815475259429	348	0.968058520904874
"rs1680120"	0.871822216225312	348	1.02966964154937
"rs1102889"	0.871822872360076	348	0.940954674359333
"rs2059846"	0.871864273390779	348	1.04425174614653
"rs186376"	0.871875122689143	348	0.949954184657631
"rs186503"	0.871875122689143	348	0.949954184657631
"rs2166582"	0.871876448074028	348	1.02199799141221
"rs2218250"	0.871879826605307	348	1.02991006986995
"rs2218254"	0.871879826605307	348	1.02991006986995
"rs2218257"	0.871879826605307	348	1.02991006986995
"rs2218259"	0.871879826605307	348	1.02991006986995
"rs2218264"	0.871879826605307	348	1.02991006986995
"rs92986"	0.871921924863528	348	1.03595525119682
"rs92988"	0.871921924863528	348	1.03595525119682
"rs2160117"	0.871968998939494	348	0.977008703445596
"rs2161819"	0.871972439448831	348	1.02773355306376
"rs2145915"	0.871989293420257	348	1.06699024141344
"rs2145950"	0.871989293420257	348	1.06699024141344
"rs1116621"	0.872002051954019	348	0.971317917824252
"rs1116630"	0.872002051954019	348	0.971317917824252
"rs634359"	0.872006847298425	348	0.963315867824344
"rs2062957"	0.872019516211871	348	1.05010890238957
"rs295572"	0.872026604613991	348	0.975930254456228
"rs809803"	0.872035079651203	348	1.06028669096365
"rs1303362"	0.872039601740227	348	0.969475251584357
"rs308180"	0.872048377831428	348	0.965392978758372
"rs253623"	0.872051529163071	348	0.972583464881556
"rs385151"	0.872056462357206	348	1.0297477428435
"rs84166"	0.87208106513703	348	1.5778954296226
"rs2068969"	0.872081251600358	348	0.947586173821451
"rs643060"	0.872118688346825	348	0.951438483257134
"rs643175"	0.872118688346825	348	0.951438483257134
"rs206127"	0.872120367688296	348	0.974904743383065
"rs850746"	0.872150477358752	348	0.962104676584926
"rs1146896"	0.872156694167589	348	1.03699357524828
"rs1146627"	0.872156694167604	348	1.03699357524828
"rs2203583"	0.872245228465027	348	0.96337384953073
"rs1205991"	0.87225483011621	348	0.98533112799193
"rs191402"	0.872259355443353	348	0.948317378953285
"rs87368"	0.872272900108674	348	1.02976151431765
"rs1896032"	0.872276350695763	348	0.897135445233305
"rs1698613"	0.872279644221117	348	1.02107577006558
"rs851399"	0.872280341359978	348	0.961927778859396
"rs227284"	0.872366813789158	348	1.0435559070931
"rs823126"	0.872367617704469	348	1.02679660239986
"rs823129"	0.872367617704469	348	1.02679660239986
"rs1665214"	0.872398416604308	348	0.958924766399353
"rs138864"	0.872417259192931	348	0.956851305357261
"rs139233"	0.872417259192931	348	0.956851305357261
"rs1764628"	0.872513456469973	348	1.0296690989208
"rs1291288"	0.872564332647761	348	1.03916544232168
"rs529578"	0.872584084257274	348	0.956160193419341
"rs1598452"	0.872590147027532	348	1.03477509030038
"rs1315811"	0.872609742873646	348	0.960103532749255
"rs1352045"	0.872616407099998	348	0.89082168021379
"rs634860"	0.872624821329418	348	1.03628687745164
"rs634867"	0.872624821329418	348	1.03628687745164
"rs814929"	0.872638286561822	348	0.966093187683072
"rs133607"	0.872651273669502	348	1.04531707526164
"rs133609"	0.872651273669502	348	1.04531707526164
"rs133628"	0.872651273669502	348	1.04531707526164
"rs133637"	0.872651273669502	348	1.04531707526164
"rs133639"	0.872651273669502	348	1.04531707526164
"rs133674"	0.872651273669502	348	1.04531707526164
"rs133680"	0.872651273669502	348	1.04531707526164
"rs133681"	0.872651273669502	348	1.04531707526164
"rs1778769"	0.872667319923239	348	0.974447810906534
"rs2040768"	0.872678083736067	348	1.05176382327237
"rs226196"	0.87273677092399	348	0.94544816202059
"rs226203"	0.87273677092399	348	0.94544816202059
"rs1751787"	0.872738685943607	348	1.02266593967167
"rs1801775"	0.872741348468226	348	1.06973875778016
"rs1801959"	0.872741348468226	348	1.06973875778016
"rs1803859"	0.872741348468226	348	1.06973875778016
"rs1905880"	0.872741410018655	348	0.96599849890709
"rs1118565"	0.87275376326708	348	0.970278806329271
"rs352308"	0.87277404236319	348	1.03890733966211
"rs126325"	0.872798959003666	348	1.03206933577834
"rs2119997"	0.872808354927993	348	0.95839627390266
"rs1774218"	0.872872683819611	348	0.950323363776758
"rs1701583"	0.872910939513027	348	1.03257795710606
"rs461305"	0.872964445599081	348	0.970390513803223
"rs1013630"	0.872998057442137	348	0.926514285014391
"rs850451"	0.872998710937656	348	0.978000264161506
"rs854307"	0.873046811028035	348	1.04577541857013
"rs854397"	0.873046811028035	348	1.04577541857013
"rs2019530"	0.873053212978232	348	1.04784501281059
"rs1751252"	0.873099984027221	348	1.07090806872565
"rs302831"	0.873149757747365	348	1.01696139174738
"rs579399"	0.873149899372254	348	0.913066239795535
"rs346445"	0.873158108022886	348	1.02406218772897
"rs235862"	0.873189724714509	348	1.07595504600408
"rs1342017"	0.873189724714509	348	1.07595504600408
"rs1391386"	0.873189724714509	348	1.07595504600408
"rs460354"	0.873194541818568	348	0.973716675463952
"rs329773"	0.873196294200563	348	0.956620930113513
"rs597116"	0.873209222174539	348	1.02902008849535
"rs44305"	0.873225451817917	348	1.05106744751192
"rs1326697"	0.873240610205575	348	1.03473458711681
"rs577618"	0.873255345639696	348	0.958531257224424
"rs577622"	0.873255345639696	348	0.958531257224424
"rs577634"	0.873255345639696	348	0.958531257224424
"rs577640"	0.873255345639696	348	0.958531257224424
"rs2105036"	0.87328447069839	348	1.05161821729622
"rs1411540"	0.873297902428099	348	0.965854820549364
"rs1115872"	0.873341546708401	348	1.02995997156314
"rs1963318"	0.87335624491998	348	1.01714730926229
"rs1783285"	0.873365135029029	348	1.02353809461639
"rs1783287"	0.873365135029029	348	1.02353809461639
"rs1783288"	0.873365135029029	348	1.02353809461639
"rs1783291"	0.873365135029029	348	1.02353809461639
"rs1783296"	0.873365135029029	348	1.02353809461639
"rs149925"	0.873379673516152	348	0.968746964820531
"rs1385823"	0.873389100751722	348	1.0598291699239
"rs742568"	0.873398804948642	348	1.02412765428786
"rs342560"	0.873429398060144	348	0.952004388832056
"rs343427"	0.873429398060144	348	0.952004388832056
"rs1769744"	0.873518973124174	348	0.970106639139163
"rs1013238"	0.873548171080285	348	1.03677688353147
"rs687909"	0.873573587047844	348	1.03021505873253
"rs490592"	0.873600443995977	348	1.03328843352647
"rs490604"	0.873600443995977	348	1.03328843352647
"rs1806614"	0.873618576046145	348	0.962107022773463
"rs1806641"	0.873618576046145	348	0.962107022773463
"rs1806644"	0.873618576046145	348	0.962107022773463
"rs2205784"	0.87367908128432	348	0.967007673426576
"rs1342134"	0.87371250669591	348	0.96612310058364
"rs429540"	0.873719252868973	348	1.05191146928716
"rs1061964"	0.873764319395959	348	1.03208943694973
"rs1899403"	0.873776262579468	348	0.968383333448286
"rs1823258"	0.873803579046764	348	1.0333222450148
"rs1823270"	0.873803579046764	348	1.0333222450148
"rs2220610"	0.873806927183937	348	0.959043779514704
"rs1699116"	0.873844056854113	348	0.966877359099754
"rs1699117"	0.873844056854113	348	0.966877359099754
"rs1699122"	0.873844056854113	348	0.966877359099754
"rs1699130"	0.873844056854113	348	0.966877359099754
"rs846230"	0.873944178032256	348	1.02369516899717
"rs102904"	0.873951359733701	348	1.04276167642753
"rs1082406"	0.873952988543329	348	0.952993758246443
"rs703135"	0.873965958352292	348	1.03329305850083
"rs703142"	0.873965958352292	348	1.03329305850083
"rs703143"	0.873965958352292	348	1.03329305850083
"rs703153"	0.873965958352292	348	1.03329305850083
"rs703162"	0.873965958352292	348	1.03329305850083
"rs1927907"	0.873985396466181	348	0.96139179326523
"rs42927"	0.873998620017095	348	1.03407617684454
"rs418957"	0.874007024725133	348	0.963786494790892
"rs951742"	0.874011843034563	348	0.957912989875571
"rs951748"	0.874011843034563	348	0.957912989875571
"rs253802"	0.874023992291954	348	1.07599661639589
"rs1395505"	0.874073943296767	348	1.04073496580143
"rs653534"	0.874080353395118	348	1.06726180562373
"rs510463"	0.874085296793177	348	1.03350435711035
"rs266399"	0.874117732450007	348	1.02748150871861
"rs408274"	0.874153025719475	348	0.968659516183289
"rs1466188"	0.87416092270258	348	0.972398986798958
"rs853188"	0.874163822678177	348	0.962445536772696
"rs182181"	0.874166648142269	348	1.03480345039376
"rs1112872"	0.874178333753882	348	0.972394531508152
"rs1552785"	0.874204787351791	348	1.03252943739961
"rs1061264"	0.874219844268532	348	1.03360433305639
"rs466158"	0.874232743849156	348	1.02977158721703
"rs927567"	0.874271158394373	348	0.97635834436396
"rs1907351"	0.874321301915201	348	1.02571740228354
"rs2131773"	0.874339299186967	348	0.977485405726436
"rs854542"	0.874383829477464	348	1.04527189414898
"rs854546"	0.874383829477464	348	1.04527189414898
"rs392420"	0.874384539293605	348	1.03584941836875
"rs392432"	0.874384539293605	348	1.03584941836875
"rs392413"	0.874384539293609	348	1.03584941836875
"rs1998462"	0.874407604789066	348	1.05223018868669
"rs1463413"	0.874486474219661	348	1.05605035331397
"rs1463425"	0.874486474219661	348	1.05605035331397
"rs1331671"	0.874509458610891	348	1.02697096263185
"rs1775514"	0.874545519740759	348	1.03345876733073
"rs1206036"	0.874566841976008	348	0.98623341283443
"rs99003"	0.874570140963663	348	1.04905072992085
"rs1405524"	0.874578415618582	348	0.957068688622401
"rs189734"	0.874594924017699	348	0.964984137682527
"rs561808"	0.874683835062277	348	0.969046536412575
"rs1067206"	0.874696361394234	348	0.983340113768316
"rs1934072"	0.874718761096947	348	1.04577057913431
"rs849875"	0.87472347964173	348	1.02504039371944
"rs849887"	0.87472347964173	348	1.02504039371944
"rs850040"	0.87472347964173	348	1.02504039371944
"rs1798925"	0.874732105103863	348	0.957275074225609
"rs517195"	0.874732845792707	348	0.976556703065968
"rs1372993"	0.874737578223625	348	0.973684209341017
"rs1616750"	0.874742267974725	348	1.02577824996664
"rs562327"	0.874742341093886	348	1.02268740128691
"rs562335"	0.874742341093886	348	1.02268740128691
"rs562337"	0.874742341093886	348	1.02268740128691
"rs562340"	0.874742341093886	348	1.02268740128691
"rs562341"	0.874742341093886	348	1.02268740128691
"rs248673"	0.87478616583477	348	0.976532602861959
"rs302900"	0.874812452219817	348	1.01074486731742
"rs482946"	0.874813843604672	348	0.955027519772947
"rs2214250"	0.874831100377137	348	0.948875445201475
"rs190459"	0.874855673686074	348	0.961739900963281
"rs1393628"	0.874874665639832	348	0.960252102635563
"rs840509"	0.874885557093253	348	0.967368437068296
"rs11205"	0.874887753997031	348	1.05645462334067
"rs673012"	0.874887753997031	348	1.05645462334067
"rs1708780"	0.874900745698271	348	0.973879395385276
"rs1288031"	0.874908558069838	348	0.970137531969722
"rs1288034"	0.874908558069838	348	0.970137531969722
"rs1288054"	0.874908558069838	348	0.970137531969722
"rs1288127"	0.874908558069838	348	0.970137531969722
"rs1288213"	0.874908558069838	348	0.970137531969722
"rs1288223"	0.874908558069838	348	0.970137531969722
"rs1288238"	0.874908558069838	348	0.970137531969722
"rs128660"	0.874939467208264	348	1.0248121539639
"rs2170635"	0.874944122774362	348	1.01284975823377
"rs63710"	0.874974157836406	348	0.923806439763126
"rs851284"	0.875059328987178	348	0.962974202914619
"rs306854"	0.875065638430804	348	0.949020267237628
"rs616410"	0.875100254575275	348	1.04291214715552
"rs458324"	0.875172469175173	348	0.984072019076201
"rs1478815"	0.875191925547666	348	1.05233796783001
"rs1478902"	0.875191925547666	348	1.05233796783001
"rs1478913"	0.875191925547666	348	1.05233796783001
"rs1478932"	0.875191925547666	348	1.05233796783001
"rs1988409"	0.875205282197858	348	1.03090670631795
"rs303273"	0.875209024452471	348	0.986184013123421
"rs1646918"	0.875213196277077	348	1.0389031487652
"rs623464"	0.875220231875643	348	1.05566102873766
"rs1857493"	0.875224319442166	348	1.02015017886397
"rs1696184"	0.875247601142759	348	1.03017341592567
"rs917392"	0.875276838497542	348	0.956259214743325
"rs917395"	0.875276838497542	348	0.956259214743325
"rs917398"	0.875276838497542	348	0.956259214743325
"rs917399"	0.875276838497542	348	0.956259214743325
"rs917401"	0.875276838497542	348	0.956259214743325
"rs917248"	0.875276838497545	348	0.956259214743326
"rs917407"	0.875276838497545	348	0.956259214743326
"rs917431"	0.875276838497545	348	0.956259214743326
"rs917452"	0.875276838497545	348	0.956259214743326
"rs917467"	0.875276838497545	348	0.956259214743326
"rs1791903"	0.875283687448015	348	0.976749979758658
"rs782938"	0.875287575698832	348	0.975963933420047
"rs782939"	0.875287575698832	348	0.975963933420047
"rs782947"	0.875287575698832	348	0.975963933420047
"rs782949"	0.875287575698832	348	0.975963933420047
"rs782952"	0.875287575698832	348	0.975963933420047
"rs782956"	0.875287575698832	348	0.975963933420047
"rs782964"	0.875287575698832	348	0.975963933420047
"rs782967"	0.875287575698832	348	0.975963933420047
"rs782975"	0.875287575698832	348	0.975963933420047
"rs782991"	0.875287575698832	348	0.975963933420047
"rs783040"	0.875287575698832	348	0.975963933420047
"rs783114"	0.875287575698832	348	0.975963933420047
"rs627773"	0.875304605955257	348	1.04767487068727
"rs2019801"	0.875310293299738	348	1.05195005197064
"rs2020012"	0.875310293299738	348	1.05195005197064
"rs460352"	0.875316527204441	348	0.972870432092616
"rs2202216"	0.875322116014402	348	0.976259203854879
"rs1068506"	0.875349850198296	348	1.05039700881194
"rs1708766"	0.875379324429484	348	1.02766968360909
"rs1803216"	0.8753800008458	348	0.971261262255972
"rs2147673"	0.875402859168114	348	0.983711683978039
"rs413078"	0.8754063909255	348	0.952231594860183
"rs790926"	0.875412664623338	348	1.00979260568093
"rs475813"	0.875569744272247	348	1.01086477077734
"rs2087837"	0.875613615991285	348	1.0408628192083
"rs330588"	0.875619086586881	348	1.00817840773452
"rs1699284"	0.875621450126525	348	1.03180890089163
"rs1699290"	0.875621450126525	348	1.03180890089163
"rs1699299"	0.875621450126525	348	1.03180890089163
"rs474358"	0.875629127487342	348	1.10420237179813
"rs474634"	0.875629127487342	348	1.10420237179813
"rs522581"	0.875699723549596	348	0.968993188356178
"rs817770"	0.87572360518369	348	0.979996672973527
"rs381555"	0.875738429906831	348	1.02598753400917
"rs83249"	0.875781360161218	348	0.969144595470019
"rs1385640"	0.875937510496113	348	1.03714130349202
"rs511547"	0.875995337185595	348	1.03191248344058
"rs344529"	0.876057874549345	348	0.957568996921142
"rs857787"	0.876063674661462	348	1.03997070463187
"rs857878"	0.876063674661462	348	1.03997070463187
"rs1013890"	0.876091214217967	348	1.04424921224006
"rs1017783"	0.876095853423546	348	1.06873608854492
"rs1017786"	0.876095853423546	348	1.06873608854492
"rs1017794"	0.876095853423546	348	1.06873608854492
"rs1017807"	0.876095853423546	348	1.06873608854492
"rs1017816"	0.876095853423546	348	1.06873608854492
"rs1017825"	0.876095853423546	348	1.06873608854492
"rs1017831"	0.876095853423546	348	1.06873608854492
"rs1017837"	0.876095853423546	348	1.06873608854492
"rs1195232"	0.876126032401787	348	0.969615781965486
"rs1461234"	0.876140270007905	348	1.02687121368548
"rs534998"	0.876145442509447	348	1.04252751029889
"rs2176650"	0.87614710987245	348	0.982731066000398
"rs760319"	0.876195750351807	348	0.970092607002558
"rs1451725"	0.876224981511504	348	0.966986814204724
"rs2148676"	0.876253027118351	348	1.02649058469455
"rs64950"	0.876257969217402	348	0.970433994886092
"rs209485"	0.876262429014674	348	1.02670282709726
"rs851060"	0.876280352902151	348	0.96336032920709
"rs162097"	0.876288129691533	348	1.03823061759557
"rs307156"	0.876292895422577	348	1.05194227912821
"rs82054"	0.876348202934946	348	0.965643705255776
"rs2110029"	0.876364992194199	348	0.966341799185233
"rs56901"	0.876403916780538	348	1.02596080033803
"rs1604616"	0.876442137594287	348	1.03321031228195
"rs327037"	0.876468976653332	348	0.982279742640921
"rs1933323"	0.876475277890488	348	1.03998235354446
"rs2064923"	0.876476139558655	348	0.942220313106631
"rs1899800"	0.876484478104709	348	0.962379386029679
"rs1974080"	0.876503182229777	348	1.04486647883078
"rs44457"	0.876523277968475	348	0.92868461056702
"rs590015"	0.876523277968475	348	0.92868461056702
"rs1803239"	0.876548893433056	348	1.02791875515878
"rs522758"	0.876569144872164	348	0.965993136467036
"rs356662"	0.876574848174318	348	1.0359436696356
"rs360355"	0.876574848174318	348	1.0359436696356
"rs360649"	0.876574848174318	348	1.0359436696356
"rs1030944"	0.876645155542443	348	0.956890865214081
"rs1480137"	0.876690186811197	348	1.04336123407522
"rs722653"	0.876709675974563	348	0.980292597550211
"rs330835"	0.87671603530582	348	1.02525979963844
"rs784992"	0.876759870585418	348	0.992931580136958
"rs1763603"	0.876794558813105	348	1.04420395029817
"rs502474"	0.876795106034929	348	1.03484111065291
"rs1822916"	0.876869538468506	348	0.985147635211744
"rs621958"	0.876892385125165	348	0.967162008638739
"rs385684"	0.876899448173007	348	0.964730080837031
"rs580757"	0.876901633963793	348	0.971751106444622
"rs1744407"	0.876903006330648	348	0.956028725119224
"rs1744419"	0.876903006330648	348	0.956028725119224
"rs1744433"	0.876903006330648	348	0.956028725119224
"rs1744444"	0.876903006330648	348	0.956028725119224
"rs1744448"	0.876903006330648	348	0.956028725119224
"rs1744449"	0.876903006330648	348	0.956028725119224
"rs1744451"	0.876903006330648	348	0.956028725119224
"rs1744459"	0.876903006330648	348	0.956028725119224
"rs1744465"	0.876903006330648	348	0.956028725119224
"rs1744474"	0.876903006330648	348	0.956028725119224
"rs1744475"	0.876903006330648	348	0.956028725119224
"rs1552781"	0.876928344000365	348	1.03121362458164
"rs408104"	0.876931057909154	348	1.03309253528152
"rs408116"	0.876931057909154	348	1.03309253528152
"rs408118"	0.876931057909154	348	1.03309253528152
"rs408179"	0.876931057909154	348	1.03309253528152
"rs408182"	0.876931057909154	348	1.03309253528152
"rs408185"	0.876931057909154	348	1.03309253528152
"rs408365"	0.876931057909154	348	1.03309253528152
"rs408368"	0.876931057909154	348	1.03309253528152
"rs408370"	0.876931057909154	348	1.03309253528152
"rs1580152"	0.876967574271679	348	1.0325568188675
"rs1648133"	0.876970681859194	348	0.976064013362499
"rs88001"	0.876974685769104	348	1.02935283764932
"rs1962821"	0.87700560448453	348	0.964044754440486
"rs702269"	0.877044418791972	348	1.03085897146508
"rs151498"	0.87705726963797	348	0.967636003809229
"rs1714908"	0.877100022323796	348	1.02581522601245
"rs1881455"	0.877146507464399	348	0.967640754161007
"rs1819498"	0.877165322436173	348	0.967309514013853
"rs358500"	0.877185653668466	348	0.966430363466774
"rs1687722"	0.877196510952936	348	1.02705410750411
"rs384887"	0.877245251921391	348	0.969977717608592
"rs1206734"	0.877248244608733	348	1.0234626907089
"rs48428"	0.877252788744904	348	1.05895377591497
"rs1196739"	0.877255413396654	348	0.979582176076335
"rs1113872"	0.877291535181352	348	1.02901804874561
"rs1115299"	0.877291535181352	348	1.02901804874561
"rs1115339"	0.877291535181352	348	1.02901804874561
"rs1115359"	0.877291535181352	348	1.02901804874561
"rs1115503"	0.877291535181352	348	1.02901804874561
"rs1115619"	0.877291535181352	348	1.02901804874561
"rs1115643"	0.877291535181352	348	1.02901804874561
"rs1115738"	0.877291535181352	348	1.02901804874561
"rs1115764"	0.877291535181352	348	1.02901804874561
"rs1115770"	0.877291535181352	348	1.02901804874561
"rs1115068"	0.877291535181353	348	1.02901804874561
"rs1116156"	0.877291535181353	348	1.02901804874561
"rs1116228"	0.877291535181353	348	1.02901804874561
"rs1116233"	0.877291535181353	348	1.02901804874561
"rs1116369"	0.877291535181353	348	1.02901804874561
"rs1116390"	0.877291535181353	348	1.02901804874561
"rs1116423"	0.877291535181353	348	1.02901804874561
"rs1116426"	0.877291535181353	348	1.02901804874561
"rs1116582"	0.877291535181353	348	1.02901804874561
"rs1116669"	0.877291535181353	348	1.02901804874561
"rs1116672"	0.877291535181353	348	1.02901804874561
"rs1116695"	0.877291535181353	348	1.02901804874561
"rs1116698"	0.877291535181353	348	1.02901804874561
"rs1116771"	0.877291535181353	348	1.02901804874561
"rs1387297"	0.877308251364083	348	0.966418518609795
"rs460575"	0.877327124969475	348	0.970123400411454
"rs621849"	0.877366138116717	348	0.967292224388204
"rs525825"	0.877406551953421	348	1.02981123857819
"rs144999"	0.877412894482391	348	0.975021521480906
"rs83767"	0.877503202022334	348	0.963833332363245
"rs913539"	0.877506090059826	348	0.963397030960104
"rs913710"	0.877506090059826	348	0.963397030960104
"rs913718"	0.877506090059826	348	0.963397030960104
"rs913724"	0.877506090059826	348	0.963397030960104
"rs913733"	0.877506090059826	348	0.963397030960104
"rs913745"	0.877506090059826	348	0.963397030960104
"rs1816436"	0.877518850504321	348	1.03330006786079
"rs1678654"	0.877561330006061	348	1.04295092431199
"rs365425"	0.877565451411073	348	1.0351526387399
"rs1769836"	0.877584988576528	348	1.02974655125822
"rs102695"	0.877592814175821	348	0.958333711102523
"rs211373"	0.877594676702885	348	0.973220064356325
"rs1883668"	0.877608585230552	348	1.0466013431282
"rs1883944"	0.877608585230555	348	1.0466013431282
"rs497756"	0.877636109647206	348	1.04466876491841
"rs497759"	0.877636109647206	348	1.04466876491841
"rs497765"	0.877636109647206	348	1.04466876491841
"rs497774"	0.877636109647206	348	1.04466876491841
"rs844133"	0.87765810338567	348	0.975551166381853
"rs391442"	0.87765984190679	348	1.03895334781662
"rs1666848"	0.877669873153109	348	0.9681910949522
"rs1961808"	0.87767108453291	348	1.0669144522889
"rs839481"	0.877673131064133	348	1.03317087234878
"rs2131387"	0.877681476860566	348	0.980263503259779
"rs2131388"	0.877681476860566	348	0.980263503259779
"rs1161065"	0.877691888975492	348	1.03103581511328
"rs353609"	0.877692303529975	348	1.03451526867533
"rs787974"	0.8777353393366	348	1.03717913145485
"rs1143190"	0.877754526515761	348	0.969392601315096
"rs1769922"	0.87777766102882	348	1.02972047281403
"rs1014732"	0.877799708940807	348	1.01003411036726
"rs467415"	0.87782605840848	348	1.02766440057479
"rs730192"	0.877845709580603	348	0.964922539223305
"rs1488643"	0.877859998292008	348	1.01066747768958
"rs366555"	0.877871678197459	348	0.967950991075822
"rs1655929"	0.877969828701536	348	0.970397684812594
"rs436799"	0.877970844610009	348	0.976451857726247
"rs307151"	0.877982758496267	348	1.05119292348547
"rs1328135"	0.877995159103983	348	0.970368609271434
"rs836930"	0.878031634730015	348	1.02095995079498
"rs1488522"	0.878060222408437	348	1.00894460067509
"rs1715779"	0.878103185501547	348	1.01619389103084
"rs83300"	0.878147050091529	348	0.963918263743742
"rs1202150"	0.878235238667239	348	0.9774252666144
"rs2160019"	0.878298240544308	348	0.979353647655456
"rs1103876"	0.878323658430208	348	1.03566126576719
"rs206013"	0.878330420370789	348	0.971731690261489
"rs1839287"	0.878369844670035	348	1.02872429940481
"rs1803192"	0.878405705058369	348	1.02496262512898
"rs781454"	0.878463899179971	348	0.965795070942637
"rs1141525"	0.878474354693318	348	1.05165960730936
"rs688871"	0.878493992492866	348	1.03967185423468
"rs1706177"	0.878499858390117	348	1.02772376758895
"rs535389"	0.87854691878224	348	0.977286418316386
"rs83026"	0.878548393865579	348	0.965580774570101
"rs636551"	0.878553978719655	348	0.975180975891331
"rs1698551"	0.878557637877662	348	1.01805351792946
"rs367358"	0.878579764182696	348	0.953496522931092
"rs367583"	0.878579764182696	348	0.953496522931092
"rs370361"	0.878579764182696	348	0.953496522931092
"rs371317"	0.878579764182696	348	0.953496522931092
"rs1933197"	0.878602126024566	348	1.04111725682229
"rs1608869"	0.87863566436364	348	1.0466642711499
"rs725718"	0.878645381048848	348	1.02952362842337
"rs175243"	0.878654568348616	348	0.957256648848384
"rs427698"	0.878685622984965	348	0.976405329975817
"rs1959827"	0.878704951774443	348	0.984758996669105
"rs227005"	0.878707044444192	348	0.970186973211489
"rs1488140"	0.878716191002172	348	0.983371249691989
"rs1982814"	0.878718690594151	348	0.963938154824797
"rs1982816"	0.878718690594151	348	0.963938154824797
"rs1311296"	0.87878610964727	348	1.04234335843799
"rs2177925"	0.878790221969481	348	0.980899114234871
"rs1068680"	0.878840755715886	348	1.03100657217145
"rs783220"	0.878845578806481	348	0.945502761965373
"rs341982"	0.878949143333604	348	1.04071150955097
"rs257687"	0.87896091801156	348	0.971897996426101
"rs132370"	0.879032496065105	348	0.976216998007276
"rs1341789"	0.879091365482386	348	0.965219200603212
"rs1708230"	0.879108044754104	348	0.966165205325864
"rs2130178"	0.879161243688913	348	0.966016217362737
"rs23805"	0.879167438371689	348	0.924802941048573
"rs1156347"	0.879167438371692	348	0.924802941048575
"rs2024144"	0.879167438371692	348	0.924802941048575
"rs2190675"	0.879167438371692	348	0.924802941048575
"rs2023765"	0.879167438371703	348	0.924802941048581
"rs148056"	0.879182715978329	348	0.97674526764363
"rs1579309"	0.879188753924106	348	0.952529239667263
"rs628165"	0.87920628033807	348	1.04503827646825
"rs227812"	0.879211593975838	348	0.971858468650943
"rs2162280"	0.879223973869822	348	1.01980905245695
"rs1769561"	0.879236201323255	348	1.0292183186313
"rs358373"	0.879260340372601	348	1.0343221264608
"rs1298719"	0.879314024236803	348	0.965160226851652
"rs273816"	0.879335744511146	348	0.975866309784921
"rs682148"	0.879353279153916	348	1.03902119039053
"rs490628"	0.879354881236657	348	1.03033110888503
"rs1739420"	0.87935868164241	348	1.02668039778883
"rs807957"	0.879399931464393	348	0.941348062276571
"rs1733724"	0.879439677094768	348	1.0148135832074
"rs1765290"	0.879469343707732	348	1.02911991496852
"rs941170"	0.879495031802656	348	0.95613893659594
"rs634314"	0.879534116707643	348	0.95837198222115
"rs634317"	0.879534116707643	348	0.95837198222115
"rs634320"	0.879534116707643	348	0.95837198222115
"rs908296"	0.879557865130257	348	1.0322104428658
"rs615854"	0.879577112167613	348	0.956887838086339
"rs464531"	0.879577704915237	348	1.0326797306155
"rs820149"	0.879674547089799	348	1.0241073522233
"rs249902"	0.87968806523002	348	1.02775478344743
"rs620798"	0.879692014920851	348	0.975182870284833
"rs620759"	0.879692014920855	348	0.975182870284833
"rs620765"	0.879692014920855	348	0.975182870284833
"rs649053"	0.87971664501193	348	0.989165422786119
"rs819753"	0.879723214363134	348	0.972943477634974
"rs851239"	0.879823836019396	348	0.964248301634849
"rs853264"	0.879823836019396	348	0.964248301634849
"rs621932"	0.879860406175634	348	0.967959252246269
"rs627816"	0.87990652030105	348	1.04517591484413
"rs741497"	0.879927632924751	348	0.969256250907545
"rs741483"	0.879927632924753	348	0.969256250907545
"rs224804"	0.879966394115351	348	1.05489678845752
"rs224825"	0.879966394115351	348	1.05489678845752
"rs224834"	0.879966394115351	348	1.05489678845752
"rs983906"	0.879966995253949	348	0.961208195004794
"rs1949058"	0.880107081880813	348	0.95340969435787
"rs1949452"	0.880107081880813	348	0.95340969435787
"rs1674926"	0.880125086562	348	0.966714154046077
"rs851063"	0.880127973422276	348	0.964440275419492
"rs851227"	0.880127973422276	348	0.964440275419492
"rs1446352"	0.880139714963421	348	0.934456119904133
"rs337919"	0.880147395938378	348	0.959394807055335
"rs160215"	0.880235884310818	348	0.982824202482937
"rs1316322"	0.880263684842851	348	0.976034233852378
"rs2006006"	0.880276334397793	348	1.03888886566648
"rs2006425"	0.880276334397793	348	1.03888886566648
"rs2162932"	0.880277656239836	348	0.976159841640883
"rs843943"	0.880294164277575	348	1.02877814979448
"rs843946"	0.880294164277575	348	1.02877814979448
"rs951694"	0.880302782995397	348	0.958050687246149
"rs652425"	0.880325224086761	348	1.06029093181388
"rs2193539"	0.880342815331112	348	1.0331863920067
"rs1515782"	0.880376477603196	348	0.990789929737505
"rs1309724"	0.880379638012903	348	1.03096953842016
"rs99272"	0.880404635200913	348	0.976176945346071
"rs1937125"	0.880409677951456	348	0.953708290617117
"rs2114383"	0.880417333980088	348	1.03794180914191
"rs943489"	0.880455509738534	348	1.03326655005789
"rs227307"	0.88047498805604	348	1.04971243768868
"rs519423"	0.88048038218418	348	1.03741833373431
"rs1786542"	0.880518281411438	348	0.978951638806076
"rs832550"	0.880540335203445	348	0.965907472079932
"rs2005603"	0.880549652946445	348	1.06488382173703
"rs2006177"	0.880549652946445	348	1.06488382173703
"rs885876"	0.880576444924744	348	1.06415676428469
"rs2134829"	0.88058934113742	348	0.976623760983647
"rs950713"	0.880627133504734	348	0.956722050982314
"rs1561505"	0.880627526263844	348	0.907764155232203
"rs345193"	0.880661435931482	348	1.02725165368237
"rs2180604"	0.880665705067631	348	0.980061700787365
"rs1641416"	0.88067762297395	348	0.93867528414357
"rs402081"	0.880680814954382	348	0.964108943875374
"rs1072909"	0.880693398412023	348	0.992244792403991
"rs1072946"	0.880693398412023	348	0.992244792403991
"rs56829"	0.880718774142292	348	0.973836275804612
"rs122829"	0.88072091856794	348	1.02428246138471
"rs2023127"	0.880749604736371	348	1.03189509961382
"rs1647458"	0.880758884304858	348	1.03075761485852
"rs874742"	0.880822125782805	348	0.958220119435355
"rs1399140"	0.880861900472252	348	1.03817476050012
"rs1399149"	0.880861900472252	348	1.03817476050012
"rs1399150"	0.880861900472252	348	1.03817476050012
"rs503178"	0.880875676296714	348	1.03743205045121
"rs1962903"	0.88088517524929	348	1.03272552361169
"rs1962658"	0.880885175249291	348	1.03272552361169
"rs1962734"	0.880885175249291	348	1.03272552361169
"rs1962822"	0.880885175249291	348	1.03272552361169
"rs1623121"	0.880885770154351	348	1.04705209527688
"rs1564458"	0.880891474509429	348	0.974989659512791
"rs1564482"	0.880891474509429	348	0.974989659512791
"rs987649"	0.880903964787744	348	0.966372418918863
"rs1764417"	0.880934472869354	348	0.931609253642973
"rs1162839"	0.880940988633367	348	1.0314510605336
"rs1162863"	0.880940988633367	348	1.0314510605336
"rs828241"	0.880967186055769	348	1.03030047021195
"rs1706246"	0.880982702723749	348	0.972834587291091
"rs1706250"	0.880982702723749	348	0.972834587291091
"rs1706255"	0.880982702723749	348	0.972834587291091
"rs534012"	0.880990107206434	348	1.02309000987904
"rs534013"	0.880990107206434	348	1.02309000987904
"rs1743928"	0.880992998019383	348	1.04252273972835
"rs1743937"	0.880992998019387	348	1.04252273972835
"rs1743943"	0.880992998019387	348	1.04252273972835
"rs1743945"	0.880992998019387	348	1.04252273972835
"rs1743949"	0.880992998019387	348	1.04252273972835
"rs1743955"	0.880992998019387	348	1.04252273972835
"rs1743973"	0.880992998019387	348	1.04252273972835
"rs1743977"	0.880992998019387	348	1.04252273972835
"rs1743982"	0.880992998019387	348	1.04252273972835
"rs1743984"	0.880992998019387	348	1.04252273972835
"rs1743988"	0.880992998019387	348	1.04252273972835
"rs1743995"	0.880992998019387	348	1.04252273972835
"rs1743996"	0.880992998019387	348	1.04252273972835
"rs1744063"	0.880992998019387	348	1.04252273972835
"rs1744072"	0.880992998019387	348	1.04252273972835
"rs1744077"	0.880992998019387	348	1.04252273972835
"rs1153223"	0.881002762952333	348	0.973993829755075
"rs1153225"	0.881002762952333	348	0.973993829755075
"rs1153228"	0.881002762952333	348	0.973993829755075
"rs1153237"	0.881002762952333	348	0.973993829755075
"rs692128"	0.881018991502729	348	0.964914562355316
"rs578043"	0.881069405692169	348	0.961863573098788
"rs852487"	0.881083367000151	348	0.964612845178701
"rs1881569"	0.881091777646874	348	0.9692132302216
"rs497143"	0.881108257691503	348	1.04244162473248
"rs499127"	0.881108257691503	348	1.04244162473248
"rs499069"	0.881108257691503	348	1.04244162473248
"rs497245"	0.881108257691505	348	1.04244162473248
"rs498130"	0.881108257691512	348	1.04244162473248
"rs749973"	0.881116419868952	348	1.02496114048038
"rs1466309"	0.881132025514333	348	1.04126349343879
"rs1466318"	0.881132025514333	348	1.04126349343879
"rs1466324"	0.881132025514333	348	1.04126349343879
"rs1466325"	0.881132025514333	348	1.04126349343879
"rs1466346"	0.881132025514333	348	1.04126349343879
"rs1466362"	0.881132025514333	348	1.04126349343879
"rs1466366"	0.881132025514333	348	1.04126349343879
"rs1466381"	0.881132025514333	348	1.04126349343879
"rs1466383"	0.881132025514333	348	1.04126349343879
"rs93708"	0.881161748708932	348	0.972954417341094
"rs2061254"	0.881176521465425	348	0.946034500256905
"rs699532"	0.881182742211398	348	1.04773433438002
"rs504046"	0.881195258415575	348	1.03773996905517
"rs504059"	0.881195258415575	348	1.03773996905517
"rs1713716"	0.881249803925649	348	0.97650508274356
"rs1479189"	0.881287588566339	348	0.970970059778364
"rs933342"	0.881371536759877	348	1.02580216252868
"rs2092509"	0.881375183844563	348	0.956711305882361
"rs1161408"	0.881460116569635	348	0.971991154391014
"rs1161420"	0.881460116569635	348	0.971991154391014
"rs560454"	0.881515993039643	348	1.02340911025449
"rs750047"	0.881533795117326	348	0.983818931700301
"rs1434325"	0.881536880638695	348	0.963191324503288
"rs590520"	0.881578612856653	348	0.954291288008357
"rs132514"	0.881693628997269	348	0.92718205826173
"rs1592353"	0.881725582022672	348	1.03732785844629
"rs1777555"	0.88173240977169	348	0.974823410952668
"rs1777561"	0.88173240977169	348	0.974823410952668
"rs2162299"	0.881755091492583	348	0.988963342646124
"rs1160841"	0.881796630048792	348	0.972444034992842
"rs1160846"	0.881796630048792	348	0.972444034992842
"rs1160885"	0.881796630048792	348	0.972444034992842
"rs1160894"	0.881796630048792	348	0.972444034992842
"rs1160912"	0.881796630048792	348	0.972444034992842
"rs1160927"	0.881796630048792	348	0.972444034992842
"rs1160947"	0.881796630048792	348	0.972444034992842
"rs1160990"	0.881796630048792	348	0.972444034992842
"rs1160704"	0.881796630048796	348	0.972444034992843
"rs1160737"	0.881796630048796	348	0.972444034992843
"rs1160738"	0.881796630048796	348	0.972444034992843
"rs1160748"	0.881796630048796	348	0.972444034992843
"rs1160752"	0.881796630048796	348	0.972444034992843
"rs1160753"	0.881796630048796	348	0.972444034992843
"rs1160761"	0.881796630048796	348	0.972444034992843
"rs1160765"	0.881796630048796	348	0.972444034992843
"rs1160768"	0.881796630048796	348	0.972444034992843
"rs1160769"	0.881796630048796	348	0.972444034992843
"rs1160772"	0.881796630048796	348	0.972444034992843
"rs1317845"	0.881806557209598	348	1.03611161703685
"rs2021201"	0.881848477491573	348	0.965416638413577
"rs265728"	0.881866950620014	348	0.915403451021265
"rs1562596"	0.881893320581015	348	0.951058856732945
"rs1562610"	0.881893320581015	348	0.951058856732945
"rs1562718"	0.881893320581015	348	0.951058856732945
"rs1561296"	0.881893320581032	348	0.951058856732951
"rs1562616"	0.881893320581032	348	0.951058856732951
"rs1562665"	0.881893320581032	348	0.951058856732951
"rs1562688"	0.881893320581032	348	0.951058856732951
"rs1562696"	0.881893320581032	348	0.951058856732951
"rs1562733"	0.881893320581032	348	0.951058856732951
"rs1562727"	0.881893320581037	348	0.951058856732953
"rs1562742"	0.881893320581037	348	0.951058856732953
"rs994340"	0.88191055078255	348	0.975829886381125
"rs994436"	0.88191055078255	348	0.975829886381125
"rs994469"	0.88191055078255	348	0.975829886381125
"rs896725"	0.881922023220933	348	1.02464262740028
"rs842076"	0.882043828689514	348	0.971349161784919
"rs842079"	0.882043828689514	348	0.971349161784919
"rs1462857"	0.882081859275051	348	0.965978722434285
"rs1637627"	0.882106788626344	348	0.97593986096305
"rs853172"	0.882128467919824	348	0.964960401239019
"rs384466"	0.882129732628164	348	0.974996004888434
"rs795188"	0.882132987229491	348	0.974684677884149
"rs212560"	0.882197362532724	348	0.962677317406668
"rs305895"	0.882198270457921	348	0.954707777446694
"rs1516900"	0.882232673917665	348	0.982641581061424
"rs723380"	0.882335566693812	348	0.967550441405424
"rs612897"	0.882355675179895	348	1.08287957907016
"rs613004"	0.882355675179895	348	1.08287957907016
"rs613065"	0.882355675179895	348	1.08287957907016
"rs614083"	0.882355675179895	348	1.08287957907016
"rs615509"	0.882355675179895	348	1.08287957907016
"rs621412"	0.882355675179895	348	1.08287957907016
"rs776765"	0.882355675179895	348	1.08287957907016
"rs831770"	0.882355675179895	348	1.08287957907016
"rs1352519"	0.882355675179895	348	1.08287957907016
"rs1786317"	0.882355675179895	348	1.08287957907016
"rs681947"	0.882367405157388	348	1.06266614227211
"rs1018886"	0.882368787426307	348	1.05044350934866
"rs1018624"	0.882368787426335	348	1.05044350934865
"rs1616788"	0.882373273101051	348	1.02834058625887
"rs1616794"	0.882373273101051	348	1.02834058625887
"rs253703"	0.882401778805922	348	0.976321946916604
"rs1881695"	0.882411742585996	348	0.969287810501408
"rs1314656"	0.88241914251639	348	1.04752454988955
"rs1735391"	0.882424141544228	348	1.02902235961708
"rs1166112"	0.882447757441125	348	1.0726792699845
"rs1961415"	0.882447757441125	348	1.0726792699845
"rs706195"	0.882456012251107	348	0.943236302072227
"rs517980"	0.882458318398561	348	0.978107410828111
"rs617878"	0.882496615622611	348	0.970532685237224
"rs651753"	0.882499547305643	348	1.063692508916
"rs652118"	0.882499547305643	348	1.063692508916
"rs1397751"	0.882500331466645	348	1.03560113868801
"rs1397789"	0.882500331466645	348	1.03560113868801
"rs1397790"	0.882500331466645	348	1.03560113868801
"rs1397792"	0.882500331466645	348	1.03560113868801
"rs149704"	0.882502418880914	348	1.03270194776707
"rs82647"	0.882562939480052	348	1.03423584865959
"rs340604"	0.882594045301883	348	0.982624023516061
"rs1383738"	0.882618995438363	348	1.03172256879239
"rs1608920"	0.882633873717404	348	0.964534958939051
"rs289961"	0.882670683614935	348	1.02291481631366
"rs1424562"	0.882678348534113	348	0.971911336350734
"rs1103866"	0.882697238351175	348	0.967047242184116
"rs434195"	0.882711440819707	348	1.02775078350997
"rs189800"	0.882729390037435	348	1.02779342500342
"rs661794"	0.882764035560095	348	0.96927349024782
"rs295197"	0.882788024579424	348	0.974806632944921
"rs1191285"	0.882811617983986	348	0.978933985135096
"rs1154408"	0.882828940572447	348	1.01275515471396
"rs2170672"	0.88283587310965	348	1.0165556762239
"rs139210"	0.882857945996661	348	1.07197370801337
"rs554937"	0.882887978768514	348	0.973563419656898
"rs548182"	0.882892277268963	348	0.948669198188434
"rs138132"	0.882906103542093	348	0.966332298436571
"rs1998986"	0.882920741811655	348	1.02330292744131
"rs348020"	0.882937922012401	348	1.04060724188498
"rs852227"	0.882969124866635	348	0.965246770775027
"rs2026265"	0.882994889891032	348	1.03420335840805
"rs1898530"	0.883007663798816	348	1.0206215324566
"rs57361"	0.883030577373529	348	1.0353698708523
"rs2094841"	0.883075010837324	348	1.0566935908757
"rs2094843"	0.883075010837324	348	1.0566935908757
"rs887491"	0.88309139525886	348	0.944203205780192
"rs117920"	0.883096988898085	348	1.01501593642615
"rs1775882"	0.883137732185921	348	0.971709061207535
"rs1721304"	0.883141364962471	348	0.962457947941804
"rs1721320"	0.883141364962471	348	0.962457947941804
"rs1721323"	0.883141364962471	348	0.962457947941804
"rs1721341"	0.883141364962471	348	0.962457947941804
"rs816137"	0.883183343144644	348	1.03595499400638
"rs575537"	0.883184383040689	348	1.05430441690831
"rs2115412"	0.883208024299424	348	1.01874893885821
"rs1596520"	0.883222528481997	348	0.973692003941641
"rs1780012"	0.883231953873862	348	1.04102132281141
"rs814194"	0.883233789672686	348	1.03485562017332
"rs505946"	0.883264048737278	348	0.960441082405779
"rs506305"	0.883264048737278	348	0.960441082405779
"rs506524"	0.883264048737278	348	0.960441082405779
"rs506912"	0.883264048737278	348	0.960441082405779
"rs508076"	0.883264048737278	348	0.960441082405779
"rs1297008"	0.883264048737279	348	0.960441082405779
"rs140335"	0.883264048737279	348	0.960441082405779
"rs1331528"	0.88326404873728	348	0.960441082405779
"rs1331531"	0.88326404873728	348	0.960441082405779
"rs1331559"	0.88326404873728	348	0.960441082405779
"rs1331568"	0.88326404873728	348	0.960441082405779
"rs1331576"	0.88326404873728	348	0.960441082405779
"rs1331582"	0.88326404873728	348	0.960441082405779
"rs1331586"	0.88326404873728	348	0.960441082405779
"rs1331587"	0.88326404873728	348	0.960441082405779
"rs1331591"	0.88326404873728	348	0.960441082405779
"rs1331600"	0.88326404873728	348	0.960441082405779
"rs1331609"	0.88326404873728	348	0.960441082405779
"rs1331630"	0.88326404873728	348	0.960441082405779
"rs1331633"	0.88326404873728	348	0.960441082405779
"rs1331642"	0.88326404873728	348	0.960441082405779
"rs1331657"	0.88326404873728	348	0.960441082405779
"rs1331669"	0.88326404873728	348	0.960441082405779
"rs1331672"	0.88326404873728	348	0.960441082405779
"rs1331687"	0.88326404873728	348	0.960441082405779
"rs1331696"	0.88326404873728	348	0.960441082405779
"rs506064"	0.883264048737281	348	0.96044108240578
"rs506398"	0.883264048737281	348	0.96044108240578
"rs508057"	0.883264048737281	348	0.96044108240578
"rs818040"	0.883264048737281	348	0.96044108240578
"rs818688"	0.883264048737281	348	0.96044108240578
"rs1297822"	0.883264048737281	348	0.96044108240578
"rs1330274"	0.883264048737281	348	0.96044108240578
"rs1330525"	0.883264048737281	348	0.96044108240578
"rs1023366"	0.883285402055712	348	0.953741595742255
"rs743545"	0.883337360251916	348	1.03467687771609
"rs1949773"	0.883383633532874	348	0.972737448303323
"rs171609"	0.883420241105389	348	0.969680621599108
"rs506667"	0.883433230746429	348	1.02648117035267
"rs506670"	0.883433230746429	348	1.02648117035267
"rs1127152"	0.883461421521465	348	1.02422526502959
"rs1579307"	0.88347128518534	348	0.954001015132691
"rs2114990"	0.883492967802597	348	0.960572489817232
"rs1579065"	0.883509570761536	348	0.954134175815965
"rs94766"	0.88352236460241	348	0.959287227096645
"rs497063"	0.883535380469956	348	0.961323674515378
"rs988056"	0.883588479812629	348	0.96835254010557
"rs988143"	0.883588479812629	348	0.96835254010557
"rs988176"	0.883588479812629	348	0.96835254010557
"rs300953"	0.883602854237884	348	1.02305372130945
"rs2013122"	0.883632181184722	348	0.965151968342249
"rs1778772"	0.883637225312792	348	0.976694168348564
"rs1359594"	0.883640573998466	348	0.961580524743161
"rs1574286"	0.883664588163234	348	0.973258827003273
"rs850948"	0.883700400316935	348	0.965504919873914
"rs1433643"	0.88370689707108	348	0.941869955167038
"rs1434086"	0.88370689707108	348	0.941869955167038
"rs790660"	0.883742617402269	348	0.988615486358051
"rs181999"	0.883743697009339	348	1.03034250603689
"rs1399054"	0.883762373696869	348	0.99180390685587
"rs84918"	0.883777854160023	348	1.02326282353165
"rs1569742"	0.88382783909351	348	0.95722798594452
"rs304707"	0.883841489633687	348	0.970105400282015
"rs354679"	0.883866760778135	348	0.990331132165455
"rs2090931"	0.883876723862794	348	0.976667545566372
"rs1874622"	0.883935403539843	348	0.944471201345051
"rs639265"	0.883981600013968	348	1.0355182780354
"rs379228"	0.884003736953679	348	1.02962460260825
"rs1397499"	0.884041668051362	348	1.02942443274933
"rs1397502"	0.884041668051362	348	1.02942443274933
"rs1326538"	0.884044346256932	348	0.971601953886567
"rs1326559"	0.884044346256932	348	0.971601953886567
"rs1326607"	0.88404434625697	348	0.971601953886577
"rs1326628"	0.88404434625697	348	0.971601953886577
"rs1326634"	0.88404434625697	348	0.971601953886577
"rs1326637"	0.88404434625697	348	0.971601953886577
"rs1326643"	0.88404434625697	348	0.971601953886577
"rs1326646"	0.88404434625697	348	0.971601953886577
"rs1326648"	0.88404434625697	348	0.971601953886577
"rs1326649"	0.88404434625697	348	0.971601953886577
"rs1326658"	0.88404434625697	348	0.971601953886577
"rs1326661"	0.88404434625697	348	0.971601953886577
"rs1326664"	0.88404434625697	348	0.971601953886577
"rs1326667"	0.88404434625697	348	0.971601953886577
"rs1326679"	0.88404434625697	348	0.971601953886577
"rs1326681"	0.88404434625697	348	0.971601953886577
"rs1632114"	0.884048465557022	348	1.03598422863316
"rs1632117"	0.884048465557022	348	1.03598422863316
"rs1694858"	0.884088690972949	348	1.03025228258129
"rs783949"	0.884093073894653	348	1.02846483858083
"rs1803858"	0.884119337137166	348	1.04548656852921
"rs857305"	0.884131903339607	348	0.975267862849228
"rs1618295"	0.884146047863162	348	1.02229617515721
"rs462942"	0.884189146828563	348	0.975329152827311
"rs100186"	0.88420683312766	348	1.0272696000666
"rs1437138"	0.884232587285908	348	0.96560706133382
"rs852834"	0.88424452007105	348	1.03407229329925
"rs723823"	0.884249907784762	348	1.02969140660286
"rs1489303"	0.884270176195982	348	1.01173300364737
"rs1489361"	0.884270176195982	348	1.01173300364737
"rs747887"	0.884275859708163	348	1.0286419149071
"rs1752274"	0.884284889239157	348	1.04291211034729
"rs2171011"	0.884301729399513	348	0.981254046447357
"rs1167175"	0.88431113556234	348	1.02042520020409
"rs1053432"	0.884343694199683	348	0.908309034264341
"rs945019"	0.884353226210599	348	0.981947038319159
"rs1598705"	0.884356273153928	348	1.03199129872163
"rs1565667"	0.884363346122737	348	1.02570818886486
"rs133593"	0.884384347506677	348	1.02943021597973
"rs133606"	0.884384347506677	348	1.02943021597973
"rs970361"	0.884541328831655	348	0.967447577453604
"rs1954950"	0.88455219694679	348	0.980564993091611
"rs1962608"	0.884600796108086	348	0.970755439588182
"rs1962615"	0.884600796108086	348	0.970755439588182
"rs1962620"	0.884600796108086	348	0.970755439588182
"rs1201146"	0.884626426829766	348	0.978735315741755
"rs109792"	0.884644680778294	348	0.971943503529933
"rs789896"	0.884654593836558	348	1.04023299826788
"rs278656"	0.884680003804774	348	0.981395339573243
"rs850460"	0.88472608822799	348	0.965767928258468
"rs850472"	0.88472608822799	348	0.965767928258468
"rs850473"	0.88472608822799	348	0.965767928258468
"rs850475"	0.88472608822799	348	0.965767928258468
"rs850478"	0.88472608822799	348	0.965767928258468
"rs851967"	0.88472608822799	348	0.965767928258468
"rs853536"	0.884743554881577	348	0.962101850773811
"rs853589"	0.884743554881577	348	0.962101850773811
"rs853590"	0.884743554881577	348	0.962101850773811
"rs853591"	0.884743554881577	348	0.962101850773811
"rs853595"	0.884743554881577	348	0.962101850773811
"rs853596"	0.884743554881577	348	0.962101850773811
"rs853598"	0.884743554881577	348	0.962101850773811
"rs853599"	0.884743554881577	348	0.962101850773811
"rs1028591"	0.884788765665187	348	1.04362481888755
"rs294395"	0.884803406345549	348	0.991895746954445
"rs552523"	0.884822042169361	348	0.974431044988163
"rs1233452"	0.884825435810525	348	0.959247242003212
"rs1233443"	0.884825435810528	348	0.959247242003213
"rs1233668"	0.884825435810528	348	0.959247242003213
"rs1234007"	0.884825435810528	348	0.959247242003213
"rs1234009"	0.884825435810528	348	0.959247242003213
"rs1234016"	0.884825435810528	348	0.959247242003213
"rs1245003"	0.884825435810528	348	0.959247242003213
"rs1245011"	0.884825435810528	348	0.959247242003213
"rs1245020"	0.884825435810528	348	0.959247242003213
"rs1245448"	0.884825435810528	348	0.959247242003213
"rs1245472"	0.884825435810528	348	0.959247242003213
"rs1245475"	0.884825435810528	348	0.959247242003213
"rs1251261"	0.884825435810528	348	0.959247242003213
"rs1251395"	0.884825435810528	348	0.959247242003213
"rs1251965"	0.884825435810528	348	0.959247242003213
"rs1252079"	0.884825435810528	348	0.959247242003213
"rs1252088"	0.884825435810528	348	0.959247242003213
"rs1252100"	0.884825435810528	348	0.959247242003213
"rs1252112"	0.884825435810528	348	0.959247242003213
"rs1259437"	0.884825435810528	348	0.959247242003213
"rs1259611"	0.884825435810528	348	0.959247242003213
"rs1260192"	0.884825435810528	348	0.959247242003213
"rs1260199"	0.884825435810528	348	0.959247242003213
"rs1260259"	0.884825435810528	348	0.959247242003213
"rs1262155"	0.884825435810528	348	0.959247242003213
"rs1262608"	0.884825435810528	348	0.959247242003213
"rs1985881"	0.884838598850256	348	1.02603163390584
"rs1764639"	0.884841702488996	348	1.03015942483618
"rs1019099"	0.884854616186169	348	0.966991844569701
"rs1317056"	0.884944624445962	348	0.949310929155325
"rs897168"	0.884946194884773	348	1.00847173804171
"rs2121624"	0.884946500428085	348	1.0145239957367
"rs132385"	0.88497691618713	348	0.902869411104869
"rs2022503"	0.885013638294562	348	0.951673321404049
"rs2022506"	0.885013638294562	348	0.951673321404049
"rs2022514"	0.885013638294562	348	0.951673321404049
"rs2022530"	0.885013638294562	348	0.951673321404049
"rs2022532"	0.885013638294562	348	0.951673321404049
"rs1642672"	0.885024237727969	348	1.03600797525535
"rs1779177"	0.885059745105386	348	0.972971732404293
"rs1884802"	0.885061456331189	348	0.970568902845269
"rs991520"	0.885094322778048	348	1.03732945234995
"rs2158637"	0.88509544294224	348	1.01437313725778
"rs1742017"	0.885101846482823	348	0.977170984213948
"rs100224"	0.885124616397629	348	0.967311117215876
"rs503795"	0.885130733040909	348	0.975273806443519
"rs503820"	0.885130733040909	348	0.975273806443519
"rs214691"	0.885150824827214	348	0.975194963467405
"rs305657"	0.88520322016772	348	0.955814197172511
"rs305807"	0.88520322016772	348	0.955814197172511
"rs305844"	0.88520322016772	348	0.955814197172511
"rs305850"	0.88520322016772	348	0.955814197172511
"rs305892"	0.88520322016772	348	0.955814197172511
"rs420675"	0.885214302568853	348	1.02250424942563
"rs225778"	0.885228641246786	348	0.956718086499188
"rs1141462"	0.885243312640374	348	1.03214739515683
"rs1742070"	0.8852912007989	348	0.97329638893062
"rs898214"	0.885312316175163	348	0.9868061905786
"rs180847"	0.885338708213301	348	0.973020452100711
"rs966906"	0.885354018381201	348	0.972219830314728
"rs1205992"	0.885361791993439	348	0.987377295286843
"rs1205996"	0.885361791993439	348	0.987377295286843
"rs246388"	0.885390112470939	348	0.907437276839548
"rs2111639"	0.885461577345749	348	1.01826809188135
"rs917101"	0.885485360350068	348	1.03628947450407
"rs520695"	0.885556059029158	348	1.03020928826154
"rs520698"	0.885556059029158	348	1.03020928826154
"rs418353"	0.885618349997402	348	1.03127111001085
"rs1119697"	0.885635392053344	348	0.977578637975661
"rs987147"	0.885662216131204	348	0.968993918046408
"rs2002752"	0.885672000723286	348	0.958369909374629
"rs2002753"	0.885672000723286	348	0.958369909374629
"rs2002756"	0.885672000723286	348	0.958369909374629
"rs2002759"	0.885672000723286	348	0.958369909374629
"rs2002788"	0.885672000723286	348	0.958369909374629
"rs2002761"	0.885672000723295	348	0.656161125423885
"rs2002762"	0.885672000723295	348	0.656161125423885
"rs620825"	0.885697208383231	348	1.03283235636488
"rs2162698"	0.885698063466046	348	0.978768906815192
"rs2170130"	0.885700498767911	348	0.98865245683926
"rs2112165"	0.885700715184767	348	1.02199507295178
"rs562265"	0.885711668423494	348	1.01580382126179
"rs1637080"	0.88572673595293	348	0.984453076491357
"rs819392"	0.885750204460694	348	1.03694630409033
"rs927450"	0.885755850377123	348	0.962406210318642
"rs1129277"	0.885760750486216	348	1.02286359268177
"rs912524"	0.885807130391475	348	0.957555618880438
"rs912545"	0.885807130391475	348	0.957555618880438
"rs912791"	0.885807130391475	348	0.957555618880438
"rs57450"	0.885807275729059	348	0.950557014363054
"rs475069"	0.885810538891322	348	1.02307917671983
"rs917443"	0.885814314057304	348	1.03866761864279
"rs1819220"	0.885855777118964	348	0.967767785803947
"rs601022"	0.885887039618909	348	0.993258457181522
"rs505050"	0.885908977703844	348	0.954053915894647
"rs182199"	0.885958278490709	348	0.970590637721818
"rs851898"	0.885967078009739	348	0.966152547612872
"rs218441"	0.886001253030698	348	1.03030423799546
"rs1597957"	0.886060761631585	348	1.0425335800548
"rs1600003"	0.886060761631588	348	1.0425335800548
"rs1318125"	0.886061138976962	348	0.968719297767636
"rs987302"	0.886070132442624	348	0.978859299109813
"rs1720690"	0.886083838378835	348	1.04511457045381
"rs1721365"	0.886083838378835	348	1.04511457045381
"rs1742717"	0.886104556758693	348	1.03061401868231
"rs628237"	0.886111673496492	348	1.04246914070169
"rs566454"	0.886151180326163	348	0.982907428921164
"rs546442"	0.886171909643947	348	0.972913228733055
"rs2186013"	0.886214508852866	348	1.02813765971236
"rs852779"	0.886216644353175	348	1.03349516548907
"rs1953923"	0.886269040256632	348	1.03173628550184
"rs665291"	0.886337396942389	348	0.967853502414526
"rs2105995"	0.886402960493757	348	0.980641964006301
"rs466240"	0.886413874925665	348	1.03042159377496
"rs1936458"	0.886467253879309	348	0.965105623568829
"rs499209"	0.886498657532919	348	0.948462084832812
"rs1883886"	0.88652033558667	348	1.04220300987967
"rs474782"	0.886531038725159	348	1.02399163942132
"rs1065417"	0.886535952888191	348	0.975315993526614
"rs1065421"	0.886535952888191	348	0.975315993526614
"rs1065422"	0.886535952888191	348	0.975315993526614
"rs1962491"	0.886578906223634	348	0.969200524858821
"rs1962512"	0.886578906223634	348	0.969200524858821
"rs1127751"	0.88658076393439	348	1.03183930488384
"rs994313"	0.886614693889723	348	1.04811441512827
"rs994325"	0.886614693889723	348	1.04811441512827
"rs994356"	0.886614693889723	348	1.04811441512827
"rs278327"	0.886651750841249	348	1.01729009074814
"rs1036803"	0.886690548059003	348	0.970353347190057
"rs1036861"	0.886690548059003	348	0.970353347190057
"rs255175"	0.886711811753481	348	0.957320159934519
"rs120917"	0.886716991674217	348	0.981902751950698
"rs1708515"	0.886787030547217	348	0.971416616622648
"rs354004"	0.886802495609783	348	0.971279200180853
"rs503724"	0.886812967283356	348	0.975675019931186
"rs503729"	0.886812967283356	348	0.975675019931186
"rs1888653"	0.886822394985991	348	1.03079542182984
"rs2111803"	0.886870757539018	348	0.932244267698768
"rs1907796"	0.886891599468529	348	1.0125132469606
"rs2021688"	0.886900134531756	348	0.96889240427366
"rs259488"	0.886950624944628	348	1.02506749689891
"rs2137305"	0.88695585104406	348	0.976381317986456
"rs699879"	0.886957370077266	348	0.974132226884766
"rs1616620"	0.886965339043424	348	1.04018152973754
"rs1616622"	0.886965339043424	348	1.04018152973754
"rs1616635"	0.886965339043424	348	1.04018152973754
"rs122701"	0.886987393909378	348	1.0252261890275
"rs1162188"	0.887051263189468	348	1.03301920794314
"rs724430"	0.887089104534903	348	1.00742847304803
"rs1167358"	0.887096471373008	348	0.97993800912304
"rs815830"	0.887127254708845	348	1.02005601725274
"rs815841"	0.887127254708845	348	1.02005601725274
"rs302810"	0.887127620111417	348	0.984736661915927
"rs1765657"	0.88717628709115	348	1.02747177684563
"rs1875706"	0.887177244942912	348	0.968421339050009
"rs1128708"	0.887180341239935	348	0.977641002886785
"rs1024186"	0.887187489805835	348	0.967999448012436
"rs1051233"	0.887201051463609	348	1.08655853799581
"rs1291126"	0.887204941270809	348	1.01959857872454
"rs753633"	0.887208409328835	348	1.06062525072524
"rs758386"	0.887230037871715	348	0.979299682146415
"rs987093"	0.887233953348866	348	1.02272661458856
"rs987116"	0.887233953348866	348	1.02272661458856
"rs987122"	0.887233953348866	348	1.02272661458856
"rs987123"	0.887233953348866	348	1.02272661458856
"rs987128"	0.887233953348866	348	1.02272661458856
"rs987129"	0.887233953348866	348	1.02272661458856
"rs987155"	0.887233953348866	348	1.02272661458856
"rs987159"	0.887233953348866	348	1.02272661458856
"rs987162"	0.887233953348866	348	1.02272661458856
"rs987170"	0.887233953348866	348	1.02272661458856
"rs987171"	0.887233953348866	348	1.02272661458856
"rs835819"	0.887245095591366	348	1.02433755016792
"rs1580209"	0.887323724308141	348	1.02918382662318
"rs1677523"	0.887340693410144	348	1.04477400160474
"rs618236"	0.887357386923711	348	0.92920075278469
"rs618863"	0.887357386923711	348	0.92920075278469
"rs807181"	0.887432097252861	348	0.947738459242614
"rs1125919"	0.887457945333795	348	0.964545455701061
"rs96797"	0.887485713521496	348	0.975786420833914
"rs96962"	0.887485713521496	348	0.975786420833914
"rs505875"	0.887513221086226	348	1.02705542323883
"rs505878"	0.887513221086226	348	1.02705542323883
"rs505882"	0.887513221086226	348	1.02705542323883
"rs505886"	0.887513221086226	348	1.02705542323883
"rs505887"	0.887513221086226	348	1.02705542323883
"rs619180"	0.887547543109686	348	0.965706509202059
"rs1563547"	0.887549810452485	348	0.972541688433751
"rs1563548"	0.887549810452485	348	0.972541688433751
"rs1563549"	0.887549810452485	348	0.972541688433751
"rs1563553"	0.887549810452485	348	0.972541688433751
"rs1563556"	0.887549810452485	348	0.972541688433751
"rs1563564"	0.887549810452485	348	0.972541688433751
"rs1563565"	0.887549810452485	348	0.972541688433751
"rs1563567"	0.887549810452485	348	0.972541688433751
"rs1563573"	0.887549810452485	348	0.972541688433751
"rs1563577"	0.887549810452485	348	0.972541688433751
"rs1563586"	0.887549810452485	348	0.972541688433751
"rs1563589"	0.887549810452485	348	0.972541688433751
"rs1563591"	0.887549810452485	348	0.972541688433751
"rs1107333"	0.887630810393091	348	0.964608490408788
"rs702099"	0.887631325895716	348	0.980032386530263
"rs628328"	0.887636959142833	348	0.96178241454195
"rs2177487"	0.887637076758766	348	1.02044460921177
"rs2037936"	0.887638457782762	348	0.969028040155862
"rs1484423"	0.887644371119536	348	0.956904576686225
"rs441382"	0.88769417962479	348	1.04859334082601
"rs552542"	0.887724941014836	348	0.963630770705116
"rs2113669"	0.887761588923637	348	1.03524616056233
"rs300347"	0.887799472157182	348	0.973909591367583
"rs2110052"	0.887806086286407	348	0.969485645612694
"rs472421"	0.887818875496175	348	0.973314663104967
"rs472423"	0.887818875496175	348	0.973314663104967
"rs1571134"	0.887851758995919	348	1.02598940078085
"rs2094487"	0.887861036783399	348	0.90922364109991
"rs301098"	0.887879070295254	348	1.02136627303278
"rs301099"	0.887879070295254	348	1.02136627303278
"rs301101"	0.887879070295254	348	1.02136627303278
"rs301122"	0.887879070295254	348	1.02136627303278
"rs975997"	0.887880716276478	348	1.03243796437166
"rs1008093"	0.887885296520702	348	0.948257724434937
"rs809978"	0.887903837135866	348	0.969008700136803
"rs921213"	0.887905805212183	348	1.03819413934244
"rs921240"	0.887905805212183	348	1.03819413934244
"rs1867103"	0.887906904104368	348	1.0059107204594
"rs679287"	0.887910859252338	348	1.02900565794187
"rs845241"	0.887962500175476	348	1.02172662576135
"rs1163241"	0.887972043760531	348	0.980870522045178
"rs1435519"	0.887983076308506	348	0.962126159904746
"rs405973"	0.888008475054176	348	0.959088392406156
"rs406047"	0.888008475054176	348	0.959088392406156
"rs1692515"	0.888035573394097	348	0.968439335200556
"rs114602"	0.888038478817674	348	1.01198472223105
"rs54010"	0.888070260382396	348	0.960930986935631
"rs842112"	0.888100337574424	348	0.978401406433824
"rs337824"	0.88810592529267	348	1.02695151473847
"rs943453"	0.888142146935484	348	1.02921937514535
"rs1822223"	0.888157181089895	348	1.05684812841957
"rs1734253"	0.888169490422252	348	1.02618710351457
"rs540840"	0.888194172286103	348	1.01944977459796
"rs1798495"	0.888215520919547	348	1.03821203190213
"rs1151106"	0.888231647573007	348	1.02127045163655
"rs664985"	0.888259481214504	348	0.967682851760123
"rs596992"	0.888270837961178	348	1.00737724927644
"rs1127693"	0.888390070910611	348	0.975571477112238
"rs60541"	0.888493970266299	348	0.973256768753021
"rs60544"	0.888493970266299	348	0.973256768753021
"rs60547"	0.888493970266299	348	0.973256768753021
"rs60550"	0.888493970266299	348	0.973256768753021
"rs60554"	0.888493970266299	348	0.973256768753021
"rs60556"	0.888493970266299	348	0.973256768753021
"rs60565"	0.888493970266299	348	0.973256768753021
"rs60577"	0.888493970266299	348	0.973256768753021
"rs239395"	0.888496191948499	348	0.964076157206709
"rs1107882"	0.888550146295989	348	0.919816636358562
"rs545778"	0.888577912662892	348	0.983137121394739
"rs517986"	0.888624785439727	348	0.980310593621675
"rs279291"	0.888647827497944	348	0.957538095937201
"rs497250"	0.888677185619631	348	0.962364403971923
"rs2008852"	0.888679175512487	348	0.972708407649339
"rs2008855"	0.888679175512487	348	0.972708407649339
"rs2008809"	0.888679175512505	348	0.972708407649343
"rs2008819"	0.888679175512505	348	0.972708407649343
"rs492677"	0.888716385376357	348	0.975642685848447
"rs1114242"	0.888744418575951	348	1.08098037143226
"rs1169378"	0.888746680047286	348	0.97909092407978
"rs212559"	0.888751628215726	348	0.964694832847788
"rs227713"	0.888753598483946	348	1.03066301360712
"rs283461"	0.888808086519751	348	1.02501142476024
"rs810798"	0.888811811811404	348	0.973759585243911
"rs556158"	0.888819323374059	348	0.957716656490036
"rs556197"	0.888819323374059	348	0.957716656490036
"rs580307"	0.888824189753067	348	0.950859512423557
"rs580325"	0.888824189753067	348	0.950859512423557
"rs580340"	0.888824189753067	348	0.950859512423557
"rs580391"	0.888824189753067	348	0.950859512423557
"rs2025733"	0.888827306404805	348	1.02762686455364
"rs783952"	0.888869859113271	348	1.02376877567343
"rs783955"	0.888869859113271	348	1.02376877567343
"rs733080"	0.88889167926299	348	1.02109617514872
"rs1861972"	0.888984324769588	348	1.02187669816273
"rs852101"	0.889023019619628	348	0.967022051863387
"rs850722"	0.889023019619629	348	0.967022051863387
"rs851599"	0.889023019619629	348	0.967022051863386
"rs851780"	0.889023019619629	348	0.967022051863386
"rs852097"	0.889023019619629	348	0.967022051863386
"rs851611"	0.889023019619635	348	0.967022051863389
"rs676715"	0.889024561036976	348	1.03098238030314
"rs1953586"	0.889037343349596	348	1.04203040342875
"rs1953583"	0.889037343349596	348	1.04203040342875
"rs1846929"	0.889054113613279	348	0.973530519194953
"rs679416"	0.889068702088287	348	1.02560296626092
"rs902906"	0.88912319245605	348	0.969683266878812
"rs82830"	0.889133567656714	348	0.968156712112978
"rs1332387"	0.889157956168228	348	1.02198117822731
"rs578011"	0.889169997298853	348	1.0418362151227
"rs1877897"	0.889206330745131	348	1.01552036503545
"rs226446"	0.889244696333658	348	1.01488492682588
"rs130153"	0.889267896023638	348	0.988194476105149
"rs964925"	0.889277343976518	348	0.967259908407862
"rs579431"	0.889379012610072	348	0.973784346261107
"rs1123096"	0.889396069982256	348	0.988500819459114
"rs2102522"	0.889397099914755	348	0.970390201154794
"rs45549"	0.889407374168309	348	0.974880850783508
"rs1308522"	0.889464315576029	348	1.02043821380325
"rs1616653"	0.889472573522209	348	1.03927202796898
"rs1616656"	0.889472573522209	348	1.03927202796898
"rs1616692"	0.889472573522209	348	1.03927202796898
"rs1616695"	0.889472573522209	348	1.03927202796898
"rs507873"	0.889498050746319	348	1.03356001349219
"rs507876"	0.889498050746319	348	1.03356001349219
"rs408062"	0.889531075559327	348	1.02803308031018
"rs579875"	0.889555043674237	348	0.971117332503309
"rs813164"	0.889575704069083	348	0.983858194248577
"rs1817845"	0.889601995146348	348	1.04074186331755
"rs2084110"	0.889621163383471	348	0.983465772466917
"rs240966"	0.889635651802177	348	0.957817385845911
"rs1822961"	0.889635651802181	348	0.957817385845912
"rs1822988"	0.889635651802181	348	0.957817385845912
"rs1823057"	0.889635651802181	348	0.957817385845912
"rs1823483"	0.889635651802181	348	0.957817385845912
"rs1824338"	0.889635651802181	348	0.957817385845912
"rs665560"	0.889694592585364	348	0.97031195109336
"rs565195"	0.88975469342457	348	1.01197823512529
"rs126888"	0.889863228771444	348	0.979386588010969
"rs1963408"	0.88986926891419	348	0.954891093157613
"rs597129"	0.889878842970645	348	1.02416481385205
"rs597136"	0.889878842970645	348	1.02416481385205
"rs1815849"	0.889891993049487	348	1.04537278243647
"rs580138"	0.889931352703258	348	0.949941889431144
"rs1743400"	0.889934209306446	348	0.993394928550996
"rs1987890"	0.889937265167163	348	0.975309993946789
"rs435641"	0.889940289638652	348	1.03758529178222
"rs159462"	0.889986418048646	348	0.959380626965586
"rs475629"	0.890017013989767	348	0.967186440070753
"rs721128"	0.890025720393908	348	1.03147277552379
"rs630902"	0.890036052909688	348	0.979125479646027
"rs955654"	0.890043484176743	348	1.07000719764556
"rs1720960"	0.890048440241003	348	1.04347819419718
"rs823021"	0.890070650510923	348	1.02196319559319
"rs466826"	0.890189734003148	348	1.01920115317394
"rs236000"	0.890275991899598	348	0.975458933532734
"rs489789"	0.890300693208921	348	1.03240601148037
"rs1801644"	0.890309324309882	348	1.04019727184681
"rs1291363"	0.890324185414562	348	1.0165225080193
"rs845171"	0.890326961234999	348	0.965304460108576
"rs852605"	0.890358089294107	348	0.96734109413897
"rs1809617"	0.890365557659283	348	1.04640118893559
"rs82820"	0.890375629102757	348	0.968506483364027
"rs82912"	0.890375629102757	348	0.968506483364027
"rs1311365"	0.890396736244888	348	0.970226566814887
"rs1303665"	0.890403978982653	348	0.979671864695611
"rs1963321"	0.890470558023407	348	1.01477718980894
"rs1005349"	0.890477325678319	348	0.966545978582429
"rs2170668"	0.890481483072729	348	1.01459330577356
"rs2170669"	0.890481483072729	348	1.01459330577356
"rs349825"	0.890487286804018	348	0.975325452134433
"rs903651"	0.890492884700741	348	1.0380299464673
"rs1156737"	0.890493858122832	348	1.02856467368178
"rs375315"	0.890502494393172	348	1.02865968562642
"rs844316"	0.890511309807745	348	1.00844525791821
"rs492445"	0.890537685312467	348	0.987269555378601
"rs1086321"	0.890546882520491	348	1.02668061964518
"rs767175"	0.890609699876605	348	0.94878173964745
"rs649998"	0.890622145011754	348	1.03286438355626
"rs650010"	0.890622145011754	348	1.03286438355626
"rs650016"	0.890622145011754	348	1.03286438355626
"rs1400105"	0.890633826806282	348	0.977415005886556
"rs226916"	0.890689507036678	348	0.938391937902626
"rs627978"	0.890730749997497	348	1.04064871667163
"rs1324175"	0.890776009775707	348	0.946254493555666
"rs1324251"	0.890776009775707	348	0.946254493555666
"rs541106"	0.890786067124179	348	0.962127779678565
"rs545553"	0.890786067124179	348	0.962127779678565
"rs545678"	0.890786067124179	348	0.962127779678565
"rs1764448"	0.890811561254422	348	0.976614140569388
"rs1347948"	0.890817386413411	348	0.907218299669193
"rs2092216"	0.890837283057015	348	1.02945068508842
"rs1738098"	0.890889104469276	348	0.988878805411093
"rs304860"	0.890894863890006	348	1.02091179322521
"rs1204371"	0.890922320729061	348	0.983295950509705
"rs1301400"	0.890933210106778	348	1.02497010485825
"rs1338456"	0.89094027507846	348	0.965391851279429
"rs1764655"	0.890983538033569	348	1.02560375011107
"rs1319367"	0.891006268777011	348	1.02957830101866
"rs328030"	0.891021316402423	348	1.02370370804347
"rs1052710"	0.89102430737472	348	1.02244341068746
"rs1664217"	0.891032579549696	348	0.972331088011117
"rs349178"	0.891034717748594	348	1.02814683363454
"rs1631061"	0.891104570181367	348	1.03383437833738
"rs1073044"	0.891146273066083	348	0.983724660440379
"rs912707"	0.891146473499387	348	1.02885422538095
"rs1559338"	0.891155767636016	348	0.963599914094286
"rs1559362"	0.891155767636016	348	0.963599914094286
"rs254871"	0.891165728355936	348	0.975650811937515
"rs254892"	0.891165728355936	348	0.975650811937515
"rs254895"	0.891165728355936	348	0.975650811937515
"rs254934"	0.891165728355936	348	0.975650811937515
"rs254940"	0.891165728355936	348	0.975650811937515
"rs395183"	0.891171763363751	348	0.950888257234445
"rs395188"	0.891171763363751	348	0.950888257234445
"rs464363"	0.891210757031168	348	1.02994008869105
"rs838746"	0.89121408401067	348	1.02017982613973
"rs838748"	0.89121408401067	348	1.02017982613973
"rs632636"	0.891267536672354	348	0.964571825419726
"rs267534"	0.891280499377111	348	0.993935686102633
"rs1400233"	0.891290628056024	348	1.06540389313584
"rs1400270"	0.891290628056024	348	1.06540389313584
"rs1064903"	0.891290628056029	348	1.06540389313583
"rs224756"	0.891298669727711	348	1.0469685403309
"rs149409"	0.891298729652728	348	1.03025867832062
"rs149505"	0.891298729652728	348	1.03025867832062
"rs149543"	0.891298729652728	348	1.03025867832062
"rs149625"	0.891298729652728	348	1.03025867832062
"rs1569604"	0.891305088826709	348	0.967477043094228
"rs99615"	0.89131699801038	348	0.971074183271904
"rs950156"	0.891320213062957	348	1.02726589041601
"rs254932"	0.891367542952002	348	0.975695644692952
"rs414978"	0.891371452127	348	0.976477914146508
"rs784090"	0.891463101645175	348	1.02216753983519
"rs287185"	0.891473488281543	348	1.03299418756781
"rs287754"	0.891473488281543	348	1.03299418756781
"rs1311374"	0.891489929472363	348	1.02615146622987
"rs1068436"	0.891500861559407	348	1.04334684738072
"rs2033563"	0.891544839340696	348	0.993146135906102
"rs854569"	0.891559553645732	348	0.94065856853718
"rs149435"	0.891575947917856	348	1.0301800991067
"rs149483"	0.891575947917856	348	1.0301800991067
"rs548450"	0.891591694571482	348	0.977095888935142
"rs2090605"	0.891594395945105	348	0.968497782858451
"rs1204463"	0.891609866193265	348	1.0169985803386
"rs1696325"	0.891637463798975	348	0.973211948289939
"rs566712"	0.891671274289528	348	1.04824473338612
"rs618997"	0.891694883711998	348	0.953455162727942
"rs1369560"	0.891711353154993	348	1.03384387237621
"rs513865"	0.891716772569972	348	0.972952803964939
"rs905872"	0.891720396881808	348	0.954462728726535
"rs1963357"	0.8917662012316	348	1.01688389301179
"rs1370521"	0.891768257012365	348	1.0504902731358
"rs898594"	0.891803569598194	348	0.977393526167066
"rs1708930"	0.89180415286842	348	1.02141135346651
"rs238771"	0.891805802794788	348	0.986267991897288
"rs1096743"	0.891812290576062	348	0.958478840854445
"rs597228"	0.89181590896632	348	1.02252277057175
"rs492191"	0.89182955229227	348	0.972451480595311
"rs555220"	0.891833893136971	348	1.07305075140147
"rs349591"	0.891857969772565	348	0.960242586661909
"rs2114945"	0.891882214952281	348	1.02345430656193
"rs62027"	0.891884826058477	348	0.955050185944346
"rs852755"	0.891917287539521	348	1.03177784678615
"rs1291459"	0.891924901803231	348	1.01572614143158
"rs1930749"	0.891934042534431	348	1.03964086440271
"rs1930767"	0.891934042534431	348	1.03964086440271
"rs724475"	0.891955570319493	348	0.993243120133071
"rs2148000"	0.891978942744272	348	1.0403925111891
"rs1743401"	0.891999155608936	348	0.992954217098034
"rs946403"	0.892050401139359	348	1.02641115883861
"rs1801523"	0.892055526072111	348	1.02736950938396
"rs8429"	0.89206635214524	348	1.0275031414635
"rs30744"	0.892067143679405	348	1.05184468539076
"rs30763"	0.892067143679405	348	1.05184468539076
"rs30764"	0.892067143679405	348	1.05184468539076
"rs113068"	0.892077956843144	348	0.99162136657255
"rs1578574"	0.89208254909993	348	1.02898971795294
"rs103503"	0.8920924420758	348	1.05158585408027
"rs2192091"	0.892135821358626	348	0.914088248604851
"rs1038031"	0.892143265645828	348	1.06978775843204
"rs2162247"	0.892147601696054	348	1.01761408355441
"rs1376426"	0.892158862554263	348	0.965607932209769
"rs1104669"	0.892175625802759	348	0.966797558786646
"rs1961700"	0.892186531279072	348	1.02560632518439
"rs1479586"	0.892250095701601	348	0.973970725656415
"rs728743"	0.892303213259882	348	1.04502901305293
"rs1049143"	0.892337561241758	348	0.965464992383413
"rs278290"	0.892338840144266	348	1.02354934375605
"rs1741933"	0.892379267966092	348	0.984570293925249
"rs149860"	0.892389520081912	348	1.02986081680804
"rs307104"	0.89239727202299	348	1.03949345454735
"rs307106"	0.89239727202299	348	1.03949345454735
"rs1013598"	0.892404712755339	348	1.02456635185452
"rs22627"	0.892417229144604	348	1.00997216415765
"rs1804876"	0.892437636163949	348	1.0321446002982
"rs1385103"	0.892441794206424	348	0.945531349493429
"rs857867"	0.892461875083118	348	0.981037356158135
"rs2182638"	0.892506632087891	348	0.979992133323201
"rs224150"	0.892539196153409	348	1.03047690843526
"rs1301727"	0.892555882726937	348	1.02134004970559
"rs1301729"	0.892555882726937	348	1.02134004970559
"rs1326730"	0.892588127751196	348	1.02924598252631
"rs1352671"	0.892649473052687	348	0.97396770632638
"rs535976"	0.892672557901455	348	1.02059003796229
"rs1317116"	0.892689820182009	348	1.04728660692172
"rs294853"	0.892694358937599	348	0.961243830407142
"rs1444676"	0.89269441140249	348	1.03824374523859
"rs1206076"	0.892798449008539	348	0.988710281660055
"rs340367"	0.89280560116652	348	0.969164002226182
"rs1734977"	0.89280707069261	348	1.02458677052781
"rs1735072"	0.89280707069261	348	1.02458677052781
"rs1735073"	0.89280707069261	348	1.02458677052781
"rs1735075"	0.89280707069261	348	1.02458677052781
"rs1763592"	0.892833766201416	348	1.02254071254703
"rs225414"	0.892895501036962	348	0.965408847523682
"rs82963"	0.892895950869441	348	0.969278048285688
"rs1168023"	0.892898056876183	348	0.966452189265827
"rs523761"	0.892923597780864	348	1.06728258001847
"rs953600"	0.89295748898849	348	1.03494966000561
"rs503865"	0.892967148461338	348	0.976760476061284
"rs39247"	0.892978651898672	348	1.05071476391278
"rs465230"	0.892991396048717	348	1.02242134417104
"rs627427"	0.893012186087919	348	0.97406308594754
"rs541613"	0.893044082883118	348	1.02464022109246
"rs1488676"	0.893134650345758	348	1.01057815676124
"rs1609232"	0.893146853305215	348	0.969128928931774
"rs1609233"	0.893146853305215	348	0.969128928931774
"rs408386"	0.893162621812531	348	1.02661024080304
"rs1175449"	0.893167488856482	348	0.982294981301179
"rs568640"	0.893179423394495	348	0.980570499812562
"rs669749"	0.893200784785406	348	0.973602288400727
"rs1742801"	0.893229067036863	348	1.02294043128288
"rs915107"	0.893241510398346	348	1.02570364313416
"rs508544"	0.893292883418622	348	0.964247053419265
"rs224912"	0.893337021391739	348	1.04576220847163
"rs1116960"	0.893360329526579	348	1.02594820018149
"rs344392"	0.893383702031443	348	0.958433072094636
"rs1582475"	0.893384052220375	348	1.02729803669228
"rs602961"	0.893392555142105	348	1.05210119879167
"rs603005"	0.893392555142105	348	1.05210119879167
"rs418668"	0.893429516778792	348	1.03672762474207
"rs1116258"	0.893456615093832	348	0.974413438873589
"rs1116317"	0.893456615093832	348	0.974413438873589
"rs1116341"	0.893456615093832	348	0.974413438873589
"rs1194996"	0.893488499609278	348	1.01830860360387
"rs148908"	0.893493349872097	348	1.01055121802705
"rs148909"	0.893493349872097	348	1.01055121802705
"rs838505"	0.893498504365319	348	1.03290390331367
"rs1287580"	0.893575799441989	348	1.02857436291717
"rs1857636"	0.89359622846374	348	0.957177028400823
"rs1857637"	0.89359622846374	348	0.957177028400823
"rs1946347"	0.893641002645339	348	0.983515270540846
"rs696721"	0.893661507282075	348	1.02406443520319
"rs912356"	0.893675573317372	348	0.963397756622304
"rs146648"	0.893782362117017	348	0.972946241860499
"rs1332871"	0.893791970004628	348	1.02170954251258
"rs389538"	0.893793258879371	348	0.973811112364119
"rs558073"	0.893799418332062	348	1.02122146765971
"rs405915"	0.893818278479826	348	1.02385594628662
"rs216653"	0.893835942871503	348	0.978504859348745
"rs1974475"	0.893836889001065	348	0.96753367831745
"rs135371"	0.893847379058492	348	0.973148342884099
"rs135372"	0.893847379058492	348	0.973148342884099
"rs393403"	0.893871308277306	348	0.973069754913423
"rs393406"	0.893871308277306	348	0.973069754913423
"rs393409"	0.893871308277306	348	0.973069754913423
"rs393414"	0.893871308277306	348	0.973069754913423
"rs393415"	0.893871308277306	348	0.973069754913423
"rs393418"	0.893871308277306	348	0.973069754913423
"rs127970"	0.893884184904689	348	0.964424687473228
"rs1564830"	0.893889032889334	348	1.03120180962276
"rs1117608"	0.89391080855308	348	0.963876871097977
"rs552799"	0.893912975350055	348	1.02314273359847
"rs490067"	0.89392839588738	348	0.969994075902742
"rs1063771"	0.893989256647134	348	1.03003890273956
"rs641806"	0.894012284068108	348	0.949714084408693
"rs641870"	0.894012284068118	348	0.949714084408698
"rs2119590"	0.8941533593299	348	0.979458339602393
"rs82522"	0.894157556382759	348	0.969631741755698
"rs82629"	0.894157556382759	348	0.969631741755698
"rs1854707"	0.89418555287263	348	0.97311128541861
"rs1854710"	0.89418555287263	348	0.97311128541861
"rs82033"	0.894194986610266	348	1.03150397982806
"rs543808"	0.89422456238126	348	1.02777612259008
"rs665783"	0.894241454440106	348	1.03605740848609
"rs2122035"	0.894272117283749	348	0.979088247990515
"rs1641762"	0.894310080750228	348	1.03662658618287
"rs1641727"	0.894310080750233	348	1.03662658618287
"rs1642673"	0.894310080750233	348	1.03662658618287
"rs492689"	0.894321766250002	348	0.978925082767785
"rs492697"	0.894321766250002	348	0.978925082767785
"rs880418"	0.894323712306878	348	1.03929778393771
"rs100270"	0.894354191826104	348	0.989256883082239
"rs784072"	0.894411995344291	348	0.977390721824871
"rs784075"	0.894411995344291	348	0.977390721824871
"rs1067233"	0.894427273860998	348	0.991216155660892
"rs437696"	0.894485599798845	348	0.955236301501783
"rs929891"	0.894487561771264	348	1.06439637115442
"rs930494"	0.894487561771264	348	1.06439637115442
"rs932226"	0.894487561771264	348	1.06439637115442
"rs933493"	0.894487561771264	348	1.06439637115442
"rs302816"	0.894518474407027	348	0.9416841115203
"rs134069"	0.894531639095777	348	1.01814007892212
"rs1927352"	0.894533938314584	348	1.03646165446301
"rs2071140"	0.894607381946083	348	0.91480982115678
"rs1570706"	0.894608687491476	348	0.962108771197835
"rs55090"	0.894628121656372	348	0.977265684709352
"rs95772"	0.894634473135276	348	0.97035077222269
"rs850748"	0.894668168808758	348	0.96860410284605
"rs852481"	0.894668168808758	348	0.96860410284605
"rs427247"	0.894674993395329	348	1.03392333073741
"rs485965"	0.894686010305403	348	0.974268300662201
"rs819195"	0.894721721704687	348	0.98123829676461
"rs819204"	0.894721721704687	348	0.98123829676461
"rs819207"	0.894721721704687	348	0.98123829676461
"rs819213"	0.894721721704687	348	0.98123829676461
"rs819217"	0.894721721704687	348	0.98123829676461
"rs819219"	0.894721721704687	348	0.98123829676461
"rs819224"	0.894721721704687	348	0.98123829676461
"rs819310"	0.894721721704687	348	0.98123829676461
"rs819321"	0.894721721704687	348	0.98123829676461
"rs819328"	0.894721721704687	348	0.98123829676461
"rs1906834"	0.894730765834518	348	0.950259024770785
"rs915473"	0.894737028518273	348	0.962484930270632
"rs1933687"	0.894751402965083	348	0.978995041667078
"rs120878"	0.894763204517026	348	0.979376827716508
"rs1792364"	0.894789230820917	348	1.025348693803
"rs1741879"	0.894798305233003	348	0.982156801766801
"rs1741881"	0.894798305233003	348	0.982156801766801
"rs1741885"	0.894798305233003	348	0.982156801766801
"rs1741891"	0.894798305233003	348	0.982156801766801
"rs1741894"	0.894798305233003	348	0.982156801766801
"rs1741897"	0.894798305233003	348	0.982156801766801
"rs2111712"	0.894809070253579	348	1.04343446788566
"rs120844"	0.894948840896939	348	0.969218727386921
"rs1011227"	0.894948900231178	348	0.916502329299284
"rs913632"	0.894963079466008	348	1.03336842043964
"rs1574202"	0.894984157777378	348	0.97253693040677
"rs794715"	0.894995700312515	348	1.1124970792112
"rs341502"	0.895022429500961	348	1.01061831770745
"rs320881"	0.895074279852293	348	0.949667943637262
"rs320884"	0.895074279852293	348	0.949667943637262
"rs652789"	0.895121878923642	348	1.05559759951152
"rs846353"	0.895157240794164	348	1.01864367251263
"rs648831"	0.895173302034233	348	1.02021673681247
"rs852667"	0.895220573147658	348	0.968845047579783
"rs10203"	0.895268432241555	348	0.973371270944208
"rs1734179"	0.895276137311837	348	1.01629628409768
"rs851280"	0.895292422742123	348	0.968869596969513
"rs1577551"	0.895316211093622	348	1.04904591830795
"rs896721"	0.895354633045931	348	0.977955582211425
"rs534587"	0.895374277700472	348	0.977542770333042
"rs851855"	0.89539391589411	348	0.968900904971368
"rs1634960"	0.895405029351468	348	1.03802576461526
"rs704527"	0.895430875348074	348	0.972370791072311
"rs704530"	0.895430875348074	348	0.972370791072311
"rs704536"	0.895430875348074	348	0.972370791072311
"rs704543"	0.895430875348074	348	0.972370791072311
"rs704550"	0.895430875348074	348	0.972370791072311
"rs704555"	0.895430875348074	348	0.972370791072311
"rs704557"	0.895430875348074	348	0.972370791072311
"rs1400245"	0.895440768785692	348	0.961424621095414
"rs843859"	0.895464868923414	348	0.973927699543948
"rs56763"	0.895473963514024	348	0.974227817598081
"rs1822679"	0.895545495798244	348	0.979772341999105
"rs22682"	0.895556159127155	348	0.970277993202209
"rs632337"	0.89558479567848	348	1.03815573610746
"rs632384"	0.89558479567848	348	1.03815573610746
"rs632398"	0.89558479567848	348	1.03815573610746
"rs2147715"	0.8956103258068	348	1.038949926337
"rs1564521"	0.895658490578228	348	0.97610698705972
"rs1564522"	0.895658490578228	348	0.97610698705972
"rs150349"	0.89566234306701	348	1.0364081471701
"rs1473444"	0.895670012022768	348	0.975557377618917
"rs722732"	0.895671211628366	348	0.98885885703576
"rs22931"	0.895697065002708	348	0.955536379573003
"rs824689"	0.895704026663313	348	0.991408026600024
"rs1775321"	0.895727565177435	348	1.02666573908388
"rs1796658"	0.895771728210603	348	1.0287398970869
"rs1088398"	0.895775003174527	348	0.973508563372321
"rs1453975"	0.895781774059169	348	1.03214698354756
"rs1454341"	0.895781774059169	348	1.03214698354756
"rs1414947"	0.895784303086389	348	1.0242808322376
"rs170416"	0.895822742599594	348	0.972958977603306
"rs1554570"	0.895841345835991	348	1.02838977768154
"rs1106121"	0.895858212620107	348	0.925498059682836
"rs1318293"	0.895865670524234	348	0.976153283149712
"rs522904"	0.895914460498506	348	1.04942368810252
"rs315582"	0.895941315471599	348	0.445696984345152
"rs315589"	0.895941315471599	348	0.445696984345152
"rs315594"	0.895941315471599	348	0.445696984345152
"rs315706"	0.895941315471599	348	0.445696984345152
"rs315143"	0.895941315471601	348	2.2489385071105
"rs858238"	0.895981307881485	348	0.968992987048467
"rs1779750"	0.896024913321794	348	0.962115292986602
"rs498702"	0.896028203431854	348	1.03483211787908
"rs940224"	0.896030583579208	348	1.03963675440346
"rs1116336"	0.896037876996692	348	1.02430438000259
"rs336102"	0.896040554981894	348	1.03924714351413
"rs352797"	0.896053070905385	348	0.93384753200511
"rs490469"	0.896115187340097	348	0.97608571128851
"rs490574"	0.896115187340097	348	0.97608571128851
"rs852221"	0.896117839188111	348	0.935574110250749
"rs1965518"	0.89615782900733	348	0.952479833902193
"rs1776163"	0.896195832056697	348	1.02654254070953
"rs840536"	0.896200076550951	348	1.02751913364217
"rs840548"	0.896200076550951	348	1.02751913364217
"rs840578"	0.896200076550951	348	1.02751913364217
"rs1359885"	0.896212289712881	348	1.01379646675349
"rs723363"	0.89622121811808	348	1.03429838987304
"rs485040"	0.896306633357349	348	0.969164381339017
"rs1991583"	0.896395711055618	348	1.05880420191267
"rs2160625"	0.896405834158425	348	0.984581616611686
"rs473140"	0.896410596641795	348	1.01119799768305
"rs353866"	0.896427712847912	348	0.972014286635124
"rs1774254"	0.896429951060446	348	0.959653879523629
"rs945318"	0.89644930530996	348	1.02575751741246
"rs858018"	0.896495196429442	348	1.02066625019625
"rs497998"	0.896505800801079	348	0.963740618300545
"rs498005"	0.896505800801079	348	0.963740618300545
"rs1073676"	0.896542298972524	348	1.02799926908455
"rs295054"	0.896548127599386	348	0.983716584577531
"rs295057"	0.896548127599386	348	0.983716584577531
"rs307038"	0.896565840472657	348	1.04712212185785
"rs1341412"	0.896579841209929	348	0.980130836935789
"rs47690"	0.896602450652403	348	0.962161599416678
"rs42794"	0.896615452297346	348	1.03183645879944
"rs1609114"	0.89661662746512	348	0.972468154253094
"rs338565"	0.896621888644103	348	1.02089973298078
"rs302837"	0.896627980050194	348	1.01376455237112
"rs326963"	0.896684972084246	348	1.02253241743159
"rs365308"	0.896709346248076	348	1.02965907589073
"rs1777537"	0.896833916162166	348	0.978038407980464
"rs149510"	0.896845001588443	348	1.02862181701389
"rs149602"	0.896845001588443	348	1.02862181701389
"rs149661"	0.896845001588443	348	1.02862181701389
"rs149834"	0.896845001588443	348	1.02862181701389
"rs149870"	0.896845001588443	348	1.02862181701389
"rs484516"	0.896911940141221	348	0.955075444456343
"rs484696"	0.896911940141221	348	0.955075444456343
"rs484830"	0.896911940141221	348	0.955075444456343
"rs484866"	0.896911940141221	348	0.955075444456343
"rs485007"	0.896911940141221	348	0.955075444456343
"rs485105"	0.896911940141221	348	0.955075444456343
"rs621890"	0.896932308256102	348	0.972474626510439
"rs621912"	0.896932308256102	348	0.972474626510439
"rs1450367"	0.896965283012519	348	1.03376625282269
"rs1450373"	0.896965283012519	348	1.03376625282269
"rs1450376"	0.896965283012519	348	1.03376625282269
"rs1450382"	0.896965283012519	348	1.03376625282269
"rs1450387"	0.896965283012519	348	1.03376625282269
"rs1450388"	0.896965283012519	348	1.03376625282269
"rs1450391"	0.896965283012519	348	1.03376625282269
"rs1615835"	0.896991022915855	348	1.011285270286
"rs1615838"	0.896991022915855	348	1.011285270286
"rs1615841"	0.896991022915855	348	1.011285270286
"rs1615843"	0.896991022915855	348	1.011285270286
"rs1615844"	0.896991022915855	348	1.011285270286
"rs148101"	0.896998165247718	348	0.971120514187731
"rs148137"	0.896998165247718	348	0.971120514187731
"rs2057524"	0.897001502620824	348	0.984681284740889
"rs387996"	0.897127716659067	348	1.02846785800652
"rs534996"	0.897157203179306	348	0.976312201513954
"rs78603"	0.8971725879871	348	0.970077784303054
"rs455329"	0.897206137781272	348	1.02475505930449
"rs1291760"	0.897254067884218	348	1.02558984922504
"rs2171002"	0.897258328627446	348	1.01286629718476
"rs1088262"	0.897286400343906	348	0.974297126367212
"rs1405518"	0.897340034217408	348	0.918365256180033
"rs943278"	0.897346666952981	348	1.02660075305461
"rs1053273"	0.897364485278521	348	1.06815987228127
"rs530752"	0.897406457888521	348	1.04406151295956
"rs744859"	0.897415268851821	348	0.951692355559154
"rs1764686"	0.897420052159503	348	1.02404278969546
"rs492554"	0.897420330782306	348	0.977573046888629
"rs1447429"	0.897453588963537	348	0.974158691013846
"rs1881590"	0.897467943877989	348	0.973602206794491
"rs1539707"	0.897492319835235	348	1.02192051545903
"rs83551"	0.8975187489724	348	1.0305043217534
"rs358268"	0.897571277645574	348	1.02870220491208
"rs2172641"	0.897599261318125	348	0.979614853633583
"rs553282"	0.897604344248408	348	0.974204361562661
"rs553285"	0.897604344248408	348	0.974204361562661
"rs129201"	0.897625761909942	348	0.97832048268162
"rs129203"	0.897625761909942	348	0.97832048268162
"rs129206"	0.897625761909942	348	0.97832048268162
"rs1688841"	0.897626214657707	348	0.966701764966087
"rs2024629"	0.897700333211466	348	0.98041532288225
"rs1024106"	0.897700695705526	348	0.956764934251379
"rs503894"	0.897714787403915	348	1.02220208141949
"rs853205"	0.897737285927938	348	0.96948170703686
"rs1918607"	0.897773743225164	348	1.05771279757418
"rs134649"	0.897773743225166	348	1.05771279757418
"rs955862"	0.897773743225166	348	1.05771279757418
"rs1900343"	0.897773743225166	348	1.05771279757418
"rs1900405"	0.897773743225166	348	1.05771279757418
"rs396784"	0.897777499563524	348	1.02804342518362
"rs2068179"	0.897841391596543	348	0.945110504611939
"rs1740102"	0.897865442245754	348	1.01034180811458
"rs1318113"	0.897869780895762	348	1.03131316639898
"rs852259"	0.897872632078311	348	0.969522135019069
"rs1035668"	0.897895481243526	348	0.980695385934621
"rs122344"	0.897936715565628	348	1.01303643162249
"rs122348"	0.897936715565628	348	1.01303643162249
"rs122352"	0.897936715565628	348	1.01303643162249
"rs2111736"	0.897949298083188	348	1.04211109770793
"rs1014771"	0.897973516383367	348	0.978298293911335
"rs1116552"	0.898071132979947	348	0.97657380502711
"rs1116555"	0.898071132979947	348	0.97657380502711
"rs1608668"	0.898088719661127	348	1.04649789659832
"rs503550"	0.898101480041525	348	0.97541033460993
"rs1343244"	0.898106094220591	348	0.96008543881987
"rs286734"	0.898112801030395	348	0.97475698363621
"rs229217"	0.898124540286751	348	0.970104601318755
"rs554932"	0.898124850863967	348	0.976975506202436
"rs554934"	0.898124850863967	348	0.976975506202436
"rs555006"	0.898124850863967	348	0.976975506202436
"rs460892"	0.898141657691039	348	1.03566375675393
"rs485831"	0.898194648670531	348	1.02554663026874
"rs1170831"	0.898198394449522	348	0.98820675149649
"rs2151571"	0.898231705800121	348	0.981158212844412
"rs155254"	0.898260462316766	348	0.984295349964614
"rs1716610"	0.898295021960178	348	1.02349449979716
"rs1534611"	0.898326419864548	348	1.01941890487869
"rs1906509"	0.898344108241942	348	0.976694491121612
"rs101252"	0.898387062231937	348	0.976783327356715
"rs149513"	0.898399042389597	348	1.028141381717
"rs1985989"	0.898414796956025	348	0.977983253829578
"rs466769"	0.898419395726698	348	1.00861890436307
"rs912578"	0.8984406486859	348	0.968689889162462
"rs919222"	0.898443408164431	348	0.974792984502695
"rs744228"	0.898460867172727	348	1.02631281732934
"rs1844061"	0.898462695592965	348	0.98944458027343
"rs545018"	0.898500700348934	348	0.98189829765803
"rs1881072"	0.898510627588491	348	0.960212476017218
"rs1881080"	0.898510627588491	348	0.960212476017218
"rs1881084"	0.898510627588491	348	0.960212476017218
"rs1881091"	0.898510627588491	348	0.960212476017218
"rs1881092"	0.898510627588491	348	0.960212476017218
"rs1881093"	0.898510627588491	348	0.960212476017218
"rs1715001"	0.898519572153218	348	0.986849880580939
"rs1687874"	0.898635224566521	348	1.03126104371951
"rs1846228"	0.898679601999509	348	0.976291838673319
"rs556800"	0.898701263440549	348	1.01543154233939
"rs264845"	0.898738195741542	348	0.965374923651846
"rs1655041"	0.898746219124864	348	1.03229815033174
"rs1655056"	0.898746219124864	348	1.03229815033174
"rs1655080"	0.898746219124864	348	1.03229815033174
"rs1655106"	0.898746219124864	348	1.03229815033174
"rs1655116"	0.898746219124864	348	1.03229815033174
"rs1655470"	0.898746219124864	348	1.03229815033174
"rs1655521"	0.898746219124864	348	1.03229815033174
"rs1655524"	0.898746219124864	348	1.03229815033174
"rs1655527"	0.898746219124864	348	1.03229815033174
"rs625745"	0.898761050805072	348	1.03208792383381
"rs1404895"	0.898806063265021	348	0.970352302982484
"rs1452490"	0.898848994863198	348	1.03884326729865
"rs1735289"	0.898853566262352	348	0.965982316066856
"rs819624"	0.898858578805209	348	0.981585872901958
"rs819474"	0.898858578805212	348	0.981585872901958
"rs819478"	0.898858578805212	348	0.981585872901958
"rs819481"	0.898858578805212	348	0.981585872901958
"rs819483"	0.898858578805212	348	0.981585872901958
"rs819484"	0.898858578805212	348	0.981585872901958
"rs819502"	0.898858578805212	348	0.981585872901958
"rs819507"	0.898858578805212	348	0.981585872901958
"rs819515"	0.898858578805212	348	0.981585872901958
"rs819522"	0.898858578805212	348	0.981585872901958
"rs635206"	0.898930585806498	348	0.973832322615321
"rs1359407"	0.898947786536633	348	0.974834772723375
"rs1359444"	0.898947786536633	348	0.974834772723375
"rs1359502"	0.898947786536633	348	0.974834772723375
"rs1733665"	0.898948486004869	348	0.986609061225074
"rs1874946"	0.898981565317412	348	0.981930541937198
"rs790031"	0.899009341036618	348	1.03399661918643
"rs1294191"	0.899026101054288	348	0.981908080449317
"rs1741878"	0.899028294048207	348	0.983060127899286
"rs1146624"	0.899054748937189	348	0.968106814473535
"rs865683"	0.899102941367777	348	0.958924457981191
"rs1581683"	0.899141414219356	348	1.03268820380656
"rs582912"	0.899145960649831	348	0.973357456091547
"rs633545"	0.899175776055475	348	0.976430972614137
"rs491495"	0.899206080562231	348	0.964957675369084
"rs491498"	0.899206080562231	348	0.964957675369084
"rs1207284"	0.899209647073307	348	0.984186819234944
"rs1962266"	0.899229128702298	348	1.02662794994703
"rs552819"	0.899315238423002	348	0.984263423759824
"rs732330"	0.899404673048229	348	1.02506708093211
"rs420959"	0.899421992459373	348	1.02298548528344
"rs545871"	0.89942894118717	348	1.0097204344582
"rs243819"	0.899439207200457	348	1.02679496137
"rs1117818"	0.899458705629375	348	1.02606360890821
"rs1551325"	0.899499283320594	348	1.03239608584057
"rs470831"	0.899501434412578	348	0.988514444885539
"rs1145544"	0.899547569586698	348	0.973626161840493
"rs2161299"	0.89956521814707	348	1.02175819809285
"rs2114192"	0.899598387471379	348	1.0192722248222
"rs1672154"	0.899703584802691	348	1.06962951143986
"rs619505"	0.899703584802698	348	1.06962951143985
"rs94126"	0.8997035848027	348	1.06962951143985
"rs94288"	0.8997035848027	348	1.06962951143985
"rs97133"	0.8997035848027	348	1.06962951143985
"rs304673"	0.89970575132459	348	0.980234108927758
"rs1778946"	0.899706180457634	348	0.980543807229999
"rs1846035"	0.899707482511515	348	1.02594789752691
"rs1881052"	0.899709752901399	348	0.963539473159885
"rs139050"	0.899721035097967	348	1.06059483156295
"rs336627"	0.899762875744507	348	1.02885070720606
"rs2047549"	0.899773866453191	348	0.97453660793903
"rs13250"	0.899778175202121	348	0.959615585185534
"rs1963411"	0.899791780149733	348	1.0355420828023
"rs2066667"	0.899824773050704	348	1.03202792466502
"rs460518"	0.899833390453834	348	1.02545826246488
"rs2213861"	0.899885715499335	348	0.951607317362196
"rs2009609"	0.899891422417385	348	0.977778976180466
"rs2009614"	0.899891422417385	348	0.977778976180466
"rs745519"	0.8998991099186	348	0.980276350488487
"rs1742014"	0.899899407578652	348	1.02948193398749
"rs372177"	0.899938533872545	348	0.94450068526161
"rs2169809"	0.899948574356586	348	0.960717546682716
"rs1398166"	0.899956380322859	348	0.976754943800022
"rs1778881"	0.899999785913584	348	1.0188716073786
"rs1293675"	0.900001381127793	348	1.01677996523431
"rs1672968"	0.9000253464717	348	0.989078640736461
"rs1699347"	0.900046900711806	348	1.02414140778594
"rs853141"	0.900063109882335	348	0.970316268948299
"rs1604023"	0.900072602279396	348	0.971598971490185
"rs1569074"	0.900083886103056	348	0.971265278235046
"rs1617"	0.900097119451297	348	0.960148706578789
"rs2887"	0.900097119451297	348	0.960148706578789
"rs1359871"	0.900097125817443	348	0.987533802238925
"rs222257"	0.900098545286149	348	1.02545537407762
"rs1624202"	0.90010812696252	348	1.02837168552308
"rs1964467"	0.900141131887839	348	0.980680244305569
"rs839779"	0.900213495048771	348	1.00996335424959
"rs1082123"	0.900219561469437	348	1.02099473329195
"rs1907786"	0.900230733850702	348	0.993704169938064
"rs545842"	0.900275382614293	348	1.01036007771644
"rs545851"	0.900275382614293	348	1.01036007771644
"rs12938"	0.900291394341546	348	1.0277373746126
"rs2190993"	0.900292938121535	348	1.09334435976272
"rs1791946"	0.900295170676397	348	1.01692629370599
"rs1846306"	0.900374300165223	348	1.03123806528317
"rs1898428"	0.900375562874846	348	0.9838412530076
"rs523671"	0.900377460876312	348	1.02942859278464
"rs1827878"	0.900387754723519	348	0.97564760227915
"rs856633"	0.90039190443396	348	0.980610669970138
"rs1318821"	0.900399526794373	348	0.977828039088318
"rs126999"	0.900436075087261	348	1.01977667596036
"rs405059"	0.900530530034578	348	0.972657790562907
"rs2134991"	0.900535393818354	348	0.982695888652169
"rs468641"	0.90063544383156	348	1.02990208734075
"rs149634"	0.900650725713151	348	1.02754685029299
"rs1166436"	0.900654473775465	348	1.03914738714234
"rs1166490"	0.900654473775465	348	1.03914738714234
"rs240336"	0.900680698393696	348	0.957500880969847
"rs117915"	0.900693489552963	348	1.01728833556071
"rs2161567"	0.900705455268908	348	1.021543651531
"rs824688"	0.900714343818476	348	0.991807524290677
"rs300961"	0.900720728072717	348	1.01811996724361
"rs300966"	0.900720728072717	348	1.01811996724361
"rs481602"	0.900752977685117	348	1.0458528076897
"rs1532548"	0.900772170312623	348	1.0239721174682
"rs1014754"	0.900777915353943	348	0.992073220584684
"rs1942245"	0.900794114280549	348	1.02368209037162
"rs613425"	0.900795781056038	348	0.984849684251923
"rs907704"	0.900828238106405	348	0.977196226764584
"rs907705"	0.900828238106405	348	0.977196226764584
"rs315148"	0.900895585153985	348	2.77956043681808
"rs498572"	0.900902396729995	348	0.96677360030302
"rs498627"	0.900902396729995	348	0.96677360030302
"rs498637"	0.900902396729995	348	0.96677360030302
"rs1794667"	0.9009258270637	348	0.975815951554713
"rs1895444"	0.900947331612757	348	1.02176885086714
"rs1895585"	0.900947331612757	348	1.02176885086714
"rs1612759"	0.900951551194189	348	1.0439968995082
"rs485559"	0.900962742688811	348	1.01027080381238
"rs850025"	0.900992123539824	348	1.01820907605412
"rs1599968"	0.901002543146572	348	0.949136949456782
"rs1127155"	0.901032688007729	348	1.02205922352664
"rs456454"	0.901038877009382	348	1.03008891871255
"rs253334"	0.901051444153165	348	1.02457355767363
"rs1168511"	0.901063145834984	348	1.03384907058263
"rs1168553"	0.901063145834984	348	1.03384907058263
"rs1168589"	0.901063145834984	348	1.03384907058263
"rs363361"	0.901071693156571	348	0.966611305098379
"rs363367"	0.901071693156571	348	0.966611305098379
"rs363372"	0.901071693156571	348	0.966611305098379
"rs363409"	0.901071693156571	348	0.966611305098379
"rs856196"	0.901078561032552	348	0.98239494913131
"rs2084115"	0.901092001930523	348	0.985021154467632
"rs2084116"	0.901092001930523	348	0.985021154467632
"rs1207481"	0.901120810089064	348	0.979677211349528
"rs1540294"	0.901130540877208	348	0.972421606574386
"rs1656287"	0.901144494364179	348	0.976628018181414
"rs810245"	0.9011585569909	348	0.97526805037467
"rs562442"	0.901185040158911	348	0.982927014255848
"rs1116840"	0.901200944549113	348	1.01695036027204
"rs1135791"	0.90122191678156	348	1.03671074042068
"rs145259"	0.901286823857839	348	0.979921977457676
"rs145261"	0.901286823857839	348	0.979921977457676
"rs64995"	0.901310734141618	348	1.02506058511709
"rs1456780"	0.901321396357413	348	0.914580039577476
"rs323612"	0.901336960205959	348	0.973426484796242
"rs323616"	0.901336960205959	348	0.973426484796242
"rs323638"	0.901336960205959	348	0.973426484796242
"rs1563433"	0.901377425107974	348	1.06729038137163
"rs886404"	0.901377425107974	348	1.06729038137163
"rs1670135"	0.901377425107984	348	1.06729038137162
"rs1677592"	0.901377425107984	348	1.06729038137162
"rs1114123"	0.901412353000224	348	1.01124627561966
"rs783562"	0.901425854487212	348	1.02362462614858
"rs783571"	0.901425854487212	348	1.02362462614858
"rs783574"	0.901425854487212	348	1.02362462614858
"rs783577"	0.901425854487212	348	1.02362462614858
"rs783589"	0.901425854487212	348	1.02362462614858
"rs783610"	0.901425854487212	348	1.02362462614858
"rs783613"	0.901425854487212	348	1.02362462614858
"rs783637"	0.901425854487212	348	1.02362462614858
"rs783640"	0.901425854487212	348	1.02362462614858
"rs783643"	0.901425854487212	348	1.02362462614858
"rs783662"	0.901425854487212	348	1.02362462614858
"rs783663"	0.901425854487212	348	1.02362462614858
"rs783670"	0.901425854487212	348	1.02362462614858
"rs686805"	0.901427255883371	348	1.0298985315619
"rs120887"	0.901440354499426	348	0.980673259807252
"rs1956529"	0.901485587532669	348	1.03512598013521
"rs1589554"	0.901553295233375	348	1.02149472650284
"rs344389"	0.901591944036158	348	0.967239848049827
"rs2008005"	0.901626744439325	348	0.966389524732908
"rs938729"	0.901661821229946	348	1.360883229734
"rs938732"	0.901661821229946	348	1.360883229734
"rs938863"	0.901661821230032	348	1.03772968030961
"rs938864"	0.901661821230033	348	1.03772968030961
"rs1162290"	0.901669499921723	348	0.98305585329202
"rs1162293"	0.901669499921723	348	0.98305585329202
"rs1146917"	0.901716837394619	348	1.03176576934083
"rs1578922"	0.90172383831119	348	0.972156228275592
"rs1578923"	0.90172383831119	348	0.972156228275592
"rs1578926"	0.90172383831119	348	0.972156228275592
"rs1578927"	0.90172383831119	348	0.972156228275592
"rs2116080"	0.901748528026114	348	0.944527181344471
"rs628355"	0.901760750709149	348	0.966365708684846
"rs816493"	0.901810925352449	348	0.974562901698079
"rs181043"	0.901817757557497	348	1.01187663816609
"rs2151152"	0.901856854109859	348	0.966685709840171
"rs1598262"	0.901859382450584	348	0.976321307734837
"rs1053303"	0.901872626964876	348	1.06507296402413
"rs1053314"	0.901872626964876	348	1.06507296402413
"rs431428"	0.902021730424706	348	0.974807200402601
"rs431524"	0.902021730424709	348	0.974807200402601
"rs1021661"	0.902040943975471	348	1.05563316874831
"rs588618"	0.902040943975473	348	1.05563316874831
"rs1021106"	0.902040943975474	348	1.05563316874831
"rs338985"	0.902087653010282	348	0.97849003081572
"rs419681"	0.902115110728714	348	1.0329568014478
"rs419692"	0.902115110728714	348	1.0329568014478
"rs2100836"	0.902219475936084	348	1.0313258426482
"rs1479232"	0.902246821246001	348	0.977116734554668
"rs2124422"	0.902295244906553	348	0.976136297759145
"rs56173"	0.902295918142368	348	1.02956727413115
"rs1416076"	0.902297431863194	348	1.01916180418969
"rs917272"	0.902301367374458	348	0.975388374182522
"rs917290"	0.902301367374458	348	0.975388374182522
"rs917296"	0.902301367374458	348	0.975388374182522
"rs917302"	0.902301367374458	348	0.975388374182522
"rs917206"	0.902301367374468	348	0.975388374182525
"rs917209"	0.902301367374468	348	0.975388374182525
"rs917314"	0.902301367374468	348	0.975388374182525
"rs967209"	0.902314297000238	348	1.03374419619872
"rs1699052"	0.902316999333336	348	0.97483490528087
"rs1438162"	0.902319423738693	348	0.974861441029402
"rs49386"	0.902327406149328	348	1.06121894293103
"rs1013695"	0.902361136321081	348	1.04015059912368
"rs1287568"	0.902403650249451	348	0.976184247681211
"rs1287674"	0.902403650249451	348	0.976184247681211
"rs1287797"	0.902403650249451	348	0.976184247681211
"rs1287998"	0.902403650249451	348	0.976184247681211
"rs1288009"	0.902403650249451	348	0.976184247681211
"rs1288109"	0.902403650249451	348	0.976184247681211
"rs377935"	0.90246391800877	348	0.973433042211013
"rs552383"	0.902478925357011	348	0.988157538887827
"rs1716976"	0.902482742091613	348	1.03426299400681
"rs1817508"	0.902482832802832	348	0.976564274336166
"rs242640"	0.902494480553397	348	1.05695782001433
"rs1926092"	0.902502642043216	348	1.02140168828664
"rs211763"	0.902536897879253	348	1.02494415203838
"rs211823"	0.902536897879253	348	1.02494415203838
"rs1108407"	0.902601718970725	348	0.975032498666368
"rs1798014"	0.902623921029862	348	0.945467770727555
"rs1206363"	0.90263125647527	348	1.00937481553103
"rs2008652"	0.902646206286164	348	1.02021888768255
"rs83781"	0.902658197294677	348	1.02887009331758
"rs2119893"	0.902661309360571	348	1.01705557621352
"rs2164748"	0.902670905521485	348	1.02633269193812
"rs1372667"	0.902678152180821	348	1.01793575851817
"rs1676127"	0.902682253178058	348	1.02812360044338
"rs507069"	0.902699273169775	348	0.962324477070208
"rs507078"	0.902699273169775	348	0.962324477070208
"rs2199505"	0.902699437546504	348	0.970070542490562
"rs902113"	0.902734597441748	348	0.9627177130759
"rs197360"	0.902777731710183	348	1.02978483703918
"rs958465"	0.902798689551983	348	0.963940245554375
"rs1205696"	0.902818477195548	348	0.984240640909845
"rs1895574"	0.902828308280747	348	0.977954961395543
"rs354494"	0.902847306607423	348	0.984148765083133
"rs103547"	0.902894903897297	348	1.02145259150384
"rs776646"	0.902931280864437	348	0.964653975041952
"rs776649"	0.902931280864437	348	0.964653975041952
"rs776652"	0.902931280864437	348	0.964653975041952
"rs149363"	0.902936492187517	348	1.02689417993315
"rs149785"	0.902936492187517	348	1.02689417993315
"rs1780328"	0.902943305627344	348	0.971760422855063
"rs1102077"	0.90294985709105	348	0.983365858012379
"rs1102080"	0.90294985709105	348	0.983365858012379
"rs1102083"	0.90294985709105	348	0.983365858012379
"rs1371554"	0.902959522351736	348	1.00544654565972
"rs581100"	0.902998162472873	348	0.965934228918241
"rs2019058"	0.903006633121319	348	1.04978372988115
"rs1569726"	0.903031291715137	348	0.972496683364018
"rs1163022"	0.903036645098203	348	1.02065816111938
"rs2149584"	0.90304554470568	348	1.0224770020354
"rs88346"	0.903054026718879	348	1.02145932058368
"rs606773"	0.903109437816673	348	1.04252330138768
"rs225568"	0.903110969670958	348	0.953002542285096
"rs225571"	0.903110969670958	348	0.953002542285096
"rs225587"	0.903110969670958	348	0.953002542285096
"rs225588"	0.903110969670958	348	0.953002542285096
"rs225636"	0.903110969670958	348	0.953002542285096
"rs225672"	0.903110969670958	348	0.953002542285096
"rs264942"	0.903123352006053	348	0.980919151454382
"rs803503"	0.903131010425792	348	0.979547166251779
"rs391802"	0.903133060772794	348	0.972542351360744
"rs1163932"	0.903144794362913	348	1.02464115467988
"rs1163949"	0.903144794362913	348	1.02464115467988
"rs1986445"	0.903148832561051	348	1.01832276184081
"rs475166"	0.903179863817441	348	1.04293211645188
"rs821635"	0.903236212363873	348	0.986028038412357
"rs1769548"	0.903247471617059	348	1.0234602915791
"rs1962922"	0.903254327110975	348	1.02508444147785
"rs1962956"	0.903254327110975	348	1.02508444147785
"rs1963297"	0.903254327110975	348	1.02508444147785
"rs1115242"	0.903308383239417	348	0.967199939880512
"rs1115245"	0.903308383239417	348	0.967199939880512
"rs1115658"	0.903308383239417	348	0.967199939880512
"rs511714"	0.903311209257266	348	0.975751479212375
"rs1609245"	0.903320656132696	348	0.983802736215831
"rs80401"	0.903322683818867	348	1.02100618104269
"rs497905"	0.903341108858948	348	1.03400355508289
"rs497924"	0.903341108858948	348	1.03400355508289
"rs497927"	0.903341108858948	348	1.03400355508289
"rs497933"	0.903341108858948	348	1.03400355508289
"rs497939"	0.903341108858948	348	1.03400355508289
"rs497942"	0.903341108858948	348	1.03400355508289
"rs906735"	0.90337533709363	348	0.949615774137151
"rs684786"	0.903399665646145	348	1.02827499384604
"rs533003"	0.90341513060321	348	0.972703521152799
"rs533052"	0.90341513060321	348	0.972703521152799
"rs855661"	0.903415315839332	348	0.981789202792289
"rs188707"	0.90343516452214	348	1.02963998961802
"rs264851"	0.903488753749107	348	0.966868202214022
"rs223761"	0.903502263336413	348	0.974715813980403
"rs223767"	0.903502263336413	348	0.974715813980403
"rs1733675"	0.903515077653152	348	0.984509598650236
"rs518816"	0.903551282427299	348	0.976788538329252
"rs857388"	0.90357662378272	348	0.980780727845719
"rs402129"	0.903585964461255	348	1.02034264670984
"rs2159353"	0.903608546312604	348	1.02546265163858
"rs2159362"	0.903608546312604	348	1.02546265163858
"rs2159541"	0.903608546312604	348	1.02546265163858
"rs1858682"	0.903608613063613	348	1.0225546493091
"rs984326"	0.903621952087003	348	1.02351769532828
"rs413114"	0.903644835735027	348	0.974468846614685
"rs1357415"	0.903671679414588	348	1.0253499144746
"rs1115093"	0.903699284032717	348	1.01848559348357
"rs279768"	0.903710774134881	348	1.03649212351998
"rs1601159"	0.903738861583117	348	1.01994853782878
"rs846200"	0.903741036391872	348	0.983332278785539
"rs846209"	0.903741036391872	348	0.983332278785539
"rs1978784"	0.903746330902438	348	0.981941165240625
"rs84814"	0.903752310603992	348	0.980886337175855
"rs1738813"	0.903770972459414	348	0.97770144564649
"rs995911"	0.903801035535966	348	0.972747286345222
"rs80085"	0.903827765222973	348	1.03535615323973
"rs80140"	0.903865356533481	348	1.02182742240657
"rs649054"	0.903889126703925	348	0.991400625561675
"rs1205542"	0.903907793775937	348	0.983410449517089
"rs840853"	0.903939009430951	348	1.02753750405379
"rs755615"	0.903970289551343	348	1.03229691859021
"rs42424"	0.903990078861278	348	1.01264479539545
"rs1698895"	0.9040501247173	348	0.975267554337153
"rs1420686"	0.904075719809753	348	1.03436034858681
"rs652651"	0.904101464971218	348	0.952340020404499
"rs1396400"	0.904181820257165	348	0.96363957134977
"rs1529548"	0.904222418070548	348	0.967436300743603
"rs1529563"	0.904222418070548	348	0.967436300743603
"rs342518"	0.904283108267826	348	1.03635370681774
"rs265167"	0.904314399671092	348	0.980645483500948
"rs1670934"	0.904335566072774	348	0.968714239273185
"rs475513"	0.90435174743326	348	0.971529011027266
"rs475523"	0.90435174743326	348	0.971529011027266
"rs475525"	0.90435174743326	348	0.971529011027266
"rs973270"	0.90436098752383	348	0.967335757068502
"rs889716"	0.904383297821812	348	0.960745996794754
"rs1716061"	0.904475757470124	348	1.01982476386955
"rs1716067"	0.904475757470124	348	1.01982476386955
"rs1716070"	0.904475757470124	348	1.01982476386955
"rs423899"	0.904484533315058	348	1.02697664758787
"rs1363685"	0.904511514776181	348	0.985649435973607
"rs628409"	0.904536137610744	348	0.967781655871729
"rs830621"	0.904559602272966	348	1.02335810236286
"rs1396626"	0.904601158615766	348	0.975889592468722
"rs472950"	0.904607083085101	348	0.965606360007025
"rs903474"	0.904645321075405	348	1.06375799133851
"rs484107"	0.904653155293543	348	0.972915502302613
"rs484116"	0.904653155293543	348	0.972915502302613
"rs1671594"	0.904675968111901	348	0.955449947069087
"rs1403874"	0.904690148874687	348	0.961244368712347
"rs1889379"	0.904714569641813	348	0.975256354545548
"rs1889392"	0.904714569641813	348	0.975256354545548
"rs1264715"	0.904728021033587	348	1.01751620609686
"rs867404"	0.904753800784293	348	0.975378832869297
"rs2084119"	0.904787885081912	348	0.986238842892708
"rs913176"	0.90481746191368	348	0.974491833039952
"rs1792268"	0.904824091061706	348	1.02336386520708
"rs1792271"	0.904824091061706	348	1.02336386520708
"rs1792274"	0.904824091061706	348	1.02336386520708
"rs1792283"	0.904824091061706	348	1.02336386520708
"rs1792367"	0.904824091061706	348	1.02336386520708
"rs1792382"	0.904824091061706	348	1.02336386520708
"rs1792384"	0.904824091061706	348	1.02336386520708
"rs1792399"	0.904824091061706	348	1.02336386520708
"rs1792403"	0.904824091061706	348	1.02336386520708
"rs1792406"	0.904824091061706	348	1.02336386520708
"rs1792420"	0.904824091061706	348	1.02336386520708
"rs1792422"	0.904824091061706	348	1.02336386520708
"rs1792449"	0.904824091061706	348	1.02336386520708
"rs1792457"	0.904824091061706	348	1.02336386520708
"rs1792472"	0.904824091061706	348	1.02336386520708
"rs1792478"	0.904824091061706	348	1.02336386520708
"rs1792487"	0.904824091061706	348	1.02336386520708
"rs1792496"	0.904824091061706	348	1.02336386520708
"rs1792499"	0.904824091061706	348	1.02336386520708
"rs1792517"	0.904824091061706	348	1.02336386520708
"rs1792550"	0.904824091061706	348	1.02336386520708
"rs1792562"	0.904824091061706	348	1.02336386520708
"rs1792586"	0.904824091061706	348	1.02336386520708
"rs1792601"	0.904824091061706	348	1.02336386520708
"rs1792604"	0.904824091061706	348	1.02336386520708
"rs1792613"	0.904824091061706	348	1.02336386520708
"rs1792619"	0.904824091061706	348	1.02336386520708
"rs1792631"	0.904824091061706	348	1.02336386520708
"rs1792632"	0.904824091061706	348	1.02336386520708
"rs1792646"	0.904824091061706	348	1.02336386520708
"rs1792649"	0.904824091061706	348	1.02336386520708
"rs1792663"	0.904824091061706	348	1.02336386520708
"rs1792666"	0.904824091061706	348	1.02336386520708
"rs1792667"	0.904824091061706	348	1.02336386520708
"rs1792670"	0.904824091061706	348	1.02336386520708
"rs1792685"	0.904824091061706	348	1.02336386520708
"rs1792688"	0.904824091061706	348	1.02336386520708
"rs1792694"	0.904824091061706	348	1.02336386520708
"rs1792715"	0.904824091061706	348	1.02336386520708
"rs1792736"	0.904824091061706	348	1.02336386520708
"rs1792739"	0.904824091061706	348	1.02336386520708
"rs1792745"	0.904824091061706	348	1.02336386520708
"rs1792762"	0.904824091061706	348	1.02336386520708
"rs1792766"	0.904824091061706	348	1.02336386520708
"rs1792772"	0.904824091061706	348	1.02336386520708
"rs1792793"	0.904824091061706	348	1.02336386520708
"rs1792805"	0.904824091061706	348	1.02336386520708
"rs1792808"	0.904824091061706	348	1.02336386520708
"rs1792829"	0.904824091061706	348	1.02336386520708
"rs1792835"	0.904824091061706	348	1.02336386520708
"rs1792850"	0.904824091061706	348	1.02336386520708
"rs1792853"	0.904824091061706	348	1.02336386520708
"rs393103"	0.904839322102376	348	1.02149573734272
"rs393106"	0.904839322102378	348	1.02149573734272
"rs1670906"	0.904840979897374	348	0.970797934640485
"rs591891"	0.904855143991983	348	0.980927600858872
"rs702514"	0.904868696748077	348	0.968707906441794
"rs1367757"	0.904888051616392	348	0.920388253921261
"rs145747"	0.904958094625295	348	1.02403231718567
"rs1962106"	0.904958504178501	348	1.06576008765784
"rs852763"	0.904972544880842	348	1.02795767611476
"rs851846"	0.904975311963998	348	0.97167577819636
"rs246623"	0.904988279866067	348	1.03494438675642
"rs545135"	0.904997760385506	348	1.01771655020295
"rs702326"	0.905019325578995	348	1.02095548805636
"rs344671"	0.90504817715582	348	0.969343915805528
"rs344684"	0.90504817715582	348	0.969343915805528
"rs344821"	0.90504817715582	348	0.969343915805528
"rs301023"	0.90509757456823	348	0.982682306832486
"rs1134161"	0.905116196431323	348	1.0346520718244
"rs1134175"	0.905116196431323	348	1.0346520718244
"rs51670"	0.905129003344286	348	0.980012529783154
"rs2193375"	0.905151472084755	348	1.05927990744542
"rs1117076"	0.905188294669597	348	1.03710927989205
"rs2059399"	0.905193539400623	348	1.0365043528451
"rs2059403"	0.905193539400623	348	1.0365043528451
"rs2059410"	0.905193539400623	348	1.0365043528451
"rs2059411"	0.905193539400623	348	1.0365043528451
"rs265275"	0.90520493789141	348	0.983132327003698
"rs429095"	0.905207425336755	348	0.98066801101362
"rs429097"	0.905207425336755	348	0.98066801101362
"rs1599095"	0.905209411954393	348	0.980743546994084
"rs649520"	0.905223081107073	348	0.973071031482632
"rs1602369"	0.905228097517809	348	0.976786127230416
"rs1616519"	0.905248235963724	348	1.02244913199877
"rs189785"	0.905304703272298	348	0.978034871369861
"rs189788"	0.905304703272298	348	0.978034871369861
"rs189794"	0.905304703272298	348	0.978034871369861
"rs189797"	0.905304703272298	348	0.978034871369861
"rs189803"	0.905304703272298	348	0.978034871369861
"rs189827"	0.905304703272298	348	0.978034871369861
"rs1347156"	0.905320928011012	348	0.967478941286885
"rs1204260"	0.905361221035914	348	1.02205003832469
"rs524936"	0.905408181740126	348	0.975371160481956
"rs1013849"	0.905412102038216	348	1.03886316032207
"rs418139"	0.905521762388514	348	0.973924469105376
"rs426055"	0.905532945969576	348	0.920067679708661
"rs2156771"	0.905580352916285	348	1.020487345533
"rs1070950"	0.90563581503968	348	0.976667214652633
"rs545153"	0.905656912008662	348	1.0426247919323
"rs145280"	0.905667190168069	348	0.988830573373844
"rs1962229"	0.905669295476258	348	1.0085248640563
"rs646340"	0.905682374845102	348	1.03187358134171
"rs646466"	0.905682374845102	348	1.03187358134171
"rs823226"	0.905683692502891	348	0.978705890530815
"rs467014"	0.905685512800666	348	1.01425884979747
"rs2189777"	0.905743116584211	348	0.964407672812215
"rs2189841"	0.905743116584211	348	0.964407672812215
"rs2157906"	0.905744409062876	348	0.981873415150999
"rs620849"	0.905775473728492	348	1.02481117154529
"rs1997353"	0.90578160472383	348	1.01802684029035
"rs1863983"	0.905830837876097	348	0.970763108928934
"rs1822340"	0.905844869588266	348	1.02745372645731
"rs1822373"	0.905844869588266	348	1.02745372645731
"rs1822706"	0.905844869588266	348	1.02745372645731
"rs1822740"	0.905844869588266	348	1.02745372645731
"rs570205"	0.905850830345311	348	0.977293514054452
"rs636554"	0.905868956482863	348	0.977601838153428
"rs636559"	0.905868956482863	348	0.977601838153428
"rs636563"	0.905868956482863	348	0.977601838153428
"rs636568"	0.905868956482863	348	0.977601838153428
"rs814272"	0.905878619159915	348	1.02509830554883
"rs601976"	0.905902017297376	348	1.04273220664926
"rs601982"	0.905902017297376	348	1.04273220664926
"rs1530233"	0.905943627450475	348	1.0438717217799
"rs1937418"	0.906002062937404	348	1.03897673628317
"rs1937421"	0.906002062937404	348	1.03897673628317
"rs1937439"	0.906002062937404	348	1.03897673628317
"rs1937458"	0.906002062937404	348	1.03897673628317
"rs503771"	0.906051001002873	348	0.979904164707375
"rs64338"	0.906151632255846	348	0.953665049316105
"rs64342"	0.906151632255846	348	0.953665049316105
"rs64353"	0.906151632255846	348	0.953665049316105
"rs64359"	0.906151632255846	348	0.953665049316105
"rs64362"	0.906151632255846	348	0.953665049316105
"rs64377"	0.906151632255846	348	0.953665049316105
"rs64383"	0.906151632255846	348	0.953665049316105
"rs64389"	0.906151632255846	348	0.953665049316105
"rs64398"	0.906151632255846	348	0.953665049316105
"rs64401"	0.906151632255846	348	0.953665049316105
"rs64416"	0.906151632255846	348	0.953665049316105
"rs64417"	0.906151632255846	348	0.953665049316105
"rs64419"	0.906151632255846	348	0.953665049316105
"rs64462"	0.906151632255846	348	0.953665049316105
"rs64488"	0.906151632255846	348	0.953665049316105
"rs64492"	0.906151632255846	348	0.953665049316105
"rs64494"	0.906151632255846	348	0.953665049316105
"rs64512"	0.906151632255846	348	0.953665049316105
"rs64607"	0.906151632255846	348	0.953665049316105
"rs635677"	0.906151632255846	348	0.953665049316105
"rs635807"	0.906151632255846	348	0.953665049316105
"rs610753"	0.906155291785049	348	0.972981499467678
"rs1793966"	0.906172167936496	348	0.976556272528869
"rs1794624"	0.906172167936496	348	0.976556272528869
"rs1616767"	0.90619229199842	348	0.979671880241083
"rs1562082"	0.906223636702699	348	0.973972505196275
"rs802906"	0.906276443629637	348	0.979614670907499
"rs1700371"	0.906277147220606	348	1.02227645926128
"rs1121752"	0.906282166867769	348	0.982824711882692
"rs1121754"	0.906282166867769	348	0.982824711882692
"rs1121755"	0.906282166867769	348	0.982824711882692
"rs2111614"	0.906286238671832	348	1.00717910832441
"rs484464"	0.906286763781978	348	1.02800134618002
"rs1882764"	0.906329485711931	348	1.02328785889214
"rs480607"	0.906351333210856	348	1.02184037807229
"rs630306"	0.906376914957008	348	0.968175786153529
"rs1563544"	0.906405110655328	348	0.977225812681542
"rs1962617"	0.906428699939848	348	1.02560878777631
"rs904866"	0.906454368687367	348	1.04075697515345
"rs1387516"	0.906467560998899	348	1.02314806404044
"rs126996"	0.906545808931381	348	1.01849908414149
"rs433313"	0.906548770262514	348	1.51121714355867
"rs852120"	0.906567459250759	348	0.972132784914189
"rs1688436"	0.906583283715418	348	1.02385895141543
"rs1688454"	0.906583283715418	348	1.02385895141543
"rs1613320"	0.906594222255932	348	1.00596865807845
"rs855218"	0.906598275046001	348	0.96267802927768
"rs855463"	0.906598275046001	348	0.96267802927768
"rs557046"	0.906807354226771	348	0.978629259711791
"rs974015"	0.906829124702801	348	0.971219917253189
"rs1086278"	0.906838356418496	348	0.979229556155269
"rs678325"	0.906855333733858	348	1.02421856206097
"rs1844445"	0.906884839483275	348	1.02975589221428
"rs1137784"	0.906902580496657	348	0.960993413001916
"rs322626"	0.906960950024623	348	0.984858978640414
"rs1901794"	0.90698051204988	348	0.976716085749271
"rs966685"	0.906993278203386	348	1.02369161822896
"rs473396"	0.907017056690919	348	0.992001864162296
"rs2068840"	0.907071557458022	348	1.03002698795989
"rs392525"	0.907098942093886	348	1.02144849965986
"rs127131"	0.907174545584643	348	1.01578821922916
"rs127125"	0.907174545584647	348	1.01578821922916
"rs1194443"	0.907189641379482	348	1.01784857018843
"rs525030"	0.907200189023814	348	1.02943465936929
"rs2110002"	0.907229573804641	348	0.973434921818039
"rs1847151"	0.907285842261322	348	0.975504864777244
"rs1847183"	0.907285842261322	348	0.975504864777244
"rs2037170"	0.907291631664532	348	0.970892844457977
"rs1124032"	0.907329549556608	348	0.97464438381793
"rs851972"	0.907363138609615	348	0.972484727990361
"rs61646"	0.907392785791843	348	1.01654074405272
"rs2094063"	0.907417727671612	348	0.983238108632983
"rs260768"	0.907442566427562	348	0.920351507444855
"rs610348"	0.907456088217595	348	0.9723411329942
"rs1264044"	0.907528007944506	348	1.0111782384151
"rs289535"	0.907550282374733	348	0.977696409738548
"rs33217"	0.907554617954719	348	1.03587677199533
"rs553309"	0.907581954595856	348	1.01993383235896
"rs99273"	0.907597404096082	348	1.01937357864238
"rs835905"	0.907606315991699	348	0.980407454013463
"rs95775"	0.907610182105707	348	1.02827985067137
"rs95901"	0.907610182105707	348	1.02827985067137
"rs78376"	0.907631841436659	348	0.961637696081051
"rs51066"	0.90763619976952	348	1.04411541658905
"rs225450"	0.907725614605014	348	1.05676813609199
"rs283695"	0.907727714764935	348	1.01896483804116
"rs238889"	0.907754418315883	348	0.980135078564487
"rs391245"	0.907757464317718	348	1.0321531768388
"rs226345"	0.907758977069149	348	1.00937124665109
"rs177680"	0.907822025598118	348	1.03502182665986
"rs842493"	0.907862655331739	348	0.97833761644492
"rs842509"	0.907862655331739	348	0.97833761644492
"rs842418"	0.907862655331745	348	0.978337616444921
"rs1814554"	0.907871911685766	348	1.02945589323018
"rs1881989"	0.907884923240734	348	1.02337978332298
"rs1163919"	0.907903672273002	348	1.02337407242555
"rs2170540"	0.907919361749535	348	0.988335367569595
"rs582601"	0.907919653118248	348	1.04331237368271
"rs582618"	0.907919653118248	348	1.04331237368271
"rs582624"	0.907919653118248	348	1.04331237368271
"rs582627"	0.907919653118248	348	1.04331237368271
"rs582628"	0.907919653118248	348	1.04331237368271
"rs582630"	0.907919653118248	348	1.04331237368271
"rs582631"	0.907919653118248	348	1.04331237368271
"rs582633"	0.907919653118248	348	1.04331237368271
"rs582648"	0.907919653118248	348	1.04331237368271
"rs582649"	0.907919653118248	348	1.04331237368271
"rs582654"	0.907919653118248	348	1.04331237368271
"rs586352"	0.907919653118248	348	1.04331237368271
"rs491082"	0.907927077936898	348	1.02688518553831
"rs99451"	0.908027146299733	348	1.01922890987392
"rs2148064"	0.908034056151089	348	0.979303972497076
"rs1608805"	0.908050351060179	348	1.03292009379122
"rs2163172"	0.908059044669719	348	0.986487108941916
"rs2047684"	0.908089209305931	348	1.01041066651841
"rs704277"	0.908089726935098	348	1.02166987077244
"rs2176883"	0.908092562156504	348	1.02176274602631
"rs2176905"	0.908092562156504	348	1.02176274602631
"rs2087202"	0.908093372168211	348	0.990168000323373
"rs847019"	0.908099344061577	348	1.0179388215414
"rs134132"	0.908103990294393	348	0.984258126471114
"rs523368"	0.908239990946934	348	1.04378088955494
"rs525936"	0.908239990946934	348	1.04378088955494
"rs764743"	0.908243819000691	348	1.01595590130427
"rs764744"	0.908243819000691	348	1.01595590130427
"rs630201"	0.908257347154139	348	0.969039822552575
"rs81998"	0.908262939455301	348	0.961446516334446
"rs851049"	0.908298074479591	348	0.972709084989464
"rs546391"	0.908301060687504	348	1.02771675813762
"rs2100503"	0.908315285707485	348	1.02040338717487
"rs849788"	0.908372034943033	348	1.01841144947052
"rs849797"	0.908372034943033	348	1.01841144947052
"rs849801"	0.908372034943033	348	1.01841144947052
"rs849803"	0.908372034943033	348	1.01841144947052
"rs379312"	0.908372706987142	348	1.02118239189673
"rs151069"	0.90837885544694	348	0.983105414251936
"rs1962042"	0.908387272583681	348	0.923801929007063
"rs1972323"	0.908409638193623	348	0.994297404115312
"rs413088"	0.908413177458005	348	0.975749577206166
"rs639591"	0.908424018295893	348	1.02471493384977
"rs639594"	0.908424018295893	348	1.02471493384977
"rs1791943"	0.908445958584668	348	0.982678304512509
"rs1791947"	0.908445958584668	348	0.982678304512509
"rs354672"	0.908467158607161	348	1.00739443937277
"rs1655155"	0.908482036906307	348	1.02933679315148
"rs457073"	0.908491153225282	348	1.03262376566703
"rs500551"	0.908517570575051	348	1.02850034046165
"rs1821815"	0.908520535829365	348	0.970707843697488
"rs1991054"	0.908524721564055	348	0.970505242643602
"rs157992"	0.908560023969793	348	0.963034530453972
"rs1692478"	0.908583712420733	348	0.97426513921135
"rs1156767"	0.90862916282715	348	0.982049970444941
"rs1156770"	0.90862916282715	348	0.982049970444941
"rs133649"	0.908633298497749	348	0.977894200974816
"rs133669"	0.908633298497749	348	0.977894200974816
"rs218537"	0.908634439703259	348	0.97855054480655
"rs218575"	0.908634439703259	348	0.97855054480655
"rs1884958"	0.908649666099559	348	1.03698319376054
"rs1888773"	0.908649666099559	348	1.03698319376054
"rs1578651"	0.908725502026235	348	1.02608071055391
"rs511879"	0.908794307967664	348	1.02406027460068
"rs1963997"	0.908833187903049	348	1.06466217912162
"rs566286"	0.908839174798253	348	0.98694727482577
"rs566301"	0.908839174798253	348	0.98694727482577
"rs122686"	0.908853325869689	348	1.0204588209609
"rs938989"	0.90887692669687	348	1.02368758457555
"rs607040"	0.908912535421238	348	0.963843408128792
"rs1615366"	0.908948723805561	348	0.98074098221718
"rs1938613"	0.908976044916218	348	0.974618963765112
"rs736253"	0.908984768284538	348	1.01954481602931
"rs1396177"	0.908998163484735	348	0.969566139274905
"rs2129801"	0.909004895702135	348	0.969733075537126
"rs1794601"	0.909010688088914	348	1.02255027678911
"rs326942"	0.90902558787358	348	1.02150100718026
"rs1885292"	0.909039657589548	348	1.04765602543778
"rs1608857"	0.909046987037855	348	0.967853193079672
"rs942875"	0.909132829352344	348	0.972342637939793
"rs507147"	0.909143618240402	348	1.02510659192053
"rs58956"	0.909156107205652	348	1.02550357531209
"rs1117020"	0.909174700736683	348	0.967438902515488
"rs498673"	0.90921037729176	348	1.03160000685287
"rs1743282"	0.909212891266588	348	1.01968312485797
"rs839288"	0.909246701714621	348	0.979285182492874
"rs128612"	0.909259120069702	348	1.01663397229134
"rs2156770"	0.909275679157491	348	1.01977660131971
"rs2161802"	0.909275679157491	348	1.01977660131971
"rs1487258"	0.909289335219838	348	1.04400935140172
"rs1527645"	0.909289335219846	348	1.04400935140171
"rs1527687"	0.909289335219846	348	1.04400935140171
"rs1483015"	0.90930075324629	348	0.979627662823812
"rs956254"	0.909306010827787	348	0.972189638737193
"rs1103962"	0.909306637794659	348	1.02778924579959
"rs1819415"	0.90933044386664	348	0.968856670707095
"rs986365"	0.90936072291244	348	0.974473154075669
"rs422918"	0.909379111596552	348	0.96274308814206
"rs583422"	0.909394292904042	348	1.02608432002236
"rs839660"	0.909419749897209	348	1.02588831453902
"rs1546773"	0.909469433075646	348	1.02616742276144
"rs1122518"	0.909492201208358	348	0.978015160575464
"rs1122519"	0.909492201208358	348	0.978015160575464
"rs1117413"	0.909519907131623	348	1.03317676220147
"rs466278"	0.909567564065194	348	1.02763504699019
"rs466290"	0.909567564065194	348	1.02763504699019
"rs466334"	0.909567564065194	348	1.02763504699019
"rs466488"	0.909567564065194	348	1.02763504699019
"rs466515"	0.909567564065194	348	1.02763504699019
"rs466613"	0.909567564065194	348	1.02763504699019
"rs466694"	0.909567564065194	348	1.02763504699019
"rs466719"	0.909567564065194	348	1.02763504699019
"rs466722"	0.909567564065194	348	1.02763504699019
"rs1444825"	0.909585711406986	348	1.02567663416643
"rs618743"	0.909621720984884	348	1.02785646436939
"rs1962542"	0.909715745138615	348	0.975471386922941
"rs210660"	0.909732343446136	348	1.02456207074107
"rs210662"	0.909732343446136	348	1.02456207074107
"rs685469"	0.909756214081066	348	0.965763913704269
"rs1963015"	0.909759660361759	348	0.98465173387496
"rs915229"	0.90976089160576	348	0.967854937731738
"rs1765305"	0.90978476903997	348	1.02184411117
"rs790046"	0.909806705677844	348	1.03126095953949
"rs127764"	0.909809030008845	348	1.0142284388951
"rs127765"	0.909809030008845	348	1.0142284388951
"rs1117901"	0.909831073320113	348	0.982855465908088
"rs1117902"	0.909831073320113	348	0.982855465908088
"rs1127322"	0.909832175398272	348	0.973459203289511
"rs1319355"	0.909859132511965	348	1.02387250680375
"rs1319340"	0.909859132511972	348	1.02387250680375
"rs1206725"	0.909872955659947	348	1.01721614682072
"rs303447"	0.909878851163958	348	0.982630239907569
"rs2037671"	0.909954576481071	348	1.01925352825452
"rs1386030"	0.910031292718034	348	0.962821379221289
"rs2156828"	0.910063217090565	348	1.0194476879328
"rs1672862"	0.910092842042015	348	0.990124135743347
"rs1801213"	0.910094373198071	348	1.03132767692406
"rs1328966"	0.910117029881774	348	1.02257148418033
"rs1031291"	0.910131035475666	348	0.988610760875595
"rs103064"	0.910134459086249	348	1.01736546399642
"rs1924478"	0.910140451210337	348	1.03233729089168
"rs553111"	0.910172520418256	348	1.02579740860016
"rs122350"	0.910176533948383	348	1.01153381605914
"rs2169071"	0.910216474975867	348	1.0234951554178
"rs2161578"	0.910218831859653	348	1.01956829070489
"rs120921"	0.910224689573909	348	1.01505151200343
"rs325552"	0.910242118911662	348	1.0352627953204
"rs494688"	0.910271753427364	348	1.02164659099564
"rs1802301"	0.910282543754843	348	1.01875254932196
"rs1962571"	0.91029876502254	348	0.967455623920182
"rs1515821"	0.91030986852119	348	0.992500494766696
"rs1376329"	0.910333102155848	348	0.97103939250535
"rs1376335"	0.910333102155848	348	0.97103939250535
"rs408209"	0.910350307150136	348	1.01460982432565
"rs239941"	0.910398654591259	348	0.980775698996654
"rs582549"	0.910403373502534	348	0.963059280007567
"rs582570"	0.910403373502534	348	0.963059280007567
"rs582573"	0.910403373502534	348	0.963059280007567
"rs582584"	0.910403373502534	348	0.963059280007567
"rs582663"	0.910403373502534	348	0.963059280007567
"rs583275"	0.910403373502534	348	0.963059280007567
"rs154025"	0.91041829568042	348	0.98713886146197
"rs663951"	0.910445333842592	348	0.977311383104752
"rs304536"	0.910458861630521	348	1.02600765282056
"rs304549"	0.910458861630521	348	1.02600765282056
"rs304578"	0.910458861630521	348	1.02600765282056
"rs1036119"	0.910459171905488	348	0.973264916567992
"rs1310126"	0.91046134063465	348	1.03663733679968
"rs940742"	0.910464446790206	348	0.967958971528393
"rs2136032"	0.910480913995161	348	0.970570827682012
"rs2090373"	0.910520282625529	348	1.0225955466916
"rs2090378"	0.910520282625529	348	1.0225955466916
"rs2090394"	0.910520282625529	348	1.0225955466916
"rs2156133"	0.910545680523612	348	1.01772001743514
"rs1647540"	0.910552046516388	348	0.764269202752207
"rs82596"	0.910555815594371	348	0.973301564125094
"rs296343"	0.910585310607739	348	1.01548207793071
"rs473378"	0.910608775343888	348	0.991961257479442
"rs305280"	0.91061157537611	348	1.01095898977638
"rs182163"	0.910618029122027	348	1.03101690883769
"rs123027"	0.910629969114699	348	1.01594733457657
"rs785789"	0.9106363649729	348	1.02281208326199
"rs843973"	0.910640736309117	348	1.02230812543945
"rs844007"	0.910640736309117	348	1.02230812543945
"rs844033"	0.910640736309117	348	1.02230812543945
"rs844039"	0.910640736309117	348	1.02230812543945
"rs844040"	0.910640736309117	348	1.02230812543945
"rs844041"	0.910640736309117	348	1.02230812543945
"rs1141327"	0.910701025054137	348	0.976083212081344
"rs349629"	0.910705292273389	348	0.969024026011797
"rs2163209"	0.9107225039871	348	1.01393222601299
"rs2163221"	0.9107225039871	348	1.01393222601299
"rs2163224"	0.9107225039871	348	1.01393222601299
"rs776584"	0.910738255028046	348	1.0227126278366
"rs839534"	0.910740826223841	348	0.975865055167439
"rs1167643"	0.910742779076471	348	1.01229501566518
"rs1167644"	0.910742779076471	348	1.01229501566518
"rs1742810"	0.910751482901663	348	0.979408857356261
"rs42469"	0.910799863166315	348	0.989269110700188
"rs902528"	0.910891867157544	348	0.969370898640961
"rs1111086"	0.910931640583202	348	1.02267854330694
"rs176379"	0.910945281451615	348	1.02736384787511
"rs1207101"	0.910951366499202	348	0.986032681981741
"rs1383093"	0.910955886768817	348	0.972143240358845
"rs1318031"	0.910978465445542	348	1.02500525841365
"rs580754"	0.910979667560341	348	1.02130669173693
"rs1547785"	0.911010953822312	348	0.977322938428438
"rs2106542"	0.911017887874272	348	1.02853253968816
"rs126672"	0.911018128199775	348	0.983442753892233
"rs1765034"	0.911033891874645	348	1.02175449331752
"rs852818"	0.911087745247474	348	1.02606343235052
"rs641770"	0.911106504465075	348	0.966501958205392
"rs1766044"	0.911124168684394	348	1.0214554078625
"rs1974032"	0.911134898962339	348	0.961555838840089
"rs699698"	0.911176743664547	348	0.992018806792207
"rs1326744"	0.911177583781415	348	0.963749779875831
"rs2013047"	0.911191669200965	348	1.02695399535677
"rs2013050"	0.911191669200965	348	1.02695399535677
"rs31141"	0.91120817885494	348	1.03351449219166
"rs1962149"	0.911212140782971	348	1.02316296424571
"rs697378"	0.911257943404013	348	0.9738015163046
"rs2172739"	0.911280997698662	348	1.01259728010755
"rs1404438"	0.91130387063337	348	1.03186044509208
"rs1123248"	0.911317024571364	348	1.02435667881332
"rs1924538"	0.911323723104291	348	1.0229059674822
"rs1887382"	0.911325273973842	348	1.02200475243327
"rs1252795"	0.911375671001628	348	0.968605217168959
"rs2206196"	0.911376779838659	348	1.01888958969194
"rs503742"	0.911379145535809	348	0.980898818247499
"rs503751"	0.911379145535809	348	0.980898818247499
"rs503765"	0.911379145535809	348	0.980898818247499
"rs503777"	0.911379145535809	348	0.980898818247499
"rs2134166"	0.911443921294876	348	1.03948088201562
"rs1354556"	0.911494898518784	348	0.974025210916503
"rs262926"	0.911529775509028	348	0.983159467393804
"rs262935"	0.911529775509028	348	0.983159467393804
"rs621410"	0.911537597756311	348	1.02333558246491
"rs1570305"	0.911614786279843	348	1.03568901662116
"rs1103611"	0.911646728438245	348	0.945100920287465
"rs2171157"	0.911647500041788	348	0.989409344883541
"rs2216439"	0.91165165412498	348	1.04743660217845
"rs980734"	0.91165165412498	348	1.04743660217845
"rs1347359"	0.91165165412498	348	1.04743660217845
"rs1764839"	0.911660254130811	348	0.979363697475666
"rs1857438"	0.911668080498228	348	0.97575616469424
"rs1742016"	0.91173488574347	348	0.982083328538856
"rs2115208"	0.911739134645425	348	0.983715291341824
"rs392375"	0.911747060458984	348	1.02143399313722
"rs1635495"	0.911748349458945	348	1.01776961433454
"rs1046342"	0.911765051486419	348	1.04306447091012
"rs1047893"	0.911765051486419	348	1.04306447091012
"rs1670700"	0.911777759765805	348	1.02305237037728
"rs1652506"	0.911805755367542	348	0.962842951349287
"rs1652509"	0.911805755367542	348	0.962842951349287
"rs1652545"	0.911805755367542	348	0.962842951349287
"rs1162194"	0.911833465384975	348	0.983846019361126
"rs1162200"	0.911833465384975	348	0.983846019361126
"rs1162201"	0.911833465384975	348	0.983846019361126
"rs344864"	0.911835923720707	348	0.9774642037381
"rs1844454"	0.91183778986996	348	1.02410126664079
"rs1844462"	0.91183778986996	348	1.02410126664079
"rs1844467"	0.91183778986996	348	1.02410126664079
"rs1844471"	0.91183778986996	348	1.02410126664079
"rs1844481"	0.91183778986996	348	1.02410126664079
"rs1844622"	0.91183778986996	348	1.02410126664079
"rs1844628"	0.91183778986996	348	1.02410126664079
"rs1765886"	0.911846401290386	348	1.02116490250502
"rs1769506"	0.911846401290386	348	1.02116490250502
"rs1769800"	0.911846401290386	348	1.02116490250502
"rs1769807"	0.911846401290386	348	1.02116490250502
"rs1769830"	0.911846401290386	348	1.02116490250502
"rs1769847"	0.911846401290386	348	1.02116490250502
"rs1770112"	0.911846401290386	348	1.02116490250502
"rs339155"	0.911851947368025	348	0.958223843051922
"rs2183070"	0.911903083346326	348	1.01497852908718
"rs1287839"	0.911976818061648	348	0.97783482060589
"rs830905"	0.911978402111828	348	0.978881837335109
"rs830906"	0.911978402111828	348	0.978881837335109
"rs830915"	0.911978402111828	348	0.978881837335109
"rs1548342"	0.911997014290758	348	0.979312489994025
"rs1360683"	0.912031947759687	348	0.97225828130224
"rs492674"	0.912040795373131	348	0.982733134097393
"rs636694"	0.912058836980259	348	1.02600770054128
"rs417011"	0.912067270086234	348	0.973265364932154
"rs1778883"	0.912110774582951	348	0.98336047064339
"rs1991803"	0.912126050745497	348	0.979747376986607
"rs1991808"	0.912126050745497	348	0.979747376986607
"rs253111"	0.912127493195275	348	1.02258631237365
"rs182259"	0.91214999663559	348	0.980353005549354
"rs193281"	0.912202161954002	348	1.04159861817984
"rs1754375"	0.912205126660583	348	1.02077849810091
"rs1112722"	0.912212067233608	348	1.01717407865838
"rs487129"	0.912243452297323	348	1.02099695849821
"rs2172668"	0.912247357846638	348	1.02135499942819
"rs305468"	0.912299859363872	348	0.971307093840631
"rs652833"	0.912303072340478	348	0.960306489153871
"rs2118622"	0.912324409223251	348	1.02339366975354
"rs2118625"	0.912324409223251	348	1.02339366975354
"rs562300"	0.912328294204006	348	0.985594540046727
"rs1662204"	0.912339110292477	348	1.02601082153486
"rs334510"	0.912392678247059	348	1.03170578450116
"rs2010691"	0.91242789823836	348	0.956533810888586
"rs2049733"	0.912433078502963	348	0.976608350616307
"rs499292"	0.912441764826608	348	0.960149202898242
"rs499297"	0.912441764826608	348	0.960149202898242
"rs499323"	0.912441764826608	348	0.960149202898242
"rs2099550"	0.912502675485124	348	0.983451397890652
"rs1903716"	0.912601527590096	348	0.966083941408535
"rs783925"	0.912616980946821	348	0.981769429607907
"rs783931"	0.912616980946821	348	0.981769429607907
"rs783937"	0.912616980946821	348	0.981769429607907
"rs783940"	0.912616980946821	348	0.981769429607907
"rs783943"	0.912616980946821	348	0.981769429607907
"rs783946"	0.912616980946821	348	0.981769429607907
"rs1857546"	0.912623185611486	348	0.988948732446012
"rs1742751"	0.912628692046988	348	1.01804590337709
"rs1742753"	0.912628692046988	348	1.01804590337709
"rs227141"	0.912633180645351	348	1.03619523506596
"rs1744059"	0.912644061267099	348	1.03098950561681
"rs779386"	0.912694410676157	348	0.980728270607736
"rs1873063"	0.912695240201226	348	1.00571507517399
"rs628153"	0.912697940179055	348	1.03215268340698
"rs981947"	0.912698449541952	348	1.02233101926672
"rs845402"	0.912718801323563	348	1.01977782949876
"rs1697351"	0.912720991064226	348	1.0164493041299
"rs1063692"	0.912732323765803	348	1.03118238110234
"rs849275"	0.912748072111835	348	0.979344136573905
"rs227770"	0.912768747871428	348	0.979825792668023
"rs227776"	0.912768747871517	348	0.979825792668043
"rs227782"	0.912768747871517	348	0.979825792668043
"rs227785"	0.912768747871517	348	0.979825792668043
"rs227788"	0.912768747871517	348	0.979825792668043
"rs227797"	0.912768747871517	348	0.979825792668043
"rs227800"	0.912768747871517	348	0.979825792668043
"rs227804"	0.912768747871517	348	0.979825792668043
"rs227836"	0.912768747871517	348	0.979825792668043
"rs227854"	0.912768747871517	348	0.979825792668043
"rs150679"	0.912799172201432	348	0.985309278180272
"rs348647"	0.91282469403638	348	1.03929142889048
"rs306456"	0.912825224822893	348	1.04249214154093
"rs1951676"	0.912881062859596	348	1.02071175539346
"rs1564662"	0.912921347521018	348	0.978252231405536
"rs1564671"	0.912921347521022	348	0.978252231405537
"rs1564677"	0.912921347521022	348	0.978252231405537
"rs1564679"	0.912921347521022	348	0.978252231405537
"rs1564682"	0.912921347521022	348	0.978252231405537
"rs1564689"	0.912921347521022	348	0.978252231405537
"rs2091315"	0.91295985147632	348	0.97845644241623
"rs1655866"	0.912972045480476	348	1.03297980630886
"rs1655888"	0.912972045480476	348	1.03297980630886
"rs943593"	0.912984701361731	348	1.02889055145181
"rs1805405"	0.912986790627897	348	1.02213485030784
"rs485523"	0.913026303507129	348	1.00507489925968
"rs222287"	0.913046737555714	348	0.977702751168539
"rs1347940"	0.913051088747932	348	0.97433031985167
"rs839717"	0.913063334184372	348	1.02421256472639
"rs839726"	0.913063334184372	348	1.02421256472639
"rs839732"	0.913063334184372	348	1.02421256472639
"rs839738"	0.913063334184372	348	1.02421256472639
"rs2148796"	0.913067956734007	348	0.9760534339061
"rs2010847"	0.913085375857305	348	1.01959717594871
"rs671706"	0.913107183421155	348	1.02115285568445
"rs502944"	0.913231693638993	348	0.979957268160327
"rs1827132"	0.913239272760655	348	1.02445275339968
"rs672586"	0.913266379184297	348	0.976741926406751
"rs327613"	0.913279237679303	348	1.01871663963402
"rs1882555"	0.913321471381446	348	0.978784675757215
"rs396417"	0.913329593856553	348	0.973593964238017
"rs396418"	0.913329593856553	348	0.973593964238017
"rs396405"	0.913351669974166	348	0.973601469520694
"rs396406"	0.913351669974166	348	0.973601469520694
"rs1049930"	0.91338761776408	348	1.03270023712331
"rs83013"	0.913400875329245	348	0.975066097155417
"rs83016"	0.913400875329245	348	0.975066097155417
"rs470054"	0.913464505504326	348	1.02346710556663
"rs1076530"	0.913475400661433	348	1.03455647545303
"rs890909"	0.913552121764016	348	0.982287544738267
"rs547748"	0.913570228948192	348	0.980644444593387
"rs1057707"	0.913588141670359	348	0.960194476424789
"rs198346"	0.913607802527888	348	1.04998701490616
"rs849950"	0.913607802527903	348	1.04998701490616
"rs1674869"	0.913607802527903	348	1.04998701490616
"rs1319997"	0.913669521210757	348	0.980064720426082
"rs1063683"	0.913708255878625	348	1.03070646330428
"rs562418"	0.913802000329593	348	0.978816730212312
"rs1794151"	0.913806020475363	348	0.982723635544452
"rs476309"	0.913843635876138	348	0.969171222740055
"rs1987909"	0.913851899558023	348	0.980941569491961
"rs1052560"	0.913864535418732	348	0.974767860677234
"rs1052583"	0.913864535418732	348	0.974767860677234
"rs2211215"	0.913866054524771	348	1.03098307766917
"rs2211246"	0.913866054524771	348	1.03098307766917
"rs2211248"	0.913866054524771	348	1.03098307766917
"rs2087978"	0.91388284472563	348	0.982287595511952
"rs2088024"	0.91388284472563	348	0.982287595511952
"rs98634"	0.913915356348399	348	1.02033745562111
"rs1565847"	0.913921324093193	348	0.940712912369248
"rs1565850"	0.913921324093193	348	0.940712912369248
"rs1565852"	0.913921324093193	348	0.940712912369248
"rs1565901"	0.913921324093193	348	0.940712912369248
"rs1565904"	0.913921324093193	348	0.940712912369248
"rs1565907"	0.913921324093193	348	0.940712912369248
"rs1565913"	0.913921324093193	348	0.940712912369248
"rs1565922"	0.913921324093193	348	0.940712912369248
"rs1565940"	0.913921324093193	348	0.940712912369248
"rs1565946"	0.913921324093193	348	0.940712912369248
"rs1565949"	0.913921324093193	348	0.940712912369248
"rs1565952"	0.913921324093193	348	0.940712912369248
"rs1565953"	0.913921324093193	348	0.940712912369248
"rs1565957"	0.913921324093193	348	0.940712912369248
"rs1565973"	0.913921324093193	348	0.940712912369248
"rs1565976"	0.913921324093193	348	0.940712912369248
"rs1565978"	0.913921324093193	348	0.940712912369248
"rs1566002"	0.913921324093193	348	0.940712912369248
"rs1565739"	0.913921324093194	348	0.940712912369248
"rs398456"	0.913921324093196	348	0.940712912369249
"rs1460487"	0.913921324093196	348	0.940712912369249
"rs1566001"	0.913921324093196	348	0.940712912369249
"rs1566876"	0.913921324093196	348	0.940712912369249
"rs1822175"	0.913921324093196	348	0.940712912369249
"rs1822176"	0.913921324093196	348	0.940712912369249
"rs1609085"	0.913923672590724	348	1.02525374780109
"rs1826825"	0.914003066215323	348	0.961119037842697
"rs87816"	0.914014136795681	348	1.02218452141067
"rs1822915"	0.914043981267805	348	1.02816328978615
"rs1653649"	0.914053616716356	348	1.02731912015034
"rs1653658"	0.914053616716356	348	1.02731912015034
"rs1653685"	0.914053616716356	348	1.02731912015034
"rs1780295"	0.914077296731569	348	0.988119324871874
"rs91649"	0.91407893655306	348	0.961175242345431
"rs621973"	0.914107839425722	348	0.977031266248033
"rs650250"	0.914119131902069	348	1.05487683567244
"rs650253"	0.914119131902069	348	1.05487683567244
"rs1962224"	0.914145566301657	348	1.00774417462747
"rs734770"	0.914147754009096	348	1.03189525654529
"rs499199"	0.914157280983659	348	0.960871187127554
"rs737342"	0.914170578665899	348	0.969909063269923
"rs1577432"	0.914177842422692	348	0.980825214081893
"rs323798"	0.914211587432476	348	1.01593249224205
"rs301329"	0.914246806663238	348	0.975529947523953
"rs1700965"	0.914264425664186	348	0.979798232419956
"rs1700968"	0.914264425664186	348	0.979798232419956
"rs1700977"	0.914264425664186	348	0.979798232419956
"rs1700980"	0.914264425664186	348	0.979798232419956
"rs1700983"	0.914264425664186	348	0.979798232419956
"rs1700986"	0.914264425664186	348	0.979798232419956
"rs122920"	0.914301339710058	348	0.982968723394009
"rs941145"	0.914339614060775	348	1.03182038485258
"rs81380"	0.914361435630623	348	0.978575389225134
"rs1748105"	0.914384076600207	348	1.01241331488869
"rs821899"	0.914402776946825	348	0.969886896661272
"rs1741401"	0.914403036030632	348	1.01758744895222
"rs1319223"	0.91441665132501	348	1.03320283890045
"rs334503"	0.914441617233214	348	1.03075409574201
"rs98441"	0.914482433940401	348	0.984156988890972
"rs1961159"	0.914486023641271	348	1.02755031167373
"rs1162962"	0.914501009429134	348	1.01939670473189
"rs1677762"	0.914527330969257	348	0.975064277529294
"rs1882378"	0.91455371195134	348	0.964211007763358
"rs1786825"	0.914605900314691	348	0.986243429345537
"rs619934"	0.91465595617605	348	0.973324567668501
"rs1742069"	0.914666536620643	348	1.02502958104631
"rs1065459"	0.914687516947758	348	1.01909269162049
"rs1065411"	0.914687516947761	348	1.01909269162049
"rs1065442"	0.914687516947761	348	1.01909269162049
"rs1065456"	0.914687516947761	348	1.01909269162049
"rs458649"	0.914693295034405	348	0.972534835905947
"rs2104341"	0.914719007660404	348	0.980769201641039
"rs1883512"	0.914742655246633	348	1.02148368502574
"rs860468"	0.914746378726375	348	1.0194269614779
"rs2183167"	0.914807512340189	348	1.01456158076534
"rs1827891"	0.914825648553392	348	1.02254531933567
"rs1827902"	0.914825648553392	348	1.02254531933567
"rs1898152"	0.914832838131956	348	0.976172274792385
"rs967603"	0.91489037949838	348	1.04034885155085
"rs305461"	0.914944751511421	348	0.972141755683592
"rs1551415"	0.914951365390914	348	0.988081555936108
"rs952583"	0.914998877014325	348	0.96806138336034
"rs342203"	0.91500951535553	348	0.967475512173691
"rs342218"	0.91500951535553	348	0.967475512173691
"rs1843127"	0.91502460909496	348	0.962449313639239
"rs723866"	0.915026933497934	348	1.01941957412751
"rs532676"	0.91503763032172	348	1.02642757213409
"rs1462676"	0.915037631030392	348	0.975332887837588
"rs1798030"	0.915057799339629	348	1.08958043294987
"rs2046510"	0.915058678159692	348	0.975499440328089
"rs1765280"	0.91506697816889	348	1.02124025430647
"rs1378750"	0.91506939163652	348	1.0220729221216
"rs1468526"	0.915124326434841	348	1.02472931749875
"rs1468919"	0.915124326434841	348	1.02472931749875
"rs1469333"	0.915124326434841	348	1.02472931749875
"rs1469487"	0.915124326434841	348	1.02472931749875
"rs1468663"	0.915124326434869	348	1.02472931749874
"rs1467609"	0.91512432643487	348	1.02472931749874
"rs1468048"	0.91512432643487	348	1.02472931749874
"rs1468274"	0.91512432643487	348	1.02472931749874
"rs1135773"	0.915129744260146	348	1.02932370848921
"rs1964111"	0.915157423711619	348	1.02085685932998
"rs571554"	0.915171171881099	348	1.01497476613736
"rs249206"	0.915209395365361	348	0.960684368419373
"rs133640"	0.915218191699353	348	0.985302035100709
"rs1108954"	0.915224853850199	348	0.970262314412599
"rs1604355"	0.915245436579959	348	1.02188821078639
"rs2084543"	0.915266250344582	348	1.0227102734465
"rs470832"	0.915284937050484	348	0.990201723079581
"rs1843137"	0.915312037209687	348	1.02251473980539
"rs95168"	0.915324662250097	348	0.978105946982517
"rs2216168"	0.915329183436441	348	1.01704661141637
"rs508994"	0.915346035299348	348	1.02349128217838
"rs579080"	0.915368588850339	348	0.97260524349342
"rs578618"	0.915392154095851	348	1.02513033989492
"rs651151"	0.915405245745864	348	1.02662096829855
"rs1515767"	0.915416547150298	348	1.00734135390017
"rs169383"	0.915451902944721	348	0.980476250961972
"rs133643"	0.915452208595221	348	1.01570599393641
"rs1717070"	0.915484990058854	348	1.01911109113905
"rs496534"	0.915485861351551	348	0.970287729044292
"rs496582"	0.915485861351551	348	0.970287729044292
"rs634494"	0.915525592838887	348	1.01980262006035
"rs634498"	0.915525592838887	348	1.01980262006035
"rs566337"	0.915542536359183	348	1.01370170507533
"rs1906717"	0.915554995726169	348	1.01731550270386
"rs652153"	0.91561971174034	348	1.04325844448858
"rs225564"	0.915660005891718	348	0.959736877080922
"rs492746"	0.915665395637564	348	1.018517021056
"rs2091362"	0.915691877449996	348	0.983672552283524
"rs100272"	0.915718386096068	348	0.988672947297911
"rs1696763"	0.915728010071	348	1.02384445293775
"rs743664"	0.91574011924805	348	1.02326982733972
"rs2103695"	0.915747766325144	348	0.982021749629764
"rs306138"	0.915800285002579	348	1.03494516016099
"rs2118709"	0.915817364882486	348	0.982912979731276
"rs2118748"	0.915817364882486	348	0.982912979731276
"rs2118751"	0.915817364882486	348	0.982912979731276
"rs113084"	0.915841493778233	348	0.983098680773901
"rs549341"	0.915892910826537	348	0.978787449090883
"rs724439"	0.915921709658116	348	0.994369602078316
"rs1053148"	0.915926600451803	348	0.924215477167012
"rs543917"	0.915931552560896	348	1.02087561982582
"rs699708"	0.915956156518802	348	0.991774109139971
"rs546571"	0.915970672429311	348	0.980954952023466
"rs227731"	0.915982559164922	348	0.980410447366457
"rs1822843"	0.91605376012557	348	1.05042318644302
"rs1938363"	0.916066167751044	348	1.03285413455949
"rs126942"	0.916075386645872	348	0.980760491044456
"rs480672"	0.916076306043823	348	1.02218936605938
"rs94853"	0.916078119156491	348	0.976368134327669
"rs1816342"	0.916097788087308	348	0.978523927477084
"rs1962445"	0.916098013489497	348	1.02133194504152
"rs745573"	0.916109713459084	348	0.95879087096239
"rs1288477"	0.916143635913142	348	0.97530737148236
"rs737686"	0.916147553941606	348	1.0189891521774
"rs844006"	0.916183760941594	348	1.02096485817667
"rs503868"	0.916214026169163	348	0.981789842904388
"rs1087951"	0.916229057319627	348	1.02490242921881
"rs128642"	0.916243025142651	348	0.984816646408269
"rs22664"	0.916249865069795	348	1.01466382850391
"rs650313"	0.916295591118576	348	0.977149377694754
"rs650331"	0.916295591118576	348	0.977149377694754
"rs650334"	0.916295591118576	348	0.977149377694754
"rs650337"	0.916295591118576	348	0.977149377694754
"rs650338"	0.916295591118576	348	0.977149377694754
"rs650340"	0.916295591118576	348	0.977149377694754
"rs650353"	0.916295591118576	348	0.977149377694754
"rs650355"	0.916295591118576	348	0.977149377694754
"rs650400"	0.916295591118576	348	0.977149377694754
"rs650422"	0.916295591118576	348	0.977149377694754
"rs1118934"	0.916309937356541	348	1.03513083652382
"rs1546940"	0.916313340610992	348	0.975148430159522
"rs2173637"	0.916334242715015	348	0.974505939087146
"rs1792400"	0.916338276918043	348	0.979651993763267
"rs260387"	0.916364288255969	348	0.970158089936819
"rs260523"	0.916364288255969	348	0.970158089936819
"rs1882405"	0.916369713170351	348	1.02283542839128
"rs1489469"	0.916428559004344	348	1.00864760809399
"rs1084158"	0.916438434906507	348	1.04306879671454
"rs561624"	0.916445339158937	348	0.988434484741424
"rs353829"	0.916448015590914	348	0.977137458797366
"rs1795936"	0.9164515676228	348	1.04249961275317
"rs849713"	0.916471297962467	348	1.01726083127859
"rs849719"	0.916471297962467	348	1.01726083127859
"rs1617435"	0.91649626965335	348	1.01051972760826
"rs579845"	0.916542619395036	348	1.02285636612051
"rs825061"	0.916594235994072	348	1.02140089601216
"rs496518"	0.916653025011172	348	0.970701267351851
"rs496520"	0.916653025011172	348	0.970701267351851
"rs1383954"	0.91666121647981	348	1.02138406882714
"rs1383960"	0.91666121647981	348	1.02138406882714
"rs1383971"	0.91666121647981	348	1.02138406882714
"rs129353"	0.916663195477504	348	0.982076615360022
"rs624110"	0.916703124946856	348	1.06361966640603
"rs1779357"	0.916711478745886	348	0.979352903011426
"rs420344"	0.916743604151286	348	0.985031477109884
"rs1557318"	0.91676878453915	348	1.01791017168692
"rs1775134"	0.916769118045205	348	0.983377297132964
"rs414903"	0.916787878880498	348	0.98155668217764
"rs414915"	0.916787878880498	348	0.98155668217764
"rs974692"	0.916866425756609	348	0.972841475681476
"rs784081"	0.916881167537245	348	1.01827989615622
"rs78324"	0.916957895176057	348	0.98181561665895
"rs1117682"	0.916958029951465	348	1.03324345708382
"rs474797"	0.916979735424445	348	1.01830815422705
"rs474798"	0.916979735424445	348	1.01830815422705
"rs359884"	0.916981997014728	348	0.969640983972295
"rs1963994"	0.917026734839554	348	1.02613887883225
"rs370837"	0.917027826378752	348	0.966674737151191
"rs1742107"	0.917144400745263	348	1.01780473293209
"rs1654926"	0.917153649225537	348	1.02656772287658
"rs507465"	0.917153800364825	348	1.01953050380238
"rs571612"	0.917172910713044	348	0.980679048130654
"rs571613"	0.917172910713044	348	0.980679048130654
"rs393205"	0.917221937003339	348	0.969841860219516
"rs1047959"	0.917260746950658	348	1.02307221182694
"rs1162890"	0.917261779844794	348	1.03555622516896
"rs1899310"	0.917274451689856	348	1.03563363940285
"rs1342068"	0.917281817912551	348	0.963955916520845
"rs1847144"	0.917290435721325	348	0.979734120101685
"rs1339657"	0.917357975972717	348	1.03527330837871
"rs1742975"	0.917404491813444	348	1.02223378360389
"rs2100694"	0.91745296575513	348	0.984911228542482
"rs1820521"	0.917498751819198	348	1.01893757365381
"rs1820523"	0.917498751819198	348	1.01893757365381
"rs1820530"	0.917498751819198	348	1.01893757365381
"rs1820533"	0.917498751819198	348	1.01893757365381
"rs1820539"	0.917498751819198	348	1.01893757365381
"rs1162920"	0.917502372570748	348	1.01875228576927
"rs1023593"	0.917537776547733	348	1.0237248658848
"rs359848"	0.917575548057726	348	0.977581476733242
"rs359874"	0.917575548057726	348	0.977581476733242
"rs359937"	0.917575548057726	348	0.977581476733242
"rs359982"	0.917575548057726	348	0.977581476733242
"rs360005"	0.917575548057726	348	0.977581476733242
"rs360013"	0.917575548057726	348	0.977581476733242
"rs374889"	0.917602506388655	348	1.02783475810992
"rs1734394"	0.917604041949678	348	0.974077255802915
"rs1653223"	0.917611965785296	348	0.981161723556376
"rs1304650"	0.917663925004408	348	1.0560706577535
"rs1304669"	0.917663925004408	348	1.0560706577535
"rs303750"	0.917663925004415	348	1.872704380029
"rs1403177"	0.917730717209588	348	1.01680022200298
"rs2132230"	0.917753655868084	348	1.01642326106691
"rs1994356"	0.917787289965436	348	0.981245063532231
"rs852782"	0.917843331686899	348	1.02414597204641
"rs1919854"	0.9178497612409	348	0.978956904766553
"rs418140"	0.917859276325759	348	1.03126397070467
"rs240367"	0.917869102074676	348	1.01820991596994
"rs1091286"	0.917883695778852	348	1.02277468856674
"rs1091877"	0.917883695778852	348	1.02277468856674
"rs1962107"	0.91799650340201	348	0.979719557153666
"rs1962110"	0.91799650340201	348	0.979719557153666
"rs1264311"	0.918020363618473	348	1.01473917163869
"rs1740879"	0.918029764083063	348	0.979321770974843
"rs2130875"	0.91808230335871	348	1.01471079066192
"rs1572933"	0.918118440886737	348	1.04317958397891
"rs649761"	0.918272142975186	348	1.0217212701348
"rs649983"	0.918272142975186	348	1.0217212701348
"rs460579"	0.918299137374189	348	0.97932543856283
"rs1653872"	0.918324616078558	348	0.966120419601814
"rs1653878"	0.918324616078558	348	0.966120419601814
"rs623518"	0.918488943481438	348	0.950758843507006
"rs623566"	0.918488943481438	348	0.950758843507006
"rs2114432"	0.918496880161072	348	0.986225438968315
"rs2206361"	0.918523500271813	348	1.0315160105347
"rs852859"	0.918555138492274	348	1.02379859606606
"rs1572987"	0.918569526815835	348	0.9717352230317
"rs444302"	0.918581816177	348	0.98106600433875
"rs915873"	0.918598247206688	348	0.97529275218906
"rs915862"	0.918598247206718	348	0.97529275218907
"rs1002171"	0.918600486605039	348	1.01984902324918
"rs849956"	0.918669436872866	348	1.04696737547315
"rs633402"	0.918674248844282	348	1.01991041477386
"rs890896"	0.91870652355888	348	0.986402516287236
"rs890897"	0.91870652355888	348	0.986402516287236
"rs1700830"	0.918734357434023	348	0.980681125310745
"rs1173979"	0.918757666187124	348	1.01609325101047
"rs779246"	0.918841535107419	348	0.981181719909975
"rs1608689"	0.918858898232933	348	0.97128081743132
"rs1608779"	0.918858898232933	348	0.97128081743132
"rs1608784"	0.918858898232933	348	0.97128081743132
"rs1608845"	0.918858898232933	348	0.97128081743132
"rs1608851"	0.918858898232933	348	0.97128081743132
"rs1608860"	0.918858898232933	348	0.97128081743132
"rs1608885"	0.918858898232933	348	0.97128081743132
"rs1608886"	0.918858898232933	348	0.97128081743132
"rs1608889"	0.918858898232933	348	0.97128081743132
"rs1608917"	0.918858898232933	348	0.97128081743132
"rs1608932"	0.918858898232933	348	0.97128081743132
"rs1609099"	0.918858898232933	348	0.97128081743132
"rs1609130"	0.918858898232933	348	0.97128081743132
"rs1609140"	0.918858898232933	348	0.97128081743132
"rs1643381"	0.918874054724662	348	1.01949216543743
"rs639346"	0.918912959126857	348	0.980421550720611
"rs1955023"	0.918932333646294	348	0.985700939667064
"rs418735"	0.918958066554415	348	1.01861887523531
"rs909422"	0.918963204926452	348	0.976580391480313
"rs1939953"	0.919013536836821	348	0.96040427219213
"rs1939960"	0.919013536836821	348	0.96040427219213
"rs882571"	0.919013536836829	348	0.960404272192134
"rs496703"	0.919036500646981	348	0.971545439648038
"rs911107"	0.919045048932128	348	0.97455334808207
"rs1783627"	0.919048531288485	348	1.02689246493622
"rs197877"	0.919074082005671	348	1.02358579978764
"rs1001918"	0.91909348684546	348	0.97561858105551
"rs614701"	0.919101688809205	348	1.05618060188583
"rs1765157"	0.919130860840433	348	0.984276296042796
"rs704163"	0.919163560881807	348	0.981023104962633
"rs821894"	0.919164874943122	348	0.971534682027428
"rs821896"	0.919164874943122	348	0.971534682027428
"rs2111844"	0.919194247234463	348	0.950884987677951
"rs2111990"	0.919194247234463	348	0.950884987677951
"rs577594"	0.919210273560168	348	0.964288707729113
"rs578360"	0.919210273560168	348	0.964288707729113
"rs2151500"	0.919224349842817	348	0.984661615227686
"rs1162557"	0.919240044283321	348	1.01303042149846
"rs458576"	0.919299491373503	348	1.0244014325592
"rs1349737"	0.919310953090691	348	0.974674695838361
"rs488859"	0.919317287141394	348	0.959566944920946
"rs120870"	0.919339789530344	348	1.02111045604765
"rs498353"	0.919352120011058	348	0.953311932778024
"rs227222"	0.919367664932206	348	1.0333740492892
"rs2182577"	0.919370175490853	348	0.983753080633314
"rs907714"	0.919375890061357	348	0.97545173837332
"rs907715"	0.919375890061357	348	0.97545173837332
"rs490460"	0.919387753515468	348	1.01827715775053
"rs490475"	0.919387753515468	348	1.01827715775053
"rs1170789"	0.919401785584852	348	0.987326090945219
"rs1456825"	0.919410541115729	348	1.03409735500861
"rs977686"	0.919475762382432	348	0.984717334312785
"rs1965425"	0.919482838777819	348	0.976564535051071
"rs1564247"	0.919540445386044	348	0.983897709042029
"rs1616803"	0.919575469063479	348	0.984148012846104
"rs2122146"	0.91957681371395	348	1.01765366909084
"rs1191333"	0.919653824287328	348	1.01675500279145
"rs1191338"	0.919653824287328	348	1.01675500279145
"rs169664"	0.919663616387614	348	0.959095075212652
"rs1775215"	0.919674960398256	348	0.993271960697201
"rs44541"	0.919694219060991	348	0.967751565429377
"rs947291"	0.919734911168286	348	1.02208467132628
"rs1035840"	0.919832212609534	348	0.992539588124355
"rs639582"	0.919833828077385	348	1.02326446456275
"rs1293791"	0.91985115883652	348	1.01684775724423
"rs1293810"	0.91985115883652	348	1.01684775724423
"rs1293816"	0.91985115883652	348	1.01684775724423
"rs525235"	0.919863666853953	348	1.01949918462745
"rs916984"	0.91987083682865	348	1.05225130424202
"rs254946"	0.919911428687949	348	0.982051064055233
"rs404216"	0.919967855895337	348	0.977513688909906
"rs1545643"	0.919985764428003	348	0.980685672391453
"rs1802820"	0.919997883552659	348	0.954907229622503
"rs1802841"	0.919997883552659	348	0.954907229622503
"rs945859"	0.920065923483519	348	1.02199118675958
"rs947188"	0.920065923483519	348	1.02199118675958
"rs948637"	0.920065923483519	348	1.02199118675958
"rs2190614"	0.920079742917952	348	1.06343377023968
"rs1473087"	0.920079742917959	348	0.94035005092477
"rs1681198"	0.920161636103538	348	0.965346757678135
"rs2033622"	0.920179979737462	348	1.00434761439109
"rs910279"	0.920190212485534	348	1.01955009304145
"rs2110213"	0.920204803614791	348	1.02143557026279
"rs405978"	0.920313746610955	348	1.02598809723745
"rs783964"	0.920322365237021	348	0.982878293292127
"rs945473"	0.920332426111755	348	1.02178527183474
"rs945631"	0.920332426111755	348	1.02178527183474
"rs1765351"	0.920352245859459	348	1.01922609825836
"rs367238"	0.92037938221284	348	0.983769535478651
"rs1467737"	0.920404841930937	348	0.975716715469255
"rs1288410"	0.920416006786558	348	1.01570225231442
"rs1344105"	0.920428374464722	348	1.01900919983699
"rs1569822"	0.920434006938844	348	1.01764297313233
"rs1750525"	0.920442733476479	348	0.98094276346787
"rs797326"	0.92045882502194	348	1.00954139913771
"rs307196"	0.920475675184224	348	0.977319325428947
"rs454223"	0.920480888610662	348	0.97805567943652
"rs135329"	0.920489144612236	348	0.97995796702835
"rs135341"	0.920489144612236	348	0.97995796702835
"rs135488"	0.920489144612236	348	0.97995796702835
"rs135489"	0.920489144612236	348	0.97995796702835
"rs135491"	0.920489144612236	348	0.97995796702835
"rs135506"	0.920489144612236	348	0.97995796702835
"rs518579"	0.920548388616264	348	1.02006818889081
"rs556390"	0.920557336585755	348	0.990745079808002
"rs948911"	0.920560245941295	348	1.02172856535375
"rs949741"	0.920560245941295	348	1.02172856535375
"rs949766"	0.920560245941295	348	1.02172856535375
"rs950249"	0.920560245941295	348	1.02172856535375
"rs227920"	0.920577278605937	348	1.0187353222683
"rs2091965"	0.920583793621402	348	1.02547011954038
"rs896782"	0.920596356386751	348	0.984863405645944
"rs581764"	0.920604169683471	348	1.03054216855987
"rs271217"	0.920617991931156	348	0.98457202475828
"rs704545"	0.920652337854384	348	0.978986840239352
"rs1906593"	0.920653999481052	348	1.03164480326915
"rs83021"	0.920656686073192	348	0.976901993784028
"rs1778832"	0.920685012240206	348	0.984949509465685
"rs95018"	0.920698162788533	348	1.03514768848644
"rs1121194"	0.920740962356039	348	1.01860931924904
"rs498030"	0.920759916511847	348	0.972930930338738
"rs498062"	0.920759916511847	348	0.972930930338738
"rs498150"	0.920759916511847	348	0.972930930338738
"rs68660"	0.9207743201184	348	1.01784017177577
"rs1743093"	0.920782281064419	348	0.984347152123551
"rs1576387"	0.920822418754909	348	0.978157126618046
"rs2170567"	0.920844012308382	348	1.00923020014996
"rs578640"	0.920870697406362	348	0.965204913030244
"rs1365385"	0.920897399193173	348	1.01518936447102
"rs1365403"	0.920897399193173	348	1.01518936447102
"rs1365416"	0.920897399193173	348	1.01518936447102
"rs1365433"	0.920897399193173	348	1.01518936447102
"rs898422"	0.920912615636737	348	0.953559008812261
"rs1163111"	0.920955064074887	348	0.985297027170033
"rs1852426"	0.920961031330263	348	0.972077741418769
"rs1097446"	0.920967746152332	348	0.979460026850338
"rs1018422"	0.920973640360584	348	0.963361299473983
"rs149529"	0.920979676657489	348	1.02185926680409
"rs149561"	0.920979676657489	348	1.02185926680409
"rs149737"	0.920979676657489	348	1.02185926680409
"rs149802"	0.920979676657489	348	1.02185926680409
"rs149825"	0.920979676657489	348	1.02185926680409
"rs149859"	0.920979676657489	348	1.02185926680409
"rs1710877"	0.920999053458574	348	1.01899848101528
"rs1710878"	0.920999053458574	348	1.01899848101528
"rs1710880"	0.920999053458574	348	1.01899848101528
"rs1710884"	0.920999053458574	348	1.01899848101528
"rs1710887"	0.920999053458574	348	1.01899848101528
"rs1710892"	0.920999053458574	348	1.01899848101528
"rs1907171"	0.921028314721775	348	0.951563117416762
"rs570181"	0.921041091092259	348	0.980723397998745
"rs271091"	0.92104695452159	348	0.951973270063236
"rs278047"	0.92110617159748	348	1.01976915983946
"rs31548"	0.92110850627918	348	1.01146096824353
"rs1672359"	0.92111253802839	348	0.970131553820962
"rs44467"	0.921140490217803	348	0.983174975616432
"rs2133461"	0.921141727201065	348	1.02225293939087
"rs2133465"	0.921141727201065	348	1.02225293939087
"rs2171073"	0.921146265478201	348	1.0086955465615
"rs1656478"	0.921163225738393	348	1.01748674582451
"rs2080111"	0.921182861234055	348	0.982846830495163
"rs601323"	0.921183391080443	348	1.01782572191475
"rs1548303"	0.92120493601823	348	1.02639892839117
"rs2161629"	0.92120527038328	348	1.01689347854164
"rs305588"	0.921209980240624	348	1.02867189931626
"rs81349"	0.92122465154123	348	0.980155075552058
"rs81361"	0.92122465154123	348	0.980155075552058
"rs81364"	0.92122465154123	348	0.980155075552058
"rs81367"	0.92122465154123	348	0.980155075552058
"rs81376"	0.92122465154123	348	0.980155075552058
"rs81382"	0.92122465154123	348	0.980155075552058
"rs81394"	0.92122465154123	348	0.980155075552058
"rs1343331"	0.921248858031193	348	0.982570486711373
"rs1764556"	0.921341380700928	348	1.01825797088718
"rs944345"	0.921402428813962	348	0.968504938258076
"rs495643"	0.92144768209925	348	0.989738307941474
"rs571845"	0.92145791285255	348	0.965075038680576
"rs579854"	0.92145791285255	348	0.965075038680576
"rs734328"	0.92145791285255	348	0.965075038680576
"rs2115895"	0.921511652076736	348	1.0167826893919
"rs393142"	0.921516232076105	348	1.01828635729754
"rs145107"	0.921557249326789	348	0.988155967738338
"rs1142139"	0.921592881512595	348	1.01597042808672
"rs1302414"	0.921603888684046	348	0.935616212336434
"rs149558"	0.921623093040295	348	1.02167860697692
"rs854273"	0.921626940228582	348	1.01712107101999
"rs368043"	0.921634329237651	348	1.01965883947825
"rs806273"	0.921660745906003	348	0.978950291243983
"rs361749"	0.921666468977598	348	1.0224863598622
"rs361881"	0.921666468977598	348	1.0224863598622
"rs1741456"	0.92169678333871	348	0.983502357161769
"rs464572"	0.921699063515656	348	1.02014057679505
"rs1700076"	0.921704571401097	348	1.01462946561427
"rs1959246"	0.921748008388487	348	1.0339530815074
"rs1947943"	0.921761357729414	348	1.01942401748076
"rs1947970"	0.921761357729414	348	1.01942401748076
"rs442339"	0.92176608848324	348	1.02599929298704
"rs1598880"	0.921792122032806	348	1.04060510245203
"rs303533"	0.921819724778297	348	1.01914593730196
"rs851666"	0.921833658686083	348	0.975791264140753
"rs851667"	0.921833658686083	348	0.975791264140753
"rs704750"	0.921837685171438	348	0.982596626925224
"rs2118109"	0.921849528792704	348	0.972237395727484
"rs2182288"	0.921882268660852	348	1.02492430078369
"rs2182291"	0.921882268660852	348	1.02492430078369
"rs2182294"	0.921882268660852	348	1.02492430078369
"rs628681"	0.921884667930535	348	0.973305153353278
"rs1072162"	0.921939927958968	348	0.99374024532233
"rs1816672"	0.921966287781865	348	1.01888986072519
"rs1555864"	0.921976380159342	348	0.961201688045076
"rs282364"	0.922017891281618	348	0.983382554283571
"rs418740"	0.922022481451736	348	1.02966279317753
"rs418807"	0.922022481451736	348	1.02966279317753
"rs944168"	0.922025759373703	348	0.968755533317547
"rs1326741"	0.922040082994416	348	1.01850171174185
"rs1326742"	0.922040082994416	348	1.01850171174185
"rs1011609"	0.922046371179754	348	0.964168763143841
"rs247727"	0.922074047307105	348	0.980825649098388
"rs145216"	0.922108257411759	348	1.01272413659951
"rs1822229"	0.922123234899093	348	1.03936524699477
"rs621308"	0.922153045457977	348	0.961502379353789
"rs926635"	0.922178045535922	348	1.02878820833181
"rs1567630"	0.922214681158436	348	1.03336303892662
"rs130728"	0.922214681158437	348	1.03336303892662
"rs1688469"	0.922232531524321	348	0.975040852557498
"rs1688473"	0.922232531524321	348	0.975040852557498
"rs2131146"	0.922236652186237	348	0.984784057454582
"rs1035674"	0.922238528113746	348	0.985157464959139
"rs1035678"	0.922238528113746	348	0.985157464959139
"rs47998"	0.922255816706792	348	0.988055655100129
"rs1774258"	0.922272112965212	348	0.969186400878802
"rs2035247"	0.922288010294623	348	1.027356394001
"rs543974"	0.922320694676392	348	1.01931500497319
"rs543977"	0.922320694676392	348	1.01931500497319
"rs543978"	0.922320694676392	348	1.01931500497319
"rs543983"	0.922320694676392	348	1.01931500497319
"rs543989"	0.922320694676392	348	1.01931500497319
"rs544019"	0.922320694676392	348	1.01931500497319
"rs544020"	0.922320694676392	348	1.01931500497319
"rs2027230"	0.922368529178451	348	0.978596608777311
"rs305178"	0.922444023841696	348	0.992189003491167
"rs1467256"	0.922465856870185	348	0.979596159141216
"rs1467343"	0.922465856870185	348	0.979596159141216
"rs1440696"	0.922479768373023	348	0.980004681406439
"rs704705"	0.922496683092164	348	1.02756585449496
"rs368218"	0.92250003915525	348	0.971921776163188
"rs2020968"	0.922505217950761	348	1.01024919241226
"rs2090091"	0.92257579271848	348	1.01893119786871
"rs361884"	0.922579391941	348	0.979449745857456
"rs361942"	0.922579391941	348	0.979449745857456
"rs122727"	0.922581384431428	348	0.982857375325388
"rs819294"	0.922585772459866	348	0.977870301894893
"rs466064"	0.922614545574211	348	0.982339481349555
"rs652418"	0.922660761621527	348	1.0395412055867
"rs813124"	0.922668323935755	348	0.989982004336195
"rs1764858"	0.922685745506892	348	0.98190305576644
"rs1031004"	0.922686925761954	348	0.970085376169281
"rs428642"	0.922706299189166	348	1.01702246228691
"rs93725"	0.922710139521114	348	1.01499619522374
"rs124793"	0.922758590101248	348	0.991346726366133
"rs467296"	0.922852748523975	348	1.01904297481767
"rs467297"	0.922852748523975	348	1.01904297481767
"rs157106"	0.922853706504018	348	0.977964877253216
"rs539270"	0.922861594584154	348	0.983683647865819
"rs1634897"	0.922869880381285	348	0.976898070958513
"rs1318146"	0.922884241955197	348	1.0196201588713
"rs127817"	0.923026782502273	348	0.981175867112348
"rs295900"	0.92307370135762	348	1.04277973302867
"rs1596926"	0.923095769848585	348	0.981488030428825
"rs2046732"	0.92311951899956	348	0.9798713875734
"rs598039"	0.923123757402414	348	1.00928447979475
"rs8256"	0.923138258508724	348	0.970779474845116
"rs413744"	0.923162188277196	348	1.01775493863644
"rs816836"	0.92316479257486	348	0.981850093063942
"rs712280"	0.92317213764784	348	1.01915508191002
"rs302845"	0.923186224164485	348	1.00862433582711
"rs852419"	0.923233013276707	348	0.977139487108747
"rs631399"	0.923276314062117	348	0.975404726107188
"rs666785"	0.923367356810118	348	1.0217286785378
"rs1854205"	0.923425040144209	348	0.982556071656468
"rs345294"	0.923448767937794	348	1.01796287736391
"rs1759702"	0.923452405362628	348	0.984207585242983
"rs2041026"	0.923456927431256	348	0.981045546097
"rs337647"	0.923461907413384	348	0.984695423693104
"rs337653"	0.923461907413384	348	0.984695423693104
"rs1769954"	0.92355425117747	348	1.01859512905267
"rs339387"	0.923566733097396	348	1.01784235443856
"rs1794863"	0.923602949532654	348	0.981468872458453
"rs984227"	0.923624686043829	348	1.0169619391601
"rs984239"	0.923624686043829	348	1.0169619391601
"rs984263"	0.923624686043829	348	1.0169619391601
"rs22877"	0.923633843452309	348	0.973211586025384
"rs22975"	0.923633843452311	348	0.707171536470256
"rs903090"	0.923639351215042	348	0.979863678061747
"rs381183"	0.92366784024329	348	1.03136968788375
"rs1987876"	0.923680336987516	348	0.983166042803978
"rs343419"	0.923715029475621	348	1.01676273674058
"rs535295"	0.923737795329304	348	0.973080140797605
"rs555268"	0.92376663430784	348	0.957459307736227
"rs555269"	0.92376663430784	348	0.957459307736227
"rs555271"	0.92376663430784	348	0.957459307736227
"rs555582"	0.92376663430784	348	0.957459307736227
"rs2172779"	0.923777782195786	348	0.988872287437859
"rs1122497"	0.923795038213182	348	1.01720356844786
"rs986356"	0.923802543302283	348	1.01693449609024
"rs1770014"	0.923825765867272	348	1.01842297098268
"rs1156839"	0.923835898377304	348	1.0157455682676
"rs1156854"	0.923835898377304	348	1.0157455682676
"rs1156857"	0.923835898377304	348	1.0157455682676
"rs380292"	0.923845115567606	348	0.979298216440951
"rs567433"	0.9238661612433	348	0.986964245930493
"rs1981618"	0.92387561596505	348	1.01723559619125
"rs234393"	0.923881685881966	348	1.02311102495328
"rs550085"	0.923932239952625	348	1.02367755857294
"rs128087"	0.92394280931533	348	0.979536414276727
"rs128090"	0.92394280931533	348	0.979536414276727
"rs1909087"	0.923961246683306	348	1.01506640302866
"rs1908499"	0.923961246683306	348	1.01506640302866
"rs1908387"	0.923961246683309	348	1.01506640302866
"rs1916585"	0.923961246683309	348	1.01506640302866
"rs1917392"	0.923961246683309	348	1.01506640302866
"rs1146402"	0.923964560943944	348	1.01913041120995
"rs723780"	0.923990501941444	348	1.03240105801164
"rs448656"	0.923994883396513	348	0.995181396149091
"rs929731"	0.924006505565832	348	1.04576106352709
"rs1313276"	0.924020463821418	348	0.97671583436253
"rs1479023"	0.924032065693892	348	0.98192117400627
"rs265263"	0.924034096624031	348	0.984635791245414
"rs2020960"	0.924071343991192	348	0.97710583265177
"rs915178"	0.924074392369221	348	0.981318857611474
"rs260807"	0.924087480436167	348	1.0156043820394
"rs1206066"	0.924128708169983	348	0.99196423178284
"rs1601802"	0.924154404169993	348	0.98312686738889
"rs1601812"	0.924154404169993	348	0.98312686738889
"rs285622"	0.924170126873766	348	0.972971279349625
"rs285655"	0.924170126873766	348	0.972971279349625
"rs1973554"	0.924177595822836	348	1.02222934401168
"rs361504"	0.924183193655999	348	1.01084954354568
"rs2109024"	0.924196502812021	348	1.01276443001396
"rs994419"	0.924234255967424	348	0.984718105169556
"rs994425"	0.924234255967424	348	0.984718105169556
"rs994430"	0.924234255967424	348	0.984718105169556
"rs232710"	0.924260396076232	348	0.962435929785805
"rs231221"	0.924260396076238	348	0.962435929785808
"rs33973"	0.924295818376413	348	1.04209704596935
"rs34476"	0.924295818376413	348	1.04209704596935
"rs506816"	0.924315517664572	348	1.02165057742343
"rs506817"	0.924315517664572	348	1.02165057742343
"rs506819"	0.924315517664572	348	1.02165057742343
"rs506822"	0.924315517664572	348	1.02165057742343
"rs506823"	0.924315517664572	348	1.02165057742343
"rs506829"	0.924315517664572	348	1.02165057742343
"rs506832"	0.924315517664572	348	1.02165057742343
"rs506835"	0.924315517664572	348	1.02165057742343
"rs506838"	0.924315517664572	348	1.02165057742343
"rs506844"	0.924315517664572	348	1.02165057742343
"rs1196720"	0.924334484741805	348	1.01154847015138
"rs842430"	0.924385621201069	348	1.01866724165641
"rs842445"	0.924385621201069	348	1.01866724165641
"rs1264095"	0.924410698102486	348	1.0139303456994
"rs1780120"	0.924418735317353	348	1.0191520416499
"rs857454"	0.924471756302344	348	1.02306710752035
"rs1743368"	0.924478497813283	348	0.975023500724834
"rs1974755"	0.924507479952694	348	0.978398564942008
"rs124453"	0.924534470113954	348	1.01982817455443
"rs352650"	0.924575329732301	348	0.977012059878737
"rs1287522"	0.924594991553255	348	1.01876806903516
"rs1287617"	0.924594991553255	348	1.01876806903516
"rs1656340"	0.9246480907873	348	0.949107119950945
"rs356152"	0.924673781545217	348	1.02002432378215
"rs419885"	0.924704444943882	348	0.985394627396691
"rs1481879"	0.924797393623823	348	1.0170150452996
"rs1371510"	0.924802231382773	348	0.982250979611551
"rs1740585"	0.924825826010859	348	1.01367228519333
"rs1740591"	0.924825826010859	348	1.01367228519333
"rs1740597"	0.924825826010859	348	1.01367228519333
"rs1740600"	0.924825826010859	348	1.01367228519333
"rs1737839"	0.92485565701216	348	0.989219447647845
"rs502806"	0.924857530943126	348	0.982837981849442
"rs257804"	0.924915682218946	348	0.984834269399557
"rs1701403"	0.924922543098791	348	1.01895883641821
"rs1764043"	0.924947127711306	348	1.01898210733067
"rs485227"	0.924959551020871	348	0.980026287217515
"rs1798983"	0.924992311226353	348	0.961212119119215
"rs64458"	0.924996591019618	348	1.01858103655482
"rs64467"	0.924996591019618	348	1.01858103655482
"rs64472"	0.924996591019618	348	1.01858103655482
"rs413780"	0.925020232492122	348	1.01740530114705
"rs413789"	0.925020232492122	348	1.01740530114705
"rs413794"	0.925020232492122	348	1.01740530114705
"rs413795"	0.925020232492122	348	1.01740530114705
"rs413798"	0.925020232492122	348	1.01740530114705
"rs413801"	0.925020232492122	348	1.01740530114705
"rs1488860"	0.925078434850643	348	0.993153557588112
"rs2007863"	0.925094658086425	348	0.973961038472196
"rs1161315"	0.92512134238839	348	1.0182685670406
"rs824415"	0.925128523752622	348	1.00768909878068
"rs158905"	0.92513201988272	348	0.977620525886067
"rs158912"	0.92513201988272	348	0.977620525886067
"rs1534560"	0.925180051495499	348	1.02683819121452
"rs1488665"	0.925193685245623	348	0.992690137366994
"rs730841"	0.92521906260454	348	0.990676698332299
"rs151715"	0.925238744924673	348	1.0330002007519
"rs1626677"	0.925243965968996	348	0.978002502126055
"rs1825611"	0.925253841019149	348	0.978066158799556
"rs416781"	0.925268622095073	348	0.982404962922248
"rs618184"	0.925275606100702	348	0.980799179532362
"rs941078"	0.925304930619617	348	1.0291501883327
"rs940872"	0.925304930619621	348	1.02915018833269
"rs460527"	0.925359730840853	348	1.01314248155437
"rs1610025"	0.925392248671419	348	0.981804133025676
"rs677610"	0.92547502143685	348	1.02014402199444
"rs1092678"	0.925477384353033	348	0.974612492378526
"rs34953"	0.925509528072927	348	1.02047794802495
"rs632357"	0.925521823012853	348	0.979652878029781
"rs467677"	0.925528036329457	348	0.96256801416074
"rs468127"	0.925528036329457	348	0.96256801416074
"rs469258"	0.925528036329457	348	0.96256801416074
"rs469570"	0.925528036329457	348	0.96256801416074
"rs470640"	0.925528036329457	348	0.96256801416074
"rs628115"	0.925529895930552	348	1.02721368899514
"rs974442"	0.925550717300193	348	1.01868896980825
"rs1692472"	0.9256132479011	348	0.979190348279747
"rs2062164"	0.925628314487999	348	0.967181353675684
"rs1609664"	0.92569150397612	348	0.981438338091644
"rs732164"	0.925704172055274	348	1.01703693572063
"rs732168"	0.925704172055274	348	1.01703693572063
"rs1580276"	0.925817809564032	348	0.97929235651545
"rs553616"	0.925846105676297	348	0.98104328518665
"rs590867"	0.925857715519727	348	1.01695740441845
"rs999142"	0.925864176061067	348	1.01927452444656
"rs1880338"	0.925880101584634	348	0.981088921920126
"rs2215389"	0.925882308606283	348	1.02107855940477
"rs1294087"	0.925887704930581	348	1.01286866252294
"rs1294088"	0.925887704930581	348	1.01286866252294
"rs1294092"	0.925887704930581	348	1.01286866252294
"rs1294099"	0.925887704930581	348	1.01286866252294
"rs1294116"	0.925887704930581	348	1.01286866252294
"rs1962656"	0.925919521616428	348	0.979408467371334
"rs1962664"	0.925919521616428	348	0.979408467371334
"rs1962702"	0.925919521616428	348	0.979408467371334
"rs1962866"	0.925919521616428	348	0.979408467371334
"rs1713652"	0.925922228983399	348	1.0148009203225
"rs1096821"	0.925931574975508	348	1.0280557828867
"rs1742807"	0.926024097705064	348	0.984976816427284
"rs11090"	0.926075996130018	348	1.01756417216598
"rs356986"	0.926083548070879	348	1.02081181011156
"rs1013960"	0.926113063233379	348	1.00682093874637
"rs2114551"	0.926146567351315	348	1.0184256211519
"rs2114706"	0.926146567351315	348	1.0184256211519
"rs1768142"	0.926176203322148	348	1.01922882589107
"rs752652"	0.926193015213064	348	0.984517147232616
"rs331256"	0.926199215686529	348	0.981740272909202
"rs1907579"	0.926257927840971	348	1.01454630044536
"rs2058286"	0.926267820586897	348	1.01620581070145
"rs223565"	0.926279620329952	348	0.980333375898257
"rs303490"	0.926284836261849	348	1.01412182783601
"rs113069"	0.926298451519352	348	1.0057896397621
"rs329059"	0.92631299491934	348	0.970744154547786
"rs1918944"	0.926328216339614	348	0.975635609070499
"rs1800014"	0.926341227430953	348	0.962719409098453
"rs713143"	0.926347527832001	348	1.01821099010639
"rs1965493"	0.926377359506401	348	1.02806669678823
"rs1714911"	0.926392609125119	348	0.986116525496253
"rs2111755"	0.926427566920634	348	1.03012898234861
"rs509946"	0.926428976090571	348	1.02031221003943
"rs1793902"	0.926447279018698	348	0.98181853490468
"rs1609695"	0.926461449643975	348	0.981706502289287
"rs1841325"	0.926498952568629	348	1.01296782033595
"rs1799275"	0.926531742268366	348	0.981726025481619
"rs867239"	0.926532324772867	348	0.983279818667584
"rs629646"	0.926557272522884	348	1.01696359036355
"rs326580"	0.92659673108871	348	0.974499937757684
"rs783709"	0.926607437296277	348	0.986444429613159
"rs506491"	0.926637929040993	348	0.977325108380447
"rs2188592"	0.926651630765598	348	0.97263429283751
"rs1019222"	0.926659992668772	348	1.03855513358577
"rs1018977"	0.926659992668774	348	1.03855513358577
"rs1019663"	0.926659992668774	348	1.03855513358577
"rs703999"	0.926667350330112	348	1.01716897887521
"rs1767249"	0.926673133335246	348	1.02765002540819
"rs1130301"	0.92667874022309	348	0.980000959872244
"rs1130307"	0.92667874022309	348	0.980000959872244
"rs1671246"	0.926739248158507	348	0.966800377668682
"rs548414"	0.92675422832224	348	0.980780421440952
"rs2147521"	0.926792524878694	348	1.00834244061321
"rs1335670"	0.926812468123751	348	1.03500698491481
"rs207543"	0.926818920421972	348	0.979541421093308
"rs684318"	0.926842565138299	348	1.01872844849721
"rs466146"	0.926862974697475	348	1.0105232492416
"rs497168"	0.926905194358841	348	0.974905625236975
"rs497387"	0.926905194358841	348	0.974905625236975
"rs497843"	0.926905194358841	348	0.974905625236975
"rs498478"	0.926905194358841	348	0.974905625236975
"rs499105"	0.926905194358841	348	0.974905625236975
"rs812914"	0.92690728378489	348	0.984054222511172
"rs1071867"	0.926916560280555	348	1.01939793033602
"rs426434"	0.926918598772195	348	0.9625909289121
"rs1117367"	0.926928809094766	348	1.02063442027615
"rs1117371"	0.926928809094766	348	1.02063442027615
"rs724449"	0.926942577439601	348	0.995466932652474
"rs341626"	0.926958748717404	348	0.98004385635292
"rs341647"	0.926958748717404	348	0.98004385635292
"rs120869"	0.926965677173267	348	0.986461777838676
"rs852334"	0.926981576877238	348	0.983174399232011
"rs2020237"	0.926982956941204	348	0.953394006358193
"rs300290"	0.926982956941205	348	0.953394006358194
"rs439364"	0.926982956941205	348	0.953394006358193
"rs2064864"	0.926982956941209	348	0.953394006358196
"rs222408"	0.927117828107199	348	0.977839185263595
"rs1579505"	0.927138265349791	348	1.0202816963181
"rs139801"	0.927145104697128	348	1.02516561502688
"rs2072925"	0.927171258751806	348	1.02746113617201
"rs1734682"	0.927209984258884	348	1.01744446991162
"rs354652"	0.927224180126859	348	0.993995498132146
"rs21649"	0.92722423884901	348	1.00513537875593
"rs83301"	0.927226941833839	348	1.0215116613821
"rs2072272"	0.927231964023224	348	0.986669697826829
"rs794085"	0.927238613008688	348	1.03166083960236
"rs857403"	0.927248887912625	348	1.01518116180957
"rs1688959"	0.927281242853941	348	1.01586214997401
"rs1115890"	0.927283039415056	348	1.01415388133722
"rs1562189"	0.92733298841127	348	1.01800190591128
"rs1546592"	0.927353110949039	348	1.02213579705508
"rs821861"	0.927417160876334	348	0.974387413580225
"rs821863"	0.927417160876334	348	0.974387413580225
"rs821884"	0.927417160876334	348	0.974387413580225
"rs821892"	0.92741716087634	348	0.974387413580227
"rs1568568"	0.927431841024475	348	0.984266102744791
"rs941676"	0.927507575166286	348	1.02608510950525
"rs2162130"	0.927514585495506	348	0.988039533174382
"rs2061579"	0.927529254545014	348	1.04015879748189
"rs83815"	0.927535287986502	348	1.02142635655273
"rs1071040"	0.927565494284486	348	1.0177825774218
"rs1982327"	0.92758014470505	348	0.980038826607576
"rs1084492"	0.927581867673148	348	0.978024068951655
"rs1976882"	0.927591291646446	348	1.02555652380304
"rs1976915"	0.927591291646446	348	1.02555652380304
"rs1737234"	0.927616490890034	348	1.01339635420043
"rs1881392"	0.927629067841173	348	0.980032178623267
"rs1881397"	0.927629067841173	348	0.980032178623267
"rs1881401"	0.927629067841173	348	0.980032178623267
"rs1881404"	0.927629067841173	348	0.980032178623267
"rs995020"	0.927652610895834	348	1.03109385357893
"rs1919514"	0.927654389110333	348	0.981825996372596
"rs128813"	0.927654940456311	348	0.981061035624227
"rs1974139"	0.927690865116272	348	0.980767209352586
"rs1347378"	0.927717490192847	348	1.01721521268763
"rs898686"	0.927725891826796	348	1.03933167683635
"rs782712"	0.927795000655581	348	1.01716302368782
"rs2169893"	0.92780370347713	348	1.04409911444615
"rs705411"	0.927809797707353	348	0.981085995734427
"rs278565"	0.927818979653597	348	0.973525058971041
"rs2006388"	0.927838654277385	348	0.978509585978528
"rs1777501"	0.927852765931884	348	0.984681157559695
"rs564354"	0.92786317207192	348	0.987786418151948
"rs492794"	0.927865417716734	348	1.01320341037749
"rs744531"	0.927878784890927	348	0.987102051667785
"rs508475"	0.927890040744367	348	1.02634752903992
"rs636695"	0.927900268123043	348	1.02151518405976
"rs831024"	0.927905428162667	348	0.950219763694862
"rs1316732"	0.927977525311748	348	1.02009540642528
"rs1846695"	0.92799522790553	348	0.980874584584355
"rs1847336"	0.92799522790553	348	0.980874584584355
"rs395755"	0.92802441608244	348	0.981030777918246
"rs1116554"	0.928071653301896	348	0.983920535360423
"rs566939"	0.928103639910475	348	0.983209211226782
"rs579435"	0.928123798368084	348	1.0282371283528
"rs598290"	0.928143195266099	348	1.01842196967388
"rs130150"	0.928146784417699	348	1.0077130866882
"rs1665025"	0.928165210738969	348	0.97913470621559
"rs1099832"	0.928229369129468	348	1.03259793349957
"rs1884683"	0.928305368668669	348	1.02689009537921
"rs354676"	0.928358958685492	348	1.00603606009662
"rs518293"	0.928373595192011	348	1.01755748282437
"rs518294"	0.928373595192011	348	1.01755748282437
"rs518307"	0.928373595192011	348	1.01755748282437
"rs1769773"	0.928485521179086	348	1.01736649416717
"rs1769774"	0.928485521179086	348	1.01736649416717
"rs1769784"	0.928485521179086	348	1.01736649416717
"rs1769813"	0.928485521179086	348	1.01736649416717
"rs1769816"	0.928485521179086	348	1.01736649416717
"rs1769817"	0.928485521179086	348	1.01736649416717
"rs1365424"	0.928502981489436	348	1.01393343941285
"rs1536389"	0.928510150990617	348	0.983083212585415
"rs2093841"	0.928528751759575	348	1.01271075646227
"rs1765024"	0.928528836493451	348	1.01735563587212
"rs1765046"	0.928528836493451	348	1.01735563587212
"rs1765960"	0.928528836493451	348	1.01735563587212
"rs1040573"	0.928531858147492	348	0.982325759627086
"rs1570442"	0.928544286474538	348	1.01825267027564
"rs1419858"	0.928576324748739	348	0.968336215854527
"rs1419867"	0.928576324748739	348	0.968336215854527
"rs737652"	0.928589223275691	348	1.03606852818935
"rs1751094"	0.928595722362099	348	1.02407765735925
"rs63311"	0.928614965314733	348	0.973775810929413
"rs255681"	0.928623875505594	348	1.01498832099697
"rs255682"	0.928623875505594	348	1.01498832099697
"rs484364"	0.928635635324927	348	1.02004652148005
"rs1977756"	0.928711782491149	348	1.02071265900907
"rs693243"	0.928712264481563	348	1.0207441078338
"rs831943"	0.928715797182404	348	0.981967528353558
"rs831976"	0.928715797182404	348	0.981967528353558
"rs1853974"	0.928768303030239	348	1.01824637740717
"rs1853981"	0.928768303030239	348	1.01824637740717
"rs1117309"	0.92880285124664	348	0.971851808800088
"rs480698"	0.928825235851564	348	0.983663077443282
"rs83374"	0.928862072221487	348	0.979523612961477
"rs1911281"	0.928862275542117	348	1.01293600705628
"rs319285"	0.928891728804918	348	0.958422569017431
"rs496841"	0.928897253824146	348	1.02481136547909
"rs497272"	0.928897253824146	348	1.02481136547909
"rs605922"	0.928910932489359	348	1.02257031318312
"rs741415"	0.928923212945941	348	0.980951000114461
"rs1620072"	0.929071693801476	348	0.980589775091838
"rs1790385"	0.929079285420933	348	0.991547115194468
"rs96530"	0.929093196634752	348	0.980741697811568
"rs2091716"	0.929102116688238	348	1.02273071304845
"rs2091730"	0.929102116688238	348	1.02273071304845
"rs2091731"	0.929102116688238	348	1.02273071304845
"rs2091742"	0.929102116688238	348	1.02273071304845
"rs606145"	0.929106310471614	348	1.02108775241863
"rs729523"	0.929114061220298	348	1.01621121777587
"rs492342"	0.929140164561162	348	0.990195322092295
"rs1708759"	0.929141306332588	348	0.98498026585688
"rs1742512"	0.929143447332177	348	1.01872549769394
"rs1742539"	0.929143447332177	348	1.01872549769394
"rs1742551"	0.929143447332177	348	1.01872549769394
"rs257094"	0.929164356745747	348	0.984216915630363
"rs1769659"	0.92917805440986	348	0.971247986257446
"rs917635"	0.929208971089407	348	1.01923295887053
"rs917650"	0.929208971089407	348	1.01923295887053
"rs917669"	0.929208971089407	348	1.01923295887053
"rs917690"	0.929208971089407	348	1.01923295887053
"rs917701"	0.929208971089407	348	1.01923295887053
"rs671502"	0.929279669280108	348	0.982840736576746
"rs912422"	0.929281978935789	348	1.02620673413159
"rs226026"	0.929305031704562	348	0.968666407399318
"rs851671"	0.929316660710841	348	0.978919241957312
"rs491585"	0.929343595713772	348	0.971849169430967
"rs491588"	0.929343595713772	348	0.971849169430967
"rs409062"	0.929422557493323	348	1.01530230077679
"rs83752"	0.929431173991982	348	1.02103665420533
"rs83753"	0.929431173991982	348	1.02103665420533
"rs83754"	0.929431173991982	348	1.02103665420533
"rs364723"	0.929442708689734	348	1.01495776094954
"rs1977718"	0.929505934143021	348	1.02045655765595
"rs498024"	0.929545252703497	348	0.976294673020411
"rs853991"	0.929578649757418	348	0.985884308705496
"rs853992"	0.929578649757418	348	0.985884308705496
"rs853993"	0.929578649757418	348	0.985884308705496
"rs1146941"	0.929584845467459	348	1.00433171335409
"rs1683853"	0.929635956115003	348	1.01632261751397
"rs1014687"	0.929660320511734	348	0.994390623071542
"rs2170665"	0.929683023317879	348	1.00963456898964
"rs562324"	0.929684386507847	348	1.0125468312857
"rs287552"	0.929696024867071	348	1.01139938799957
"rs1118814"	0.929700035310825	348	1.01383680495905
"rs1174270"	0.929715392155827	348	1.01518371559772
"rs1794883"	0.929733676905378	348	1.01728407635417
"rs1803078"	0.929739431042134	348	1.01399531951219
"rs1858339"	0.92976542540877	348	1.02673445262729
"rs123410"	0.929776861073168	348	0.981374366919059
"rs82038"	0.929788136853383	348	1.02004137112097
"rs343053"	0.929801823644601	348	1.02791568579117
"rs2118775"	0.929802054461761	348	0.987413119550296
"rs915334"	0.929807319984387	348	0.9836202397302
"rs915338"	0.929807319984387	348	0.9836202397302
"rs915280"	0.929807319984469	348	0.98362023973022
"rs23091"	0.929840644070288	348	0.990299881171228
"rs83333"	0.929872636325044	348	0.979749298397146
"rs83452"	0.929872636325044	348	0.979749298397146
"rs253704"	0.929884515250516	348	0.985228871949513
"rs1391405"	0.929905308484028	348	0.971097945359647
"rs1793686"	0.929913948586494	348	1.01722155031276
"rs1794652"	0.929913948586494	348	1.01722155031276
"rs1794710"	0.929913948586494	348	1.01722155031276
"rs1794986"	0.929913948586494	348	1.01722155031276
"rs1795027"	0.929913948586494	348	1.01722155031276
"rs1795265"	0.929913948586494	348	1.01722155031276
"rs1795286"	0.929913948586494	348	1.01722155031276
"rs297920"	0.929958827293761	348	1.01424284138158
"rs297960"	0.929958827293761	348	1.01424284138158
"rs256674"	0.929984571832919	348	1.01620542153058
"rs256773"	0.929984571832919	348	1.01620542153058
"rs2113203"	0.930007192192862	348	0.9743715583469
"rs399688"	0.93001954980051	348	1.02662170957317
"rs399700"	0.93001954980051	348	1.02662170957317
"rs399741"	0.93001954980051	348	1.02662170957317
"rs803560"	0.930024436875728	348	0.980043754378015
"rs803571"	0.930024436875728	348	0.980043754378015
"rs803572"	0.930024436875728	348	0.980043754378015
"rs803578"	0.930024436875728	348	0.980043754378015
"rs466178"	0.930024773435407	348	1.01449899056229
"rs803749"	0.930039801109735	348	0.980378443591662
"rs803755"	0.930039801109735	348	0.980378443591662
"rs803767"	0.930039801109735	348	0.980378443591662
"rs803779"	0.930039801109735	348	0.980378443591662
"rs803782"	0.930039801109735	348	0.980378443591662
"rs803797"	0.930039801109735	348	0.980378443591662
"rs803800"	0.930039801109735	348	0.980378443591662
"rs803802"	0.930039801109735	348	0.980378443591662
"rs1318818"	0.930046434635001	348	0.981666774763806
"rs1127179"	0.930057429223675	348	1.01330779536518
"rs1783701"	0.930066886430041	348	0.981301669139675
"rs1551344"	0.930095196734887	348	1.02275756279295
"rs1316647"	0.930100717883295	348	1.02315844327154
"rs164620"	0.930148757696515	348	0.983990612956616
"rs1562039"	0.930190265892664	348	0.984367025237137
"rs1562035"	0.930190265892664	348	0.984367025237138
"rs498690"	0.930191675762765	348	1.02294285320333
"rs1351940"	0.930247815392759	348	1.0199551667272
"rs1608968"	0.930247866765759	348	0.975496724115619
"rs375198"	0.930316972611407	348	0.978209994241356
"rs613250"	0.930333810852326	348	0.9861897250922
"rs499388"	0.930361845542974	348	0.985902297588849
"rs982337"	0.930365958001847	348	0.986601611406265
"rs132798"	0.930386718678742	348	0.986767490203974
"rs612707"	0.930418531454107	348	1.04892707970685
"rs971339"	0.930557886695165	348	1.03975524243078
"rs2135093"	0.930565037672543	348	1.00463824075721
"rs420357"	0.930575467856698	348	0.98653996646112
"rs1634890"	0.930612953516658	348	1.01548515770353
"rs1822355"	0.930622564456681	348	1.02046494143323
"rs1822448"	0.930622564456681	348	1.02046494143323
"rs1822481"	0.930622564456681	348	1.02046494143323
"rs1822484"	0.930622564456681	348	1.02046494143323
"rs1822622"	0.930622564456681	348	1.02046494143323
"rs1822628"	0.930622564456681	348	1.02046494143323
"rs222998"	0.93064210616072	348	0.967692844399505
"rs392762"	0.930667011197873	348	1.03333461769535
"rs1146360"	0.930716775265666	348	0.979495344191645
"rs1146366"	0.930716775265666	348	0.979495344191645
"rs1146369"	0.930716775265666	348	0.979495344191645
"rs1146372"	0.930716775265666	348	0.979495344191645
"rs612951"	0.930761411483303	348	1.01872476204317
"rs591889"	0.930767488184392	348	0.981333271522508
"rs591890"	0.930767488184392	348	0.981333271522508
"rs1793774"	0.930787704810312	348	0.983344158877195
"rs1894706"	0.930800567477461	348	1.01779720983167
"rs1072924"	0.930805415396895	348	0.995535798341307
"rs400839"	0.930805648842428	348	0.975666900214589
"rs964894"	0.930822368592454	348	1.04210429790966
"rs1619090"	0.930822368592454	348	1.04210429790966
"rs618304"	0.930841104456717	348	1.01811759310006
"rs773800"	0.930903184205947	348	1.02924562233793
"rs802974"	0.930917351301061	348	1.03629720294105
"rs1769347"	0.930924430752043	348	1.01662357086746
"rs1656355"	0.930925232513602	348	0.98448521069842
"rs766487"	0.930933296656049	348	1.01782168171661
"rs420855"	0.930954957011631	348	0.973292822251003
"rs1793685"	0.930980882375072	348	0.983115546267435
"rs227133"	0.931010807353694	348	1.03285806570121
"rs1341610"	0.931127987927207	348	0.986294501096035
"rs2190799"	0.931130037881682	348	0.962779832871039
"rs327079"	0.931215066563005	348	1.01907437623546
"rs591746"	0.931256155706714	348	0.985088851501745
"rs591753"	0.931256155706714	348	0.985088851501745
"rs838670"	0.931273376301138	348	1.01349464123964
"rs2117875"	0.931352986000192	348	0.987109008347939
"rs1383693"	0.931362326370004	348	0.983176994181665
"rs1383696"	0.931362326370004	348	0.983176994181665
"rs1383699"	0.931362326370004	348	0.983176994181665
"rs1383702"	0.931362326370004	348	0.983176994181665
"rs1764433"	0.93138524395112	348	1.01661920053774
"rs1765471"	0.93138524395112	348	1.01661920053774
"rs1765810"	0.93138524395112	348	1.01661920053774
"rs1769487"	0.93138524395112	348	1.01661920053774
"rs640060"	0.931390551624104	348	0.9863069869127
"rs640062"	0.931390551624104	348	0.9863069869127
"rs640068"	0.931390551624104	348	0.9863069869127
"rs640071"	0.931390551624104	348	0.9863069869127
"rs53969"	0.931433852124134	348	1.01756200509849
"rs1167375"	0.931476928573756	348	0.987660219457229
"rs128105"	0.93152009195616	348	0.982579559102769
"rs1962088"	0.931555485772938	348	1.04669328383725
"rs1962092"	0.931555485772938	348	1.04669328383725
"rs1765910"	0.931575086245037	348	1.016812684707
"rs458659"	0.931600774174789	348	0.979821361910859
"rs1600895"	0.931628806640542	348	1.02006733334128
"rs738277"	0.931630686865463	348	0.984068948452249
"rs579612"	0.931641451493189	348	0.969543926663981
"rs227206"	0.931648208755779	348	1.0282115357722
"rs1380877"	0.931665955342438	348	1.03891572455571
"rs1395918"	0.931665955342438	348	1.03891572455571
"rs1885990"	0.931677467981677	348	1.01732153942189
"rs1632115"	0.931679462450313	348	0.967834929346261
"rs1822589"	0.931691794422454	348	0.980930687825041
"rs302881"	0.931726007155046	348	0.992470254096698
"rs394132"	0.931727976467294	348	0.971391600392616
"rs1742013"	0.931749805165393	348	1.0199759805681
"rs1742044"	0.931749805165393	348	1.0199759805681
"rs1742046"	0.931749805165393	348	1.0199759805681
"rs1742068"	0.931749805165393	348	1.0199759805681
"rs1959793"	0.931780928347005	348	1.00920620764416
"rs874841"	0.931786852995066	348	1.01583320736821
"rs64302"	0.93180928528291	348	1.01214206401717
"rs790630"	0.931812947359904	348	0.993006477629923
"rs856144"	0.931824785719148	348	0.987959309256769
"rs856150"	0.931824785719148	348	0.987959309256769
"rs856161"	0.931824785719148	348	0.987959309256769
"rs1206041"	0.931833902995001	348	0.991224836831015
"rs1206045"	0.931833902995001	348	0.991224836831015
"rs1626797"	0.931867294279802	348	1.02320626405253
"rs1385035"	0.931890746252843	348	0.982605587702544
"rs2170837"	0.931921349223854	348	0.99059905050419
"rs506104"	0.931926187801418	348	1.02965149140939
"rs900848"	0.931990945999688	348	0.969198101800081
"rs1963850"	0.932000366016748	348	0.970515056314548
"rs1659998"	0.932001991270693	348	1.02267578399402
"rs736278"	0.932047961894649	348	1.01551584001093
"rs1845476"	0.932064266368956	348	1.01893103180793
"rs474732"	0.932064696253098	348	1.03129186061602
"rs1564686"	0.9320682294496	348	0.982890720833851
"rs818763"	0.932072385108787	348	1.01315783041926
"rs1934462"	0.932084714851469	348	1.02184348802945
"rs716210"	0.932090841581242	348	1.0296944687868
"rs716294"	0.932090841581242	348	1.0296944687868
"rs2113473"	0.932105539465586	348	0.989010757695306
"rs1782661"	0.932127647471672	348	1.01249006689852
"rs1416174"	0.932141103287841	348	1.01997476753686
"rs477757"	0.932141835800624	348	1.01821096978205
"rs856824"	0.932264246915672	348	0.986257135193746
"rs856826"	0.932264246915672	348	0.986257135193746
"rs856831"	0.932264246915672	348	0.986257135193746
"rs209341"	0.932270954691914	348	1.01737885773142
"rs1385686"	0.932273430248653	348	0.97899990120344
"rs132855"	0.93227895477356	348	1.01614318781412
"rs1385464"	0.932281159585708	348	1.01933423137938
"rs397677"	0.932295172914752	348	0.971868484362449
"rs1146918"	0.932325107450226	348	0.972553114762994
"rs911488"	0.932335935003836	348	1.02755750842066
"rs735762"	0.932351838551844	348	0.974444687217393
"rs533714"	0.932462897103411	348	1.01552374245261
"rs617119"	0.932475862307234	348	0.983321751615334
"rs617125"	0.932475862307234	348	0.983321751615334
"rs81826"	0.932521328556962	348	1.01989725557606
"rs83593"	0.932521328556962	348	1.01989725557606
"rs552051"	0.932527694866619	348	0.965925089460688
"rs692893"	0.932527694866619	348	0.965925089460688
"rs1118014"	0.932527694866619	348	0.965925089460688
"rs1119698"	0.932527694866619	348	0.965925089460688
"rs465194"	0.932562651787603	348	1.01381867434896
"rs544661"	0.932573048808332	348	0.98602046511193
"rs810926"	0.932574885912611	348	0.98747421879637
"rs128546"	0.932597232549972	348	0.971726392100956
"rs2109227"	0.932655552600234	348	1.02142295566215
"rs518951"	0.932663121482477	348	1.02178221382991
"rs519026"	0.932663121482477	348	1.02178221382991
"rs519032"	0.932663121482477	348	1.02178221382991
"rs75156"	0.932701102795684	348	1.02095774250847
"rs1822852"	0.932707232113908	348	0.961414390653918
"rs1127164"	0.932717193750498	348	1.01506784393998
"rs2087968"	0.932717421242132	348	1.01373673239257
"rs849499"	0.932731782663693	348	1.02191895951691
"rs849539"	0.932731782663693	348	1.02191895951691
"rs400131"	0.932784489822854	348	1.01392920848528
"rs1074935"	0.932788651104038	348	1.02497411707566
"rs513035"	0.932799880937099	348	1.02086688918357
"rs161828"	0.932813879648188	348	1.01425697418007
"rs389923"	0.932842755213902	348	1.00877805375102
"rs914603"	0.932856298892608	348	1.01991622437957
"rs1694270"	0.932888268648001	348	0.978904538189281
"rs582324"	0.932939190232827	348	0.979867988719163
"rs407248"	0.932948775725723	348	1.01227410115521
"rs1709300"	0.932969691392965	348	0.98500356602005
"rs1741449"	0.932971888956315	348	1.01414475829767
"rs1783234"	0.932994718530269	348	0.989142040796725
"rs1802217"	0.932997751950231	348	1.01367854961442
"rs1791952"	0.933026559793414	348	0.983952154892071
"rs465206"	0.9330368549244	348	0.98393849167529
"rs465269"	0.9330368549244	348	0.98393849167529
"rs465278"	0.9330368549244	348	0.98393849167529
"rs465287"	0.9330368549244	348	0.98393849167529
"rs465419"	0.9330368549244	348	0.98393849167529
"rs880006"	0.933050668826957	348	0.978377284400127
"rs1769380"	0.933056233671763	348	0.984288703333034
"rs913527"	0.933068288332045	348	0.994739169357919
"rs976231"	0.933078972644665	348	0.980429460581995
"rs120786"	0.933144339823803	348	1.00893095782118
"rs294812"	0.933182515749983	348	0.961639174522506
"rs811688"	0.933243030016744	348	1.01375217401684
"rs783742"	0.933244379272784	348	1.01368557198705
"rs632641"	0.933251991245994	348	1.02926719284152
"rs632653"	0.933251991245994	348	1.02926719284152
"rs923552"	0.933258938127639	348	0.976892828491474
"rs444535"	0.933318943522189	348	0.976619215149965
"rs1786491"	0.933345910208876	348	1.04581631274397
"rs2160633"	0.933394564098141	348	0.990081467189143
"rs1077936"	0.933396466901521	348	0.975973003079836
"rs1399242"	0.933435452093399	348	1.0038448970568
"rs374514"	0.933472647202099	348	0.977831114932824
"rs815010"	0.933500400656129	348	0.98036064937024
"rs814998"	0.933500400656139	348	0.980360649370243
"rs815005"	0.933500400656139	348	0.980360649370243
"rs815031"	0.933500400656139	348	0.980360649370243
"rs815034"	0.933500400656139	348	0.980360649370243
"rs815049"	0.933500400656139	348	0.980360649370243
"rs815052"	0.933500400656139	348	0.980360649370243
"rs1459610"	0.933507583584114	348	1.02735408765601
"rs917108"	0.933513461591621	348	0.98384008145067
"rs568015"	0.933525212481801	348	1.02430837459053
"rs567970"	0.933525212481803	348	1.02430837459053
"rs1618716"	0.933577569166601	348	1.01858398713388
"rs1470492"	0.933580488316333	348	0.958073428849012
"rs2173598"	0.933602151228163	348	0.983852310322919
"rs1883428"	0.933605949237505	348	0.97683177910072
"rs717558"	0.933632906886014	348	0.963246757082272
"rs467982"	0.933635202102513	348	0.984534258613785
"rs460648"	0.933643368463961	348	0.984679293120918
"rs1568852"	0.933647080284844	348	0.986253662275175
"rs1698018"	0.933653903410208	348	1.01249506610798
"rs22945"	0.933663484135217	348	0.976711712368091
"rs1553012"	0.93367830129977	348	1.04028955141034
"rs942771"	0.933680108513319	348	0.992213651036585
"rs2125249"	0.933696853821102	348	0.989429238586458
"rs1564479"	0.933706211054383	348	0.985794004487795
"rs405782"	0.93373730029361	348	1.02588202090472
"rs2087605"	0.933738461815415	348	1.01516764474112
"rs1329056"	0.93376830042169	348	1.02009823166676
"rs1636413"	0.933769298425253	348	1.02766146831155
"rs704125"	0.93378166953728	348	1.01504913459355
"rs1127505"	0.933782530131657	348	1.02275868411948
"rs1127522"	0.933782530131657	348	1.02275868411948
"rs1641002"	0.933785348000374	348	0.984531146676361
"rs633674"	0.933785931973732	348	1.01014486320757
"rs674969"	0.933802959463	348	1.01633651625467
"rs828557"	0.933817910698279	348	0.988074388599135
"rs491810"	0.933823595131225	348	0.979212264717457
"rs491825"	0.933823595131225	348	0.979212264717457
"rs491828"	0.933823595131225	348	0.979212264717457
"rs491829"	0.933823595131225	348	0.979212264717457
"rs491837"	0.933823595131225	348	0.979212264717457
"rs491855"	0.933823595131225	348	0.979212264717457
"rs491858"	0.933823595131225	348	0.979212264717457
"rs491861"	0.933823595131225	348	0.979212264717457
"rs491864"	0.933823595131225	348	0.979212264717457
"rs341215"	0.933854903191514	348	1.0172115990722
"rs341218"	0.933854903191514	348	1.0172115990722
"rs341227"	0.933854903191514	348	1.0172115990722
"rs341232"	0.933854903191514	348	1.0172115990722
"rs265485"	0.933871701639492	348	1.01273528225724
"rs707800"	0.933892318636976	348	1.01316128673064
"rs1609115"	0.93389744909383	348	0.976540700842718
"rs2091482"	0.933898635986904	348	0.983773108646954
"rs1161996"	0.933934114476419	348	0.987490005424252
"rs2041163"	0.933961557446898	348	0.986982558046527
"rs1055684"	0.933993981307093	348	1.12806556630966
"rs783560"	0.934015199165356	348	0.980621056364478
"rs218227"	0.934057959147035	348	0.978958872499447
"rs463347"	0.934069766038899	348	1.02884950786749
"rs463374"	0.934069766038899	348	1.02884950786749
"rs463431"	0.934069766038899	348	1.02884950786749
"rs1589563"	0.934089665014853	348	1.02626007749917
"rs225720"	0.934095609376396	348	1.01197726516
"rs2164412"	0.934138736500345	348	0.988266975444556
"rs1578904"	0.934154000084705	348	0.981254741685181
"rs395401"	0.934166048469163	348	1.036573018814
"rs553204"	0.934184922474613	348	1.00515049055893
"rs815827"	0.934186268761351	348	1.01120292307968
"rs1324722"	0.934193673179045	348	0.985296052684491
"rs1699335"	0.934196518141674	348	1.01563656202582
"rs1699359"	0.934196518141674	348	1.01563656202582
"rs1699361"	0.934196518141674	348	1.01563656202582
"rs1699397"	0.934196518141674	348	1.01563656202582
"rs1699434"	0.934196518141674	348	1.01563656202582
"rs1753987"	0.934201723514096	348	0.988039979064883
"rs1585965"	0.934202503462377	348	1.0152519476784
"rs1701266"	0.934205569392769	348	1.01759484751213
"rs278753"	0.934220401525683	348	1.01152360445288
"rs253769"	0.934227901610113	348	1.01820817152272
"rs34882"	0.934234780654957	348	0.979072285401193
"rs645003"	0.934265911173448	348	1.02389235856774
"rs1792443"	0.93426749845101	348	1.01587145564033
"rs1794026"	0.93426749845101	348	1.01587145564033
"rs959493"	0.934305869710531	348	0.963665337897853
"rs857289"	0.934324032925143	348	0.986290127479622
"rs857352"	0.934324032925143	348	0.986290127479622
"rs2009946"	0.934324133891289	348	1.01552272745994
"rs578830"	0.934330286316703	348	1.01157230081265
"rs2067734"	0.934343552464694	348	1.01685689666346
"rs1737453"	0.934366753771121	348	0.982248427556455
"rs808159"	0.934373747140992	348	0.985711364696875
"rs353374"	0.934402506035525	348	0.983523765505247
"rs751409"	0.934443527419113	348	0.988345248460974
"rs482007"	0.934464130571334	348	1.01557695128682
"rs1206038"	0.934467443128273	348	0.992033777253237
"rs1742047"	0.93452062007878	348	1.01340370385179
"rs25001"	0.934547214168482	348	1.02554238765219
"rs288587"	0.934562122680781	348	1.01795851678878
"rs1104872"	0.934591796017104	348	1.0144690038002
"rs1005715"	0.934599938189101	348	0.974141025201286
"rs466350"	0.934609719188811	348	1.0153666272806
"rs466356"	0.934609719188811	348	1.0153666272806
"rs540137"	0.93461297308192	348	1.01911760568335
"rs480825"	0.934625851130416	348	0.98432407748363
"rs577739"	0.934649513562639	348	0.981323938078502
"rs302847"	0.934651163851751	348	0.993557346201483
"rs988928"	0.934668941742382	348	1.01738924171613
"rs497906"	0.934688079330442	348	0.977893618490005
"rs1846301"	0.934709861767813	348	0.984499464850877
"rs627910"	0.93473944831941	348	1.02387657578324
"rs134144"	0.93475361868061	348	0.988819858509416
"rs552493"	0.934789499525386	348	0.966341930230371
"rs129155"	0.934802034777303	348	0.984304295319115
"rs419585"	0.934938779118319	348	1.01558122722115
"rs419592"	0.934938779118319	348	1.01558122722115
"rs1632960"	0.934965925175557	348	1.00820004404941
"rs1742735"	0.935025308525163	348	0.985482056901558
"rs2114651"	0.935031011901353	348	1.01618131005698
"rs1568956"	0.935033603079804	348	1.01244602600064
"rs110792"	0.935070078525702	348	0.987402638829298
"rs110799"	0.935070078525702	348	0.987402638829298
"rs159268"	0.935081291472013	348	0.982249494199605
"rs159271"	0.935081291472013	348	0.982249494199605
"rs159274"	0.935081291472013	348	0.982249494199605
"rs1975810"	0.935093600640451	348	1.01515524306845
"rs278027"	0.93510865889054	348	0.985378426887019
"rs1323485"	0.935120282251474	348	0.984673535798778
"rs224849"	0.935134673191816	348	1.0275829329024
"rs2161845"	0.935154426851887	348	1.01399900623675
"rs1317689"	0.935172497788639	348	0.983867307052825
"rs1381245"	0.935222378418661	348	0.982903746670318
"rs134882"	0.935238609420821	348	0.978559583733172
"rs134888"	0.935238609420821	348	0.978559583733172
"rs134957"	0.935238609420821	348	0.978559583733172
"rs2133181"	0.935252047734548	348	0.988844367292612
"rs2133184"	0.935252047734548	348	0.988844367292612
"rs775350"	0.935265693513349	348	1.01356337779347
"rs157336"	0.935279051915262	348	0.989990042255966
"rs157337"	0.935279051915262	348	0.989990042255966
"rs157343"	0.935279051915262	348	0.989990042255966
"rs157349"	0.935279051915262	348	0.989990042255966
"rs157355"	0.935279051915262	348	0.989990042255966
"rs157360"	0.935279051915262	348	0.989990042255966
"rs157364"	0.935279051915262	348	0.989990042255966
"rs157372"	0.935279051915262	348	0.989990042255966
"rs157373"	0.935279051915262	348	0.989990042255966
"rs1769479"	0.935307978598313	348	1.01559285464963
"rs1163565"	0.935310890292008	348	0.97425264601043
"rs165659"	0.935341645127126	348	1.0136007827156
"rs140069"	0.935344080438052	348	1.02199409235598
"rs869760"	0.935356852923619	348	1.01429743061963
"rs104884"	0.935357915135278	348	0.987125716961858
"rs633161"	0.935384505905131	348	0.985052144988706
"rs117921"	0.935394482284562	348	1.00762350240373
"rs2178944"	0.93545922492623	348	1.02128429537549
"rs2160118"	0.935463236637319	348	0.988536330857175
"rs1775194"	0.935481907796445	348	0.989903648493671
"rs1532514"	0.935546014575543	348	0.984548489954244
"rs72835"	0.935561341395497	348	1.01268059339629
"rs1774323"	0.93556747451341	348	1.01926243656552
"rs2055594"	0.935575143799438	348	0.979732124739043
"rs1590471"	0.935656190330324	348	1.01819986086914
"rs1040960"	0.935674432033159	348	1.01967316081988
"rs723522"	0.935677800727465	348	1.01429056525104
"rs361383"	0.935684916035344	348	1.01240408673032
"rs149705"	0.935699666660417	348	1.01773244807231
"rs23622"	0.935774212320011	348	0.97753134427063
"rs253883"	0.935798101917001	348	1.03910769194184
"rs333438"	0.935815856663778	348	0.982946413845381
"rs783198"	0.935822743638247	348	0.967592128431299
"rs783288"	0.935822743638247	348	0.967592128431299
"rs1846071"	0.935868837857685	348	0.983725253682629
"rs625448"	0.935943949183843	348	0.97739177935707
"rs210205"	0.935988208943613	348	0.987706160147882
"rs1358448"	0.93601009947334	348	1.01987617581058
"rs1358444"	0.936010099473343	348	1.01987617581057
"rs1836376"	0.936015133275597	348	0.973048845551613
"rs1987928"	0.93608092969775	348	0.985854485226987
"rs1161519"	0.936102049652138	348	1.01325230649182
"rs624799"	0.936104281147415	348	0.980939443983117
"rs624805"	0.936104281147415	348	0.980939443983117
"rs1667600"	0.936139002343816	348	0.963746040409147
"rs735939"	0.936139002343819	348	0.963746040409148
"rs169180"	0.936233997450899	348	0.982611710279824
"rs888840"	0.936245223327766	348	0.980343061243603
"rs2100533"	0.936285240254885	348	1.02850320679696
"rs497750"	0.93644524789071	348	1.02222386358541
"rs497778"	0.93644524789071	348	1.02222386358541
"rs498928"	0.93644524789071	348	1.02222386358541
"rs891125"	0.936463825558843	348	0.979757367592644
"rs1885700"	0.936467616606239	348	1.01938775020936
"rs1885721"	0.936467616606239	348	1.01938775020936
"rs302842"	0.936481289205689	348	1.00793674058409
"rs1907240"	0.936487080811865	348	0.96222141099811
"rs1907242"	0.936487080811865	348	0.96222141099811
"rs1937114"	0.936494860652236	348	0.984113275510241
"rs2033619"	0.936506809236016	348	1.0034283430697
"rs2112949"	0.936546808728821	348	0.986631676819364
"rs2112951"	0.936546808728821	348	0.986631676819364
"rs2112957"	0.936546808728821	348	0.986631676819364
"rs549134"	0.936558150671178	348	0.980059181114035
"rs549137"	0.936558150671178	348	0.980059181114035
"rs549146"	0.936558150671178	348	0.980059181114035
"rs2111039"	0.936571474179584	348	0.994149221951363
"rs1482092"	0.936578651931614	348	0.986558190496407
"rs1482093"	0.936578651931614	348	0.986558190496407
"rs1563386"	0.93658609845278	348	1.0179590308838
"rs325454"	0.936587431660266	348	0.982016921761873
"rs704878"	0.936588951225372	348	0.982546421848204
"rs704872"	0.936588951225377	348	0.982546421848205
"rs704873"	0.936588951225377	348	0.982546421848205
"rs704874"	0.936588951225377	348	0.982546421848205
"rs699252"	0.936595370394722	348	0.98153283197199
"rs650548"	0.936621824913171	348	1.0232708725182
"rs650559"	0.936621824913171	348	1.0232708725182
"rs850424"	0.936622910712202	348	0.982579055026084
"rs130935"	0.936624548914474	348	1.03021545086901
"rs93109"	0.936633914344258	348	1.02673830615773
"rs498794"	0.93667149956782	348	1.0219027340285
"rs2200447"	0.93667264251357	348	0.982598582611581
"rs392054"	0.936726113985516	348	1.03308424207319
"rs2202660"	0.936726113985516	348	1.03308424207319
"rs2203913"	0.936726113985516	348	1.03308424207319
"rs1647633"	0.936835589747093	348	1.02480179409868
"rs1647639"	0.936835589747093	348	1.02480179409868
"rs505116"	0.936852060499674	348	0.98581959409499
"rs22937"	0.936868560365885	348	0.977827445221291
"rs1004441"	0.936871032131521	348	1.02497648313324
"rs170965"	0.936892505268776	348	0.960053812684013
"rs1127158"	0.936971521753593	348	1.01423004930125
"rs1127161"	0.936971521753593	348	1.01423004930125
"rs1412073"	0.936974595276459	348	0.978799707091063
"rs282333"	0.936978859892185	348	1.02749352559331
"rs1676702"	0.937081647575174	348	0.980570851162747
"rs1515901"	0.937084229427364	348	1.00674457520971
"rs1515902"	0.937084229427364	348	1.00674457520971
"rs783395"	0.937087263261226	348	1.01482458081544
"rs1619009"	0.937089021268322	348	0.982338319736541
"rs1618955"	0.937089021268408	348	0.982338319736565
"rs1618964"	0.937089021268408	348	0.982338319736565
"rs1735087"	0.937101664441526	348	1.01394827571991
"rs880260"	0.93710591636474	348	0.988354629492843
"rs549665"	0.93711331549303	348	1.020565239817
"rs330631"	0.937140865640637	348	1.01392461710825
"rs330635"	0.937140865640637	348	1.01392461710825
"rs330636"	0.937140865640637	348	1.01392461710825
"rs330637"	0.937140865640637	348	1.01392461710825
"rs918347"	0.937218085281052	348	1.01756979929444
"rs918384"	0.937218085281052	348	1.01756979929444
"rs1381120"	0.937287490464273	348	1.01924908497999
"rs739858"	0.937401607287081	348	1.0146082948003
"rs488997"	0.937425421669207	348	1.01793406837679
"rs546047"	0.937460566765987	348	0.975046010400405
"rs546048"	0.937460566765987	348	0.975046010400405
"rs1014705"	0.937463249935108	348	1.0049564824298
"rs2022412"	0.937480154911801	348	0.96013561605994
"rs2022413"	0.937480154911801	348	0.96013561605994
"rs2022415"	0.937480154911801	348	0.96013561605994
"rs2022418"	0.937480154911801	348	0.96013561605994
"rs1779012"	0.937483085891827	348	0.982741003645344
"rs1418788"	0.937499031040981	348	1.0119480593073
"rs1798980"	0.937537509267978	348	1.01434118058032
"rs1131684"	0.937605275813583	348	0.984107653579996
"rs2089789"	0.937621655548782	348	1.01311956234383
"rs308057"	0.937765332267437	348	0.98259232043848
"rs308093"	0.937765332267437	348	0.98259232043848
"rs308099"	0.937765332267437	348	0.98259232043848
"rs308177"	0.937765332267437	348	0.98259232043848
"rs308183"	0.937765332267437	348	0.98259232043848
"rs308186"	0.937765332267437	348	0.98259232043848
"rs308199"	0.937765332267437	348	0.98259232043848
"rs308237"	0.937765332267437	348	0.98259232043848
"rs353978"	0.93776974558038	348	0.98411277292599
"rs353983"	0.93776974558038	348	0.98411277292599
"rs1697123"	0.937772464469081	348	1.02153983675904
"rs511820"	0.937780471240804	348	1.02009037008249
"rs1138135"	0.937828846713663	348	1.0204438825379
"rs1798961"	0.93783618092367	348	1.01707857668629
"rs75213"	0.937856194300671	348	0.983347347371021
"rs42943"	0.937892909605298	348	1.01188111186742
"rs1195733"	0.937921316095689	348	0.986180083382527
"rs1774883"	0.937950397319042	348	0.988056679400657
"rs628206"	0.93797700675029	348	1.02264973388645
"rs591859"	0.937979010657298	348	1.01819176273291
"rs1691601"	0.937980108840164	348	1.01738599639592
"rs1442192"	0.937989383228882	348	1.03844174139004
"rs518636"	0.937994273248362	348	1.01298159575866
"rs255441"	0.938076010735353	348	1.00661235489723
"rs322650"	0.938077136977752	348	1.00671721952813
"rs1473697"	0.938107248829603	348	1.01974098426767
"rs730349"	0.938118985243285	348	1.02054302295742
"rs1642446"	0.938136249168136	348	0.981309676527383
"rs1911672"	0.93814939608866	348	0.974848431401524
"rs1126554"	0.938186270096348	348	1.02775543537762
"rs915164"	0.938228201293079	348	1.02147042680158
"rs627514"	0.93824510032837	348	0.985437370815451
"rs636688"	0.93825166640531	348	1.01820583667952
"rs636691"	0.93825166640531	348	1.01820583667952
"rs490526"	0.938281381762088	348	1.01396470476364
"rs139814"	0.938312210467332	348	1.02279982239175
"rs722920"	0.938321365224517	348	0.978932462554666
"rs1037206"	0.938347246399593	348	0.987949337920617
"rs784060"	0.938366877070077	348	0.987529277089361
"rs784150"	0.938366877070077	348	0.987529277089361
"rs784156"	0.938366877070077	348	0.987529277089361
"rs784163"	0.938366877070077	348	0.987529277089361
"rs784177"	0.938366877070077	348	0.987529277089361
"rs783700"	0.938366877070079	348	0.987529277089361
"rs723304"	0.93836943110461	348	1.02003590894557
"rs1196586"	0.938444321989708	348	0.986391805360215
"rs1382012"	0.938474072360024	348	1.01411691172152
"rs1839231"	0.938482426405428	348	0.986453103424787
"rs1117545"	0.938483406436111	348	1.01762141072153
"rs1071560"	0.938515958664575	348	1.01594995167382
"rs133769"	0.938519605925131	348	0.986304567397862
"rs1778751"	0.938535955654787	348	1.01200026635996
"rs831950"	0.938545798048373	348	1.01692131119073
"rs100315"	0.938563322090775	348	0.986097020155995
"rs490974"	0.938573766477917	348	1.03075735153088
"rs70884"	0.938578910570981	348	1.01107899845888
"rs1085791"	0.938618757744187	348	1.01236703585513
"rs1965430"	0.938639260702321	348	0.940901810582979
"rs1609796"	0.938643215658772	348	0.984192655056466
"rs1987846"	0.938661501261388	348	0.985211497918705
"rs945243"	0.938661506608844	348	1.01447488847279
"rs1989844"	0.938707060418175	348	1.02271523939053
"rs442525"	0.938752010659826	348	0.981127732892831
"rs628018"	0.938758383671595	348	0.977305484403327
"rs413457"	0.938777069301417	348	1.01452365833869
"rs242641"	0.938817859401961	348	1.03484796454578
"rs385244"	0.938856652878691	348	0.987389075724567
"rs1782107"	0.938886045285585	348	0.986927172541016
"rs1089558"	0.938958672146988	348	0.984483405945979
"rs146403"	0.939006026027454	348	1.00724530317944
"rs2101481"	0.939028652636159	348	0.985610039325749
"rs563367"	0.939091478671549	348	1.01199779880527
"rs563370"	0.939091478671549	348	1.01199779880527
"rs1322051"	0.939093993755643	348	0.986805017835544
"rs1291413"	0.939227715532637	348	0.990307531869483
"rs177372"	0.93932337433775	348	0.964700422428328
"rs1805482"	0.939339677135141	348	1.01950209055612
"rs210780"	0.9395026020652	348	1.02796793379676
"rs2128602"	0.939516205637663	348	1.01224641033432
"rs807175"	0.939543657801479	348	1.01114858749155
"rs1699449"	0.939555412543871	348	0.973517507593934
"rs1699458"	0.939555412543871	348	0.973517507593934
"rs1042051"	0.939579109130401	348	0.976534625998937
"rs228169"	0.939603879690042	348	0.984347925750567
"rs1826222"	0.939616569018811	348	1.01807607139469
"rs82620"	0.93961839746128	348	1.01771635320972
"rs473314"	0.939680707726709	348	0.994380887382411
"rs1894297"	0.939699981082512	348	0.987076680141816
"rs1086895"	0.939789706866322	348	0.982383261489106
"rs704051"	0.939820811846005	348	0.986270259303255
"rs555266"	0.939846754430403	348	0.966406318928627
"rs555270"	0.939846754430403	348	0.966406318928627
"rs1661848"	0.939853941925688	348	1.02286813941529
"rs1011005"	0.939858548582498	348	1.00338193314559
"rs1608567"	0.939873644881663	348	0.978820384182672
"rs984272"	0.939906401902709	348	0.987043041482489
"rs1982885"	0.939914395874749	348	0.988934794056645
"rs1339914"	0.939961646340367	348	1.01148202580889
"rs1450334"	0.939970336385646	348	0.981053006981288
"rs1450338"	0.939970336385646	348	0.981053006981288
"rs1450340"	0.939970336385646	348	0.981053006981288
"rs1450343"	0.939970336385646	348	0.981053006981288
"rs1450352"	0.939970336385646	348	0.981053006981288
"rs1450355"	0.939970336385646	348	0.981053006981288
"rs1116456"	0.939977347085073	348	1.01082109523171
"rs1037011"	0.939978349847041	348	0.986727400845122
"rs1117062"	0.939987446162535	348	0.978657167657671
"rs1117074"	0.939987446162535	348	0.978657167657671
"rs1117089"	0.939987446162535	348	0.978657167657671
"rs395122"	0.939988781277583	348	0.97544004339513
"rs1117671"	0.940039511718991	348	0.984694519744512
"rs352989"	0.940117920665428	348	1.01731681217652
"rs570292"	0.94011985979955	348	0.986697913250398
"rs477989"	0.940121375111118	348	1.01630943934499
"rs2009105"	0.940183639569816	348	0.987228075037687
"rs441019"	0.940185930148191	348	0.980510061780126
"rs2149566"	0.940196894320755	348	1.01634720877968
"rs295367"	0.940226972674348	348	0.987649089032153
"rs1779216"	0.940228852845248	348	1.01145167945775
"rs2089493"	0.940354474724178	348	0.987215254131406
"rs1769893"	0.940386292548667	348	1.01439989917311
"rs1470960"	0.940388869188135	348	0.995132955939592
"rs1072973"	0.940420631505382	348	1.00451585029242
"rs13958"	0.940435522306837	348	1.02790130551623
"rs2101643"	0.940490479910584	348	0.987920381337544
"rs72535"	0.940544786673549	348	0.98527455795664
"rs2119790"	0.940605027231735	348	1.00850988894335
"rs1764553"	0.940633638734139	348	0.985357094324458
"rs2020896"	0.940639538778597	348	1.01806529720636
"rs1002890"	0.940644930699539	348	0.98759083145754
"rs913593"	0.940833815389531	348	0.981967593730753
"rs913608"	0.940833815389531	348	0.981967593730753
"rs2177964"	0.940842636025056	348	0.99100688564018
"rs1202216"	0.940883145547728	348	1.01077454315827
"rs1793056"	0.940896714658276	348	0.985546871620593
"rs1793057"	0.940896714658276	348	0.985546871620593
"rs744431"	0.940904699155926	348	0.982936804824754
"rs738817"	0.940929747785562	348	1.019648163715
"rs527455"	0.940956803009573	348	1.01396265115475
"rs518017"	0.941000970872895	348	0.988788304707374
"rs344822"	0.941024035680076	348	0.982174488246638
"rs649209"	0.941097111344128	348	1.01567873172621
"rs306581"	0.941117361600929	348	0.984727745003741
"rs507162"	0.941163433759746	348	0.972649525110694
"rs506808"	0.941166901438299	348	1.01949980925357
"rs506850"	0.941166901438299	348	1.01949980925357
"rs506865"	0.941166901438299	348	1.01949980925357
"rs506871"	0.941166901438299	348	1.01949980925357
"rs506883"	0.941166901438299	348	1.01949980925357
"rs506886"	0.941166901438299	348	1.01949980925357
"rs506895"	0.941166901438299	348	1.01949980925357
"rs506917"	0.941166901438299	348	1.01949980925357
"rs506771"	0.941166901438406	348	1.01949980925353
"rs506784"	0.941166901438406	348	1.01949980925353
"rs506791"	0.941166901438406	348	1.01949980925353
"rs2027183"	0.941204917608703	348	0.966177105393381
"rs2027223"	0.941204917608703	348	0.966177105393381
"rs395356"	0.941212098071954	348	1.01978736380182
"rs2039641"	0.941235791771121	348	1.02585633404467
"rs1894165"	0.941260822275257	348	1.0126501017496
"rs738003"	0.941271703307202	348	0.987506496373478
"rs1137291"	0.941298402860622	348	1.01812062080056
"rs106386"	0.941320472615943	348	0.988838655057608
"rs129674"	0.941332042072047	348	0.984003880941289
"rs544274"	0.941382878013834	348	0.984802522387196
"rs2112031"	0.941382979148078	348	0.982412562971253
"rs896849"	0.941403955330876	348	0.987914757358577
"rs121063"	0.94141428270387	348	1.0094651685525
"rs2006111"	0.941426009296704	348	0.973547213813971
"rs1167357"	0.941432344037678	348	0.989524210825685
"rs703350"	0.941465298958804	348	1.01495259527907
"rs528059"	0.941503740146756	348	1.01260074251882
"rs789821"	0.941511775953932	348	1.01454258295235
"rs479227"	0.941521375462293	348	1.01424934742807
"rs1609443"	0.94153279848148	348	0.982809877901185
"rs1045205"	0.941564557954193	348	0.978312904427128
"rs226351"	0.941595502788982	348	0.993926979127455
"rs876572"	0.941637715716069	348	1.01294504389485
"rs1359896"	0.941698206714385	348	0.992115979766533
"rs472065"	0.941725750713036	348	1.01919304800918
"rs472067"	0.941725750713036	348	1.01919304800918
"rs1104635"	0.941728819745635	348	0.987365833817717
"rs1817511"	0.941729160102285	348	0.986542420893864
"rs799939"	0.941734451175438	348	1.01553264511061
"rs800004"	0.941734451175438	348	1.01553264511061
"rs1715700"	0.941748503522074	348	1.01209163869277
"rs1795109"	0.941757857758649	348	0.985665970476854
"rs1395655"	0.941760131325271	348	1.01630148982492
"rs212568"	0.941790499122237	348	1.01851489379925
"rs79051"	0.94182690936122	348	1.01481360017382
"rs339345"	0.941828371813614	348	1.02684707448015
"rs1637378"	0.941833881617862	348	0.992717286152453
"rs1424157"	0.941866585740841	348	1.01229690914535
"rs329224"	0.941872017031835	348	0.979917156082497
"rs175842"	0.941899477779899	348	0.98690748598659
"rs175845"	0.941899477779899	348	0.98690748598659
"rs724453"	0.94190863856868	348	0.996365973360168
"rs83554"	0.941940625613435	348	1.01709979492584
"rs577441"	0.94198069365224	348	0.98069134193656
"rs1598581"	0.94199921433035	348	0.980014027294105
"rs827179"	0.942019614673459	348	1.01399655458274
"rs1985497"	0.942027364319433	348	0.985825761660935
"rs577388"	0.942055462291728	348	1.01936649650364
"rs577592"	0.942055462291728	348	1.01936649650364
"rs577653"	0.942055462291728	348	1.01936649650364
"rs356654"	0.942056232953289	348	1.01545101105735
"rs361029"	0.942056232953289	348	1.01545101105735
"rs2025704"	0.942078355445972	348	0.979286437034696
"rs393127"	0.942084914931134	348	1.01350950264288
"rs393115"	0.942084914931159	348	1.01350950264287
"rs393118"	0.942084914931159	348	1.01350950264287
"rs29984"	0.942097746785893	348	1.02039470708107
"rs1759626"	0.942106892986971	348	1.01331946211879
"rs1804843"	0.942169259791185	348	1.02366012465943
"rs945869"	0.942172633305242	348	1.01516573734423
"rs946518"	0.942172633305242	348	1.01516573734423
"rs948873"	0.942172633305242	348	1.01516573734423
"rs467965"	0.942176633615597	348	1.01366384902186
"rs546390"	0.94218782578234	348	1.02495531328194
"rs610495"	0.942233273987079	348	1.01764926925573
"rs610498"	0.942233273987079	348	1.01764926925573
"rs1608562"	0.942251898401927	348	0.979646795320055
"rs1206806"	0.942290564861936	348	0.99308816328991
"rs665339"	0.942312951946196	348	0.9833457537337
"rs135524"	0.942319242163433	348	0.985444097682661
"rs2058013"	0.942324581183009	348	1.01506071059002
"rs2058025"	0.942324581183009	348	1.01506071059002
"rs2058028"	0.942324581183009	348	1.01506071059002
"rs2058031"	0.942324581183009	348	1.01506071059002
"rs344281"	0.942351579313063	348	0.985382350098648
"rs1985209"	0.942395079414503	348	1.01174968158146
"rs503855"	0.942406641773698	348	0.987543738791126
"rs1338453"	0.942428570103134	348	1.01125065747413
"rs2160649"	0.942451522602971	348	1.00852951617363
"rs82403"	0.942474731503458	348	1.01671620224058
"rs2172708"	0.942476984142994	348	0.988229662233414
"rs459815"	0.942520932782659	348	1.03933226640781
"rs159226"	0.9425747559129	348	0.991002236399898
"rs1131447"	0.942637344579871	348	0.98389384366054
"rs1602571"	0.942667121535968	348	0.985212687494653
"rs620023"	0.942679671896597	348	0.980462632438354
"rs418585"	0.942681746826012	348	1.01688112368534
"rs418712"	0.942681746826012	348	1.01688112368534
"rs1068448"	0.942683375805187	348	0.977975894310452
"rs1552954"	0.942688359842157	348	1.01022722016226
"rs68991"	0.942694075688927	348	0.981239622177039
"rs817367"	0.942721686238993	348	1.0100127095178
"rs1552827"	0.94273262764208	348	0.986179036953811
"rs2106548"	0.942794175664637	348	1.01786986285026
"rs1671699"	0.942804404611512	348	0.981691863972692
"rs684715"	0.942823444621453	348	0.984817024085254
"rs2133866"	0.942833700610853	348	0.990709495203426
"rs830225"	0.942838236272923	348	1.03847992883539
"rs1774238"	0.942847305729445	348	0.977390761318764
"rs1962221"	0.942901572365638	348	0.993869092295952
"rs686742"	0.942919624944086	348	1.01632780088946
"rs936005"	0.942955871166085	348	1.02022821918658
"rs1541212"	0.942957020025194	348	0.993455584829985
"rs1633184"	0.942961842810278	348	0.981898201642211
"rs1355853"	0.94297151688017	348	1.02568410753466
"rs1355856"	0.94297151688017	348	1.02568410753466
"rs1355996"	0.94297151688017	348	1.02568410753466
"rs137318"	0.942971748148305	348	0.974258182778582
"rs1308375"	0.942974577132889	348	0.981953417608502
"rs745161"	0.942987217014037	348	1.01032844136641
"rs1561457"	0.943004379663456	348	0.976516361072941
"rs852798"	0.943007254779726	348	1.01661502730573
"rs145111"	0.943044373597241	348	0.991105485478596
"rs145113"	0.943044373597241	348	0.991105485478596
"rs145121"	0.943044373597241	348	0.991105485478596
"rs145131"	0.943044373597241	348	0.991105485478596
"rs145135"	0.943044373597241	348	0.991105485478596
"rs145136"	0.943044373597241	348	0.991105485478596
"rs145141"	0.943044373597241	348	0.991105485478596
"rs145142"	0.943044373597241	348	0.991105485478596
"rs1331561"	0.943045667173704	348	0.983903676202022
"rs2180829"	0.943086594638684	348	0.991285018678191
"rs993699"	0.94309750616466	348	0.985125393811437
"rs993704"	0.94309750616466	348	0.985125393811437
"rs993707"	0.94309750616466	348	0.985125393811437
"rs993716"	0.94309750616466	348	0.985125393811437
"rs993719"	0.94309750616466	348	0.985125393811437
"rs993721"	0.94309750616466	348	0.985125393811437
"rs1567527"	0.943109566765294	348	0.974607152430938
"rs98358"	0.943109566765295	348	0.974607152430938
"rs98703"	0.943109566765295	348	0.974607152430938
"rs99510"	0.943109566765297	348	0.974607152430939
"rs99544"	0.943109566765297	348	0.974607152430939
"rs99549"	0.943109566765297	348	0.974607152430939
"rs99552"	0.943109566765297	348	0.974607152430939
"rs99561"	0.943109566765297	348	0.974607152430939
"rs99567"	0.943109566765297	348	0.974607152430939
"rs99575"	0.943109566765297	348	0.974607152430939
"rs99576"	0.943109566765297	348	0.974607152430939
"rs99579"	0.943109566765297	348	0.974607152430939
"rs99600"	0.943109566765297	348	0.974607152430939
"rs99642"	0.943109566765297	348	0.974607152430939
"rs1024183"	0.943125500262169	348	1.03905674015635
"rs157350"	0.943126555706373	348	0.991421954249786
"rs157370"	0.943126555706373	348	0.991421954249786
"rs145357"	0.943163352170223	348	1.01894702824658
"rs145412"	0.943163352170223	348	1.01894702824658
"rs145418"	0.943163352170223	348	1.01894702824658
"rs1987885"	0.943189374872879	348	0.987421764384639
"rs664175"	0.943192726630902	348	0.984539280351246
"rs732237"	0.943199391115251	348	0.985280107712624
"rs732258"	0.943199391115251	348	0.985280107712624
"rs732280"	0.943199391115251	348	0.985280107712624
"rs732282"	0.943199391115251	348	0.985280107712624
"rs732316"	0.943199391115251	348	0.985280107712624
"rs732402"	0.943199391115251	348	0.985280107712624
"rs215848"	0.943234380107096	348	1.02216947703858
"rs1342969"	0.943310034282629	348	1.02023366999072
"rs1671456"	0.943321812630119	348	1.01895401155785
"rs1653499"	0.943344888186004	348	1.01180063728801
"rs1653520"	0.943344888186004	348	1.01180063728801
"rs353765"	0.943365980051971	348	0.984938580395569
"rs619366"	0.943376513065996	348	0.98759691999017
"rs1630098"	0.943390438668617	348	0.979454097751597
"rs2106857"	0.943395443403911	348	1.01794814718184
"rs911999"	0.943409299359012	348	0.986808907352893
"rs217370"	0.943410514844853	348	1.0171012562542
"rs1802428"	0.943419518194349	348	0.989020350426215
"rs214804"	0.94344804461854	348	1.02398035726067
"rs568545"	0.943468811031004	348	1.0271348458844
"rs1072910"	0.943477750027947	348	1.00408625161015
"rs429409"	0.943498226342728	348	1.01350328720102
"rs429458"	0.943498226342728	348	1.01350328720102
"rs429459"	0.943498226342728	348	1.01350328720102
"rs154022"	0.943501437182613	348	0.992001359957483
"rs779674"	0.943512308653566	348	0.984941777844027
"rs615341"	0.943545539412957	348	1.0149530025184
"rs552538"	0.943573124951755	348	0.980715070985291
"rs254194"	0.943584913469035	348	0.984222802006594
"rs254093"	0.943601009188182	348	1.01572150572311
"rs157517"	0.943607667332805	348	0.99204054263559
"rs473138"	0.943631161323849	348	1.00625005330256
"rs473139"	0.943631161323849	348	1.00625005330256
"rs556087"	0.943633443876105	348	0.979020437502526
"rs844341"	0.943638365830205	348	1.00452421862251
"rs1015551"	0.943688967453042	348	0.959298876397894
"rs2109543"	0.94370003521871	348	1.01784853031049
"rs1423423"	0.943719832185379	348	1.01267315802118
"rs1423412"	0.943719832185392	348	1.01267315802118
"rs1087453"	0.943736167621602	348	1.02754388349587
"rs1087459"	0.943736167621602	348	1.02754388349587
"rs1087465"	0.943736167621602	348	1.02754388349587
"rs275149"	0.94374310024027	348	1.01145303947222
"rs2111739"	0.943763101367923	348	1.02295461511126
"rs1117005"	0.943809761305428	348	1.01441869641242
"rs1117008"	0.943809761305428	348	1.01441869641242
"rs642997"	0.943841160716012	348	1.01526686469759
"rs542984"	0.943847431398969	348	1.01980380469979
"rs226347"	0.94386235788603	348	1.00587304258631
"rs150739"	0.943887416702924	348	0.98686081735466
"rs1160732"	0.943891913265189	348	0.987151845187943
"rs330527"	0.943897016721064	348	1.00613496648728
"rs1473823"	0.943924840164407	348	0.978325997104405
"rs133830"	0.943986241017258	348	0.989165801472972
"rs491885"	0.944002210754969	348	1.01799374590186
"rs937528"	0.944005672897168	348	1.0163266400093
"rs1598591"	0.94403655076164	348	1.01950297347087
"rs166121"	0.94404777147606	348	0.983599266539878
"rs1200812"	0.944064498010216	348	0.989739063984353
"rs1825907"	0.944072097277425	348	0.984850477551764
"rs1953065"	0.944083253246941	348	1.01333534468401
"rs1474533"	0.94411477836601	348	0.989054402316995
"rs1108924"	0.944172072676994	348	0.985042964521639
"rs411349"	0.944173233483991	348	0.994970320750434
"rs41831"	0.944192979812269	348	0.981022551672024
"rs857833"	0.944234698167236	348	0.989969758724023
"rs458622"	0.944269011648033	348	0.982034758933295
"rs2088110"	0.944299613270784	348	0.988748341397495
"rs223328"	0.94432304180454	348	0.962485559032943
"rs479571"	0.94432304180454	348	0.962485559032943
"rs989465"	0.94432304180454	348	0.962485559032943
"rs992351"	0.94432304180454	348	0.962485559032943
"rs1687965"	0.94432304180454	348	0.962485559032943
"rs435397"	0.94432304180454	348	0.962485559032943
"rs1049860"	0.94432304180454	348	0.962485559032943
"rs1317460"	0.944323957008124	348	0.987397257514509
"rs847745"	0.944346080546188	348	1.01436780400347
"rs1859098"	0.944389159263886	348	0.975425951218126
"rs359770"	0.944422946487717	348	1.01562879407623
"rs359803"	0.944422946487717	348	1.01562879407623
"rs360798"	0.944422946487717	348	1.01562879407623
"rs545015"	0.944450423984504	348	1.01069722191618
"rs2080204"	0.944494421167189	348	1.02878301570104
"rs2059308"	0.944601603021962	348	1.02096354414722
"rs2059327"	0.94460160302205	348	1.02096354414719
"rs466354"	0.944709401472994	348	1.01716691597551
"rs492248"	0.94472386520792	348	1.00854988366343
"rs1849206"	0.944728681482293	348	1.01489231556275
"rs1828738"	0.944748002303398	348	0.954347102846269
"rs1087519"	0.944748398388787	348	0.973392037794751
"rs1143517"	0.944761421573952	348	1.01516772322256
"rs460585"	0.944798951388088	348	0.987271164746483
"rs1207096"	0.944819016259262	348	0.991286489789168
"rs279553"	0.945000885166982	348	1.03855272635024
"rs736812"	0.945018697700594	348	1.01603947553918
"rs845087"	0.94502179736687	348	0.99521128422681
"rs2176581"	0.945052623775738	348	0.985499513191034
"rs966182"	0.945071437050041	348	0.988464093380414
"rs1264528"	0.945124184597584	348	1.01022035442034
"rs264370"	0.945159938042056	348	0.988346505178129
"rs2055880"	0.945182865384033	348	1.01641509510093
"rs2019709"	0.94521365580208	348	0.977094772348861
"rs1695886"	0.945237345312831	348	0.981478016251716
"rs305206"	0.945333432929391	348	1.01195817433101
"rs406719"	0.945359900152278	348	0.987429631283572
"rs2079430"	0.945398958253514	348	0.981087144405114
"rs1774159"	0.945459391843722	348	0.97842664877747
"rs1369842"	0.945464338460379	348	0.983391092968
"rs1802307"	0.945485997123816	348	1.0107850249488
"rs1961990"	0.945543917143213	348	0.952624968235204
"rs1962032"	0.945543917143213	348	0.952624968235204
"rs1962043"	0.945543917143213	348	0.952624968235204
"rs1962056"	0.945543917143213	348	0.952624968235204
"rs896769"	0.945551110340283	348	1.01229517069785
"rs343855"	0.945553343228204	348	0.97937095090888
"rs1779754"	0.945572614966078	348	1.01752422430167
"rs580667"	0.945589900430346	348	1.01852952710921
"rs377964"	0.945591857510584	348	0.985375772831872
"rs1779652"	0.945594343383223	348	0.988167650774831
"rs344439"	0.945653295766327	348	1.01839548205564
"rs484728"	0.945658739626437	348	0.986196799691878
"rs484734"	0.945658739626437	348	0.986196799691878
"rs484755"	0.945658739626437	348	0.986196799691878
"rs484767"	0.945658739626437	348	0.986196799691878
"rs329965"	0.945665699092962	348	1.01104421301493
"rs1664213"	0.945671280465126	348	0.973732426928274
"rs801446"	0.945703207501851	348	1.00987234656037
"rs1620051"	0.945737112992577	348	0.987904792412285
"rs648940"	0.945742455162943	348	0.994313096867491
"rs1782769"	0.945753734716116	348	0.986498591056028
"rs1764723"	0.945779530692997	348	1.0134177175215
"rs978485"	0.945799949632257	348	0.984405660039672
"rs95700"	0.945814125187774	348	1.01893249195158
"rs95703"	0.945814125187774	348	1.01893249195158
"rs95760"	0.945814125187774	348	1.01893249195158
"rs417849"	0.945815550907207	348	0.983727017656182
"rs810787"	0.945854995611705	348	1.03695536530273
"rs481145"	0.945923890686284	348	1.03020717721047
"rs533730"	0.945931481775597	348	1.01227382164829
"rs533736"	0.945931481775597	348	1.01227382164829
"rs650316"	0.945968072121521	348	0.984935290091894
"rs1085854"	0.945973333776087	348	0.981327817281727
"rs420912"	0.945998244471845	348	0.988203503752227
"rs420918"	0.945998244471845	348	0.988203503752227
"rs420923"	0.945998244471845	348	0.988203503752227
"rs420924"	0.945998244471845	348	0.988203503752227
"rs420939"	0.945998244471845	348	0.988203503752227
"rs1161972"	0.946007366840766	348	0.98571931956282
"rs1162116"	0.946007366840766	348	0.98571931956282
"rs99201"	0.946028705307705	348	1.01415876038645
"rs1963916"	0.946081192050135	348	0.984343888866802
"rs462979"	0.946085052187842	348	1.01360680629049
"rs1750097"	0.946112030094195	348	1.01516649814526
"rs353898"	0.946151147777229	348	1.01254173369343
"rs353900"	0.946151147777229	348	1.01254173369343
"rs2010844"	0.946163618186739	348	1.0166055856118
"rs591755"	0.946187418659377	348	0.988071585055397
"rs472735"	0.946209778603318	348	0.990793052773145
"rs2036956"	0.946217047064818	348	0.975726587013024
"rs1355375"	0.946225666007693	348	0.97172085835694
"rs1355365"	0.946225666007696	348	0.971720858356942
"rs1764773"	0.946245138595914	348	0.987498192881379
"rs535318"	0.946248756508318	348	1.02021505275681
"rs37339"	0.946253571129321	348	1.02105027484172
"rs1654960"	0.946279164167041	348	0.983323879090583
"rs1654971"	0.946279164167041	348	0.983323879090583
"rs1655170"	0.946279164167041	348	0.983323879090583
"rs1655179"	0.946279164167041	348	0.983323879090583
"rs1655191"	0.946279164167041	348	0.983323879090583
"rs1655195"	0.946279164167041	348	0.983323879090583
"rs1655197"	0.946279164167041	348	0.983323879090583
"rs1655200"	0.946279164167041	348	0.983323879090583
"rs1655202"	0.946279164167041	348	0.983323879090583
"rs1655203"	0.946279164167041	348	0.983323879090583
"rs1655206"	0.946279164167041	348	0.983323879090583
"rs1655233"	0.946279164167041	348	0.983323879090583
"rs1655239"	0.946279164167041	348	0.983323879090583
"rs1655242"	0.946279164167041	348	0.983323879090583
"rs1540651"	0.946281789982627	348	0.98582453761706
"rs139771"	0.946313523155237	348	0.982127635931076
"rs989500"	0.946314234407677	348	0.979222941544049
"rs597548"	0.946365837444364	348	1.02805245781996
"rs33142"	0.946365837444365	348	1.02805245781996
"rs2170956"	0.946370690902313	348	1.00557428631997
"rs277453"	0.946377354211705	348	1.03449549147078
"rs641609"	0.946386939718123	348	0.982850750695933
"rs544811"	0.946429808861982	348	0.990312294831307
"rs1129086"	0.94644756826507	348	0.979427020632399
"rs1122669"	0.946506645229149	348	1.54552118617588
"rs2119709"	0.94652340630916	348	1.00877177636107
"rs250055"	0.946543511755816	348	1.01214103970637
"rs680578"	0.946598216276414	348	1.00787783692447
"rs1806110"	0.946645585589431	348	0.985017509776086
"rs290369"	0.946645731317145	348	1.00902067208806
"rs659325"	0.946654720112237	348	0.982139181744301
"rs123032"	0.946664894289532	348	0.990036690457691
"rs1167235"	0.946666273900194	348	1.00916557229792
"rs2110079"	0.946692957811924	348	1.0142228921962
"rs589652"	0.946697767104543	348	0.967358580680977
"rs907527"	0.946697767104544	348	0.967358580680978
"rs907593"	0.946697767104544	348	0.967358580680978
"rs331321"	0.946705220924733	348	1.01187017454541
"rs499057"	0.946717001933523	348	0.981304825855113
"rs499076"	0.946717001933523	348	0.981304825855113
"rs912531"	0.946740319618155	348	0.981525435051269
"rs497151"	0.946752914421123	348	0.981803180927879
"rs1323751"	0.94676186659913	348	0.988559697465654
"rs507858"	0.946762379285955	348	1.0119065248334
"rs1808236"	0.946764491784501	348	1.02229146205885
"rs1808237"	0.946764491784501	348	1.02229146205885
"rs1808238"	0.946764491784501	348	1.02229146205885
"rs1808239"	0.946764491784501	348	1.02229146205885
"rs1808240"	0.946764491784501	348	1.02229146205885
"rs1808241"	0.946764491784501	348	1.02229146205885
"rs1808242"	0.946764491784501	348	1.02229146205885
"rs1808254"	0.946764491784501	348	1.02229146205885
"rs323730"	0.946765666907792	348	1.01930931533679
"rs323778"	0.946773407927424	348	1.00805740559821
"rs1822586"	0.94680490452109	348	1.00882615285336
"rs1568930"	0.94680841798743	348	1.0153417886632
"rs466662"	0.946815453232935	348	0.983860965243434
"rs2109528"	0.946830677835101	348	0.984618633319196
"rs1906533"	0.94684230327127	348	1.02104587342622
"rs1906535"	0.94684230327127	348	1.02104587342622
"rs1906542"	0.94684230327127	348	1.02104587342622
"rs1906545"	0.94684230327127	348	1.02104587342622
"rs1906561"	0.94684230327127	348	1.02104587342622
"rs1906575"	0.94684230327127	348	1.02104587342622
"rs1906579"	0.94684230327127	348	1.02104587342622
"rs1906581"	0.94684230327127	348	1.02104587342622
"rs223562"	0.946854580272369	348	1.01577427807656
"rs223625"	0.946854580272369	348	1.01577427807656
"rs223796"	0.946854580272369	348	1.01577427807656
"rs223883"	0.946854580272369	348	1.01577427807656
"rs223886"	0.946854580272369	348	1.01577427807656
"rs224009"	0.946854580272369	348	1.01577427807656
"rs224216"	0.946854580272369	348	1.01577427807656
"rs326413"	0.946891236877761	348	0.984736076463453
"rs1708812"	0.946894323516138	348	0.989226514767096
"rs122722"	0.946918114921278	348	1.01183863720404
"rs424406"	0.946946374252282	348	0.980406247083181
"rs2148714"	0.946975820890853	348	0.988072914813097
"rs949765"	0.946976907006894	348	0.985668558818111
"rs1331603"	0.94700766800341	348	0.987725409783919
"rs857276"	0.947008097691606	348	0.989817130539656
"rs1104245"	0.947138898791656	348	1.02264359495198
"rs1535830"	0.947178469579234	348	1.01213571207947
"rs497148"	0.947237747731296	348	0.981965171306285
"rs1546519"	0.947282226807438	348	1.01206733022308
"rs2180901"	0.947363256562121	348	0.990299285915255
"rs2111741"	0.947385878372758	348	1.0215808319068
"rs879967"	0.94741377652116	348	0.98297017437667
"rs1962202"	0.947432408569535	348	0.976143489291736
"rs278148"	0.947438460429315	348	0.978511260948645
"rs997498"	0.947440517076251	348	0.972661820489728
"rs2157911"	0.947502139903089	348	0.989819911471156
"rs1907246"	0.947522933274895	348	1.03430917788907
"rs542554"	0.947549946653961	348	1.01606618583683
"rs134060"	0.947556673073615	348	1.01125231013725
"rs630616"	0.947563093956766	348	0.989242430952745
"rs1861351"	0.947650242338569	348	1.02248951545058
"rs337650"	0.94768261714302	348	1.01071731021423
"rs354052"	0.947690477666818	348	0.986084022683837
"rs331197"	0.947711423977194	348	0.987711775793914
"rs454453"	0.947726494252987	348	1.01278685370082
"rs1699841"	0.947784206548082	348	0.987035226903812
"rs1699842"	0.947784206548082	348	0.987035226903812
"rs1169480"	0.947833547730967	348	0.98468872690004
"rs650843"	0.947845939766688	348	0.962175996096971
"rs650861"	0.947845939766688	348	0.962175996096971
"rs650867"	0.947845939766688	348	0.962175996096971
"rs650870"	0.947845939766688	348	0.962175996096971
"rs1207098"	0.947890439378432	348	0.991781148793511
"rs1568362"	0.947962486472127	348	1.01453755265961
"rs984723"	0.947968399424641	348	1.00955579849803
"rs619283"	0.947969318962889	348	1.02058879550431
"rs82401"	0.94800776017422	348	0.983211028490676
"rs1406424"	0.948051428063075	348	1.00531665839055
"rs1608854"	0.948061810466356	348	0.981664999456734
"rs1609045"	0.948061810466356	348	0.981664999456734
"rs1127066"	0.948126687788479	348	0.989367138200011
"rs821900"	0.948141332770235	348	0.98166313972925
"rs610602"	0.948142198204325	348	1.01977574451218
"rs637192"	0.948185322158642	348	0.987582585327559
"rs255919"	0.948188660380452	348	1.01152686682552
"rs1764454"	0.948204279140197	348	1.01238452019699
"rs626794"	0.948234296797448	348	1.01476764326937
"rs626866"	0.948234296797448	348	1.01476764326937
"rs763340"	0.948251329777876	348	1.00691538267477
"rs1331618"	0.948261158680362	348	1.01711945947064
"rs137459"	0.948261158680363	348	1.01711945947064
"rs138426"	0.948261158680363	348	1.01711945947064
"rs138578"	0.948261158680363	348	1.01711945947064
"rs344663"	0.948266284106457	348	0.983608527362609
"rs344692"	0.948266284106457	348	0.983608527362609
"rs57916"	0.948269792625441	348	1.01346684563717
"rs1050364"	0.948276814336803	348	1.01698807099419
"rs1954114"	0.948314449255728	348	0.977595644432787
"rs1030759"	0.948320099851312	348	0.974868542195213
"rs636409"	0.948373378712867	348	0.98926821472915
"rs1056885"	0.948373399335215	348	0.986703618304572
"rs264744"	0.948401745862062	348	0.98888448545134
"rs1751392"	0.948427967594345	348	1.02804190940262
"rs2170943"	0.948469090693148	348	0.993550262644886
"rs1143438"	0.948508795800372	348	0.989415783081175
"rs1932939"	0.948568216447162	348	1.03516479531923
"rs396431"	0.948604856387927	348	0.984249870009792
"rs469910"	0.948622119831392	348	0.974128007904086
"rs489297"	0.948719658564002	348	1.01395849440091
"rs489923"	0.948719658564002	348	1.01395849440091
"rs548474"	0.948745751399093	348	1.01140125183136
"rs344673"	0.948746819286165	348	0.984492321148933
"rs943008"	0.948754524636827	348	0.992021692944776
"rs943018"	0.948754524636827	348	0.992021692944776
"rs2027885"	0.94877260496472	348	1.00922670620748
"rs1160600"	0.948778505319416	348	1.01970599181694
"rs1162959"	0.948803905774494	348	0.984172489812127
"rs1680434"	0.948810232637147	348	0.980817626654045
"rs1680560"	0.948810232637147	348	0.980817626654045
"rs1353251"	0.948895241313348	348	1.03497860042484
"rs413116"	0.948918709123109	348	0.986403577669729
"rs1317437"	0.948937726625189	348	0.98896440876552
"rs1676301"	0.948951126976865	348	0.986482182237581
"rs295072"	0.948963841745076	348	1.00801099740252
"rs702367"	0.94898867308424	348	1.01012080381662
"rs846023"	0.949083046147819	348	0.991116357015235
"rs846047"	0.949083046147819	348	0.991116357015235
"rs846062"	0.949083046147819	348	0.991116357015235
"rs846066"	0.949083046147819	348	0.991116357015235
"rs846068"	0.949083046147819	348	0.991116357015235
"rs846071"	0.949083046147819	348	0.991116357015235
"rs846080"	0.949083046147819	348	0.991116357015235
"rs846089"	0.949083046147819	348	0.991116357015235
"rs846096"	0.949083046147819	348	0.991116357015235
"rs846125"	0.949083046147821	348	0.991116357015235
"rs846137"	0.949083046147821	348	0.991116357015235
"rs846236"	0.949083046147821	348	0.991116357015235
"rs846245"	0.949083046147821	348	0.991116357015235
"rs1963651"	0.949117819481744	348	1.01885655183717
"rs1296531"	0.949124282852707	348	1.02297231432861
"rs300744"	0.949125718553929	348	0.987660966028301
"rs300745"	0.949125718553929	348	0.987660966028301
"rs2175566"	0.949167606742667	348	0.987446020424547
"rs1383807"	0.949174613936177	348	0.986667563468837
"rs1383834"	0.949174613936177	348	0.986667563468837
"rs1145382"	0.94918773410616	348	1.0177160562197
"rs1145388"	0.94918773410616	348	1.0177160562197
"rs1145403"	0.94918773410616	348	1.0177160562197
"rs1145406"	0.94918773410616	348	1.0177160562197
"rs100286"	0.949206400482399	348	0.992611092256746
"rs1015260"	0.949210146606492	348	1.013472493217
"rs649075"	0.949233115986045	348	0.995305589549436
"rs961037"	0.949240326074027	348	1.02767370194273
"rs662239"	0.949261241165536	348	1.0170249824861
"rs163553"	0.949280559840771	348	0.990612926904012
"rs1318032"	0.949288451429718	348	0.98829124874103
"rs912167"	0.949291964048182	348	0.986831781914325
"rs912170"	0.949291964048182	348	0.986831781914325
"rs912175"	0.949291964048182	348	0.986831781914325
"rs866571"	0.949334424586575	348	0.988353322691204
"rs303792"	0.94937387344176	348	0.694167960664624
"rs854968"	0.949373873441772	348	0.968844666987841
"rs854977"	0.949373873441772	348	0.968844666987841
"rs854995"	0.949373873441772	348	0.968844666987841
"rs855022"	0.949373873441772	348	0.968844666987841
"rs855069"	0.949373873441772	348	0.968844666987841
"rs2217491"	0.949376420272114	348	1.02259962438087
"rs1480863"	0.949395443975502	348	1.0153936620856
"rs555444"	0.949396345504789	348	1.02593837837593
"rs1532307"	0.949435085767295	348	1.025873232353
"rs435814"	0.949440986009005	348	0.98701821208971
"rs1944801"	0.949441438439912	348	1.01987959723371
"rs307035"	0.949472028972412	348	1.01773823555911
"rs307042"	0.949472028972412	348	1.01773823555911
"rs307046"	0.949472028972412	348	1.01773823555911
"rs307050"	0.949472028972412	348	1.01773823555911
"rs283354"	0.949489397794379	348	1.00972794702522
"rs492037"	0.949540829649359	348	1.01172800129198
"rs1601612"	0.94954650697308	348	1.01144775362657
"rs507848"	0.949602606136144	348	1.02632510065161
"rs545896"	0.949692505092646	348	1.00879692108467
"rs584132"	0.949709579069143	348	1.01142196295364
"rs485114"	0.949769274663098	348	1.01352645952309
"rs1889287"	0.949790138749625	348	0.991245069037366
"rs1053829"	0.949817207554811	348	0.97354326150828
"rs2101790"	0.949851508549837	348	1.01425194842213
"rs134150"	0.949855794072284	348	0.9926757452032
"rs278280"	0.949855958637877	348	0.984983932499564
"rs74229"	0.949923730341429	348	1.01585898398505
"rs1942857"	0.949945740149662	348	1.01356331157879
"rs292437"	0.950008094124658	348	0.975667875747232
"rs578849"	0.950023625709986	348	1.00877974894865
"rs943896"	0.95003188896047	348	0.984266976403629
"rs96611"	0.950032984708514	348	0.987857066654375
"rs1574684"	0.950045511453398	348	1.0122562804811
"rs1612432"	0.950055745645899	348	0.986677083160472
"rs1716065"	0.950066222436106	348	1.01050083863045
"rs92196"	0.950096719489962	348	0.981533298976484
"rs337749"	0.950100818874467	348	0.989857161050677
"rs337758"	0.950100818874467	348	0.989857161050677
"rs1845423"	0.950106176755816	348	0.98790434132608
"rs984651"	0.950113990853073	348	1.01484422131633
"rs562432"	0.950114922780644	348	0.992267523820614
"rs418961"	0.950145700985713	348	0.98539064601027
"rs418962"	0.950145700985713	348	0.98539064601027
"rs418963"	0.950145700985713	348	0.98539064601027
"rs491169"	0.950151224317022	348	0.982129276499192
"rs253529"	0.950221446927638	348	0.986076125204986
"rs253733"	0.950221446927638	348	0.986076125204986
"rs253778"	0.950221446927638	348	0.986076125204986
"rs253793"	0.950221446927638	348	0.986076125204986
"rs253824"	0.950221446927638	348	0.986076125204986
"rs253871"	0.950221446927638	348	0.986076125204986
"rs253937"	0.950221446927638	348	0.986076125204986
"rs806912"	0.950243516882448	348	0.994876086975205
"rs1616485"	0.950383338152006	348	0.989415926779919
"rs577616"	0.950395417129754	348	0.988182920538978
"rs579387"	0.950411817934563	348	0.985568973442157
"rs305513"	0.950431372506315	348	1.01873765857634
"rs1775212"	0.950433744955807	348	1.00411883734418
"rs1447060"	0.950455198446686	348	1.01626142408143
"rs1854384"	0.950457650195459	348	1.01288626865076
"rs2007163"	0.950476125620827	348	0.982573154922997
"rs2007205"	0.950476125620827	348	0.982573154922997
"rs2007207"	0.950476125620827	348	0.982573154922997
"rs1831969"	0.950533588190374	348	0.990032443790307
"rs354496"	0.950539079820414	348	1.00948066980041
"rs339669"	0.950558703167968	348	0.984082554382648
"rs591602"	0.950597667203841	348	0.982008488866265
"rs911771"	0.95066150243339	348	1.0117097048989
"rs911774"	0.95066150243339	348	1.0117097048989
"rs1696202"	0.950663229261664	348	0.989435451153032
"rs1982222"	0.950743204455889	348	0.986408035140869
"rs1641218"	0.950782242274239	348	0.990549374400173
"rs1641221"	0.950782242274239	348	0.990549374400173
"rs1641224"	0.950782242274239	348	0.990549374400173
"rs1641228"	0.950782242274239	348	0.990549374400173
"rs491849"	0.950814483543838	348	0.985004217459316
"rs491951"	0.950814483543838	348	0.985004217459316
"rs491963"	0.950814483543838	348	0.985004217459316
"rs626104"	0.950822824398572	348	0.982584553381448
"rs345408"	0.950856657439161	348	1.01186059175501
"rs1998439"	0.95085780581706	348	0.98809663253817
"rs328558"	0.950858037079888	348	0.983181346143899
"rs497701"	0.950899627014696	348	1.01707684413991
"rs1117238"	0.950907386517478	348	1.010604570469
"rs224729"	0.950909679365368	348	0.979636679401897
"rs1690202"	0.950911121928329	348	0.981598777979257
"rs2097040"	0.950960891640666	348	1.01237014522248
"rs1609221"	0.951035415456535	348	0.985484033864255
"rs83574"	0.951038078064681	348	1.01458023229883
"rs514058"	0.95104285526018	348	0.987498163443741
"rs387981"	0.951097488006372	348	0.988747505338475
"rs1906752"	0.951125437082089	348	0.968711167147838
"rs829904"	0.95112746466328	348	1.0153752447988
"rs1885748"	0.951131360501769	348	0.984962812076232
"rs744387"	0.951164289770678	348	1.00976475332995
"rs940804"	0.951175138420124	348	0.981745952272427
"rs852200"	0.951210554034677	348	1.01267267579208
"rs578843"	0.951216626130454	348	1.00858280292154
"rs1072107"	0.951260474879445	348	1.02248958178136
"rs228553"	0.951283045798991	348	0.983558355336921
"rs905452"	0.951300619072933	348	0.988066213803168
"rs153052"	0.951330479103561	348	1.00889629998477
"rs1907169"	0.95138376016079	348	0.969453544615139
"rs1801225"	0.951399182815006	348	0.987621838178069
"rs247808"	0.951403746599524	348	0.988326865307639
"rs1431943"	0.951436562935675	348	1.00478474524909
"rs938992"	0.951452512526892	348	1.01299931889699
"rs905122"	0.951482589733171	348	1.01122869921008
"rs2059443"	0.95155452677723	348	1.0175247974352
"rs2059445"	0.95155452677723	348	1.0175247974352
"rs304449"	0.951612406173889	348	1.00875761549296
"rs2160012"	0.951645675532886	348	0.993809835292946
"rs1708257"	0.95166366442525	348	0.986038961390661
"rs1003130"	0.951672988467929	348	0.983513634882831
"rs1205989"	0.951676694080492	348	0.994670586176768
"rs2182255"	0.951713202529115	348	1.00913962944195
"rs1792296"	0.951720645785301	348	0.98823658403845
"rs1792423"	0.951720645785301	348	0.98823658403845
"rs1793072"	0.951720645785301	348	0.98823658403845
"rs1793117"	0.951720645785301	348	0.98823658403845
"rs1793119"	0.951720645785301	348	0.98823658403845
"rs1793120"	0.951720645785301	348	0.98823658403845
"rs1793150"	0.951720645785301	348	0.98823658403845
"rs1793163"	0.951720645785301	348	0.98823658403845
"rs1793214"	0.951720645785301	348	0.98823658403845
"rs1793240"	0.951720645785301	348	0.98823658403845
"rs1793469"	0.951720645785301	348	0.98823658403845
"rs1793583"	0.951720645785301	348	0.98823658403845
"rs1794575"	0.951720645785301	348	0.98823658403845
"rs1794980"	0.951720645785301	348	0.98823658403845
"rs903699"	0.951731730401616	348	1.0238888004088
"rs834513"	0.951812480990318	348	1.01678746402681
"rs1956530"	0.951845482973233	348	0.983141492988078
"rs2218266"	0.95184585832148	348	1.01178054455809
"rs900064"	0.95189096859707	348	1.03927962082163
"rs651235"	0.95196072186869	348	0.981248845025084
"rs651245"	0.95196072186869	348	0.981248845025084
"rs651288"	0.95196072186869	348	0.981248845025084
"rs651325"	0.95196072186869	348	0.981248845025084
"rs1481897"	0.95198760660213	348	0.98918060075502
"rs1481900"	0.95198760660213	348	0.98918060075502
"rs902908"	0.952056117454623	348	0.986761280146527
"rs867479"	0.952194821810787	348	1.01307738433006
"rs867536"	0.952194821810787	348	1.01307738433006
"rs867582"	0.952194821810787	348	1.01307738433006
"rs867618"	0.952194821810787	348	1.01307738433006
"rs867621"	0.952194821810787	348	1.01307738433006
"rs867702"	0.952194821810787	348	1.01307738433006
"rs1901029"	0.952209100467601	348	0.985869316544402
"rs379647"	0.952219247487476	348	1.01051109987448
"rs449574"	0.952255203001489	348	1.00889522719363
"rs364888"	0.952277937261574	348	1.01186074283076
"rs364929"	0.952277937261574	348	1.01186074283076
"rs2103467"	0.952335115610954	348	0.989915552064405
"rs850705"	0.952352257809195	348	1.00738264355235
"rs1115081"	0.952370258997935	348	1.0092600753228
"rs1115344"	0.952370258997937	348	1.0092600753228
"rs873007"	0.952452317645404	348	0.984984827937586
"rs2160476"	0.952459242238409	348	0.993301289513058
"rs1317923"	0.952487920684676	348	0.989217573327556
"rs1975755"	0.95254661787288	348	1.01287491619431
"rs1961911"	0.952549685479568	348	1.02894102786643
"rs1985136"	0.952733762056491	348	0.991025060573851
"rs1398238"	0.952754808890318	348	0.988788309804841
"rs82874"	0.952759352464538	348	1.01379777070007
"rs1610285"	0.952778664778108	348	0.991246678583679
"rs1570188"	0.952789209102168	348	1.01503698509179
"rs497700"	0.952821580361721	348	1.01638356903014
"rs2137321"	0.952822008625596	348	1.00966170636838
"rs1657190"	0.952859118682151	348	1.0186157251581
"rs1940710"	0.952860401653833	348	1.0356321378025
"rs1940839"	0.952860401653833	348	1.0356321378025
"rs879630"	0.95286040165384	348	0.965593827671182
"rs879639"	0.95286040165384	348	0.965593827671182
"rs884287"	0.95286040165384	348	0.965593827671182
"rs873163"	0.952863282247925	348	0.989824946566945
"rs113416"	0.952890477612332	348	1.00460417426172
"rs185591"	0.95290013025339	348	0.984602650857003
"rs185596"	0.95290013025339	348	0.984602650857003
"rs300978"	0.952957362048444	348	0.991317499596163
"rs2172722"	0.952990833770934	348	1.00517371721246
"rs36056"	0.953030207464082	348	1.02591957995399
"rs625721"	0.953036637619753	348	0.981917797024904
"rs862038"	0.953121786304501	348	0.989690662596277
"rs517042"	0.953138686054727	348	1.01268105276897
"rs413086"	0.953150347471728	348	0.987488508519054
"rs413109"	0.953150347471728	348	0.987488508519054
"rs1441049"	0.953175142105421	348	0.986555455611032
"rs662846"	0.95319199384354	348	0.981139793901199
"rs238583"	0.953193479162168	348	1.01125517572
"rs353486"	0.953195618227437	348	0.987016344216325
"rs353717"	0.953195618227437	348	0.987016344216325
"rs1815405"	0.953198623707128	348	1.01913016455257
"rs1815408"	0.953198623707128	348	1.01913016455257
"rs1815426"	0.953198623707128	348	1.01913016455257
"rs1815435"	0.953198623707128	348	1.01913016455257
"rs1815438"	0.953198623707128	348	1.01913016455257
"rs1815442"	0.953198623707128	348	1.01913016455257
"rs1815453"	0.953198623707128	348	1.01913016455257
"rs1815561"	0.953198623707128	348	1.01913016455257
"rs1815578"	0.953198623707128	348	1.01913016455257
"rs2162732"	0.953218036002184	348	0.990819400525724
"rs2162735"	0.953218036002184	348	0.990819400525724
"rs556385"	0.953256839061556	348	0.993971903238584
"rs2101067"	0.95329540301879	348	1.00920894522495
"rs34707"	0.953310636921408	348	0.989003005143108
"rs782805"	0.953311673511077	348	0.989136935696747
"rs1031033"	0.953332656436206	348	0.980338693993846
"rs662141"	0.953421821593678	348	1.01197407796942
"rs1734769"	0.953446359455938	348	1.01083053930371
"rs1734774"	0.953446359455938	348	1.01083053930371
"rs516695"	0.953615989765451	348	1.00906433542912
"rs466823"	0.953624161236372	348	0.990560922932981
"rs386794"	0.953630475785296	348	1.01502521617766
"rs651420"	0.953631799711222	348	0.978189603584543
"rs508553"	0.953670857137209	348	1.01458574869745
"rs355902"	0.953696468978292	348	0.987732785697541
"rs355909"	0.953696468978292	348	0.987732785697541
"rs356019"	0.953696468978292	348	0.987732785697541
"rs356091"	0.953696468978292	348	0.987732785697541
"rs356217"	0.953696468978292	348	0.987732785697541
"rs356308"	0.953696468978292	348	0.987732785697541
"rs356343"	0.953696468978292	348	0.987732785697541
"rs356502"	0.953696468978292	348	0.987732785697541
"rs356737"	0.953696468978292	348	0.987732785697541
"rs356925"	0.953696468978292	348	0.987732785697541
"rs357433"	0.953696468978292	348	0.987732785697541
"rs357517"	0.953696468978292	348	0.987732785697541
"rs357673"	0.953696468978292	348	0.987732785697541
"rs357743"	0.953696468978292	348	0.987732785697541
"rs357854"	0.953696468978292	348	0.987732785697541
"rs358205"	0.953696468978292	348	0.987732785697541
"rs359057"	0.953696468978292	348	0.987732785697541
"rs359733"	0.953696468978292	348	0.987732785697541
"rs359961"	0.953696468978292	348	0.987732785697541
"rs359979"	0.953696468978292	348	0.987732785697541
"rs360052"	0.953696468978292	348	0.987732785697541
"rs360206"	0.953696468978292	348	0.987732785697541
"rs360212"	0.953696468978292	348	0.987732785697541
"rs578847"	0.953698745829425	348	1.00814358400032
"rs2004455"	0.953722932098758	348	1.01202345818537
"rs1692362"	0.953765358505532	348	1.12043321428055
"rs1692366"	0.953765358505648	348	1.01312615942419
"rs1692254"	0.953765358505655	348	1.01312615942419
"rs253144"	0.953791182527639	348	0.98903016362518
"rs1125125"	0.953801310604769	348	1.01093080112749
"rs1205649"	0.953803212153779	348	0.991347998786044
"rs1411159"	0.953821388307207	348	1.01306695587114
"rs433505"	0.95382666691802	348	0.976050607927986
"rs99540"	0.953843543133665	348	1.0195173740407
"rs1701622"	0.953860303369353	348	1.01362863828245
"rs1930904"	0.953873357519347	348	0.987160900842702
"rs514093"	0.953880954503911	348	1.01184955662723
"rs1789023"	0.95388198023358	348	1.02169132865078
"rs89973"	0.95388198023358	348	1.02169132865078
"rs90003"	0.95388198023358	348	1.02169132865078
"rs90021"	0.95388198023358	348	1.02169132865078
"rs1580442"	0.95388198023358	348	1.02169132865078
"rs1814959"	0.95388198023358	348	1.02169132865078
"rs2000071"	0.95388198023358	348	1.02169132865078
"rs2000494"	0.95388198023358	348	1.02169132865078
"rs2026865"	0.95388198023358	348	1.02169132865078
"rs2026866"	0.95388198023358	348	1.02169132865078
"rs2026871"	0.95388198023358	348	1.02169132865078
"rs2026875"	0.95388198023358	348	1.02169132865078
"rs2026877"	0.95388198023358	348	1.02169132865078
"rs2026879"	0.95388198023358	348	1.02169132865078
"rs2026887"	0.95388198023358	348	1.02169132865078
"rs2026890"	0.95388198023358	348	1.02169132865078
"rs2026892"	0.95388198023358	348	1.02169132865078
"rs2026898"	0.95388198023358	348	1.02169132865078
"rs2026900"	0.95388198023358	348	1.02169132865078
"rs2026904"	0.95388198023358	348	1.02169132865078
"rs2026907"	0.95388198023358	348	1.02169132865078
"rs2026913"	0.95388198023358	348	1.02169132865078
"rs2027008"	0.95388198023358	348	1.02169132865078
"rs2035356"	0.95388198023358	348	1.02169132865078
"rs2036440"	0.953881980233585	348	1.02169132865077
"rs1822511"	0.953930548673273	348	0.981236195623819
"rs1014141"	0.953942547558957	348	1.00602823007308
"rs571523"	0.953960498707566	348	0.994868715020574
"rs571524"	0.953960498707566	348	0.994868715020574
"rs571542"	0.953960498707566	348	0.994868715020574
"rs571544"	0.953960498707566	348	0.994868715020574
"rs1115012"	0.953965353580706	348	0.992249170685129
"rs437647"	0.953971036350287	348	1.01575511560369
"rs944539"	0.953978982001595	348	0.994456006468264
"rs1895547"	0.953994058135532	348	0.989821432284998
"rs626750"	0.953995740905639	348	0.987960817961083
"rs558173"	0.954005131015184	348	0.976525307487127
"rs1021088"	0.954086295413862	348	1.01824207308402
"rs98622"	0.954110373407734	348	1.01116409233358
"rs1801148"	0.954115896701521	348	1.01284394784896
"rs146216"	0.954151837018385	348	0.987909280987779
"rs857834"	0.954161360914218	348	0.991738188756483
"rs617866"	0.954162451538253	348	0.972087103700642
"rs633316"	0.954162451538258	348	0.972087103700644
"rs246528"	0.954206665717854	348	0.983551279803368
"rs652629"	0.954229579359388	348	0.976599700563153
"rs652709"	0.954229579359388	348	0.976599700563153
"rs1839813"	0.954246172512859	348	0.99045183160089
"rs356262"	0.954316778891964	348	1.01240960238493
"rs1637345"	0.95434006209448	348	1.00407704021868
"rs768605"	0.954343347480962	348	1.01289471229597
"rs523288"	0.954365104435311	348	0.984899019714626
"rs813801"	0.954548497747084	348	0.988095633902588
"rs2176605"	0.954574796249918	348	1.01496306318236
"rs2176617"	0.954574796249918	348	1.01496306318236
"rs1985417"	0.954581761528184	348	1.00904262880097
"rs1770116"	0.954700921976491	348	1.01113424892083
"rs477655"	0.954721927732697	348	1.01206518273436
"rs339627"	0.954729293933065	348	1.01102388568158
"rs339639"	0.954729293933065	348	1.01102388568158
"rs574733"	0.954745272277613	348	1.00698875319837
"rs492735"	0.954774391970021	348	1.00989481731581
"rs492749"	0.954774391970021	348	1.00989481731581
"rs492761"	0.954774391970021	348	1.00989481731581
"rs492770"	0.954774391970021	348	1.00989481731581
"rs834173"	0.954796615443936	348	0.980720187500661
"rs1798508"	0.954808463177374	348	0.989910700196655
"rs324555"	0.954895873103117	348	1.39135428995879
"rs1348006"	0.95490282616378	348	1.01170993513822
"rs1578781"	0.954953035864242	348	0.98716586699837
"rs218502"	0.954995152970119	348	0.990928952107515
"rs891056"	0.954995348675924	348	1.01177114919176
"rs891075"	0.954995348675924	348	1.01177114919176
"rs1308906"	0.955030748471779	348	0.991920905755777
"rs1162848"	0.955057526905847	348	0.982428150761882
"rs1162854"	0.955057526905847	348	0.982428150761882
"rs1162866"	0.955057526905847	348	0.982428150761882
"rs1162872"	0.955057526905847	348	0.982428150761882
"rs1919990"	0.955077069692486	348	1.01127292239051
"rs1922928"	0.955126708482748	348	0.985266654700005
"rs1488749"	0.955135466926307	348	0.996762080384332
"rs264809"	0.955137771272292	348	1.00643041275489
"rs2113065"	0.955154421980507	348	1.00894452756705
"rs1883597"	0.955198039335936	348	0.984194141445863
"rs2116108"	0.955199883741071	348	1.00894729864692
"rs816711"	0.955232672187406	348	0.985893946267718
"rs2199179"	0.955281967505714	348	1.01352064239722
"rs1764910"	0.955287277549983	348	0.98950672403229
"rs1781761"	0.95533501280021	348	1.01593183225802
"rs552583"	0.955347406908088	348	1.01843597098134
"rs579605"	0.955351154617907	348	1.01467807080258
"rs544109"	0.955421571776307	348	0.989949857040677
"rs2162306"	0.955457975506871	348	1.00285125290817
"rs419560"	0.955500297205554	348	1.01056675276013
"rs469724"	0.955531085835518	348	1.01002729202766
"rs396428"	0.955532639628733	348	0.986244018832342
"rs396458"	0.955532639628733	348	0.986244018832342
"rs490538"	0.955604005070569	348	1.00900502548019
"rs484172"	0.95569946979956	348	0.988810238249305
"rs484177"	0.95569946979956	348	0.988810238249305
"rs484179"	0.95569946979956	348	0.988810238249305
"rs484182"	0.95569946979956	348	0.988810238249305
"rs2118954"	0.955715470080243	348	1.00864912643646
"rs1778547"	0.955743530645322	348	0.98947406144446
"rs1322067"	0.955795587791344	348	1.01820015936313
"rs433473"	0.955816413312066	348	0.976999365050066
"rs433474"	0.955816413312066	348	0.976999365050066
"rs704610"	0.955828755458581	348	0.986329577076492
"rs896730"	0.955843663257417	348	1.00815443828262
"rs896732"	0.955843663257417	348	1.00815443828262
"rs1002825"	0.955863986461994	348	1.0142580395259
"rs1117724"	0.955892266516027	348	1.01748611108945
"rs2019090"	0.955919560332437	348	1.01317229108988
"rs1816417"	0.955921101545812	348	1.01278023681509
"rs1115836"	0.955924333994695	348	1.0138066436794
"rs987182"	0.95592510846854	348	0.988527112742869
"rs1609082"	0.955932960352488	348	0.984386552520968
"rs1609129"	0.955932960352488	348	0.984386552520968
"rs901115"	0.955937125744729	348	0.987409088819815
"rs1822190"	0.955948165302813	348	0.982886664388155
"rs652874"	0.955967727054723	348	1.01426769046524
"rs1067245"	0.956063966118655	348	0.991977633582522
"rs1697978"	0.956066559236635	348	1.0068278193655
"rs572178"	0.956074221685349	348	0.991308556993502
"rs1206728"	0.956081723034174	348	0.99205332304783
"rs1570896"	0.956085053311969	348	1.00847957531332
"rs819555"	0.95609469220687	348	1.012973904125
"rs819563"	0.95609469220687	348	1.012973904125
"rs1674447"	0.956129493833776	348	1.01216511626283
"rs1558644"	0.9561348542684	348	0.983721309123325
"rs354225"	0.956150127070051	348	1.01218682085004
"rs472737"	0.956202461124771	348	1.00745670031184
"rs472751"	0.956202461124771	348	1.00745670031184
"rs472760"	0.956202461124771	348	1.00745670031184
"rs472762"	0.956202461124771	348	1.00745670031184
"rs1993693"	0.956228692920742	348	0.99304439405597
"rs953441"	0.956249944250884	348	0.987291002583533
"rs2198437"	0.956287066605068	348	1.01291449443784
"rs1741424"	0.956355627450404	348	0.991426770389005
"rs7329"	0.956377441378518	348	1.01786551171531
"rs7412"	0.956377441378518	348	1.01786551171531
"rs7479"	0.956377441378518	348	1.01786551171531
"rs552386"	0.95641475219566	348	1.00510008950447
"rs1608494"	0.956481003447283	348	0.984655540901899
"rs1982427"	0.956497604172052	348	1.01773291178027
"rs991427"	0.956500101712027	348	1.01010134169901
"rs1071801"	0.956512476125923	348	0.986937932284447
"rs1608666"	0.956555330241727	348	0.984640667258623
"rs172471"	0.956569124159228	348	1.00805948626538
"rs854937"	0.956618081502239	348	0.973450797779
"rs620816"	0.956640229343328	348	0.990952934557944
"rs1863985"	0.956641313359541	348	1.01163313966894
"rs1988044"	0.95664426457298	348	1.010880312583
"rs79947"	0.956663993622163	348	1.02097249682585
"rs518783"	0.956682413093572	348	1.01493746786132
"rs546360"	0.956689002863506	348	0.991503499945799
"rs1765741"	0.956689435473118	348	1.01048255568994
"rs1793912"	0.956692090450391	348	0.989442007933897
"rs338439"	0.956692863088016	348	1.01123440772976
"rs466177"	0.956766014074915	348	1.00740533950622
"rs1763762"	0.956780750991089	348	0.972369002131501
"rs440576"	0.956811579980225	348	0.98911962475094
"rs849851"	0.956812670142723	348	1.00838702684136
"rs945404"	0.956834599486553	348	1.01081081690091
"rs945412"	0.956834599486553	348	1.01081081690091
"rs945523"	0.956834599486553	348	1.01081081690091
"rs945604"	0.956834599486553	348	1.01081081690091
"rs1633058"	0.956860455183179	348	1.00991189677101
"rs1001946"	0.956868185781913	348	1.0100971458323
"rs1845771"	0.956878657632873	348	1.01065259587738
"rs1538802"	0.956888616106803	348	1.01224153804846
"rs327082"	0.95689556551778	348	1.01190108080485
"rs1602385"	0.957002550008451	348	1.00964562794091
"rs82968"	0.957094029580794	348	0.989957505548589
"rs1620948"	0.957094811693515	348	0.991698695027548
"rs1191409"	0.957131836505919	348	0.991376985734955
"rs1191416"	0.957131836505919	348	0.991376985734955
"rs1191432"	0.957131836505919	348	0.991376985734955
"rs329266"	0.957133196322665	348	1.0230606553232
"rs1330501"	0.957133196322667	348	1.0230606553232
"rs2216580"	0.957133196322667	348	1.0230606553232
"rs145465"	0.957144932811227	348	0.994435492365281
"rs1765913"	0.957195953058418	348	1.01023320966661
"rs1766023"	0.957195953058418	348	1.01023320966661
"rs1580286"	0.957196242045067	348	1.01089633702743
"rs1167681"	0.957256017537162	348	1.00751566840817
"rs1778382"	0.957283264879031	348	1.01111561259653
"rs839772"	0.957395078111892	348	1.01160870588239
"rs433066"	0.95744371696368	348	1.01334104079762
"rs498741"	0.957445025232395	348	1.01479557594123
"rs2115829"	0.957445694617681	348	0.989695033330263
"rs2034004"	0.957456056033684	348	0.988631034044031
"rs631462"	0.957491287360209	348	1.01149128836201
"rs492725"	0.957523029991095	348	0.991011607028944
"rs1806527"	0.957538787247917	348	0.983633604041298
"rs1806531"	0.957538787247918	348	0.983633604041299
"rs1823177"	0.95755511708941	348	1.01130038578938
"rs1823189"	0.95755511708941	348	1.01130038578938
"rs337715"	0.957647984767161	348	1.01589730067766
"rs337731"	0.957647984767169	348	1.01589730067766
"rs798524"	0.957728360859521	348	1.00941961580434
"rs842620"	0.95772996839147	348	1.01118794813615
"rs842622"	0.95772996839147	348	1.01118794813615
"rs842631"	0.95772996839147	348	1.01118794813615
"rs2047562"	0.957733368086203	348	0.989203134222086
"rs2187000"	0.957742412047725	348	0.985245230222998
"rs890913"	0.957774415068012	348	0.995710329252283
"rs1162356"	0.95777967099461	348	0.992702152433402
"rs1162374"	0.95777967099461	348	0.992702152433402
"rs1162470"	0.95777967099461	348	0.992702152433402
"rs503741"	0.95779016460283	348	0.990854340093304
"rs503787"	0.957790164602833	348	0.990854340093305
"rs360126"	0.95783532778985	348	1.01199942807297
"rs472625"	0.957845150554973	348	0.993021057403108
"rs554655"	0.957851408873739	348	1.01157769720335
"rs582690"	0.957863022160645	348	1.01031252426252
"rs1093393"	0.957863727927516	348	1.01078069842353
"rs2048393"	0.957885369506334	348	0.976694834011583
"rs2199148"	0.957889896505687	348	1.00883195012366
"rs216647"	0.957895312890587	348	1.0095614790705
"rs1596021"	0.957923353880405	348	0.989321820735943
"rs37575"	0.95795425040659	348	1.02316044337605
"rs38919"	0.95795425040659	348	1.02316044337605
"rs38951"	0.95795425040659	348	1.02316044337605
"rs166271"	0.957967519698931	348	1.00852920441993
"rs1805974"	0.957974924066358	348	1.01302840077641
"rs2091168"	0.958000734891558	348	1.01012248937451
"rs133781"	0.958017405428293	348	1.00786915164102
"rs748487"	0.958076484435272	348	0.988522041186298
"rs1880570"	0.958083872683438	348	1.00574611031517
"rs23455"	0.958120329468321	348	1.00755292325402
"rs408137"	0.958122151987808	348	1.01146159102952
"rs408140"	0.958122151987808	348	1.01146159102952
"rs408146"	0.958122151987808	348	1.01146159102952
"rs408155"	0.958122151987808	348	1.01146159102952
"rs408164"	0.958122151987808	348	1.01146159102952
"rs1344573"	0.958144870005832	348	1.01005843337018
"rs497235"	0.958145760781037	348	0.986206243407237
"rs131954"	0.95815232087074	348	1.01560270130753
"rs942797"	0.958158561995738	348	0.994858734154223
"rs810284"	0.958178088953078	348	1.00983120802269
"rs489131"	0.958187812918097	348	1.00601544035575
"rs83711"	0.958191013593437	348	1.01213444548401
"rs132380"	0.958195375806829	348	1.00831013129627
"rs2047538"	0.958203830245966	348	0.989367250594919
"rs915141"	0.958212475046483	348	1.01440749053013
"rs33306"	0.958247616728783	348	1.02689844884036
"rs2059211"	0.95826143299535	348	1.01181813577986
"rs2059226"	0.95826143299535	348	1.01181813577986
"rs484616"	0.958331635364315	348	0.989522754182121
"rs224625"	0.958403201520427	348	0.988505676191698
"rs224654"	0.958403201520427	348	0.988505676191698
"rs224702"	0.958403201520427	348	0.988505676191698
"rs224369"	0.958403201520428	348	0.988505676191698
"rs224447"	0.958403201520428	348	0.988505676191698
"rs224459"	0.958403201520428	348	0.988505676191698
"rs869387"	0.958404809154533	348	0.993061011528971
"rs1632452"	0.958405740371653	348	0.991739944113418
"rs2106728"	0.958420246198816	348	1.01335585300189
"rs1648392"	0.958442777129572	348	1.008740405704
"rs554054"	0.958472290836021	348	0.988947726578489
"rs1489157"	0.9584839421489	348	0.994567787137806
"rs1610726"	0.958506039089471	348	1.00890887749055
"rs1574147"	0.958513621255695	348	1.00908970702837
"rs1483384"	0.958518090361021	348	1.0179996769605
"rs1987084"	0.958547417676896	348	1.00932938458537
"rs1765890"	0.958566220654432	348	1.00997748162916
"rs2002726"	0.958662171170076	348	1.01348690180665
"rs2002732"	0.958662171170076	348	1.01348690180665
"rs1598587"	0.958664503385235	348	0.985787891134288
"rs1598607"	0.958664503385235	348	0.985787891134288
"rs1598616"	0.958664503385235	348	0.985787891134288
"rs1598628"	0.958664503385235	348	0.985787891134288
"rs2129846"	0.958714273584888	348	1.00791816393521
"rs612644"	0.95872694428482	348	1.02884389242646
"rs612650"	0.95872694428482	348	1.02884389242646
"rs612668"	0.95872694428482	348	1.02884389242646
"rs612722"	0.95872694428482	348	1.02884389242646
"rs1342918"	0.95872694428482	348	1.02884389242646
"rs1803690"	0.95872694428482	348	1.02884389242646
"rs553243"	0.958751684158368	348	0.993520811090645
"rs1005836"	0.958767375145714	348	1.01151615479202
"rs154270"	0.958787092603413	348	0.987607762441925
"rs1596132"	0.958813680329884	348	1.00906884367877
"rs1116867"	0.958828425312349	348	0.992756284061815
"rs1104519"	0.958871758723621	348	1.02794009291482
"rs341739"	0.958946715174288	348	0.988611704696488
"rs1103549"	0.958966402505048	348	1.02015994165083
"rs1103554"	0.958966402505048	348	1.02015994165083
"rs353448"	0.958979731906603	348	0.989408817253567
"rs1353535"	0.958985912555487	348	1.01078871241569
"rs701229"	0.95903472328159	348	0.991118357700574
"rs133679"	0.959036697503056	348	1.00807810259524
"rs429869"	0.959096409690417	348	1.00905414356969
"rs1742786"	0.959105294438411	348	0.98868062638949
"rs574379"	0.959191274161902	348	1.00871298048999
"rs921088"	0.959205820284826	348	0.987859254627437
"rs769271"	0.959239141173095	348	1.01256340918338
"rs769277"	0.959239141173095	348	1.01256340918338
"rs951747"	0.959275027761219	348	0.987083977239992
"rs2171201"	0.959275232844153	348	1.00441634922878
"rs1769930"	0.959293325734852	348	1.00977818387708
"rs1778766"	0.959296667985149	348	1.00768915486288
"rs306017"	0.959298892989272	348	0.981362588370589
"rs916595"	0.959341511759416	348	1.01098691631506
"rs1125065"	0.959370684332114	348	0.980021030463614
"rs1125068"	0.959370684332114	348	0.980021030463614
"rs917473"	0.959387649529027	348	1.01953704189421
"rs917482"	0.959387649529027	348	1.01953704189421
"rs1764767"	0.959402421132623	348	0.990521080659907
"rs1699992"	0.959447237384583	348	0.990666441177154
"rs754307"	0.959471326997296	348	0.991155040469684
"rs290852"	0.959495506263849	348	1.01944727593991
"rs361546"	0.959499593163986	348	1.00970202916506
"rs737367"	0.959532933368036	348	0.991265367600225
"rs737372"	0.959532933368036	348	0.991265367600225
"rs389471"	0.959545267922514	348	0.979827277428812
"rs1425880"	0.959561048115298	348	0.989616525249673
"rs603107"	0.959568989062016	348	1.01162511537479
"rs1907422"	0.959576887287048	348	0.971024558369648
"rs2019249"	0.959576887287053	348	1.02984007086185
"rs420975"	0.959615814217107	348	0.991149936038608
"rs420981"	0.959615814217107	348	0.991149936038608
"rs1395521"	0.959629770096381	348	0.98915142555727
"rs2115586"	0.959639838397732	348	1.01038692674136
"rs399954"	0.959673304196136	348	0.981548851916755
"rs1805928"	0.959673442908949	348	0.980281708781427
"rs1740444"	0.959714874596955	348	0.992994549968276
"rs1740447"	0.959714874596955	348	0.992994549968276
"rs549392"	0.959729521769356	348	1.01000808419688
"rs549416"	0.959729521769356	348	1.01000808419688
"rs549419"	0.959729521769356	348	1.01000808419688
"rs549422"	0.959729521769356	348	1.01000808419688
"rs549425"	0.959729521769356	348	1.01000808419688
"rs549431"	0.959729521769356	348	1.01000808419688
"rs549437"	0.959729521769356	348	1.01000808419688
"rs549440"	0.959729521769356	348	1.01000808419688
"rs492329"	0.95975003422466	348	0.992895765133704
"rs2160215"	0.959759993868072	348	1.00887531579968
"rs1608928"	0.959773094657862	348	0.985807608708834
"rs1163212"	0.959784352213129	348	1.10179996363205
"rs1578547"	0.959807937252074	348	1.01497491834823
"rs1357436"	0.959846342511909	348	1.01023235579144
"rs304656"	0.959870303049226	348	1.00850060377161
"rs729362"	0.959903363062931	348	1.00896549757133
"rs1119119"	0.959903363062931	348	1.00896549757133
"rs1802239"	0.959903363062931	348	1.00896549757133
"rs1982695"	0.959903363062931	348	1.00896549757133
"rs1480248"	0.959941247193331	348	1.01577742285056
"rs21652"	0.959950446086256	348	1.00288505970885
"rs2219758"	0.959957857689388	348	0.987998743744939
"rs1608837"	0.959972403833168	348	0.98586648437099
"rs1764602"	0.959991501473767	348	1.01050963233354
"rs2035327"	0.959993759189602	348	1.01223546532052
"rs1949956"	0.960026181851767	348	1.00919047456955
"rs1741413"	0.960050691412984	348	0.992172073249067
"rs142391"	0.960090749045355	348	1.00876172413855
"rs1716115"	0.960117719561536	348	1.0134028142392
"rs1836621"	0.960127087487379	348	1.00770758465924
"rs498796"	0.96018073947091	348	1.01128734896786
"rs2118852"	0.960203205894189	348	0.992548002741568
"rs1116564"	0.960205375688565	348	0.991067179688143
"rs658500"	0.960222921428152	348	1.01977922388923
"rs275612"	0.960223143603233	348	1.00627452916029
"rs1801019"	0.960232012362584	348	1.01125511033276
"rs1765171"	0.960297863168525	348	1.00949276242308
"rs1121964"	0.960315053267894	348	1.00355644988389
"rs328024"	0.960330998878451	348	1.01022231823363
"rs1713740"	0.960430590271591	348	1.00748322514331
"rs1825884"	0.960456865909136	348	0.984118146190638
"rs1825909"	0.960456865909136	348	0.984118146190638
"rs959419"	0.960464392232733	348	0.981699258555243
"rs304653"	0.960473965574111	348	1.00836794087523
"rs427542"	0.960595403383714	348	0.992078068899557
"rs1038950"	0.960600608696776	348	0.989309388660454
"rs1038953"	0.960600608696776	348	0.989309388660454
"rs390021"	0.960613695850877	348	0.990663254110921
"rs33735"	0.960640888352783	348	1.01996512112896
"rs33738"	0.960640888352783	348	1.01996512112896
"rs33888"	0.960640888352783	348	1.01996512112896
"rs99278"	0.960643320430143	348	0.990260101103485
"rs1792964"	0.960658890160578	348	1.01015541799012
"rs329968"	0.960695035053559	348	1.00857098298934
"rs329971"	0.960695035053559	348	1.00857098298934
"rs940139"	0.960768433999257	348	0.985670990521472
"rs1702467"	0.960784724716186	348	1.00879420181309
"rs1702469"	0.960784724716186	348	1.00879420181309
"rs1702473"	0.960784724716186	348	1.00879420181309
"rs1702476"	0.960784724716186	348	1.00879420181309
"rs1702479"	0.960784724716186	348	1.00879420181309
"rs1702481"	0.960784724716186	348	1.00879420181309
"rs1702482"	0.960784724716186	348	1.00879420181309
"rs1899805"	0.960798842184735	348	0.985141350341494
"rs229686"	0.960804257698348	348	1.02191027838281
"rs1333125"	0.960805872008173	348	1.0161599541006
"rs2089380"	0.960837050258238	348	1.01249843854306
"rs2089382"	0.960837050258238	348	1.01249843854306
"rs1814808"	0.96084975346515	348	0.992248237562872
"rs247337"	0.960890004409269	348	0.987632563893107
"rs1655140"	0.960890708115027	348	0.987868659527126
"rs1655152"	0.960890708115027	348	0.987868659527126
"rs1662525"	0.960894589012132	348	1.01657674431139
"rs1775305"	0.960917788376915	348	1.00958509330929
"rs1114337"	0.960919380438845	348	1.00808788144286
"rs633415"	0.960928336230952	348	0.990933870038528
"rs2221097"	0.960932190065341	348	1.01277706483675
"rs1315018"	0.960982974863206	348	0.976207687581347
"rs606824"	0.960982974863209	348	0.976207687581349
"rs902971"	0.960983155327744	348	0.989129730553566
"rs1319676"	0.961000438931172	348	0.975949176155977
"rs1319821"	0.961000438931172	348	0.975949176155977
"rs1637066"	0.961023381617543	348	0.993547014734751
"rs102502"	0.961038003121845	348	1.0075728172824
"rs1039250"	0.961041144008185	348	1.01745672671254
"rs1205604"	0.961048297135362	348	0.996847271214826
"rs1088128"	0.961112128205302	348	1.01020898765908
"rs642470"	0.961118616675426	348	1.0103599351647
"rs566352"	0.961121847829562	348	1.00628584442237
"rs2120693"	0.961125371584816	348	1.00845238788826
"rs675923"	0.961153858701332	348	0.987173924229401
"rs518420"	0.961168383432818	348	1.00929935221016
"rs744905"	0.961177600602398	348	1.00953596892056
"rs1963531"	0.961183198653914	348	0.994777732062382
"rs1306880"	0.961207586029104	348	1.01013911079381
"rs338919"	0.961294543780171	348	0.986917746683475
"rs1161639"	0.961342107540683	348	0.99116291820131
"rs1161648"	0.961342107540683	348	0.99116291820131
"rs1161651"	0.961342107540683	348	0.99116291820131
"rs1161663"	0.961342107540683	348	0.99116291820131
"rs1894823"	0.961364378660452	348	1.01244972634734
"rs1770072"	0.961370793373531	348	1.00925930969153
"rs470400"	0.96137332773247	348	1.01476522779602
"rs307086"	0.961424138234513	348	1.01513076856417
"rs83330"	0.961466030139113	348	0.988771428563562
"rs128099"	0.961490499952046	348	1.00955500625089
"rs492680"	0.961504884580722	348	0.991733454718081
"rs1962077"	0.961526858363909	348	0.989475595942789
"rs1962078"	0.961526858363909	348	0.989475595942789
"rs575375"	0.961562524374182	348	0.989593153641988
"rs549558"	0.961634147086136	348	0.991854158812966
"rs549563"	0.961634147086136	348	0.991854158812966
"rs549578"	0.961634147086136	348	0.991854158812966
"rs549599"	0.961634147086136	348	0.991854158812966
"rs277998"	0.961653395391992	348	1.01347978659754
"rs2087050"	0.961655771481919	348	1.00396774312228
"rs433606"	0.96167895557121	348	0.971750538336712
"rs344786"	0.961710921561635	348	0.987932731314135
"rs912672"	0.961717104785667	348	1.00999982992135
"rs1945450"	0.96172934719273	348	1.01581508935207
"rs327034"	0.961746608909591	348	1.00474485549841
"rs1121898"	0.961756124963909	348	0.996657226217947
"rs639145"	0.961802416833649	348	1.01345629163499
"rs2192139"	0.961856407395219	348	1.01436359288267
"rs341614"	0.96187030881541	348	0.98956720001252
"rs1071563"	0.961889795673383	348	0.988437211119416
"rs2089875"	0.961898925456036	348	1.00344059997748
"rs795260"	0.96190287368941	348	0.992206688658194
"rs2193588"	0.96191225546303	348	1.00866570627724
"rs470849"	0.961988080901521	348	0.993303954518406
"rs1575110"	0.961995527572563	348	1.00729144069005
"rs1005426"	0.962017198991538	348	1.01205116543002
"rs517737"	0.962024865868309	348	1.01471882373279
"rs609809"	0.962076987799266	348	0.983054255607221
"rs1769728"	0.962077399620583	348	1.00910284368877
"rs1115129"	0.962106770557008	348	0.992848525162405
"rs1707869"	0.962114638740226	348	0.987131430440924
"rs1986073"	0.962119204052274	348	1.0120927590224
"rs106239"	0.962130178665929	348	0.986731695770423
"rs945209"	0.962131341089078	348	0.991245145403841
"rs420741"	0.962155743275991	348	1.01025224614355
"rs1562099"	0.962174230916656	348	0.991409597983526
"rs1765801"	0.96223173087956	348	0.990926185293008
"rs1766100"	0.96223173087956	348	0.990926185293008
"rs1769549"	0.96223173087956	348	0.990926185293008
"rs1822808"	0.962239772271678	348	0.989998155424793
"rs1735661"	0.962241575622122	348	0.990372736269649
"rs1954575"	0.962242933923422	348	1.00959774764064
"rs1678285"	0.962244706435661	348	0.992212542024788
"rs722783"	0.962282501552921	348	1.00988216262494
"rs132129"	0.962299938935042	348	0.978237631406272
"rs486787"	0.962300896265144	348	0.991136220733229
"rs486820"	0.962300896265144	348	0.991136220733229
"rs741471"	0.962301273642865	348	0.990159012434388
"rs209960"	0.962372236818161	348	1.01631529268147
"rs271078"	0.962415637741326	348	1.01010111859544
"rs306054"	0.962417673403002	348	1.01531793345088
"rs306196"	0.962417673403002	348	1.01531793345088
"rs845094"	0.96247017951661	348	0.99672969654659
"rs798572"	0.962487944244592	348	1.00969384293662
"rs798735"	0.962487944244592	348	1.00969384293662
"rs1131807"	0.962500938153444	348	1.0122535438684
"rs1899111"	0.962527289501139	348	1.00851308896824
"rs83416"	0.962527969833892	348	1.01109528144344
"rs546541"	0.962538763098364	348	1.00756974563533
"rs1326829"	0.962544641121702	348	0.990253953806232
"rs1326844"	0.962544641121702	348	0.990253953806232
"rs1936254"	0.962567250319761	348	0.989881995917319
"rs1936440"	0.962567250319761	348	0.989881995917319
"rs1790967"	0.9625707580247	348	0.991888984905039
"rs1791047"	0.9625707580247	348	0.991888984905039
"rs179516"	0.962608281219425	348	0.992750308468143
"rs179517"	0.962608281219425	348	0.992750308468143
"rs179522"	0.962608281219425	348	0.992750308468143
"rs179525"	0.962608281219425	348	0.992750308468143
"rs179543"	0.962608281219425	348	0.992750308468143
"rs179585"	0.962608281219425	348	0.992750308468143
"rs1637564"	0.962638221996105	348	0.980057651939243
"rs993047"	0.962658891820834	348	0.981791858767557
"rs418951"	0.962713830712367	348	0.989210915454156
"rs462678"	0.962731656337764	348	0.989590472690223
"rs458492"	0.962757656117579	348	1.01137621159521
"rs697930"	0.962786486682431	348	0.991106056971689
"rs876660"	0.962808561729202	348	1.01010032966177
"rs1833593"	0.962815746528206	348	0.976190593020832
"rs579107"	0.96282874390809	348	1.00818334725632
"rs498041"	0.962835052451321	348	0.986965657983578
"rs1565673"	0.962862172250808	348	1.00827082843094
"rs1565676"	0.962862172250808	348	1.00827082843094
"rs751353"	0.962903146628413	348	1.00791733613963
"rs1060607"	0.962906639751199	348	1.01265647797508
"rs1360350"	0.962907868142604	348	0.989991608424897
"rs837620"	0.963025782221334	348	1.00919932594995
"rs475750"	0.963041057594109	348	0.988954644701233
"rs475767"	0.963041057594109	348	0.988954644701233
"rs475779"	0.963041057594109	348	0.988954644701233
"rs807858"	0.963065215616515	348	0.987450491475559
"rs553767"	0.963070913579759	348	0.990806204461122
"rs2160024"	0.963083636575962	348	0.995000831446083
"rs461473"	0.963094612047241	348	0.991531594408327
"rs2120765"	0.963102933035252	348	0.993628741637031
"rs352510"	0.963139167173185	348	0.988807959744506
"rs1610957"	0.96317539592752	348	1.00679326040047
"rs2094113"	0.963198510487431	348	1.00454627968401
"rs1804174"	0.963209907983759	348	1.00916283770412
"rs533619"	0.963321041571393	348	1.01096248624112
"rs1802412"	0.963336222340069	348	1.00752821954024
"rs1763962"	0.963362894074354	348	1.00850898343928
"rs574640"	0.963372433137747	348	0.988441449762018
"rs1115912"	0.963375337091383	348	1.00952609135348
"rs1895526"	0.963378590475976	348	0.991427297231699
"rs2215138"	0.963439275997439	348	1.0091920794056
"rs1045544"	0.963442906751914	348	1.01356156577149
"rs2219188"	0.963447614011956	348	0.988901225990049
"rs519609"	0.963447718032512	348	0.988694421459687
"rs519613"	0.963447718032512	348	0.988694421459687
"rs519615"	0.963447718032512	348	0.988694421459687
"rs519623"	0.963447718032512	348	0.988694421459687
"rs519629"	0.963447718032512	348	0.988694421459687
"rs519632"	0.963447718032512	348	0.988694421459687
"rs519633"	0.963447718032512	348	0.988694421459687
"rs519635"	0.963447718032512	348	0.988694421459687
"rs519641"	0.963447718032512	348	0.988694421459687
"rs519644"	0.963447718032512	348	0.988694421459687
"rs468740"	0.963468657868601	348	1.01057938544267
"rs395353"	0.963473968130202	348	1.01315829798181
"rs826599"	0.963501996293313	348	0.992945021761905
"rs826605"	0.963501996293313	348	0.992945021761905
"rs826602"	0.963501996293315	348	0.992945021761906
"rs890932"	0.963504546904229	348	0.996202409414947
"rs891822"	0.963519367518423	348	1.00974962768159
"rs84004"	0.963530289651291	348	1.0069178373892
"rs84013"	0.963530289651291	348	1.0069178373892
"rs1121747"	0.963547092408934	348	0.993499922890308
"rs764742"	0.963555113688755	348	0.994137224928206
"rs978645"	0.963555544915921	348	0.992461350880565
"rs2189326"	0.963576795810897	348	0.988871708729459
"rs1573071"	0.963652261155725	348	1.00946389813274
"rs278241"	0.963674789174905	348	0.990317813055714
"rs391249"	0.963698617928237	348	1.01251587998915
"rs1064527"	0.963710728062539	348	0.990238625350052
"rs2109320"	0.963722080772491	348	1.01146202302155
"rs449241"	0.963729467174185	348	1.00213434505672
"rs341829"	0.963740361454379	348	0.989992215083376
"rs88099"	0.963756129088572	348	0.992370493486672
"rs510679"	0.963782427395327	348	0.98770395597412
"rs1116063"	0.963808115842365	348	1.01673902700109
"rs1116084"	0.963808115842365	348	1.01673902700109
"rs1116090"	0.963808115842365	348	1.01673902700109
"rs1116093"	0.963808115842365	348	1.01673902700109
"rs1116102"	0.963808115842365	348	1.01673902700109
"rs1116126"	0.963808115842365	348	1.01673902700109
"rs1116450"	0.963808115842393	348	1.01673902700108
"rs1802309"	0.963819439053344	348	0.993222163559057
"rs238635"	0.963824213187613	348	0.991745881404484
"rs1142226"	0.963847855638915	348	1.00715978409229
"rs1465711"	0.963849354221251	348	0.990479563963005
"rs1465714"	0.963849354221251	348	0.990479563963005
"rs634440"	0.963873089854246	348	0.991795339431506
"rs2019008"	0.963890300058326	348	1.02015025748114
"rs1694025"	0.963890300058329	348	1.02015025748113
"rs578828"	0.963910027035364	348	0.993792168729566
"rs840263"	0.963923635870975	348	1.01174805935791
"rs840266"	0.963923635870975	348	1.01174805935791
"rs1815882"	0.964024815932819	348	0.983179177313194
"rs544991"	0.964038765682622	348	1.00661693621993
"rs544994"	0.964038765682622	348	1.00661693621993
"rs434906"	0.964048289283005	348	1.00859315504537
"rs1375015"	0.964055250055638	348	1.01286663815829
"rs318844"	0.96405661268198	348	0.799220811831234
"rs2109343"	0.964113798552229	348	1.01133927677191
"rs2109344"	0.964113798552229	348	1.01133927677191
"rs1816879"	0.964124496634908	348	0.993932357750938
"rs24229"	0.96414270329193	348	0.981547667590923
"rs1162979"	0.964154503824306	348	1.00944551604256
"rs1163032"	0.964154503824306	348	1.00944551604256
"rs620810"	0.964173211577673	348	1.00972485154179
"rs551139"	0.964197980441844	348	1.01263954513502
"rs819428"	0.964226329536276	348	1.01213345732289
"rs819430"	0.964226329536276	348	1.01213345732289
"rs1886361"	0.964228206630435	348	1.03263043407601
"rs1824379"	0.964262990020312	348	1.0114851935079
"rs853699"	0.964281650149698	348	1.01030091626835
"rs853700"	0.964281650149698	348	1.01030091626835
"rs853709"	0.964281650149698	348	1.01030091626835
"rs574840"	0.964307556061606	348	0.988625240977585
"rs60324"	0.964333522960077	348	1.01275350632434
"rs741490"	0.964345144833465	348	0.992454092897683
"rs556693"	0.964361426362992	348	1.01076970346565
"rs2112966"	0.964381290404825	348	0.992554182978049
"rs2112984"	0.964381290404825	348	0.992554182978049
"rs2113005"	0.964381290404825	348	0.992554182978049
"rs2113008"	0.964381290404825	348	0.992554182978049
"rs1462468"	0.96441609954606	348	0.98938431101653
"rs484213"	0.964419625594691	348	1.00897006456139
"rs484218"	0.964419625594691	348	1.00897006456139
"rs484219"	0.964419625594691	348	1.00897006456139
"rs1015463"	0.964435151052824	348	1.00980217570749
"rs418658"	0.964437393463997	348	1.00729670530223
"rs445127"	0.964442352502434	348	0.997329570581346
"rs1840386"	0.964443125394029	348	0.988058114085554
"rs322587"	0.964459912920551	348	1.00654206684914
"rs554578"	0.964546915498744	348	1.00971137375211
"rs42568"	0.964547123493947	348	0.996327863841883
"rs1146288"	0.964548600616971	348	1.00899663452407
"rs2173197"	0.964558350687918	348	0.994045577431759
"rs307069"	0.964574736000164	348	1.01387322161116
"rs1609073"	0.964575317403657	348	0.987367183444718
"rs391361"	0.964592963064236	348	1.01219897691855
"rs418301"	0.964600744328406	348	1.0091343207738
"rs420681"	0.964611064918811	348	0.993152532273159
"rs420684"	0.964611064918811	348	0.993152532273159
"rs1088039"	0.964677701783098	348	0.990485082315111
"rs146214"	0.964684372923287	348	1.00380643948742
"rs1167353"	0.964710782929463	348	1.00605380069435
"rs562269"	0.964715303707822	348	0.995193926211096
"rs1742526"	0.964720218007562	348	1.00973023649904
"rs1742527"	0.964720218007562	348	1.00973023649904
"rs1742533"	0.964720218007562	348	1.00973023649904
"rs1742536"	0.964720218007562	348	1.00973023649904
"rs517258"	0.964747368170703	348	0.993292496037031
"rs906709"	0.964786605151535	348	1.00816803721434
"rs994457"	0.964787459817139	348	0.993526586616807
"rs994460"	0.964787459817139	348	0.993526586616807
"rs534435"	0.964797626562102	348	0.992998289677004
"rs809523"	0.964815079910165	348	0.996175937764926
"rs1743323"	0.964840802969774	348	1.00799280756303
"rs517367"	0.964843249748983	348	1.02350756206108
"rs300077"	0.964843249748985	348	0.977032351364615
"rs1655596"	0.964865141503723	348	0.990112402807943
"rs1793800"	0.964880613313573	348	1.00749718684762
"rs574794"	0.964880656097473	348	1.01072667287389
"rs546052"	0.964907069782493	348	1.01327634036058
"rs1588686"	0.964914771053058	348	0.992538364448523
"rs2172824"	0.964920160681047	348	0.997828149115609
"rs2106821"	0.964924274149975	348	1.01112038420087
"rs514530"	0.964924843964093	348	0.990960450674403
"rs1461136"	0.964940945196632	348	1.00762931909705
"rs1461138"	0.964940945196632	348	1.00762931909705
"rs1461150"	0.964940945196632	348	1.00762931909705
"rs98418"	0.964963148070929	348	1.01181844904503
"rs301896"	0.964968655234731	348	1.00796868288356
"rs372526"	0.964986003249271	348	1.01067193099279
"rs1833256"	0.96501045343197	348	1.01310549466602
"rs1829441"	0.96501205708791	348	0.986028529273271
"rs808277"	0.965038716707953	348	1.00861172492801
"rs920262"	0.965052499043011	348	0.9899426147957
"rs562508"	0.965056878262836	348	1.01331615586866
"rs82439"	0.965077723203366	348	0.989915005810844
"rs1441197"	0.965095220591252	348	0.984609102490763
"rs81806"	0.965096094537455	348	1.01054602428324
"rs1755550"	0.965149402760486	348	0.98922677920674
"rs823995"	0.965279342085843	348	0.99243081132745
"rs1687765"	0.965303702619013	348	0.99278852512887
"rs2091480"	0.965363020769598	348	0.99041794456586
"rs1333189"	0.965386336190268	348	1.01632457147716
"rs217502"	0.965396825603405	348	1.01071348183276
"rs418675"	0.96543513643471	348	0.993079184879767
"rs632245"	0.965449650075627	348	1.00760146214248
"rs1316204"	0.965474582409936	348	1.00696038333446
"rs850226"	0.965476470580852	348	1.00957050564149
"rs850232"	0.965476470580852	348	1.00957050564149
"rs1764797"	0.965478630870377	348	0.991957642570601
"rs341170"	0.965493891311187	348	1.00884199080577
"rs341173"	0.965493891311187	348	1.00884199080577
"rs341194"	0.965493891311187	348	1.00884199080577
"rs341195"	0.965493891311187	348	1.00884199080577
"rs1796457"	0.965498727069087	348	1.01613138314891
"rs891246"	0.965499676897748	348	1.00795346022722
"rs356782"	0.965551878826884	348	0.991537479157287
"rs9016"	0.965594748736233	348	0.986761974879418
"rs1117665"	0.965649756747225	348	0.989811481554616
"rs892640"	0.965652959198264	348	0.987611113841044
"rs879066"	0.965657288514863	348	0.982006868052461
"rs1005430"	0.965657288514875	348	0.982006868052467
"rs1005538"	0.965657288514875	348	0.982006868052467
"rs918317"	0.965671565651562	348	0.990633856494378
"rs1672886"	0.965692182381546	348	1.0033287081446
"rs940256"	0.965731825252607	348	0.987989323300351
"rs1964102"	0.965732857710304	348	1.00975482694388
"rs856226"	0.965774068628009	348	1.0061613706526
"rs1428725"	0.965861191533715	348	0.991584726488084
"rs554667"	0.965939751273471	348	0.984980610596041
"rs742757"	0.965959071410985	348	0.993582653027605
"rs495607"	0.965962447991297	348	0.995538341663646
"rs1837565"	0.965963741229264	348	1.00869672638739
"rs853304"	0.965966047062263	348	0.989795955218187
"rs578867"	0.966014893449309	348	1.0059688008934
"rs578868"	0.966014893449309	348	1.0059688008934
"rs836090"	0.966019405517996	348	1.00813921146172
"rs1336763"	0.966054927118327	348	1.00785586774303
"rs512335"	0.966122500031724	348	0.990307534643357
"rs306070"	0.966133229507193	348	1.01378384980492
"rs1055699"	0.966139220241811	348	1.00534197439658
"rs1873458"	0.966142955687283	348	0.988880549513515
"rs1654187"	0.966145241135824	348	1.00935041691094
"rs150011"	0.966160526321282	348	0.992042043537107
"rs150013"	0.966160526321282	348	0.992042043537107
"rs1902139"	0.966165968495067	348	0.984177434064798
"rs375893"	0.966205340070513	348	0.989072578229382
"rs627811"	0.966228567063287	348	1.0089325043629
"rs1398162"	0.966229072536886	348	1.00882231041949
"rs1358449"	0.966237003359503	348	1.0103972601201
"rs1769739"	0.966241195841993	348	1.00805093867512
"rs137274"	0.966241342898615	348	1.01576173513008
"rs1963522"	0.966255631327101	348	1.01584205705635
"rs305578"	0.966273289507817	348	1.0124457392926
"rs939445"	0.966295569959122	348	0.988189257271328
"rs808175"	0.966312274384934	348	0.990917974795598
"rs1783966"	0.96632587082521	348	0.991542779194186
"rs1401317"	0.966442375322157	348	1.01522094339952
"rs1401566"	0.966442375322157	348	1.01522094339952
"rs120727"	0.966467421961297	348	1.00383587011015
"rs1367988"	0.966481608467926	348	1.00873307612284
"rs1618105"	0.966551549471259	348	1.00603207041042
"rs617248"	0.966573567509565	348	0.987352611735478
"rs1399701"	0.966585782204504	348	0.986656090374638
"rs92767"	0.966624104363583	348	0.986294476378861
"rs1633694"	0.966624242796465	348	0.990266117355425
"rs1677966"	0.966632891709626	348	1.01533161106394
"rs943791"	0.966634219052357	348	1.0081406993295
"rs719531"	0.966642149116724	348	1.00757681130825
"rs719537"	0.966642149116724	348	1.00757681130825
"rs1844420"	0.966675356796634	348	1.00827983261702
"rs22859"	0.966678193268351	348	0.988259186398404
"rs961127"	0.966760266916841	348	0.98142249786756
"rs1384984"	0.966760266916846	348	0.981422497867563
"rs130221"	0.966772875516431	348	1.00370714504637
"rs2103934"	0.966795017037444	348	1.00917550034861
"rs2103962"	0.966795017037444	348	1.00917550034861
"rs1776525"	0.966803447411993	348	0.991883424164749
"rs1734293"	0.966817153383943	348	0.992958374222375
"rs1325570"	0.96682872671777	348	0.990865265850419
"rs1325576"	0.96682872671777	348	0.990865265850419
"rs1325578"	0.96682872671777	348	0.990865265850419
"rs1325600"	0.96682872671777	348	0.990865265850419
"rs1325606"	0.96682872671777	348	0.990865265850419
"rs629781"	0.966836009247279	348	0.992776511489871
"rs94910"	0.96685030170311	348	0.991926453216801
"rs468310"	0.966862790316299	348	0.987985302324395
"rs2169458"	0.966863207098939	348	0.994870767736482
"rs1203017"	0.966869691771741	348	1.00782830107065
"rs1203132"	0.966869691771741	348	1.00782830107065
"rs1128511"	0.966891721203375	348	1.00983202508956
"rs1318823"	0.966896666666258	348	1.00861435068794
"rs405343"	0.96694300705612	348	1.00952649550332
"rs1774221"	0.96695072242381	348	0.986974221572356
"rs2009287"	0.966954215122582	348	1.01305952058696
"rs2009290"	0.966954215122582	348	1.01305952058696
"rs857375"	0.966969932078827	348	1.00668871354003
"rs857376"	0.966969932078827	348	1.00668871354003
"rs857379"	0.966969932078827	348	1.00668871354003
"rs857413"	0.966969932078827	348	1.00668871354003
"rs857436"	0.966969932078827	348	1.00668871354003
"rs857478"	0.966969932078827	348	1.00668871354003
"rs857487"	0.966969932078827	348	1.00668871354003
"rs1528794"	0.967020413012795	348	0.988287335740137
"rs1637347"	0.967020527099023	348	0.996181861783816
"rs503825"	0.96707591181245	348	0.992800150668801
"rs1738441"	0.967082003160725	348	0.979103941263394
"rs1315814"	0.967088181709512	348	1.01044027466319
"rs952666"	0.967135774382782	348	0.989038335714732
"rs1741915"	0.967166266449015	348	1.00692502457701
"rs304960"	0.9671818737305	348	1.06026703277024
"rs994490"	0.967191450742331	348	1.00685883131998
"rs123081"	0.967226902385395	348	1.00916642769233
"rs1070683"	0.967231711631397	348	1.00844342139964
"rs352396"	0.967270484390081	348	1.010056864856
"rs636388"	0.967273079848648	348	0.991865750046084
"rs636395"	0.967273079848648	348	0.991865750046084
"rs636397"	0.967273079848648	348	0.991865750046084
"rs579473"	0.967297469385311	348	0.990962628899058
"rs341754"	0.967348681182494	348	0.990970744327372
"rs2182006"	0.967389730850532	348	0.992892083886767
"rs56116"	0.967396575297365	348	0.99220851837087
"rs1978213"	0.967472977416396	348	1.01031176850582
"rs2072800"	0.967509608071005	348	1.01439542873035
"rs2072806"	0.967509608071005	348	1.01439542873035
"rs1649199"	0.967516016339955	348	0.984490774970396
"rs1649200"	0.967516016339955	348	0.984490774970396
"rs857796"	0.967522268277784	348	0.990371711997947
"rs574022"	0.967554861656886	348	0.984191016334723
"rs1822676"	0.967597069791731	348	0.994572246603845
"rs548381"	0.967600145038857	348	0.992788002286524
"rs548426"	0.967600145038857	348	0.992788002286524
"rs121669"	0.967641958918827	348	1.01093026854472
"rs121673"	0.967641958918827	348	1.01093026854472
"rs830951"	0.967686783133403	348	0.993515614630813
"rs513304"	0.967700030265777	348	0.99143163154435
"rs514027"	0.967700030265778	348	0.991431631544351
"rs1859039"	0.967720091423588	348	0.992645731391101
"rs2160448"	0.967720826758044	348	0.995425015726207
"rs2160571"	0.967720826758044	348	0.995425015726207
"rs1590485"	0.967774971772968	348	1.00998224923608
"rs1590486"	0.967774971772968	348	1.00998224923608
"rs456286"	0.967806266654932	348	0.990788756438598
"rs2121152"	0.967855411461351	348	1.00720591917924
"rs744615"	0.96787201981354	348	0.992090318737314
"rs744624"	0.96787201981354	348	0.992090318737314
"rs744627"	0.96787201981354	348	0.992090318737314
"rs818826"	0.967887436739893	348	1.00678283614317
"rs818838"	0.967887436739893	348	1.00678283614317
"rs818893"	0.967887436739893	348	1.00678283614317
"rs133293"	0.967895316506702	348	1.02902375336129
"rs581646"	0.967960833275781	348	0.983145372556253
"rs801510"	0.967960833275781	348	0.983145372556253
"rs1738552"	0.967962417230244	348	0.994033768126334
"rs2119796"	0.967964378037815	348	0.994728560674659
"rs1790370"	0.967970111943978	348	0.99558227182449
"rs82129"	0.967996927604656	348	0.990686626369377
"rs82577"	0.967996927604656	348	0.990686626369377
"rs1738194"	0.968020267615235	348	0.979691690022616
"rs1655582"	0.968072884833656	348	0.989953168866359
"rs850436"	0.968092850045739	348	1.00886389758416
"rs1825897"	0.968102575187931	348	0.990625095957334
"rs1655529"	0.968106807170039	348	1.01004925377047
"rs1264723"	0.968131431115667	348	1.00609137148008
"rs648959"	0.968161234405836	348	1.00389311652953
"rs2118111"	0.968241325653823	348	0.988602580224209
"rs351572"	0.968251202433926	348	0.988869667570797
"rs1146381"	0.968280844872296	348	1.00795603088767
"rs1146386"	0.968280844872296	348	1.00795603088767
"rs942802"	0.968345154983227	348	0.996121194964067
"rs829600"	0.968391749104857	348	0.994270475114502
"rs633653"	0.968396208276946	348	0.994298783840911
"rs848761"	0.968411378911193	348	1.00771420091437
"rs1881602"	0.968417816936745	348	1.00804658130375
"rs1881605"	0.968417816936745	348	1.00804658130375
"rs1976421"	0.968430199987249	348	1.01257254343289
"rs123188"	0.968453578900987	348	0.993229243070481
"rs1459631"	0.968526059260667	348	1.00945007764599
"rs648865"	0.968534383110418	348	1.00589034739677
"rs1449733"	0.968547246438612	348	0.992879447136688
"rs58188"	0.968561096929573	348	1.01348702026554
"rs610914"	0.968564640488652	348	1.01571244768083
"rs2040840"	0.968582467196863	348	0.991877191908176
"rs872560"	0.968605819821905	348	0.984856835740663
"rs872833"	0.968605819821905	348	0.984856835740663
"rs613086"	0.968691267749975	348	1.00807743655687
"rs490502"	0.96871674687468	348	0.992576942226661
"rs511233"	0.968718163259943	348	1.00925900328411
"rs2170675"	0.968719828009457	348	0.995686316340842
"rs899602"	0.968721248042225	348	0.974072618416893
"rs553288"	0.968757081120062	348	1.00682559487773
"rs553291"	0.968757081120062	348	1.00682559487773
"rs553303"	0.968757081120062	348	1.00682559487773
"rs778695"	0.968771865128889	348	1.01017614351157
"rs787155"	0.968771865128889	348	1.01017614351157
"rs769566"	0.96878917675308	348	0.993454181179959
"rs1016510"	0.968801122419623	348	0.988162982647088
"rs434536"	0.968809147390047	348	0.985615374820794
"rs434809"	0.968809147390047	348	0.985615374820794
"rs342685"	0.968810801761976	348	0.988126504782934
"rs342715"	0.968810801761976	348	0.988126504782934
"rs342830"	0.968810801761976	348	0.988126504782934
"rs1464172"	0.968819771889646	348	1.00976011135278
"rs1464275"	0.968819771889646	348	1.00976011135278
"rs1790232"	0.968821081094561	348	0.994038920908884
"rs344699"	0.968837378297758	348	1.01003839368339
"rs395164"	0.96884440304388	348	1.00898597189334
"rs1000045"	0.968854236218068	348	0.992988462749184
"rs1385428"	0.968890496973318	348	1.00910899937702
"rs1743185"	0.96894965065353	348	0.992323643678785
"rs1205625"	0.968955226991814	348	0.996982584139279
"rs227614"	0.968968718411168	348	1.0085739787114
"rs227650"	0.968968718411168	348	1.0085739787114
"rs553261"	0.969005139931952	348	1.00677127037202
"rs553324"	0.969005139931952	348	1.00677127037202
"rs1103875"	0.969015633556265	348	0.989996399886095
"rs267063"	0.969057385262426	348	0.988223769893441
"rs601724"	0.96905789793947	348	0.988197822849566
"rs168011"	0.969061013317812	348	0.99394870433364
"rs835678"	0.969062470341997	348	1.01016950533811
"rs1882721"	0.969088557575823	348	0.991343001651619
"rs2008678"	0.969096401807124	348	0.993446632049326
"rs295147"	0.969135776530215	348	0.982490393857472
"rs2099556"	0.969165730273232	348	1.00529241244481
"rs395365"	0.969181349433986	348	1.00869312241829
"rs395377"	0.969181349433986	348	1.00869312241829
"rs616870"	0.969212814855286	348	0.990668380275162
"rs616876"	0.969212814855286	348	0.990668380275162
"rs616899"	0.969212814855286	348	0.990668380275162
"rs487297"	0.969225809735566	348	0.981467125548014
"rs395908"	0.969225809735569	348	0.981467125548016
"rs754480"	0.969225809735569	348	0.981467125548016
"rs1879370"	0.969225809735569	348	0.981467125548016
"rs1978594"	0.969225809735569	348	0.981467125548016
"rs2093903"	0.969274045272171	348	1.00725680219368
"rs1857211"	0.96933156845496	348	0.996560208095053
"rs880281"	0.969402164204124	348	0.992064768771494
"rs1127176"	0.96942814117031	348	1.00591945651692
"rs976450"	0.969468163580685	348	1.01314721094267
"rs352316"	0.969469874713747	348	1.00933410674052
"rs943032"	0.969472912385251	348	0.995098780702051
"rs613171"	0.969488135696751	348	0.989923988983371
"rs553306"	0.96949087185269	348	1.00666488422205
"rs52196"	0.969505441967563	348	0.99362238647445
"rs2150950"	0.969532080189485	348	1.00647536309134
"rs3125"	0.969544398069159	348	1.00556641287643
"rs1802283"	0.969552400803528	348	1.00666488756234
"rs175659"	0.969576732730775	348	1.02297936063887
"rs895226"	0.969576732730777	348	1.02297936063887
"rs892980"	0.969576732730779	348	1.02297936063887
"rs1390936"	0.969613459037787	348	1.01106700865455
"rs1196234"	0.969628290669368	348	0.993074436380998
"rs949878"	0.969656204533143	348	1.00853025017134
"rs93401"	0.969704633537914	348	1.00414211398828
"rs35127"	0.969711900671617	348	0.99190492709684
"rs35133"	0.969711900671617	348	0.99190492709684
"rs35142"	0.969711900671617	348	0.99190492709684
"rs347235"	0.969745535201341	348	1.01194175184543
"rs704373"	0.969773984046107	348	1.00863534999883
"rs1623685"	0.969774952947735	348	1.00881147917321
"rs913188"	0.969778793656144	348	1.00995190274345
"rs461801"	0.969792771738216	348	1.02041842022975
"rs774162"	0.969792771738216	348	1.02041842022975
"rs2065917"	0.969792771738216	348	1.02041842022975
"rs2065981"	0.969792771738216	348	1.02041842022975
"rs2066467"	0.969792771738216	348	1.02041842022975
"rs546187"	0.969797330810513	348	1.00855500396165
"rs305922"	0.96982379609489	348	1.01226439429852
"rs1104555"	0.969908505124586	348	0.993582332627088
"rs1294671"	0.969931468648301	348	1.00580319753703
"rs1882723"	0.969966207898806	348	0.991590085235249
"rs1882724"	0.969966207898806	348	0.991590085235249
"rs722661"	0.969993954970086	348	0.992229116038033
"rs549191"	0.969998056682517	348	0.988847882042806
"rs702105"	0.970092775130729	348	1.0057743627893
"rs222495"	0.970102376825669	348	0.990260518188549
"rs1710579"	0.970135992072941	348	0.993072800348086
"rs1100453"	0.970159415868985	348	0.992911271213874
"rs1740513"	0.970204598010696	348	0.993497452301342
"rs1294209"	0.970209329190881	348	1.00779864003638
"rs265150"	0.970212225283674	348	0.990677151469774
"rs1442928"	0.970218773813052	348	1.00629706980718
"rs1471550"	0.970228881921802	348	0.978777615371856
"rs1328106"	0.970243222171633	348	0.992768118732273
"rs610801"	0.970258976160194	348	1.01033424358227
"rs959526"	0.970261595361843	348	0.990113689930936
"rs1799073"	0.970264094029664	348	0.990101798819025
"rs1739292"	0.970264594664734	348	0.992259358185738
"rs1964477"	0.970273492624354	348	1.00166213941315
"rs635691"	0.970304378646313	348	0.993324556999292
"rs1987868"	0.97033537387708	348	0.993333840998781
"rs2112100"	0.97035222924644	348	0.992005802872184
"rs83064"	0.97037674585702	348	0.99125904334605
"rs1825892"	0.970410499581042	348	0.983708014368854
"rs1825982"	0.970410499581042	348	0.983708014368854
"rs1562040"	0.970433007220737	348	0.993406002758599
"rs566340"	0.970459052786111	348	0.995318533094485
"rs921163"	0.970471999840451	348	1.00992467081269
"rs304524"	0.970544788027154	348	0.991146994521495
"rs304527"	0.970544788027154	348	0.991146994521495
"rs304530"	0.970544788027154	348	0.991146994521495
"rs1554618"	0.970567923423256	348	1.01162784540964
"rs1162398"	0.970604534091224	348	0.994308402440784
"rs63234"	0.970646496002057	348	1.01020646407966
"rs63237"	0.970646496002057	348	1.01020646407966
"rs1015666"	0.970699564699516	348	0.989044323293734
"rs865965"	0.970710984308761	348	1.00861703216777
"rs466579"	0.97074030140476	348	0.991230260002738
"rs820575"	0.970893319938765	348	1.00624574246298
"rs1404568"	0.970904380809706	348	0.992988631774216
"rs759393"	0.970938199801505	348	0.99199034458033
"rs83279"	0.970950818659434	348	0.99381692976054
"rs161612"	0.970968679283742	348	1.00998278597116
"rs189710"	0.971014242960269	348	0.992638344759421
"rs189719"	0.971014242960269	348	0.992638344759421
"rs267164"	0.971026053583573	348	1.00951529226218
"rs1826338"	0.971028177250526	348	0.991273920296933
"rs1459582"	0.971038247724494	348	0.992608629824521
"rs1716977"	0.9710477411907	348	1.01067714526452
"rs398285"	0.971060133238603	348	0.99195104705977
"rs1424142"	0.971127084222187	348	0.994004615326564
"rs832988"	0.971164930028263	348	0.985072708074871
"rs503752"	0.971168835098115	348	0.993807937147945
"rs1563997"	0.971200308507598	348	1.00307888774913
"rs328888"	0.971221317077008	348	1.00568304654442
"rs616086"	0.971229124992427	348	1.01005195426277
"rs295079"	0.971278127702872	348	1.01640269543042
"rs858733"	0.971345404650583	348	1.00558198387292
"rs1359912"	0.971373146186793	348	0.995922520353804
"rs396425"	0.9713960145096	348	0.99124536386438
"rs490523"	0.97141549960935	348	0.994321505495788
"rs490547"	0.97141549960935	348	0.994321505495788
"rs1146374"	0.97145515549106	348	1.01215768192914
"rs2106770"	0.971458189390423	348	1.00900404471359
"rs238631"	0.971466879601098	348	0.993490116005607
"rs1894151"	0.97150803314957	348	1.00706810702469
"rs109941"	0.971552403891559	348	0.994181305700612
"rs1598487"	0.971563973243497	348	1.00752916616862
"rs1834779"	0.971589757391682	348	1.00764886474483
"rs553186"	0.971645162140074	348	0.997554481297462
"rs697538"	0.971659139930849	348	1.00967189501116
"rs2084865"	0.97167560219107	348	1.01349653491207
"rs1233374"	0.971786454454868	348	0.990409864856201
"rs1233376"	0.971786454454868	348	0.990409864856201
"rs1233431"	0.971786454454868	348	0.990409864856201
"rs1233509"	0.971786454454868	348	0.990409864856201
"rs1233515"	0.971786454454868	348	0.990409864856201
"rs1233754"	0.971786454454868	348	0.990409864856201
"rs1233986"	0.971786454454868	348	0.990409864856201
"rs1234217"	0.971786454454868	348	0.990409864856201
"rs1234439"	0.971786454454868	348	0.990409864856201
"rs1234445"	0.971786454454868	348	0.990409864856201
"rs1245267"	0.971786454454868	348	0.990409864856201
"rs1245387"	0.971786454454868	348	0.990409864856201
"rs1245460"	0.971786454454868	348	0.990409864856201
"rs1245463"	0.971786454454868	348	0.990409864856201
"rs1245527"	0.971786454454868	348	0.990409864856201
"rs1245556"	0.971786454454868	348	0.990409864856201
"rs1245853"	0.971786454454868	348	0.990409864856201
"rs1248856"	0.971786454454868	348	0.990409864856201
"rs1249012"	0.971786454454868	348	0.990409864856201
"rs1249310"	0.971786454454868	348	0.990409864856201
"rs1249424"	0.971786454454868	348	0.990409864856201
"rs1249512"	0.971786454454868	348	0.990409864856201
"rs1250149"	0.971786454454868	348	0.990409864856201
"rs1250150"	0.971786454454868	348	0.990409864856201
"rs1250249"	0.971786454454868	348	0.990409864856201
"rs1250304"	0.971786454454868	348	0.990409864856201
"rs1250777"	0.971786454454868	348	0.990409864856201
"rs1250843"	0.971786454454868	348	0.990409864856201
"rs1251032"	0.971786454454868	348	0.990409864856201
"rs1251124"	0.971786454454868	348	0.990409864856201
"rs1251203"	0.971786454454868	348	0.990409864856201
"rs1251205"	0.971786454454868	348	0.990409864856201
"rs1251364"	0.971786454454868	348	0.990409864856201
"rs1251443"	0.971786454454868	348	0.990409864856201
"rs1251545"	0.971786454454868	348	0.990409864856201
"rs1251622"	0.971786454454868	348	0.990409864856201
"rs1251713"	0.971786454454868	348	0.990409864856201
"rs1251719"	0.971786454454868	348	0.990409864856201
"rs1251893"	0.971786454454868	348	0.990409864856201
"rs1251902"	0.971786454454868	348	0.990409864856201
"rs1251968"	0.971786454454868	348	0.990409864856201
"rs1252249"	0.971786454454868	348	0.990409864856201
"rs1252319"	0.971786454454868	348	0.990409864856201
"rs1252361"	0.971786454454868	348	0.990409864856201
"rs1252380"	0.971786454454868	348	0.990409864856201
"rs1252418"	0.971786454454868	348	0.990409864856201
"rs1252513"	0.971786454454868	348	0.990409864856201
"rs1252744"	0.971786454454868	348	0.990409864856201
"rs1252898"	0.971786454454868	348	0.990409864856201
"rs1252947"	0.971786454454868	348	0.990409864856201
"rs1252961"	0.971786454454868	348	0.990409864856201
"rs1253410"	0.971786454454868	348	0.990409864856201
"rs1253582"	0.971786454454868	348	0.990409864856201
"rs1253681"	0.971786454454868	348	0.990409864856201
"rs1253797"	0.971786454454868	348	0.990409864856201
"rs1254187"	0.971786454454868	348	0.990409864856201
"rs1254351"	0.971786454454868	348	0.990409864856201
"rs1255535"	0.971786454454868	348	0.990409864856201
"rs1255559"	0.971786454454868	348	0.990409864856201
"rs1255637"	0.971786454454868	348	0.990409864856201
"rs1255769"	0.971786454454868	348	0.990409864856201
"rs1255775"	0.971786454454868	348	0.990409864856201
"rs1255850"	0.971786454454868	348	0.990409864856201
"rs1255924"	0.971786454454868	348	0.990409864856201
"rs1256015"	0.971786454454868	348	0.990409864856201
"rs1256171"	0.971786454454868	348	0.990409864856201
"rs1256234"	0.971786454454868	348	0.990409864856201
"rs1256249"	0.971786454454868	348	0.990409864856201
"rs1256264"	0.971786454454868	348	0.990409864856201
"rs1256533"	0.971786454454868	348	0.990409864856201
"rs1256720"	0.971786454454868	348	0.990409864856201
"rs1256867"	0.971786454454868	348	0.990409864856201
"rs1257029"	0.971786454454868	348	0.990409864856201
"rs1257110"	0.971786454454868	348	0.990409864856201
"rs1257247"	0.971786454454868	348	0.990409864856201
"rs1257533"	0.971786454454868	348	0.990409864856201
"rs1257921"	0.971786454454868	348	0.990409864856201
"rs1257932"	0.971786454454868	348	0.990409864856201
"rs1257935"	0.971786454454868	348	0.990409864856201
"rs1258282"	0.971786454454868	348	0.990409864856201
"rs1258347"	0.971786454454868	348	0.990409864856201
"rs1258546"	0.971786454454868	348	0.990409864856201
"rs1258552"	0.971786454454868	348	0.990409864856201
"rs1258684"	0.971786454454868	348	0.990409864856201
"rs1258693"	0.971786454454868	348	0.990409864856201
"rs1258782"	0.971786454454868	348	0.990409864856201
"rs1258840"	0.971786454454868	348	0.990409864856201
"rs1258906"	0.971786454454868	348	0.990409864856201
"rs1259422"	0.971786454454868	348	0.990409864856201
"rs1259548"	0.971786454454868	348	0.990409864856201
"rs1259629"	0.971786454454868	348	0.990409864856201
"rs1259773"	0.971786454454868	348	0.990409864856201
"rs1259806"	0.971786454454868	348	0.990409864856201
"rs1260022"	0.971786454454868	348	0.990409864856201
"rs1260079"	0.971786454454868	348	0.990409864856201
"rs1260535"	0.971786454454868	348	0.990409864856201
"rs1261276"	0.971786454454868	348	0.990409864856201
"rs1261297"	0.971786454454868	348	0.990409864856201
"rs1261375"	0.971786454454868	348	0.990409864856201
"rs1261402"	0.971786454454868	348	0.990409864856201
"rs1261567"	0.971786454454868	348	0.990409864856201
"rs1261597"	0.971786454454868	348	0.990409864856201
"rs1261741"	0.971786454454868	348	0.990409864856201
"rs1261898"	0.971786454454868	348	0.990409864856201
"rs1262180"	0.971786454454868	348	0.990409864856201
"rs1262614"	0.971786454454868	348	0.990409864856201
"rs2118803"	0.971801339597248	348	1.00443046881972
"rs2162221"	0.971827414779937	348	1.0046562471506
"rs308081"	0.971834905169888	348	0.99222327205969
"rs462939"	0.971844316782841	348	0.993466761448443
"rs1055732"	0.971868268330308	348	0.993853572376257
"rs351416"	0.971881674703153	348	1.01140848079107
"rs1563466"	0.971896966664853	348	1.00947305693124
"rs1743248"	0.971899049151433	348	1.00635442529321
"rs1743284"	0.971899049151433	348	1.00635442529321
"rs1743290"	0.971899049151433	348	1.00635442529321
"rs1743291"	0.971899049151433	348	1.00635442529321
"rs1743295"	0.971899049151433	348	1.00635442529321
"rs1743296"	0.971899049151433	348	1.00635442529321
"rs1743302"	0.971899049151433	348	1.00635442529321
"rs1743308"	0.971899049151433	348	1.00635442529321
"rs2201105"	0.971969954790166	348	0.9895090324455
"rs22609"	0.971998834627352	348	0.996633604617756
"rs958609"	0.972031272282284	348	0.992430629592643
"rs958615"	0.972031272282284	348	0.992430629592643
"rs958616"	0.972031272282284	348	0.992430629592643
"rs1204387"	0.972069830341678	348	0.995670834067957
"rs911339"	0.972073552745907	348	0.995146175625346
"rs1105626"	0.972109759270569	348	1.01388043357629
"rs571710"	0.972120901524298	348	0.986634020960745
"rs2094097"	0.972129263746321	348	0.995347412847697
"rs2173730"	0.972171278708676	348	0.995565159680237
"rs2133880"	0.97217407753258	348	0.994680034476988
"rs1988665"	0.97219529894592	348	1.0058645445124
"rs829591"	0.972201907414461	348	1.00599413172604
"rs829612"	0.972201907414461	348	1.00599413172604
"rs829613"	0.972201907414461	348	1.00599413172604
"rs829621"	0.972201907414461	348	1.00599413172604
"rs829624"	0.972201907414461	348	1.00599413172604
"rs123209"	0.972214944464485	348	1.00578082979977
"rs1358673"	0.97222160605837	348	1.01116911479016
"rs335019"	0.972233429978014	348	0.998314483807355
"rs1906747"	0.972243943581127	348	1.00535118710442
"rs1159254"	0.972248820247309	348	1.00538449572548
"rs945688"	0.972254636409	348	1.00644197829054
"rs1488124"	0.972331006444363	348	0.996731909514303
"rs1835602"	0.972331319330665	348	1.00656691040778
"rs649507"	0.972333730758627	348	0.992759574524128
"rs929423"	0.97242780053613	348	1.0074890007709
"rs23305"	0.972428255615178	348	0.992023029267724
"rs1383301"	0.972482116276121	348	1.00810489198714
"rs1565688"	0.972497897891707	348	0.987176545354897
"rs1035744"	0.972511708509706	348	1.00786318467114
"rs1035745"	0.972511708509706	348	1.00786318467114
"rs412241"	0.972524723481954	348	1.01182240478546
"rs1578783"	0.972535035210975	348	0.992211168063716
"rs1741928"	0.972599205707323	348	0.99584578897624
"rs1741939"	0.972599205707323	348	0.99584578897624
"rs1741980"	0.972599205707323	348	0.99584578897624
"rs2109612"	0.972611542680368	348	1.00866520442657
"rs625644"	0.97263634999174	348	0.992100303122731
"rs584390"	0.972649222586718	348	1.01006373011184
"rs815043"	0.972662334078647	348	0.991855981635315
"rs853490"	0.972672064486739	348	1.00879178124254
"rs1889047"	0.972677583991339	348	1.00824423582188
"rs1889167"	0.972677583991339	348	1.00824423582188
"rs1861559"	0.9726806775124	348	1.00684097941197
"rs857355"	0.97272314894153	348	0.994140133593119
"rs1809630"	0.972724201613721	348	0.990748896154471
"rs530448"	0.972736898142513	348	0.995770536755628
"rs1579466"	0.972757065593417	348	0.993086218497201
"rs2118121"	0.972785334990037	348	0.990213427115826
"rs2118373"	0.972785334990037	348	0.990213427115826
"rs2118388"	0.972785334990037	348	0.990213427115826
"rs1737623"	0.972810730060737	348	1.0072097543567
"rs506403"	0.972812057274159	348	0.991191477082539
"rs506437"	0.972812057274159	348	0.991191477082539
"rs506466"	0.972812057274159	348	0.991191477082539
"rs506500"	0.972812057274159	348	0.991191477082539
"rs506502"	0.972812057274159	348	0.991191477082539
"rs506511"	0.972812057274159	348	0.991191477082539
"rs506541"	0.972812057274159	348	0.991191477082539
"rs506542"	0.972812057274159	348	0.991191477082539
"rs1934195"	0.972822389142427	348	0.988033032243831
"rs1934205"	0.972822389142427	348	0.988033032243831
"rs472386"	0.972824647880316	348	0.993634204733439
"rs472397"	0.972824647880316	348	0.993634204733439
"rs535124"	0.9728275778293	348	1.00658590169604
"rs1692341"	0.972835112374269	348	1.007638944322
"rs157358"	0.972847309733009	348	1.00421913440929
"rs460643"	0.972868074931706	348	0.993623471235085
"rs1320010"	0.972915488653408	348	0.994167722396725
"rs1681770"	0.972928744705809	348	0.988760362261913
"rs1347753"	0.972938229375027	348	1.00898400330336
"rs225777"	0.972968310229974	348	1.00647142479896
"rs620750"	0.972978240197667	348	1.0066637932089
"rs326551"	0.972984439318166	348	0.989980060861887
"rs614651"	0.972997106930259	348	0.991483920893465
"rs145068"	0.972999032637262	348	0.994975748170256
"rs2100200"	0.973012149422935	348	0.994256568981065
"rs1084421"	0.973014203799582	348	0.990131726335359
"rs2010692"	0.973025177721171	348	0.986384231125272
"rs2010696"	0.973025177721171	348	0.986384231125272
"rs1415939"	0.973035596106823	348	1.00644229912322
"rs1598120"	0.973049477954642	348	1.00624444030336
"rs1598273"	0.973049477954642	348	1.00624444030336
"rs1790060"	0.973060739361093	348	1.00544144602967
"rs533964"	0.973101754652813	348	0.994427133614741
"rs1122522"	0.97310956174424	348	0.993442053703979
"rs1015716"	0.973164713945703	348	0.989275889306141
"rs1015874"	0.973164713945703	348	0.989275889306141
"rs81571"	0.973243421790675	348	1.00548548418016
"rs240972"	0.973248879005184	348	1.01246863767797
"rs533637"	0.973250590470495	348	1.006872218225
"rs265317"	0.973286352725308	348	1.00433157836509
"rs818964"	0.973307613850999	348	1.00513966995943
"rs305934"	0.973489300611194	348	1.01075950166273
"rs305943"	0.973489300611194	348	1.01075950166273
"rs305949"	0.973489300611194	348	1.01075950166273
"rs305958"	0.973489300611194	348	1.01075950166273
"rs305994"	0.973489300611194	348	1.01075950166273
"rs305997"	0.973489300611194	348	1.01075950166273
"rs306012"	0.973489300611194	348	1.01075950166273
"rs306027"	0.973489300611194	348	1.01075950166273
"rs306045"	0.973489300611194	348	1.01075950166273
"rs306081"	0.973489300611194	348	1.01075950166273
"rs306099"	0.973489300611194	348	1.01075950166273
"rs306156"	0.973489300611194	348	1.01075950166273
"rs306159"	0.973489300611194	348	1.01075950166273
"rs331304"	0.973513776175927	348	1.01689263174473
"rs728990"	0.973515292044152	348	0.992891896040032
"rs1601558"	0.973586501409393	348	0.993433803186402
"rs1652423"	0.973620801300516	348	0.994118100059499
"rs1134059"	0.973720730154326	348	0.990669296399823
"rs1651564"	0.973771412053469	348	0.993239629430261
"rs784149"	0.973791582184412	348	1.00634621501535
"rs1613371"	0.973815077666351	348	0.993475809579957
"rs855115"	0.973820565123981	348	1.00962898751501
"rs855133"	0.973820565123981	348	1.00962898751501
"rs855164"	0.973820565123981	348	1.00962898751501
"rs855181"	0.973820565123981	348	1.00962898751501
"rs855188"	0.973820565123981	348	1.00962898751501
"rs855190"	0.973820565123981	348	1.00962898751501
"rs880077"	0.973832490313786	348	0.991512963520605
"rs98793"	0.973868001669682	348	1.00620923013929
"rs308420"	0.973872486135757	348	1.00947418579098
"rs835255"	0.973908184926251	348	1.00667126043037
"rs542525"	0.973927224557581	348	0.993889433478362
"rs107379"	0.974081110103129	348	1.00959058408748
"rs1576348"	0.974088071909412	348	1.00862967752064
"rs1756869"	0.974100139335109	348	0.992283142626288
"rs1962457"	0.974138100331141	348	0.993956337382404
"rs694702"	0.974154694330741	348	1.00545474086082
"rs1368011"	0.974157780660466	348	1.00718450823382
"rs2173201"	0.9741641007922	348	1.00415497779694
"rs856209"	0.974179668949023	348	0.995408308373662
"rs856214"	0.974179668949023	348	0.995408308373662
"rs856219"	0.974179668949023	348	0.995408308373662
"rs544646"	0.974191246703074	348	1.00463282608416
"rs1654969"	0.974226036493134	348	1.00808566235983
"rs489135"	0.974233215812407	348	1.00371047304208
"rs489136"	0.974233215812407	348	1.00371047304208
"rs1287728"	0.974241720447234	348	0.991235138511077
"rs1055747"	0.974243193607726	348	0.99437264027015
"rs2116489"	0.974256100875875	348	0.994757980426422
"rs2097009"	0.974308139676262	348	1.00650778875064
"rs1964315"	0.974309256651914	348	0.987733542049749
"rs2091207"	0.974316275921148	348	1.00472543814126
"rs767756"	0.974369022803558	348	1.00659768159447
"rs969536"	0.97437207070073	348	1.00962939634786
"rs637139"	0.974383460309946	348	1.00658412310073
"rs637141"	0.974383460309946	348	1.00658412310073
"rs1783660"	0.974410424118581	348	0.994333103861061
"rs1816762"	0.974411520636316	348	0.993150536762391
"rs1350920"	0.974418340989812	348	1.00691015388457
"rs1116864"	0.974425609249183	348	1.00443932416811
"rs128957"	0.974474204123397	348	0.991550094238215
"rs128985"	0.974474204123399	348	0.991550094238215
"rs984014"	0.974475329111385	348	1.00721436639942
"rs374997"	0.974493197621322	348	1.00438034485872
"rs639178"	0.974583455914236	348	0.991310435180299
"rs1697399"	0.974597301455968	348	0.994670993547875
"rs1697408"	0.974597301455968	348	0.994670993547875
"rs2045757"	0.974610533547234	348	1.00456234779152
"rs1769269"	0.974703580602823	348	1.00484642933627
"rs226283"	0.974722202144976	348	1.00260720355491
"rs279655"	0.974798413309967	348	0.990542994398594
"rs145112"	0.974821685191945	348	0.996058951577742
"rs616362"	0.974834377524743	348	1.00662965746318
"rs1735104"	0.974842620424456	348	1.0056637967086
"rs678206"	0.974884327679224	348	0.994218170011274
"rs896781"	0.974892337183327	348	0.994360210751894
"rs856816"	0.974904044776565	348	1.00495004037715
"rs1751295"	0.974918433129708	348	1.01354739950327
"rs799255"	0.974937288229099	348	1.0087849974161
"rs1158400"	0.974938366158295	348	0.991004952782545
"rs1720642"	0.974942928047261	348	0.99470925497635
"rs819351"	0.974957635251424	348	1.00474904007372
"rs2204204"	0.974969625813831	348	0.988688610620984
"rs121696"	0.97497642409321	348	1.00840038859482
"rs2153465"	0.974997608186683	348	0.992977159507828
"rs1802286"	0.975007864062053	348	1.00509026333996
"rs468497"	0.975013301476735	348	1.00730800579781
"rs803788"	0.975032147033882	348	0.995231039832479
"rs1653844"	0.9750563639065	348	0.99080773237366
"rs1814106"	0.975072505345188	348	1.006844682446
"rs325625"	0.97507928188666	348	1.00804920464578
"rs44052"	0.975121056719013	348	0.991557570409061
"rs1117113"	0.975171085391118	348	0.993700181178208
"rs1117161"	0.975171085391118	348	0.993700181178208
"rs554086"	0.975173695296149	348	0.989033384883791
"rs554104"	0.975173695296149	348	0.989033384883791
"rs554143"	0.975173695296149	348	0.989033384883791
"rs1743155"	0.975193500676691	348	0.991953939715781
"rs899413"	0.975206135028219	348	1.01205962836701
"rs1071993"	0.97523067187258	348	0.99191193408483
"rs1072074"	0.97523067187258	348	0.99191193408483
"rs912008"	0.975262599668897	348	0.988633255657401
"rs1064372"	0.975273551999185	348	0.996570152737793
"rs2184228"	0.975335675507168	348	0.995444566619227
"rs2135501"	0.975369678507621	348	1.00659265875752
"rs2135504"	0.975369678507621	348	1.00659265875752
"rs866855"	0.975387531211727	348	0.994458063626805
"rs740114"	0.975392924590502	348	1.00550868394043
"rs683306"	0.975417128929088	348	0.984312175695821
"rs1091964"	0.975425139337576	348	1.00643444251584
"rs258499"	0.975448762708087	348	0.989038182007142
"rs1792256"	0.975452963411422	348	1.00226201627751
"rs304453"	0.975454438777547	348	1.00444702430512
"rs1100690"	0.975459914816563	348	0.992922989361014
"rs591884"	0.975500888586741	348	1.00406055032899
"rs559814"	0.975525663227787	348	1.00731989859708
"rs1397168"	0.975562970135869	348	0.991307734684023
"rs226386"	0.975566477560285	348	0.996525798312369
"rs344605"	0.975566815585799	348	0.992190530273598
"rs742706"	0.975567076275528	348	1.008072591994
"rs854590"	0.975570451388514	348	0.986134726642771
"rs854673"	0.975570451388514	348	0.986134726642771
"rs1757049"	0.975620892362454	348	1.00604050173058
"rs2090211"	0.975621297853149	348	0.995506370471383
"rs2090216"	0.975621297853149	348	0.995506370471383
"rs2090220"	0.975621297853149	348	0.995506370471383
"rs2090222"	0.975621297853149	348	0.995506370471383
"rs2090226"	0.975621297853149	348	0.995506370471383
"rs2090238"	0.975621297853149	348	0.995506370471383
"rs2090241"	0.975621297853149	348	0.995506370471383
"rs2090214"	0.975621297853152	348	0.995506370471383
"rs1466128"	0.975686551050495	348	0.985660598188285
"rs2060203"	0.975718768666664	348	1.00815248302373
"rs1003440"	0.97573740703555	348	1.00777336418896
"rs39964"	0.975767216146484	348	0.993329927036591
"rs2170378"	0.975857180397819	348	1.00495164367919
"rs2182924"	0.975892698777584	348	0.99351674656196
"rs223253"	0.975933038701657	348	0.989101052577155
"rs2110064"	0.975970970118059	348	1.00640567847614
"rs1112510"	0.975974181275451	348	0.993458445750274
"rs1125038"	0.975987596656416	348	0.988234311146672
"rs1125050"	0.975987596656416	348	0.988234311146672
"rs766624"	0.976002699260943	348	1.00615458176953
"rs1765130"	0.976009694076696	348	1.0056868927912
"rs1698907"	0.976023972998865	348	1.0063828787617
"rs1698928"	0.976023972998865	348	1.0063828787617
"rs2160629"	0.976071823905515	348	1.00359958951072
"rs2163101"	0.976075207352839	348	0.996095494010068
"rs1637349"	0.976088417411397	348	0.997259197578236
"rs432670"	0.976114595486978	348	0.99313678081536
"rs248168"	0.976135561973568	348	1.0070448546288
"rs1743056"	0.976158412605977	348	0.993894232828577
"rs64088"	0.97618814432176	348	0.989265412742652
"rs64089"	0.97618814432176	348	0.989265412742652
"rs64091"	0.97618814432176	348	0.989265412742652
"rs64134"	0.97618814432176	348	0.989265412742652
"rs64173"	0.97618814432176	348	0.989265412742652
"rs64176"	0.97618814432176	348	0.989265412742652
"rs381087"	0.97619481234826	348	1.00838933348395
"rs148120"	0.976207992271542	348	0.993523921250946
"rs148123"	0.976207992271542	348	0.993523921250946
"rs148128"	0.976207992271542	348	0.993523921250946
"rs148129"	0.976207992271542	348	0.993523921250946
"rs148131"	0.976207992271542	348	0.993523921250946
"rs148135"	0.976207992271542	348	0.993523921250946
"rs2177658"	0.976208806404443	348	1.00395139192162
"rs1778222"	0.976266215665386	348	0.994353000567421
"rs1778231"	0.976266215665386	348	0.994353000567421
"rs1778232"	0.976266215665386	348	0.994353000567421
"rs1778234"	0.976266215665386	348	0.994353000567421
"rs1778237"	0.976266215665386	348	0.994353000567421
"rs684321"	0.976275100963599	348	0.994149158781405
"rs568776"	0.976287698809728	348	1.00612041572388
"rs993398"	0.976313096360959	348	0.992130603440039
"rs1907201"	0.976342473657451	348	1.0152565216161
"rs1775543"	0.976356401652431	348	1.00619891099434
"rs830807"	0.976364538751602	348	0.994591849128776
"rs830810"	0.976364538751602	348	0.994591849128776
"rs360105"	0.976367866907639	348	0.994178026734729
"rs489049"	0.976414120007198	348	1.01462001189559
"rs1595776"	0.976414120007198	348	1.01462001189559
"rs1761660"	0.976414120007198	348	1.01462001189559
"rs124433"	0.976445824112699	348	0.996626422083879
"rs1899192"	0.976458852778679	348	0.992599843532304
"rs1479286"	0.976511242304138	348	0.994351867775185
"rs1479304"	0.976511242304138	348	0.994351867775185
"rs836490"	0.976520511609291	348	0.994176605309704
"rs836246"	0.976528150724435	348	1.00506072587494
"rs836248"	0.976528150724435	348	1.00506072587494
"rs836257"	0.976528150724435	348	1.00506072587494
"rs572555"	0.976528371416093	348	0.993949361987156
"rs302825"	0.976530977952718	348	0.996857131783723
"rs598285"	0.97653684104075	348	0.993852376647109
"rs598288"	0.97653684104075	348	0.993852376647109
"rs1414233"	0.976560072458321	348	1.0053267430333
"rs1352704"	0.976642293832784	348	0.990882074232319
"rs711279"	0.976643531330993	348	0.98715777521106
"rs1714992"	0.976648654625762	348	1.00278631793332
"rs876247"	0.976665809107364	348	1.00836701636602
"rs1861345"	0.976745166566568	348	0.992056025128432
"rs1126592"	0.976749845629457	348	1.00695557964655
"rs881844"	0.976756821327308	348	0.993258763927503
"rs1961987"	0.976775926082405	348	1.00538851742596
"rs1140481"	0.976805512644278	348	1.00876408720989
"rs831064"	0.976826591393683	348	0.984057696628344
"rs831065"	0.976826591393683	348	0.984057696628344
"rs831072"	0.976826591393683	348	0.984057696628344
"rs831075"	0.976826591393683	348	0.984057696628344
"rs1008270"	0.976864913790444	348	0.990483209852115
"rs1008339"	0.976864913790444	348	0.990483209852115
"rs1688823"	0.976867578974448	348	1.00471452630679
"rs1651087"	0.976916514184679	348	1.0073824696709
"rs552601"	0.976947959169248	348	0.988449203810295
"rs1634450"	0.976955696924218	348	0.996823865989427
"rs783932"	0.976996511409869	348	0.995127646728238
"rs783950"	0.976996511409869	348	0.995127646728238
"rs783968"	0.976996511409869	348	0.995127646728238
"rs783979"	0.976996511409869	348	0.995127646728238
"rs486886"	0.977026650071672	348	1.00541888178449
"rs678729"	0.977027400243507	348	1.00628131165651
"rs568828"	0.97706071374517	348	1.00633052274838
"rs574783"	0.977074939638524	348	0.993181262508276
"rs819705"	0.977094143206296	348	1.00413632766894
"rs819708"	0.977094143206296	348	1.00413632766894
"rs543653"	0.977104360719124	348	0.994738543149902
"rs129968"	0.977238447126048	348	0.994746831484386
"rs1609230"	0.977268284071289	348	1.00680213227318
"rs59344"	0.977278881341286	348	1.00811288189933
"rs1655385"	0.977291967614621	348	0.99290309235687
"rs530694"	0.977305267890006	348	1.01401010388914
"rs82999"	0.977380715613352	348	0.993483126403324
"rs2198315"	0.977395365750593	348	0.993820894880985
"rs129473"	0.97742019254428	348	0.99470800257173
"rs227842"	0.977442370773126	348	1.00491117477423
"rs1699257"	0.977458811136121	348	1.00599799410409
"rs1673096"	0.977463389466774	348	0.990574005912215
"rs715116"	0.977490472686491	348	1.00740290679396
"rs1687862"	0.977580379518246	348	1.00450917962585
"rs2173371"	0.97759543421377	348	0.995716305840526
"rs1083677"	0.977597456493216	348	0.991272527003884
"rs818685"	0.977615600409854	348	1.0038483867564
"rs418950"	0.977616482546558	348	0.993507379474806
"rs1479280"	0.977638555395438	348	0.994781711557927
"rs1700959"	0.977648032320052	348	0.994739296615024
"rs23551"	0.97769890728077	348	1.01249154478001
"rs938828"	0.977698981404742	348	1.00879607098878
"rs99284"	0.977862317651137	348	1.0045049676181
"rs2200566"	0.977878438198687	348	1.00512826268096
"rs1488640"	0.977882339772704	348	0.997097262581343
"rs361388"	0.977910026345679	348	1.00416696365817
"rs541573"	0.977929171727984	348	1.00522498809428
"rs1086960"	0.977930517527174	348	1.00732232263564
"rs556574"	0.97793283066949	348	1.0226947098354
"rs1125792"	0.977962361499228	348	1.00726158174931
"rs1733670"	0.977989105798586	348	1.00247555530205
"rs1598341"	0.978015422674009	348	1.00503170555848
"rs391299"	0.978037110025435	348	1.00755305397273
"rs148553"	0.978041402698193	348	0.990757991839595
"rs379063"	0.978042371412586	348	1.00525759479142
"rs124712"	0.97806372470722	348	0.997827764456925
"rs1134057"	0.978089386481342	348	1.00784679979968
"rs1048136"	0.978091962334383	348	1.00506308173726
"rs913557"	0.978153442204308	348	1.00673657908409
"rs913560"	0.978153442204308	348	1.00673657908409
"rs913563"	0.978153442204308	348	1.00673657908409
"rs913569"	0.978153442204308	348	1.00673657908409
"rs913572"	0.978153442204308	348	1.00673657908409
"rs913578"	0.978153442204308	348	1.00673657908409
"rs533624"	0.978161610883764	348	0.99353023369279
"rs1172099"	0.978172432246887	348	0.996338260086695
"rs825581"	0.97817489756596	348	0.995065143316192
"rs1741407"	0.978189174378347	348	1.00427975590164
"rs1741410"	0.978189174378347	348	1.00427975590164
"rs1741416"	0.978189174378347	348	1.00427975590164
"rs1575029"	0.97821254536654	348	1.00527517317897
"rs488998"	0.978267615441737	348	1.00302601139035
"rs2099601"	0.978267721558916	348	1.00567331089724
"rs2099606"	0.978267721558916	348	1.00567331089724
"rs2099607"	0.978267721558916	348	1.00567331089724
"rs2099608"	0.978267721558916	348	1.00567331089724
"rs1643147"	0.978279167168342	348	0.992874786099367
"rs1857214"	0.978285882953318	348	0.997642403887507
"rs958601"	0.978302889091531	348	0.994104275608817
"rs958603"	0.978302889091531	348	0.994104275608817
"rs958606"	0.978302889091531	348	0.994104275608817
"rs744979"	0.978378165848059	348	1.00393039360791
"rs744982"	0.978378165848059	348	1.00393039360791
"rs737876"	0.978406097304564	348	0.994779485339449
"rs532831"	0.978472396038819	348	1.00775703461198
"rs1472462"	0.978508186900458	348	1.00781321805664
"rs1598476"	0.978570068247219	348	0.994303723931986
"rs2036377"	0.978570853740036	348	1.00600169354194
"rs1400409"	0.978573508879542	348	0.994259851115471
"rs1443183"	0.978575338568235	348	1.00481242422075
"rs1406513"	0.978583023667558	348	1.00490916001754
"rs2024624"	0.978594947884057	348	0.996009438524212
"rs158720"	0.978596918332525	348	1.00831791054159
"rs159376"	0.978596918332525	348	1.00831791054159
"rs1961884"	0.978613007396252	348	0.994626671251404
"rs1068935"	0.97864150002731	348	1.00793181373117
"rs1778891"	0.978684906940784	348	0.994175598984181
"rs1778892"	0.978684906940784	348	0.994175598984181
"rs1778895"	0.978684906940784	348	0.994175598984181
"rs757777"	0.978710103506728	348	1.00531914777863
"rs354495"	0.978722710855181	348	0.995899728195564
"rs1207356"	0.978723170783037	348	0.981557573643464
"rs831208"	0.978729468014906	348	1.00458205092924
"rs2033590"	0.978734148031727	348	1.00122122799855
"rs1764552"	0.978747508699934	348	1.00432605089881
"rs8730"	0.978783588546928	348	1.00856173732446
"rs128102"	0.978798823996555	348	0.993191330487317
"rs1742792"	0.978813880194855	348	0.995788283491895
"rs983089"	0.978834791967399	348	0.991822688857318
"rs91478"	0.978890650255877	348	1.00698583579192
"rs60633"	0.978897897359208	348	0.993586432874707
"rs2159936"	0.978917198687774	348	1.0184266554692
"rs915768"	0.978945783569216	348	0.994810987554024
"rs98802"	0.978956812808707	348	0.99520039780777
"rs1126331"	0.978957278060796	348	0.992914502907494
"rs264852"	0.978960658131657	348	0.992731173924963
"rs2112971"	0.978963562173999	348	0.99608387418137
"rs942728"	0.978976124377688	348	1.00621487785872
"rs2063182"	0.979001852039665	348	1.00620703793415
"rs214880"	0.979058096988213	348	1.00887503292909
"rs214881"	0.979058096988213	348	1.00887503292909
"rs214884"	0.979058096988213	348	1.00887503292909
"rs214924"	0.979058096988213	348	1.00887503292909
"rs214967"	0.979058096988213	348	1.00887503292909
"rs618466"	0.979063918209115	348	1.0065843736099
"rs326542"	0.979070181532159	348	0.995696005949029
"rs553225"	0.979079846316814	348	0.997304677869487
"rs951530"	0.979168853990689	348	0.994725539998458
"rs2120763"	0.979172051362877	348	1.00366567899468
"rs226352"	0.979204102894802	348	0.997823350259586
"rs3155"	0.979205882895563	348	0.996226668158743
"rs283509"	0.979221402261171	348	0.993375664967272
"rs352391"	0.979226014588648	348	1.0063427441593
"rs1963648"	0.979228814173309	348	0.992388487917321
"rs1778385"	0.979254726388411	348	1.0076094729167
"rs584145"	0.979256172007021	348	0.995304759987572
"rs652026"	0.979259220735987	348	1.01084882723741
"rs652090"	0.979259220735987	348	1.01084882723741
"rs653264"	0.979259220735987	348	1.01084882723741
"rs1610633"	0.979294635274152	348	1.00494382306621
"rs1488804"	0.97929646159994	348	1.00157536474942
"rs1631955"	0.979312062098583	348	0.993775226580416
"rs158770"	0.979314775787118	348	0.995629200236141
"rs1608778"	0.979397078146577	348	0.992692392123509
"rs591760"	0.979401840163934	348	0.995282414976819
"rs517956"	0.979435190624486	348	0.996160490797699
"rs1327778"	0.979453389873648	348	1.005627805975
"rs1207265"	0.979462607306233	348	0.996726596914922
"rs835141"	0.979489632215221	348	0.994700887879117
"rs835144"	0.979489632215221	348	0.994700887879117
"rs907553"	0.979496172865744	348	0.992063403124441
"rs1113995"	0.979512791844411	348	1.00435174932766
"rs343992"	0.979544818823722	348	0.992152312556577
"rs610780"	0.979545180976546	348	0.993718359456681
"rs1400235"	0.979572242865199	348	0.992772288191709
"rs124598"	0.979577932889181	348	1.00664332132745
"rs124631"	0.979577932889181	348	1.00664332132745
"rs2094117"	0.97961142132094	348	1.00296029069637
"rs1933846"	0.979636417880039	348	0.995023326257085
"rs1933848"	0.979636417880039	348	0.995023326257085
"rs1933852"	0.979636417880039	348	0.995023326257085
"rs1933888"	0.979636417880039	348	0.995023326257085
"rs1933894"	0.979636417880039	348	0.995023326257085
"rs1134192"	0.979658557792073	348	1.00829014892573
"rs808123"	0.979683459909505	348	1.00485402895854
"rs454476"	0.979697811449674	348	0.996004709889213
"rs237269"	0.979698684896329	348	0.994182668875128
"rs2059288"	0.97969874187345	348	1.00848070315699
"rs2059319"	0.97969874187345	348	1.00848070315699
"rs557553"	0.9797140374777	348	0.988497954793451
"rs308442"	0.979795686589134	348	0.98642918510802
"rs83439"	0.979855643900541	348	1.00591762067846
"rs2138197"	0.979856354602759	348	1.00455292991335
"rs1743391"	0.979887805670982	348	1.00174804899741
"rs903271"	0.979914982783748	348	1.01701046241795
"rs904475"	0.979914982783748	348	1.01701046241795
"rs1347762"	0.979934258098478	348	0.994130238321324
"rs2177466"	0.979948890018417	348	0.993132645716849
"rs82677"	0.980009891107989	348	0.993821842917364
"rs1578712"	0.980010184694714	348	0.992155901640029
"rs1596683"	0.980031599495952	348	1.01293968865925
"rs549293"	0.980059560541698	348	0.992940577659587
"rs246966"	0.980075736275806	348	0.990732168192607
"rs733167"	0.980115317164258	348	1.00543924794188
"rs824384"	0.980126975546368	348	1.00270830248231
"rs1609100"	0.98013134333387	348	0.993516671745727
"rs592458"	0.980147819233253	348	0.994139910902488
"rs215318"	0.980161091187365	348	0.995506091632521
"rs1126840"	0.980182492991959	348	0.994124651544574
"rs1882758"	0.980199773007954	348	1.00552670547179
"rs1882762"	0.980199773007954	348	1.00552670547179
"rs588031"	0.980245166416965	348	0.989046930915314
"rs1372897"	0.980267146210124	348	1.00592023430367
"rs412192"	0.980293955643294	348	1.00463572321575
"rs2070229"	0.9803002296026	348	0.99395520815094
"rs2070232"	0.9803002296026	348	0.99395520815094
"rs2070250"	0.9803002296026	348	0.99395520815094
"rs2070252"	0.9803002296026	348	0.99395520815094
"rs1552983"	0.980326965333741	348	1.01176781704337
"rs639190"	0.980393390546799	348	1.00464283558143
"rs706984"	0.980417299537274	348	0.995992464356847
"rs1104518"	0.980430327509828	348	1.00468191485344
"rs1104542"	0.980430327509828	348	1.00468191485344
"rs445129"	0.980448964087731	348	1.00106272732838
"rs782864"	0.980494507471838	348	0.99579603019824
"rs352280"	0.980494697158602	348	0.994074914552917
"rs1089962"	0.980552480853679	348	1.00443704422284
"rs64431"	0.980555427907471	348	1.00988069560683
"rs1093899"	0.980579321394643	348	0.99386085993146
"rs214502"	0.980585298449008	348	0.993554261510315
"rs484963"	0.980587043707422	348	1.0055554732824
"rs1962096"	0.980588581005907	348	1.01300792848744
"rs458375"	0.980596823191219	348	0.994240599832283
"rs905895"	0.980619369810047	348	0.991705298272038
"rs1609132"	0.98062767986	348	0.994868915578879
"rs724447"	0.980657253106093	348	0.998767056211422
"rs82938"	0.980659231016519	348	0.99440328228434
"rs82731"	0.980737073235818	348	0.994392247509709
"rs83699"	0.980737073235818	348	0.994392247509709
"rs2160792"	0.980763616661953	348	1.00406614932211
"rs591888"	0.980777299695101	348	0.993578904304348
"rs1717731"	0.98078134347852	348	0.991379443762015
"rs794870"	0.980794655764192	348	0.995460689831024
"rs474827"	0.980813258415902	348	0.995994289151195
"rs474832"	0.980813258415902	348	0.995994289151195
"rs474833"	0.980813258415902	348	0.995994289151195
"rs474846"	0.980813258415902	348	0.995994289151195
"rs474847"	0.980813258415902	348	0.995994289151195
"rs474849"	0.980813258415902	348	0.995994289151195
"rs474854"	0.980813258415902	348	0.995994289151195
"rs474881"	0.980813258415902	348	0.995994289151195
"rs474939"	0.980813258415902	348	0.995994289151195
"rs474989"	0.980813258415902	348	0.995994289151195
"rs475046"	0.980813258415902	348	0.995994289151195
"rs475053"	0.980813258415902	348	0.995994289151195
"rs475068"	0.980813258415902	348	0.995994289151195
"rs475112"	0.980813258415902	348	0.995994289151195
"rs475115"	0.980813258415902	348	0.995994289151195
"rs529524"	0.980819421951077	348	0.995520377225149
"rs1118518"	0.980872805418504	348	1.00528980855228
"rs957904"	0.980930393482967	348	0.99173130655261
"rs976768"	0.980942457219301	348	1.00571416097487
"rs1064"	0.980942531943885	348	1.00543275993341
"rs1447890"	0.980951139650436	348	0.996362530048495
"rs1639597"	0.980983995879031	348	1.00461273849209
"rs1639603"	0.980983995879031	348	1.00461273849209
"rs1639607"	0.980983995879031	348	1.00461273849209
"rs1700058"	0.981022388480805	348	0.996137282017503
"rs1700064"	0.981022388480805	348	0.996137282017503
"rs1700067"	0.981022388480805	348	0.996137282017503
"rs751362"	0.981061942927087	348	1.00358567692124
"rs1418649"	0.981087377396146	348	1.00350227750579
"rs3083"	0.981092358940545	348	1.00348985877877
"rs3133"	0.981092358940545	348	1.00348985877877
"rs1992347"	0.981175851624504	348	1.00573378835523
"rs198882"	0.981194529897089	348	1.00430414655832
"rs1977998"	0.981217948592923	348	1.00407921250958
"rs122027"	0.981227728246019	348	0.996309002365805
"rs704437"	0.98129267250989	348	0.994778420064529
"rs961322"	0.981296510793237	348	1.00624161367108
"rs1805981"	0.981309456848448	348	0.994597556431263
"rs718920"	0.981337080325071	348	1.00405742349487
"rs718925"	0.981337080325071	348	1.00405742349487
"rs89885"	0.981349911790494	348	0.998738511087016
"rs1018110"	0.981400468761266	348	0.989785267271696
"rs1018438"	0.981400468761267	348	0.989785267271697
"rs420618"	0.981435781544928	348	1.00426155136546
"rs420621"	0.981435781544928	348	1.00426155136546
"rs1780247"	0.981490675158143	348	0.994668365418603
"rs608029"	0.981518335269347	348	1.00570715637589
"rs608044"	0.981518335269347	348	1.00570715637589
"rs608053"	0.981518335269347	348	1.00570715637589
"rs344863"	0.981523024297756	348	1.00392311120583
"rs1896386"	0.981530917574965	348	0.993888828864088
"rs127260"	0.981558581530963	348	1.00565735978105
"rs635613"	0.981628404367324	348	1.00602758417764
"rs2109728"	0.981760500144358	348	1.00574589638832
"rs911336"	0.981777912194923	348	0.996588483370814
"rs300416"	0.981809030060148	348	1.00660397054368
"rs637150"	0.981834646146053	348	1.00421131659186
"rs637151"	0.981834646146053	348	1.00421131659186
"rs637153"	0.981834646146053	348	1.00421131659186
"rs751402"	0.981873923547866	348	0.996908532605965
"rs1571217"	0.981880936878304	348	0.994580236289082
"rs304570"	0.981904966868592	348	0.995025528649865
"rs1205980"	0.981951883760632	348	1.00203045376104
"rs327076"	0.981968871287925	348	1.00509659522119
"rs102349"	0.981973540999908	348	1.0074362232878
"rs1962530"	0.981992927857133	348	0.995334537911364
"rs1962539"	0.981992927857133	348	0.995334537911364
"rs1962562"	0.981992927857133	348	0.995334537911364
"rs1962601"	0.981992927857133	348	0.995334537911364
"rs580842"	0.98202048102474	348	0.995686248898797
"rs598432"	0.982049985941287	348	1.00498469763323
"rs598440"	0.982049985941287	348	1.00498469763323
"rs153721"	0.982089054906195	348	0.996867968664423
"rs987068"	0.982090408719237	348	0.996206237249022
"rs1323763"	0.982128122263303	348	1.0038751106002
"rs1072128"	0.98214437530567	348	1.00177882384324
"rs1736153"	0.982162123438727	348	1.00539130774477
"rs1072130"	0.98216710098645	348	0.998309554052985
"rs1450082"	0.982188963291215	348	1.00472690962266
"rs1450085"	0.982188963291215	348	1.00472690962266
"rs2156920"	0.982198221789313	348	0.996195263595462
"rs1035731"	0.982221691348516	348	0.995036174018395
"rs295122"	0.982344795730855	348	1.0101128713164
"rs1992727"	0.982346585196176	348	1.00325216717272
"rs497039"	0.982349554933828	348	0.99382347323124
"rs497046"	0.982349554933828	348	0.99382347323124
"rs1125039"	0.982355047808279	348	0.991350439974787
"rs459296"	0.982356040135185	348	0.993522047333047
"rs459396"	0.982356040135185	348	0.993522047333047
"rs459470"	0.982356040135185	348	0.993522047333047
"rs459482"	0.982356040135185	348	0.993522047333047
"rs459491"	0.982356040135185	348	0.993522047333047
"rs459849"	0.982356040135185	348	0.993522047333047
"rs460019"	0.982356040135185	348	0.993522047333047
"rs460199"	0.982356040135185	348	0.993522047333047
"rs1609169"	0.982376339080369	348	0.993698751013907
"rs1432326"	0.982458611671666	348	0.995274074400363
"rs1963404"	0.982469868436272	348	0.997841412292855
"rs1361180"	0.982480562872232	348	0.994849720943868
"rs385519"	0.982521884141346	348	0.996245611346258
"rs714944"	0.982542887727614	348	0.995775725514601
"rs348145"	0.982557248104881	348	1.00387311772594
"rs639299"	0.982557472820136	348	1.00520866936469
"rs639303"	0.982557472820136	348	1.00520866936469
"rs639310"	0.982557472820136	348	1.00520866936469
"rs639311"	0.982557472820136	348	1.00520866936469
"rs639313"	0.982557472820136	348	1.00520866936469
"rs639319"	0.982557472820136	348	1.00520866936469
"rs639323"	0.982557472820136	348	1.00520866936469
"rs1207109"	0.982565006691524	348	0.997255953179243
"rs984356"	0.982583686854768	348	0.995463540786726
"rs1951400"	0.9826042159175	348	0.995925408879539
"rs1488989"	0.982627397701154	348	0.99797036129188
"rs225759"	0.982634489910579	348	1.00392345673098
"rs1551377"	0.982638716394309	348	1.00224102272387
"rs836329"	0.982710405113057	348	1.00412398836275
"rs1825740"	0.982723868222701	348	1.0052925163617
"rs1846031"	0.982732845389996	348	0.995416521594104
"rs1846033"	0.982732845389996	348	0.995416521594104
"rs1047233"	0.982754883279366	348	0.994669077595677
"rs82357"	0.98275561648606	348	0.996889893042
"rs474172"	0.982764241794545	348	1.00442218853065
"rs2106818"	0.982784423434086	348	1.00541959844079
"rs1980230"	0.982787003310077	348	0.99409867563006
"rs1980438"	0.982787003310077	348	0.99409867563006
"rs1424463"	0.98282119270928	348	0.994512595812822
"rs169250"	0.982822860373256	348	0.996025185096978
"rs877493"	0.982909677700608	348	1.0074768225919
"rs1574260"	0.982969089329989	348	0.995879170989773
"rs1341592"	0.983002588854101	348	1.00403743905643
"rs1452133"	0.98300423126157	348	1.00185736617817
"rs994421"	0.983058738324486	348	1.00434843505561
"rs1558842"	0.983086807977789	348	1.00438520135097
"rs1457624"	0.98308862912315	348	0.994090859703248
"rs324457"	0.983120433102311	348	0.995288384720786
"rs513902"	0.983126349218975	348	0.99629570767863
"rs562719"	0.983150868681126	348	1.00338147904118
"rs354637"	0.983151853080602	348	0.99614011870296
"rs1956581"	0.98318957442191	348	1.0050495853514
"rs1287694"	0.983242205833252	348	0.995458450430477
"rs1059581"	0.983256661607509	348	1.00553122075375
"rs1206162"	0.983256696299784	348	1.00192597075247
"rs65001"	0.983265090475436	348	0.996290414210932
"rs582006"	0.983361690973945	348	1.00435061738807
"rs1800540"	0.983372670635915	348	0.994205269150645
"rs1800550"	0.983372670635915	348	0.994205269150645
"rs393376"	0.983459919898228	348	1.00364716724437
"rs660546"	0.983491578891754	348	1.00428235404941
"rs546575"	0.983496093466327	348	0.996458141238118
"rs1293517"	0.983510602560312	348	0.997225498323321
"rs1293585"	0.983510602560312	348	0.997225498323321
"rs1293630"	0.983510602560312	348	0.997225498323321
"rs1293641"	0.983510602560312	348	0.997225498323321
"rs1037062"	0.98354831216503	348	1.00652878064266
"rs1418573"	0.98358440250479	348	1.00901935385078
"rs2048905"	0.983604169801735	348	1.00434258728861
"rs912721"	0.98366466187839	348	1.00462732313884
"rs273408"	0.983693577406441	348	0.99516676330315
"rs81841"	0.983749577971505	348	0.996020195104557
"rs1564234"	0.98381412848132	348	1.00240775245342
"rs1874815"	0.983827358752971	348	0.996707648628796
"rs1874841"	0.983827358752971	348	0.996707648628796
"rs1874850"	0.983827358752971	348	0.996707648628796
"rs1874863"	0.983827358752971	348	0.996707648628796
"rs1874868"	0.983827358752971	348	0.996707648628796
"rs1874877"	0.983827358752971	348	0.996707648628796
"rs1874901"	0.983827358752971	348	0.996707648628796
"rs1874903"	0.983827358752971	348	0.996707648628796
"rs1874910"	0.983827358752971	348	0.996707648628796
"rs1874913"	0.983827358752971	348	0.996707648628796
"rs1874925"	0.983827358752971	348	0.996707648628796
"rs145252"	0.983831798415087	348	1.00523606217238
"rs208863"	0.98384040279235	348	1.003115176665
"rs1351166"	0.983845284591175	348	0.98558843720365
"rs1567385"	0.983871505988679	348	1.0061896190439
"rs1296918"	0.983884983408799	348	0.995925325423524
"rs1038938"	0.983900026167581	348	1.00423021701299
"rs83629"	0.983927235255102	348	0.995339388501608
"rs927805"	0.983929908434336	348	0.99377605009044
"rs499359"	0.983939582202362	348	1.0036907366509
"rs663268"	0.983969628108886	348	1.00482247849319
"rs1317590"	0.983984399949784	348	0.996225815891862
"rs1666348"	0.983993127931563	348	1.00474061593873
"rs1666429"	0.983993127931563	348	1.00474061593873
"rs783706"	0.984012166876554	348	1.00321145690717
"rs783712"	0.984012166876554	348	1.00321145690717
"rs783725"	0.984012166876554	348	1.00321145690717
"rs783729"	0.984012166876554	348	1.00321145690717
"rs783732"	0.984012166876554	348	1.00321145690717
"rs783740"	0.984012166876554	348	1.00321145690717
"rs783751"	0.984012166876554	348	1.00321145690717
"rs783753"	0.984012166876554	348	1.00321145690717
"rs783838"	0.984012166876554	348	1.00321145690717
"rs784004"	0.984012166876554	348	1.00321145690717
"rs784006"	0.984012166876554	348	1.00321145690717
"rs784024"	0.984012166876554	348	1.00321145690717
"rs784027"	0.984012166876554	348	1.00321145690717
"rs784033"	0.984012166876554	348	1.00321145690717
"rs418314"	0.984045045398093	348	0.99557781413021
"rs1528259"	0.984064063551604	348	1.00710772546394
"rs488833"	0.984073599461371	348	1.00384987214868
"rs242313"	0.984105759433666	348	0.996342071765041
"rs244486"	0.984111400914767	348	1.00406287550044
"rs569795"	0.984131437882078	348	1.00207075741264
"rs2024720"	0.984132961143455	348	1.00472697381096
"rs896660"	0.984141393936786	348	0.997662468427843
"rs1742639"	0.984162564553362	348	0.996745625374079
"rs602954"	0.984204222931955	348	0.995610940795595
"rs305788"	0.984211158933521	348	1.01669896439357
"rs799723"	0.984216124777807	348	1.00444333938017
"rs533640"	0.98423969591141	348	0.995166106154424
"rs489132"	0.984241260416787	348	1.00226347940843
"rs489134"	0.984241260416787	348	1.00226347940843
"rs503600"	0.984245207268364	348	0.996290239151771
"rs503604"	0.984245207268364	348	0.996290239151771
"rs503610"	0.984245207268364	348	0.996290239151771
"rs503631"	0.984245207268364	348	0.996290239151771
"rs503648"	0.984245207268364	348	0.996290239151771
"rs1962095"	0.984278914109471	348	0.996271333501876
"rs1962118"	0.984278914109471	348	0.996271333501876
"rs974002"	0.984295649399574	348	0.996013506763545
"rs101242"	0.984302970204289	348	0.995149189531389
"rs242651"	0.98434424724262	348	0.995972801318242
"rs776580"	0.984413179790819	348	1.00538634145122
"rs776631"	0.984413179790819	348	1.00538634145122
"rs1907648"	0.984435037369802	348	1.00621212070571
"rs1140467"	0.984461078667017	348	0.995674353105783
"rs1598501"	0.984488707073705	348	0.995904114293926
"rs1806524"	0.984520329750618	348	0.995509535819191
"rs563307"	0.984576519029797	348	0.99749015811797
"rs627879"	0.984612157669294	348	0.99445711753105
"rs1561682"	0.984616511255734	348	1.00364229681204
"rs984599"	0.984663096805184	348	1.00094306723038
"rs1962230"	0.984673023661104	348	1.00138574351622
"rs1609183"	0.984699898313171	348	1.00545576083714
"rs1820446"	0.98475271671455	348	1.00382893723907
"rs2148024"	0.984759821436261	348	1.00382492830307
"rs2092862"	0.984783739735366	348	0.997361447329764
"rs2191933"	0.984815862557307	348	0.99334897617419
"rs986960"	0.984884562887304	348	0.99702158339231
"rs2097051"	0.984886314835288	348	0.996214981300081
"rs167783"	0.98489217922699	348	1.00309919908048
"rs2203309"	0.984897275955975	348	0.992764361863066
"rs571504"	0.984898264977639	348	0.998338635453895
"rs1965188"	0.984911381295534	348	0.997999551955686
"rs917981"	0.98493004853325	348	0.996396243161585
"rs1601901"	0.984978084837816	348	1.00322051361302
"rs1669870"	0.984987434269053	348	0.996057585763418
"rs2009752"	0.985021728955709	348	1.00439102736477
"rs1566318"	0.985066178241949	348	1.00390666573322
"rs2180619"	0.985069826217222	348	0.997440736048887
"rs648850"	0.985099172696799	348	1.00303133674509
"rs876249"	0.985134900589759	348	1.0053638779588
"rs2085742"	0.985164463158352	348	1.00455376030683
"rs1568786"	0.985199524638566	348	1.00406638833736
"rs1803285"	0.985222340228304	348	1.00289278681251
"rs1861088"	0.985283733758553	348	1.00284141696034
"rs651867"	0.985299470398636	348	0.992379059159473
"rs2111042"	0.98530759770471	348	1.00126965545859
"rs214316"	0.985345160851889	348	0.9926066415158
"rs214299"	0.985345160851919	348	0.992606641515815
"rs214328"	0.985345160851919	348	0.992606641515815
"rs307276"	0.98537760189219	348	1.00692342457443
"rs610339"	0.985389981632578	348	0.995620914184134
"rs2008066"	0.985412106676614	348	1.00367530264158
"rs913896"	0.985429287621635	348	0.995865392973549
"rs652432"	0.985459894585086	348	1.00725388613194
"rs1765632"	0.985482048398417	348	1.00346596938188
"rs907756"	0.985549056756229	348	1.00429809305372
"rs907765"	0.985549056756229	348	1.00429809305372
"rs907768"	0.985549056756229	348	1.00429809305372
"rs739646"	0.985571181673602	348	1.00469694860406
"rs242645"	0.985611097549472	348	1.00815432813498
"rs863840"	0.98568494511751	348	0.998432517215574
"rs352614"	0.985708114938725	348	0.994530218983283
"rs1615859"	0.9857341841492	348	0.998911188660153
"rs1534761"	0.985759042563747	348	1.00436482497882
"rs1370102"	0.985774879819158	348	0.996494872810512
"rs1415506"	0.985802763043424	348	1.00291571353415
"rs1327772"	0.985811649220883	348	1.00386408380837
"rs1327781"	0.985811649220883	348	1.00386408380837
"rs1681362"	0.985814259562629	348	0.994532687715832
"rs588047"	0.985827019139754	348	1.00305120411529
"rs1328156"	0.985854269693938	348	1.00301750073682
"rs2200378"	0.985865006392241	348	0.992448143973691
"rs330043"	0.985867635469298	348	1.00512332132962
"rs1655058"	0.98592529195244	348	1.00438763413076
"rs2038470"	0.985935254471298	348	1.00457402384816
"rs2038673"	0.985935254471298	348	1.00457402384816
"rs23350"	0.985951492959704	348	1.0013089631969
"rs573710"	0.985989298313681	348	1.00320454455952
"rs1792320"	0.986009822188078	348	0.996393486781369
"rs1794350"	0.986009822188078	348	0.996393486781369
"rs259066"	0.986083288518282	348	1.00289612442192
"rs813891"	0.986139382733875	348	1.00413902464153
"rs244064"	0.986183850073324	348	0.998058727022465
"rs1877900"	0.986189977417003	348	0.998391722371606
"rs574646"	0.986203447651876	348	0.99567803728877
"rs1963276"	0.986234984279547	348	0.993557596236991
"rs1963279"	0.986234984279547	348	0.993557596236991
"rs1116315"	0.986292839691905	348	1.00233962531054
"rs1116318"	0.986292839691905	348	1.00233962531054
"rs1116320"	0.986292839691905	348	1.00233962531054
"rs1116324"	0.986292839691905	348	1.00233962531054
"rs2000475"	0.986296992624275	348	0.993647126872493
"rs2166535"	0.986334262305667	348	0.996956170349503
"rs2166538"	0.986334262305667	348	0.996956170349503
"rs344551"	0.98635608937343	348	0.996875411069023
"rs851569"	0.986366664545037	348	1.00410737912649
"rs460122"	0.986407141272129	348	1.00461699021391
"rs1603750"	0.9864426109224	348	1.00322678054381
"rs324874"	0.986473250344398	348	1.00348704792199
"rs324865"	0.986473250344403	348	1.00348704792199
"rs324881"	0.986473250344409	348	1.00348704792199
"rs1983050"	0.986474401401336	348	0.997480032710055
"rs1336595"	0.986490945303994	348	0.996060001735093
"rs1167968"	0.986516552067301	348	0.99610464304861
"rs1167976"	0.986516552067301	348	0.99610464304861
"rs1794227"	0.98656751957676	348	0.997254563419021
"rs1287620"	0.986581877938683	348	0.996853308981546
"rs1287623"	0.986581877938683	348	0.996853308981546
"rs1287631"	0.986581877938683	348	0.996853308981546
"rs800782"	0.986669495576214	348	0.996141333475975
"rs396771"	0.986670639627131	348	0.996048869671851
"rs196585"	0.986675913180122	348	1.00438414001311
"rs1795250"	0.986682814482938	348	1.00300902752343
"rs688052"	0.986738534560116	348	1.00338170118409
"rs754284"	0.986746935292349	348	1.00296041407429
"rs645021"	0.986798116093773	348	0.995362263358434
"rs645024"	0.986798116093773	348	0.995362263358434
"rs645027"	0.986798116093773	348	0.995362263358434
"rs645147"	0.986798116093773	348	0.995362263358434
"rs1350937"	0.986836698248235	348	1.00356005192108
"rs857950"	0.986853031424478	348	1.00390675821187
"rs1919127"	0.986860445942485	348	0.996824469067563
"rs1487029"	0.986868885073809	348	0.996913462231099
"rs575347"	0.986887928541928	348	1.00740612444019
"rs575840"	0.986887928541928	348	1.00740612444019
"rs1370128"	0.986960117815167	348	0.9969870302715
"rs344728"	0.986997996710321	348	0.995851334930229
"rs458079"	0.987035366302123	348	0.991874349402121
"rs458123"	0.987035366302123	348	0.991874349402121
"rs878359"	0.987035366302123	348	0.991874349402121
"rs1317414"	0.987035366302123	348	0.991874349402121
"rs1318506"	0.987035366302123	348	0.991874349402121
"rs2071052"	0.987035366302123	348	0.991874349402121
"rs227701"	0.987050870518436	348	1.00305111781213
"rs1594093"	0.987051245743998	348	1.00600848535337
"rs685615"	0.987085853791447	348	0.996461154748102
"rs1822544"	0.987096396601594	348	0.996838727910965
"rs988472"	0.987107829359639	348	0.997511080424367
"rs814830"	0.987138667695834	348	1.00339416550196
"rs1804923"	0.987163736974593	348	1.00350201782053
"rs761919"	0.987187779266879	348	1.00380098516027
"rs1124248"	0.987190040109023	348	1.00337533314261
"rs1397552"	0.987252515432643	348	1.00318444710667
"rs1397568"	0.987252515432698	348	1.00318444710666
"rs1397573"	0.987252515432698	348	1.00318444710666
"rs1397574"	0.987252515432698	348	1.00318444710666
"rs1397577"	0.987252515432698	348	1.00318444710666
"rs1842753"	0.987261518509797	348	0.995176818904225
"rs1191450"	0.987273178143922	348	0.978074992852532
"rs227220"	0.987287611846178	348	0.995370723541228
"rs524451"	0.987293019825392	348	1.00271741204228
"rs1467733"	0.987305020240819	348	1.00376777789608
"rs1468601"	0.987305020240819	348	1.00376777789608
"rs1468907"	0.987305020240819	348	1.00376777789608
"rs1468781"	0.987321254989421	348	0.996460763852241
"rs1469144"	0.987321254989421	348	0.996460763852241
"rs994517"	0.987355875763311	348	1.00259052753651
"rs994520"	0.987355875763311	348	1.00259052753651
"rs499965"	0.987401447590656	348	0.994144678541008
"rs1317457"	0.98744618815523	348	0.997194581028609
"rs1317461"	0.98744618815523	348	0.997194581028609
"rs359538"	0.987465889942933	348	0.996426556876665
"rs359562"	0.987465889942933	348	0.996426556876665
"rs359579"	0.987465889942933	348	0.996426556876665
"rs359582"	0.987465889942933	348	0.996426556876665
"rs359596"	0.987465889942933	348	0.996426556876665
"rs94287"	0.987472679978346	348	0.991082708651558
"rs1335988"	0.987472679978346	348	0.991082708651558
"rs1549228"	0.987472679978346	348	0.991082708651558
"rs2001075"	0.987472679978346	348	0.991082708651558
"rs517282"	0.987474083101459	348	1.00241978322089
"rs883424"	0.987474844742039	348	1.00627430023794
"rs883091"	0.987474844742161	348	0.940794359741686
"rs1822832"	0.987502159983106	348	1.00733458542716
"rs395538"	0.987538307935398	348	0.997126741687524
"rs211860"	0.987544353972301	348	1.00284878147068
"rs1072933"	0.987553793748207	348	1.00120740345458
"rs1805992"	0.987579595844657	348	1.01182044153457
"rs98814"	0.987629162191017	348	0.997163710068127
"rs2048088"	0.987631997573786	348	0.999094444707016
"rs503735"	0.987650138616049	348	0.997168793663795
"rs857868"	0.987655672059403	348	0.99794416178042
"rs2024801"	0.987672957048022	348	1.00366368169162
"rs1162527"	0.987678530236484	348	1.00211948646624
"rs627743"	0.987684661345598	348	1.00355681025137
"rs1151350"	0.987691565300937	348	1.00155756245625
"rs1468698"	0.987725759015326	348	0.99638188721242
"rs1469523"	0.987725759015326	348	0.99638188721242
"rs1763483"	0.987752435339235	348	0.996178681797031
"rs308273"	0.987754058589805	348	0.996821753429447
"rs803023"	0.987846979343418	348	0.99720646037546
"rs803026"	0.987846979343418	348	0.99720646037546
"rs490847"	0.987875947374692	348	1.00442757498083
"rs490853"	0.987875947374692	348	1.00442757498083
"rs782718"	0.987882113808124	348	0.997255565476622
"rs782800"	0.987882113808124	348	0.997255565476622
"rs1893325"	0.987905217489309	348	0.998794258595933
"rs2027078"	0.987914093743202	348	1.00307740775523
"rs2119907"	0.98793234286914	348	0.99746121983164
"rs901853"	0.987937954931008	348	1.00436535512889
"rs1568794"	0.988025722743135	348	0.996717897287143
"rs83442"	0.988056144917206	348	0.996533396538647
"rs487222"	0.988066059432137	348	0.997072429797717
"rs1056795"	0.988110303180897	348	0.996757704512535
"rs1817175"	0.988138080445994	348	0.996604723137159
"rs122716"	0.988179344870024	348	0.997400289619121
"rs2148378"	0.988186543942725	348	1.00219043824101
"rs82780"	0.988283906722541	348	1.0034129068573
"rs2097018"	0.988327269557894	348	1.00293414027297
"rs492407"	0.988328334360282	348	1.00221500603653
"rs83719"	0.988330322118978	348	1.00345979231293
"rs83729"	0.988330322118978	348	1.00345979231293
"rs996681"	0.988366471521284	348	0.99684261523148
"rs91890"	0.988430828521105	348	0.996993828215494
"rs1692511"	0.988438856396728	348	1.00326313845498
"rs1692514"	0.988438856396728	348	1.00326313845498
"rs1692517"	0.988438856396728	348	1.00326313845498
"rs1692526"	0.988438856396728	348	1.00326313845498
"rs1692529"	0.988438856396728	348	1.00326313845498
"rs1090711"	0.988442978195106	348	0.99574746572008
"rs1024529"	0.988466749304604	348	0.994116267384829
"rs1351716"	0.988502327236506	348	0.995227429915232
"rs342335"	0.988514933227993	348	0.995568155552329
"rs121682"	0.988516476021256	348	1.00384866462233
"rs128705"	0.988592447811732	348	0.997695816601541
"rs1400229"	0.988622163113364	348	1.00404985520881
"rs2134444"	0.988669162946898	348	1.00345486499324
"rs1616827"	0.98871932257667	348	0.995860180574748
"rs1820362"	0.988758312077984	348	0.99533115422221
"rs177440"	0.988763015364422	348	0.996317252357158
"rs3178"	0.988788143264255	348	0.997967152388028
"rs1914894"	0.988871993042123	348	1.00221799572856
"rs786374"	0.988892700584954	348	1.004285785217
"rs2087219"	0.988900099714399	348	1.00114891845152
"rs1424442"	0.988908872560478	348	1.0035853533637
"rs509087"	0.988910844274267	348	1.00485411522004
"rs970580"	0.988910844274267	348	1.00485411522004
"rs912416"	0.98891115342928	348	0.996951446746723
"rs912419"	0.98891115342928	348	0.996951446746723
"rs127128"	0.988911859060678	348	0.998701524290101
"rs1980666"	0.98893764846619	348	0.997907167464138
"rs225831"	0.988996999875532	348	1.00573524648848
"rs225835"	0.988996999875532	348	1.00573524648848
"rs225991"	0.988996999875532	348	1.00573524648848
"rs226000"	0.988996999875532	348	1.00573524648848
"rs226001"	0.988996999875532	348	1.00573524648848
"rs226022"	0.988996999875532	348	1.00573524648848
"rs226032"	0.988996999875532	348	1.00573524648848
"rs226041"	0.988996999875532	348	1.00573524648848
"rs2148504"	0.989006855414942	348	0.996446620619508
"rs297627"	0.989021041730389	348	1.00210039162837
"rs1578826"	0.989021214139554	348	0.996876045251952
"rs1612948"	0.989115491163287	348	0.999447630851887
"rs1480189"	0.989120189707647	348	0.994746587313454
"rs639822"	0.989127886053753	348	1.00344491388942
"rs639823"	0.989127886053753	348	1.00344491388942
"rs418697"	0.989193082080846	348	1.00269985165096
"rs940673"	0.989219359155624	348	1.00371203168698
"rs2110128"	0.989245401475584	348	1.00285926235182
"rs2109619"	0.989250497620603	348	1.0033758214838
"rs967043"	0.989263130238689	348	0.997398504721348
"rs1371549"	0.989268910999897	348	0.999342112857764
"rs1489310"	0.989316491196466	348	0.998958333220251
"rs1635852"	0.989324247489776	348	1.00479494638857
"rs842432"	0.989325381300136	348	1.00250952001336
"rs43344"	0.989365112660542	348	1.00278035035425
"rs340487"	0.989377805499929	348	1.00385715557242
"rs1287486"	0.989380340510366	348	1.0026563213441
"rs1287567"	0.989380340510366	348	1.0026563213441
"rs1287575"	0.989380340510366	348	1.0026563213441
"rs1287692"	0.989380340510366	348	1.0026563213441
"rs1287733"	0.989380340510366	348	1.0026563213441
"rs1288005"	0.989380340510366	348	1.0026563213441
"rs1783654"	0.989380783673537	348	0.997980487734167
"rs534003"	0.989426127503374	348	1.00212178826222
"rs777443"	0.989427829580637	348	1.00242154454601
"rs392564"	0.989437662493418	348	1.00269626091552
"rs392575"	0.989437662493418	348	1.00269626091552
"rs212082"	0.989460914274359	348	1.00249272527488
"rs212086"	0.989460914274359	348	1.00249272527488
"rs639100"	0.989467105519877	348	0.997429430126972
"rs556147"	0.989484001996669	348	1.00242926087241
"rs542732"	0.989506760039376	348	1.00294350923118
"rs800682"	0.989520403624858	348	0.993760042384805
"rs2162134"	0.989588242894834	348	0.998297521463021
"rs1609259"	0.98962291345547	348	0.994090086371196
"rs1632171"	0.98962291345547	348	0.994090086371196
"rs51460"	0.989690108351983	348	1.00215755802078
"rs362990"	0.989700344232373	348	0.99572510835712
"rs324505"	0.989712810285914	348	0.931114103559474
"rs324628"	0.989712810285914	348	0.931114103559474
"rs1657178"	0.98971281028595	348	0.993493202129126
"rs700827"	0.989712810285956	348	0.993493202129129
"rs153461"	0.989712810285956	348	0.99349320212913
"rs325703"	0.989712810285956	348	0.99349320212913
"rs325928"	0.989712810285956	348	0.99349320212913
"rs326423"	0.989712810285956	348	0.99349320212913
"rs700727"	0.989712810285956	348	0.99349320212913
"rs2000162"	0.989712810285956	348	0.99349320212913
"rs2003130"	0.989712810285956	348	0.99349320212913
"rs2006057"	0.989712810285956	348	0.99349320212913
"rs2129381"	0.989712810285956	348	0.99349320212913
"rs227746"	0.989742133616461	348	0.99756869054321
"rs227722"	0.989742133616499	348	0.997568690543219
"rs227737"	0.989742133616499	348	0.997568690543219
"rs1880188"	0.989790127211798	348	0.998312171472112
"rs197875"	0.989811195669814	348	1.0039651148111
"rs128312"	0.989896098654307	348	0.997743863487571
"rs627812"	0.989912979138117	348	1.00290257888344
"rs669026"	0.989915070684171	348	1.00378700969372
"rs1763669"	0.98992551436472	348	1.00671855612147
"rs479251"	0.989931902497994	348	1.00230613751166
"rs330640"	0.989939779130636	348	1.00201775588815
"rs122740"	0.989959673572163	348	0.997696979500775
"rs854031"	0.990037196026115	348	1.00261968775309
"rs951953"	0.990051739438747	348	1.00302053956798
"rs935900"	0.990085145586384	348	0.996101368029776
"rs629002"	0.990099454897371	348	0.994231757589989
"rs629969"	0.990099454897371	348	0.994231757589989
"rs2111761"	0.990101947433101	348	1.00399837871924
"rs581777"	0.990107014944068	348	1.00236253346196
"rs504325"	0.990109145936525	348	0.997348029029746
"rs303552"	0.99017155604403	348	0.99214549612067
"rs1803200"	0.990189470627689	348	1.00212406106517
"rs6495"	0.990191113065691	348	0.996724736836513
"rs817377"	0.990192175771011	348	0.997515943595924
"rs2047574"	0.990197445990092	348	0.997481225032624
"rs1750016"	0.990209668927188	348	1.00304013226919
"rs1141152"	0.990260222929123	348	0.996194170326073
"rs2215706"	0.990290818394197	348	1.00319199718836
"rs1117629"	0.990297310836439	348	1.00324236264087
"rs649008"	0.990317198109737	348	0.998662398329585
"rs230041"	0.990319114672588	348	1.00357093350558
"rs2162078"	0.990366194021598	348	1.00162696944909
"rs1037794"	0.990376053466567	348	1.00212224228054
"rs1550506"	0.990383161360488	348	1.00198825671871
"rs1288004"	0.990439126031839	348	0.997501563627707
"rs526800"	0.990440725519602	348	1.00481282018029
"rs526803"	0.990440725519602	348	1.00481282018029
"rs526824"	0.990440725519602	348	1.00481282018029
"rs526836"	0.990440725519602	348	1.00481282018029
"rs526860"	0.990440725519602	348	1.00481282018029
"rs526872"	0.990440725519602	348	1.00481282018029
"rs526875"	0.990440725519602	348	1.00481282018029
"rs763312"	0.990441743211397	348	0.998738868064497
"rs2154610"	0.990447056345617	348	0.997710774599172
"rs1798109"	0.990476263602888	348	1.00512556827119
"rs1395832"	0.99047626360289	348	1.00512556827119
"rs783997"	0.990479352243727	348	0.997991895322213
"rs1741404"	0.990533201453953	348	0.998136361952919
"rs279950"	0.990576995853067	348	0.997267695473964
"rs1962992"	0.990626804950046	348	1.00267733403199
"rs1963007"	0.990626804950046	348	1.00267733403199
"rs724442"	0.990642836227781	348	0.999393527474571
"rs2096913"	0.990726142633021	348	0.997992027573158
"rs886437"	0.990817491733125	348	0.997794451421503
"rs145331"	0.990824786885425	348	1.00160598444104
"rs145335"	0.990824786885425	348	1.00160598444104
"rs145336"	0.990824786885425	348	1.00160598444104
"rs627034"	0.990829654815954	348	0.997864426885353
"rs1769733"	0.990832018661648	348	0.997595399540115
"rs1206712"	0.99084059748404	348	1.00178622003491
"rs1118053"	0.990858049195888	348	0.997484181489553
"rs1118076"	0.990858049195888	348	0.997484181489553
"rs434393"	0.990866533062431	348	0.997436061767362
"rs203162"	0.990893915672913	348	0.998006620520724
"rs1742042"	0.990942380737536	348	0.996788509558135
"rs860258"	0.991012053894863	348	0.998039039853361
"rs1436642"	0.991020393039685	348	0.997354814039561
"rs895475"	0.991044251928241	348	0.997070572571149
"rs1963186"	0.991139959312312	348	0.997488483009236
"rs1963240"	0.991139959312312	348	0.997488483009236
"rs1963587"	0.991139959312312	348	0.997488483009236
"rs1963593"	0.991139959312312	348	0.997488483009236
"rs1135731"	0.991165591396293	348	0.995651143570388
"rs1326535"	0.991181263472943	348	0.997805285361104
"rs1326544"	0.991181263472943	348	0.997805285361104
"rs1326550"	0.991181263472943	348	0.997805285361104
"rs762747"	0.991206153707413	348	1.00289645320643
"rs976642"	0.991218154689793	348	0.997445592848803
"rs1540327"	0.991249184825671	348	1.00232530581778
"rs504693"	0.991269144099431	348	1.00225350392266
"rs329194"	0.991271779608188	348	0.99813335004756
"rs31336"	0.991287202582308	348	1.00413247124554
"rs2165179"	0.991334992563647	348	1.00157722434429
"rs127715"	0.991420845441481	348	0.998540640292587
"rs239274"	0.991515734455559	348	1.00402061806886
"rs640519"	0.991524198629457	348	1.00166615755506
"rs649334"	0.991528056160749	348	0.997841136848762
"rs649366"	0.991528056160749	348	0.997841136848762
"rs453724"	0.99155761343134	348	0.998058635315589
"rs2169972"	0.991639339044081	348	0.998125301881892
"rs846719"	0.991642362108072	348	1.00223224617947
"rs1986430"	0.991649017163108	348	0.998381677664087
"rs1317692"	0.991668948858916	348	0.998089952309466
"rs730837"	0.991742220467466	348	0.997805337836203
"rs492608"	0.99174684829867	348	1.00344261107059
"rs492620"	0.99174684829867	348	1.00344261107059
"rs1742045"	0.991749222181195	348	1.00228202886207
"rs1154212"	0.991774419679925	348	1.00271758521067
"rs1806458"	0.991794029336988	348	0.998027051563385
"rs1700935"	0.991897423598578	348	1.001998496049
"rs1698028"	0.991910780167493	348	1.00125748537212
"rs2020809"	0.991956143690861	348	1.00250919748917
"rs2020822"	0.991956143690861	348	1.00250919748917
"rs2020823"	0.991956143690861	348	1.00250919748917
"rs2020824"	0.991956143690861	348	1.00250919748917
"rs2020825"	0.991956143690861	348	1.00250919748917
"rs2020826"	0.991956143690861	348	1.00250919748917
"rs2020827"	0.991956143690861	348	1.00250919748917
"rs2020833"	0.991956143690861	348	1.00250919748917
"rs2020849"	0.991956143690861	348	1.00250919748917
"rs2020895"	0.991956143690861	348	1.00250919748917
"rs2020897"	0.991956143690861	348	1.00250919748917
"rs2020899"	0.991956143690861	348	1.00250919748917
"rs2020910"	0.991956143690861	348	1.00250919748917
"rs344719"	0.991965228230147	348	1.00171777046046
"rs579911"	0.991995157861698	348	1.00334875362853
"rs83043"	0.992014071600812	348	1.00227824875876
"rs1127173"	0.99204313969052	348	1.00160627077982
"rs597120"	0.992063801050136	348	0.99828210017051
"rs1578901"	0.992072735019038	348	0.997688980277685
"rs1381213"	0.992076367935974	348	0.995370242898028
"rs1422707"	0.992076367935974	348	0.995370242898028
"rs2173449"	0.992117086491651	348	0.998661348595829
"rs1656742"	0.992126575227351	348	1.00421010897667
"rs1962740"	0.992131074872482	348	1.00217622555364
"rs284197"	0.992153991246719	348	1.0017179674571
"rs1472633"	0.992179113754024	348	1.00189847719495
"rs1352843"	0.992211312171083	348	0.997446940285306
"rs1670793"	0.992244058952988	348	1.0019488040604
"rs338856"	0.992266388731141	348	0.99833000530835
"rs1103621"	0.99233734762762	348	1.00325906143507
"rs1930878"	0.992340017778975	348	0.997501386729696
"rs1930880"	0.992340017778975	348	0.997501386729696
"rs1930820"	0.992340017778975	348	0.997501386729696
"rs1930821"	0.992340017778975	348	0.997501386729696
"rs1930824"	0.992340017778975	348	0.997501386729696
"rs1930828"	0.992340017778975	348	0.997501386729696
"rs1930829"	0.992340017778975	348	0.997501386729696
"rs1930830"	0.992340017778975	348	0.997501386729696
"rs1930845"	0.992340017778975	348	0.997501386729696
"rs1930847"	0.992340017778975	348	0.997501386729696
"rs1930848"	0.992340017778975	348	0.997501386729696
"rs2172567"	0.992344422708728	348	0.998764571069098
"rs1394107"	0.992357143966283	348	1.00212044181475
"rs853321"	0.992381070531587	348	1.00229889229853
"rs848555"	0.992385092280958	348	1.00175677328546
"rs657338"	0.992419749236733	348	1.00291759451011
"rs1815885"	0.992426331242937	348	1.00357658669704
"rs829343"	0.992447496111067	348	1.00258170326826
"rs418953"	0.992458750157395	348	0.997813143070015
"rs1055323"	0.992496587627531	348	0.999195505872305
"rs514582"	0.992496594566442	348	0.998385494353426
"rs364915"	0.99249788203722	348	1.00177457731716
"rs1974718"	0.992502850547474	348	1.0036133155019
"rs81795"	0.992526971085362	348	1.00217651231003
"rs242309"	0.992531304508862	348	0.998259983772355
"rs133770"	0.99259514230472	348	0.996629152726565
"rs1601593"	0.99261868521624	348	1.00184195350835
"rs532298"	0.992622170122003	348	1.0022456251993
"rs2069944"	0.992688167996447	348	0.998094929914853
"rs2069946"	0.992688167996447	348	0.998094929914853
"rs2069947"	0.992688167996447	348	0.998094929914853
"rs417009"	0.992702234854512	348	0.99787077290475
"rs467655"	0.992705219169698	348	1.00291900838677
"rs553355"	0.992723329810856	348	1.00216266062497
"rs1207230"	0.992757684861323	348	0.998838711132428
"rs1942879"	0.992812714939518	348	0.998394839217634
"rs1195199"	0.992835133550395	348	1.00170623909955
"rs1017404"	0.992851028804506	348	1.00205001196561
"rs1341468"	0.992863318551233	348	0.998487798775538
"rs303354"	0.992892084370967	348	0.99898540082227
"rs2111760"	0.992896014521367	348	1.00286680022189
"rs1769650"	0.99290648785811	348	1.00169380053442
"rs2170599"	0.992910426963975	348	0.999272990043127
"rs135263"	0.992911040589233	348	1.00181684259098
"rs135266"	0.992911040589233	348	1.00181684259098
"rs135272"	0.992911040589233	348	1.00181684259098
"rs1881674"	0.992919209887708	348	0.998193099486374
"rs1881683"	0.992919209887708	348	0.998193099486374
"rs910043"	0.992980135308111	348	1.00188003257299
"rs910199"	0.992980135308113	348	1.00188003257299
"rs128645"	0.992985026116667	348	0.998731364297796
"rs896754"	0.993009618934607	348	1.00149999968897
"rs1536237"	0.993039421114726	348	0.99764053399541
"rs35163"	0.993045895134757	348	1.00182826794726
"rs35167"	0.993045895134757	348	1.00182826794726
"rs473227"	0.993065517758262	348	1.00095083703829
"rs168836"	0.99307122908248	348	0.99664249190389
"rs168895"	0.99307122908248	348	0.99664249190389
"rs169112"	0.99307122908248	348	0.99664249190389
"rs169395"	0.99307122908248	348	0.99664249190389
"rs172905"	0.99307122908248	348	0.99664249190389
"rs172971"	0.99307122908248	348	0.99664249190389
"rs1202932"	0.993083896261939	348	1.00127283884293
"rs842673"	0.993116266437413	348	0.998276986251141
"rs1610121"	0.993121672632323	348	1.00247623694101
"rs838715"	0.993158388383607	348	0.998761319905463
"rs1608634"	0.993160229144213	348	0.996685659784063
"rs1608635"	0.993160229144213	348	0.996685659784063
"rs1608644"	0.993160229144213	348	0.996685659784063
"rs287490"	0.993201170593012	348	1.00110487100675
"rs1067742"	0.993201795454188	348	0.997862712841823
"rs1067743"	0.993201795454188	348	0.997862712841823
"rs1067746"	0.993201795454188	348	0.997862712841823
"rs1067750"	0.993201795454188	348	0.997862712841823
"rs1067751"	0.993201795454188	348	0.997862712841823
"rs2091385"	0.993277009768524	348	0.998438655477466
"rs1320678"	0.993292399755874	348	1.00182648596877
"rs2125975"	0.993297733293956	348	1.00151969488338
"rs170647"	0.993300135787976	348	0.998600300581972
"rs2114447"	0.993368666072884	348	1.00118308799074
"rs412182"	0.993380278900235	348	0.99831090982603
"rs1794734"	0.993387499899402	348	0.998385876902181
"rs82637"	0.993419744025193	348	0.99808932734502
"rs1734123"	0.993426133101038	348	1.00094700268603
"rs650853"	0.993443824170763	348	1.00215032402841
"rs650880"	0.993443824170763	348	1.00215032402841
"rs964623"	0.993466081167528	348	0.995811526969424
"rs432931"	0.993466081167529	348	0.995811526969424
"rs434144"	0.993466081167529	348	0.995811526969424
"rs437458"	0.993466081167529	348	0.995811526969424
"rs864125"	0.993466081167529	348	0.995811526969424
"rs1460326"	0.993466081167529	348	0.995811526969424
"rs1460702"	0.993466081167529	348	0.995811526969424
"rs1684447"	0.993466081167529	348	0.995811526969424
"rs889828"	0.993466081167546	348	0.995811526969436
"rs2079244"	0.993467017278029	348	0.99838124736895
"rs1895752"	0.993496243209015	348	0.998076159140038
"rs751355"	0.99349880397363	348	0.998763855520184
"rs51137"	0.993509682224892	348	1.00154496261759
"rs1695277"	0.99352278676911	348	1.00180909423549
"rs1064528"	0.993524832658544	348	1.00173476468801
"rs966861"	0.993529907941026	348	1.00132509755298
"rs352417"	0.993540258786793	348	0.998041745138828
"rs2069921"	0.993572444372091	348	0.998389550964008
"rs972153"	0.993592144343359	348	1.00114264494424
"rs110179"	0.993605405309684	348	0.998198573506744
"rs63836"	0.993619476864614	348	1.00262938190237
"rs683555"	0.993645022774511	348	0.998065297600614
"rs1207185"	0.993649441479707	348	0.998987351094837
"rs416995"	0.993695320974947	348	0.998300834560975
"rs1344615"	0.993696731485931	348	1.001427485977
"rs363559"	0.993733728820617	348	1.0015707445012
"rs363564"	0.993733728820618	348	1.0015707445012
"rs1808483"	0.993739995496936	348	0.996269521569423
"rs1103043"	0.993757573023933	348	1.00252173303162
"rs1716213"	0.993774625445123	348	0.998614492186332
"rs1716238"	0.993774625445123	348	0.998614492186332
"rs264771"	0.993784568466474	348	0.99957700623696
"rs436109"	0.993803281967418	348	0.998845715998726
"rs1928953"	0.993814791817864	348	1.00232880333778
"rs2109912"	0.993845978416382	348	1.00193388480784
"rs913255"	0.993861144913642	348	1.00266989321035
"rs341711"	0.993901196270617	348	0.998299600541819
"rs649193"	0.993901386444305	348	1.00061536530469
"rs943610"	0.993911038757338	348	0.997928142558696
"rs2182246"	0.99394020263398	348	0.998759486307531
"rs2182252"	0.99394020263398	348	0.998759486307531
"rs552892"	0.993946667710938	348	0.99725572330437
"rs552913"	0.993946667710938	348	0.99725572330437
"rs1193713"	0.993957866659223	348	1.00128125040715
"rs1194598"	0.993957866659223	348	1.00128125040715
"rs1802304"	0.993978231526253	348	1.00117146897181
"rs683598"	0.994044293876442	348	1.00137916321844
"rs2126821"	0.994117900152984	348	1.00126907553872
"rs814824"	0.99413839939972	348	1.001540705932
"rs814833"	0.99413839939972	348	1.001540705932
"rs814857"	0.99413839939972	348	1.001540705932
"rs814885"	0.99413839939972	348	1.001540705932
"rs814909"	0.99413839939972	348	1.001540705932
"rs814914"	0.99413839939972	348	1.001540705932
"rs1798535"	0.994182657174025	348	1.00184600001205
"rs1879031"	0.994199932790724	348	0.998653374721506
"rs354081"	0.994200743493583	348	1.00155198947007
"rs1964206"	0.994205753607895	348	1.00119798114679
"rs344737"	0.994268314505959	348	1.00192498912628
"rs677976"	0.994320719636754	348	0.99776488964462
"rs912251"	0.994331124311919	348	0.998750074081348
"rs140106"	0.994343981675567	348	0.998079045143836
"rs140199"	0.994343981675567	348	0.998079045143836
"rs940039"	0.994350686498392	348	1.00213596245375
"rs940460"	0.994350686498392	348	1.00213596245375
"rs1074491"	0.994403763069613	348	0.99846253802174
"rs180169"	0.99441213979035	348	0.998495715468852
"rs919477"	0.99443576957576	348	1.00352269261976
"rs1402857"	0.994466438854503	348	0.998474288161459
"rs2209888"	0.99446824630067	348	0.998427224402031
"rs546002"	0.994480170972719	348	1.00224382637265
"rs1570144"	0.994482065653695	348	1.00253732031532
"rs354155"	0.994497042599459	348	1.00150948665373
"rs660780"	0.994518466963554	348	1.00151010508299
"rs1134154"	0.994555556694128	348	0.998059089552729
"rs392312"	0.994578770217412	348	1.00134200734442
"rs392339"	0.994578770217412	348	1.00134200734442
"rs392363"	0.994578770217414	348	1.00134200734442
"rs392384"	0.994578770217414	348	1.00134200734442
"rs392336"	0.99457877021742	348	1.00134200734442
"rs392354"	0.99457877021742	348	1.00134200734442
"rs2115577"	0.994585871009941	348	0.998607674033625
"rs2115578"	0.994585871009941	348	0.998607674033625
"rs128630"	0.994591962227292	348	1.00089735351681
"rs1320894"	0.994594367454104	348	1.00173872265362
"rs1816444"	0.994622736301	348	1.00248076908135
"rs1637093"	0.994639688387804	348	1.00055583552063
"rs2188411"	0.994662624952735	348	0.998587473468845
"rs546708"	0.99469454389267	348	1.00185726312284
"rs242318"	0.994712838605553	348	1.00122833981262
"rs482193"	0.994751220131144	348	0.998129470139762
"rs482208"	0.994751220131157	348	0.998129470139767
"rs482214"	0.994751220131157	348	0.998129470139767
"rs2091696"	0.994756612854667	348	1.00142143180243
"rs1583117"	0.994811511682534	348	1.00111321164312
"rs208854"	0.994812591661282	348	0.998949763488008
"rs208878"	0.994812591661282	348	0.998949763488008
"rs1340095"	0.994896248676521	348	1.00107026539157
"rs584196"	0.994922728136463	348	1.00140859630817
"rs512748"	0.994966128915417	348	0.998883411001491
"rs1769661"	0.99498803293292	348	0.998801417900021
"rs1964944"	0.995038155134856	348	0.998441855744276
"rs2116504"	0.995128091838087	348	0.999014801075483
"rs428487"	0.995165925658582	348	1.00111818549956
"rs354486"	0.995215427998722	348	0.998955522938012
"rs338721"	0.995239371867172	348	0.998918069886386
"rs122848"	0.995279865239826	348	0.998150887312423
"rs83395"	0.99531235733845	348	1.00136889914589
"rs1601655"	0.995312722885409	348	0.998470621471902
"rs1601657"	0.995312722885409	348	0.998470621471902
"rs1984006"	0.995355415832868	348	1.00143647586798
"rs511033"	0.995360810570523	348	1.00118452900541
"rs1529230"	0.99537941740601	348	0.998414441972316
"rs962898"	0.995389874418198	348	0.999022159022538
"rs942793"	0.995419986588999	348	1.00056877232177
"rs2093872"	0.995426753350312	348	1.0008026665366
"rs113413"	0.995477652184718	348	0.999572965699673
"rs1816285"	0.995504679112845	348	1.00119880986008
"rs552712"	0.995512735409135	348	0.997660535423328
"rs308249"	0.995536607969653	348	1.00122898049741
"rs473400"	0.995566273174199	348	1.00033675653426
"rs762063"	0.99558828295362	348	1.00144421133746
"rs2203639"	0.995628228869709	348	1.00163802612474
"rs2204249"	0.995628228869711	348	1.00163802612474
"rs1488245"	0.995641516213135	348	1.00042448229751
"rs1662649"	0.995650804929557	348	0.998461522476752
"rs1737926"	0.995686569395137	348	0.998933774565887
"rs1817305"	0.995695112947684	348	0.999015339743964
"rs1122581"	0.995702156758606	348	1.00095151380046
"rs2116051"	0.995716092869625	348	1.00211538077753
"rs2116063"	0.995716092869625	348	1.00211538077753
"rs2116150"	0.995716092869625	348	1.00211538077753
"rs1616770"	0.995784396053405	348	1.00104034272529
"rs1715002"	0.995852009632206	348	1.00058367284824
"rs1466347"	0.995858197331708	348	0.998517212537524
"rs1466349"	0.995858197331708	348	0.998517212537524
"rs1791317"	0.99586081379632	348	1.00153516298249
"rs1743350"	0.995887667359968	348	1.0011814555332
"rs419630"	0.995889049992535	348	1.00030485028394
"rs373841"	0.995907148025519	348	0.998509863376893
"rs374934"	0.995907148025519	348	0.998509863376893
"rs376769"	0.995907148025519	348	0.998509863376893
"rs378496"	0.995907148025519	348	0.998509863376893
"rs1381093"	0.995912978916167	348	1.00203613430862
"rs1652818"	0.995924787648758	348	1.00107235264147
"rs1652824"	0.995924787648758	348	1.00107235264147
"rs818538"	0.995943946239066	348	1.00078213420096
"rs818598"	0.995943946239066	348	1.00078213420096
"rs783403"	0.99596692534745	348	0.99907051840193
"rs783424"	0.99596692534745	348	0.99907051840193
"rs783454"	0.99596692534745	348	0.99907051840193
"rs783466"	0.99596692534745	348	0.99907051840193
"rs783478"	0.99596692534745	348	0.99907051840193
"rs783481"	0.99596692534745	348	0.99907051840193
"rs783514"	0.99596692534745	348	0.99907051840193
"rs783532"	0.99596692534745	348	0.99907051840193
"rs783541"	0.99596692534745	348	0.99907051840193
"rs953603"	0.995974683688449	348	1.00148785567408
"rs548834"	0.995982438225348	348	0.998578915553254
"rs548843"	0.995982438225348	348	0.998578915553254
"rs548846"	0.995982438225348	348	0.998578915553254
"rs549158"	0.995982438225348	348	0.998578915553254
"rs549169"	0.995982438225348	348	0.998578915553254
"rs549206"	0.995982438225348	348	0.998578915553254
"rs549227"	0.995982438225348	348	0.998578915553254
"rs549278"	0.995982438225348	348	0.998578915553254
"rs652181"	0.995983115147112	348	1.00199979620866
"rs533709"	0.99600561915516	348	0.999074059073642
"rs1593885"	0.996041910073716	348	0.998897887042738
"rs513332"	0.996047630743235	348	0.999324300203604
"rs385238"	0.996084773740204	348	1.00079613331095
"rs494044"	0.996092488598348	348	1.00140715313278
"rs737946"	0.996094595706104	348	0.999098757961125
"rs1562087"	0.996112687944337	348	1.00080523017811
"rs2124553"	0.996116315900787	348	0.999105115397888
"rs1699293"	0.996144649727592	348	0.998953946920141
"rs1699362"	0.996144649727592	348	0.998953946920141
"rs1467571"	0.996162726216	348	1.00114479692187
"rs1688418"	0.996207997811465	348	1.00098296017302
"rs1688449"	0.996207997811465	348	1.00098296017302
"rs1688451"	0.996207997811465	348	1.00098296017302
"rs869037"	0.996253990220944	348	1.00103137625095
"rs497469"	0.996280299070597	348	1.00071182524247
"rs614498"	0.996289126449452	348	0.998664872120985
"rs1765905"	0.996323406498603	348	0.999123958962574
"rs393331"	0.996345621955089	348	0.999160825600385
"rs393340"	0.996345621955089	348	0.999160825600385
"rs393328"	0.996345621955095	348	0.999160825600386
"rs543151"	0.996354182797386	348	1.00136747518074
"rs1845454"	0.996372956982911	348	0.998990505878098
"rs1383600"	0.996378016544638	348	1.0009204081552
"rs510011"	0.996462325566435	348	1.00079897004147
"rs905439"	0.996464390561577	348	0.999662896271099
"rs239734"	0.996507917181958	348	1.00078377907024
"rs239740"	0.996507917181958	348	1.00078377907024
"rs239741"	0.996507917181958	348	1.00078377907024
"rs239767"	0.996507917181958	348	1.00078377907024
"rs239785"	0.996507917181958	348	1.00078377907024
"rs239788"	0.996507917181958	348	1.00078377907024
"rs239800"	0.996507917181958	348	1.00078377907024
"rs678620"	0.99651457807542	348	0.998679309062035
"rs1134054"	0.99654581752175	348	0.99876753104612
"rs326032"	0.996548155337666	348	1.00122038271018
"rs61276"	0.996590142691825	348	0.998734015598979
"rs1433554"	0.996630112399842	348	0.999265951479857
"rs1664376"	0.996634359540447	348	0.998835392922725
"rs1878881"	0.996646142678194	348	0.999123140854086
"rs305269"	0.996699272471093	348	1.00026584388958
"rs1436526"	0.99673088967411	348	1.00087868881548
"rs2186355"	0.99673572797915	348	0.999094874603064
"rs523416"	0.996744343017488	348	0.999490245415341
"rs122751"	0.996747034203223	348	1.00071658172179
"rs322554"	0.996817516930533	348	0.999030435303785
"rs943599"	0.996825855461566	348	0.999012680214392
"rs2207256"	0.996839911520297	348	1.00111964410922
"rs794930"	0.996861379372676	348	0.998634857043951
"rs2134172"	0.996913322169989	348	1.0010745224879
"rs2111573"	0.996926896822841	348	1.00024366891843
"rs1010530"	0.996942291220948	348	1.00097819823264
"rs640125"	0.996986884534225	348	0.999409012033583
"rs377078"	0.997085446162807	348	0.999420966358095
"rs50023"	0.997122093967962	348	1.0012713195892
"rs50148"	0.997122093967962	348	1.0012713195892
"rs803910"	0.997148408350945	348	1.00080991924623
"rs803914"	0.997148408350945	348	1.00080991924623
"rs1764626"	0.997174618506026	348	1.00065910579016
"rs809472"	0.997201081726927	348	0.998920484419607
"rs809482"	0.997201081726927	348	0.998920484419607
"rs149499"	0.997216956071756	348	1.00075836257337
"rs368532"	0.997253401195128	348	1.00074045682363
"rs1638172"	0.997253775757664	348	1.00071728134056
"rs1567796"	0.997269325187786	348	0.999279726265855
"rs134575"	0.997294357403878	348	1.00083844059467
"rs1206713"	0.997347045608878	348	1.00047939694604
"rs648986"	0.997367196229647	348	0.999081164833161
"rs326947"	0.997384679960588	348	0.999395681798389
"rs513232"	0.997448981320905	348	1.00065667111546
"rs613473"	0.997475894744106	348	0.99932872551315
"rs1699575"	0.99747753358385	348	0.999400185128099
"rs796997"	0.997485741082326	348	1.00137005489385
"rs606863"	0.997546187752934	348	1.00110382838318
"rs1476141"	0.997551274920515	348	1.00052356912894
"rs297871"	0.997559678294374	348	1.00049659092713
"rs1935647"	0.997561904365448	348	0.999292925629292
"rs6540"	0.997569694264196	348	1.00069296814835
"rs65010"	0.997571041348332	348	0.999450136894952
"rs1395645"	0.997597791928645	348	1.00061151347307
"rs945815"	0.997676444378213	348	0.999386910945663
"rs949407"	0.997676444378213	348	0.999386910945663
"rs950431"	0.997676444378213	348	0.999386910945663
"rs2110226"	0.997687887164982	348	1.00061360830326
"rs1738573"	0.997694462210822	348	0.999539625688613
"rs1783247"	0.997696603488651	348	1.00037793862377
"rs99171"	0.997738804509133	348	1.00062961910054
"rs257744"	0.997744288055301	348	0.99951264235725
"rs156839"	0.99774817233065	348	0.999697251393609
"rs2009882"	0.997765757377795	348	1.00066904822241
"rs163477"	0.997778811871817	348	1.00067620821147
"rs2170241"	0.997802880798505	348	1.00013773741102
"rs23656"	0.997820437800556	348	1.00076459878278
"rs474079"	0.997867828646371	348	1.00079897896473
"rs225747"	0.997915576937049	348	1.00044564377063
"rs1780024"	0.997925039752299	348	0.999422694434638
"rs1397091"	0.997925628944582	348	1.00074192235427
"rs297872"	0.997957582883055	348	1.00041557115743
"rs869603"	0.997967783938811	348	1.00035747704284
"rs473249"	0.998008604811094	348	0.999642306712025
"rs890255"	0.998010282062549	348	0.999600192727831
"rs82491"	0.998015866131461	348	0.999419891631009
"rs81901"	0.998015866131463	348	0.999419891631009
"rs81913"	0.998015866131463	348	0.999419891631009
"rs81916"	0.998015866131463	348	0.999419891631009
"rs81928"	0.998015866131463	348	0.999419891631009
"rs81931"	0.998015866131463	348	0.999419891631009
"rs81932"	0.998015866131463	348	0.999419891631009
"rs81940"	0.998015866131463	348	0.999419891631009
"rs81943"	0.998015866131463	348	0.999419891631009
"rs81946"	0.998015866131463	348	0.999419891631009
"rs82018"	0.998015866131463	348	0.999419891631009
"rs82027"	0.998015866131463	348	0.999419891631009
"rs82036"	0.998015866131463	348	0.999419891631009
"rs82039"	0.998015866131463	348	0.999419891631009
"rs82048"	0.998015866131463	348	0.999419891631009
"rs82057"	0.998015866131463	348	0.999419891631009
"rs82084"	0.998015866131463	348	0.999419891631009
"rs82093"	0.998015866131463	348	0.999419891631009
"rs82099"	0.998015866131463	348	0.999419891631009
"rs82167"	0.998015866131463	348	0.999419891631009
"rs82180"	0.998015866131463	348	0.999419891631009
"rs82204"	0.998015866131463	348	0.999419891631009
"rs82216"	0.998015866131463	348	0.999419891631009
"rs82219"	0.998015866131463	348	0.999419891631009
"rs82225"	0.998015866131463	348	0.999419891631009
"rs82228"	0.998015866131463	348	0.999419891631009
"rs82249"	0.998015866131463	348	0.999419891631009
"rs82275"	0.998015866131463	348	0.999419891631009
"rs82277"	0.998015866131463	348	0.999419891631009
"rs82285"	0.998015866131463	348	0.999419891631009
"rs82290"	0.998015866131463	348	0.999419891631009
"rs82292"	0.998015866131463	348	0.999419891631009
"rs83048"	0.998015866131485	348	0.999419891631016
"rs2140550"	0.998031634513353	348	1.00051580434643
"rs899531"	0.998054469360466	348	1.00093903658514
"rs706498"	0.998061476984093	348	1.00042663746203
"rs1598555"	0.99806538816329	348	1.00051008926711
"rs1601243"	0.998065847091223	348	1.00041834592584
"rs1055843"	0.99810064018108	348	0.999560095361704
"rs1883748"	0.998116410203958	348	0.999307929322655
"rs1415719"	0.998124448023088	348	1.00033966551795
"rs547727"	0.998163963955182	348	0.999619334212024
"rs93515"	0.998197809458007	348	0.999596752693805
"rs571314"	0.998242475804205	348	0.999631973209017
"rs1663622"	0.998343456352917	348	1.00061670152891
"rs1663624"	0.998343456352917	348	1.00061670152891
"rs1663625"	0.998343456352917	348	1.00061670152891
"rs1663629"	0.998343456352917	348	1.00061670152891
"rs2160146"	0.998348426801248	348	0.999785500478967
"rs951018"	0.998398468079561	348	1.00037067885176
"rs473255"	0.998409534851693	348	0.999764944170327
"rs473256"	0.998409534851693	348	0.999764944170327
"rs473257"	0.998409534851693	348	0.999764944170327
"rs93555"	0.998440440080156	348	1.00009686347157
"rs2188357"	0.99846108999025	348	0.999612311592701
"rs1093325"	0.998563295466342	348	1.00039102875106
"rs1093328"	0.998563295466342	348	1.00039102875106
"rs1093329"	0.998563295466342	348	1.00039102875106
"rs1093331"	0.998563295466342	348	1.00039102875106
"rs1093337"	0.998563295466342	348	1.00039102875106
"rs1093340"	0.998563295466342	348	1.00039102875106
"rs1093349"	0.998563295466342	348	1.00039102875106
"rs1114979"	0.998581552199516	348	1.00026491560993
"rs254120"	0.998610076207328	348	0.999649367119472
"rs352271"	0.998634156633399	348	0.999684736689353
"rs522545"	0.998648406297702	348	1.00035451587849
"rs573692"	0.998663732574674	348	0.999677072221479
"rs573698"	0.998663732574674	348	0.999677072221479
"rs808451"	0.998665263175547	348	1.00039087160634
"rs652740"	0.998673401227402	348	0.999574314315189
"rs649000"	0.998679818035101	348	1.00019902336121
"rs209300"	0.998691816084493	348	0.999614351624926
"rs2133867"	0.998709272951411	348	0.999788656534844
"rs1114227"	0.998747004346512	348	0.999467185145311
"rs613117"	0.998759875711209	348	0.999462645650337
"rs1336598"	0.998777056265804	348	1.000316099651
"rs1883887"	0.998840388495364	348	0.999570617290229
"rs948057"	0.998875060954268	348	1.00030577648186
"rs530817"	0.998891161772891	348	1.00020366925181
"rs133670"	0.998939957824913	348	0.999755907587726
"rs1907067"	0.998985615855577	348	1.0006546072562
"rs1207219"	0.9990090854605	348	1.00015885222035
"rs802759"	0.999010980216285	348	1.00044921537031
"rs802850"	0.999010980216285	348	1.00044921537031
"rs802978"	0.999010980216285	348	1.00044921537031
"rs467272"	0.999018835237223	348	1.00024326565615
"rs467273"	0.999018835237223	348	1.00024326565615
"rs467371"	0.999018835237223	348	1.00024326565615
"rs816487"	0.999058159378395	348	0.999683707796622
"rs1001822"	0.999072309822765	348	1.00060030759229
"rs49765"	0.999072309822807	348	1.00060030759226
"rs676219"	0.999072309822807	348	1.00060030759226
"rs677384"	0.999072309822807	348	1.00060030759226
"rs678003"	0.999072309822807	348	1.00060030759226
"rs684259"	0.999072309822807	348	1.00060030759226
"rs684307"	0.999072309822807	348	1.00060030759226
"rs684673"	0.999072309822807	348	1.00060030759226
"rs685022"	0.999072309822807	348	1.00060030759226
"rs685179"	0.999072309822807	348	1.00060030759226
"rs685344"	0.999072309822807	348	1.00060030759226
"rs1391464"	0.999072309822807	348	1.00060030759226
"rs1391467"	0.999072309822807	348	1.00060030759226
"rs984739"	0.999077270338906	348	0.999818210994281
"rs984740"	0.999077270338906	348	0.999818210994281
"rs732003"	0.999119832137481	348	0.999768882573553
"rs1154802"	0.999135668532702	348	0.999636121764384
"rs1831588"	0.999157359513025	348	0.999671305786568
"rs1831835"	0.999157359513025	348	0.999671305786568
"rs1831991"	0.999157359513025	348	0.999671305786568
"rs304071"	0.999167852873157	348	1.00026299951919
"rs303849"	0.999167852873161	348	1.00299350644679
"rs807790"	0.999176057356737	348	1.00033843149018
"rs248515"	0.999177890018638	348	1.00026317882475
"rs561250"	0.999180752489964	348	0.999835436732218
"rs561255"	0.999180752489964	348	0.999835436732218
"rs302896"	0.999192093889883	348	0.999930167568136
"rs1126299"	0.999233945893179	348	1.00025289614388
"rs1565669"	0.999243227161281	348	1.00014728263322
"rs1806452"	0.999290555096116	348	0.999788899048726
"rs1064409"	0.999299224674711	348	1.00031564316106
"rs1064411"	0.999299224674711	348	1.00031564316106
"rs1064413"	0.999299224674711	348	1.00031564316106
"rs1064414"	0.999299224674711	348	1.00031564316106
"rs377938"	0.999302097679822	348	1.00019482208778
"rs377940"	0.999302097679822	348	1.00019482208778
"rs1823231"	0.999312557429322	348	1.00018075214928
"rs1823232"	0.999312557429322	348	1.00018075214928
"rs1305463"	0.999326392594031	348	1.00018920779426
"rs579729"	0.999327423642076	348	0.999643454876129
"rs580260"	0.999327423642076	348	0.999643454876129
"rs433528"	0.999351325333347	348	1.0004125596135
"rs433544"	0.999351325333347	348	1.0004125596135
"rs182188"	0.99936570316819	348	1.00017443820853
"rs549632"	0.999402817066753	348	1.0001515787255
"rs1359114"	0.999408094539213	348	1.00013997148273
"rs1769881"	0.999439977823001	348	0.999865587827417
"rs553553"	0.999444174564259	348	1.00024934521761
"rs553565"	0.999444174564259	348	1.00024934521761
"rs553574"	0.999444174564259	348	1.00024934521761
"rs553576"	0.999444174564259	348	1.00024934521761
"rs553613"	0.999444174564259	348	1.00024934521761
"rs553731"	0.999444174564259	348	1.00024934521761
"rs553739"	0.999444174564259	348	1.00024934521761
"rs553787"	0.999444174564259	348	1.00024934521761
"rs553860"	0.999444174564259	348	1.00024934521761
"rs553933"	0.999444174564259	348	1.00024934521761
"rs553960"	0.999444174564259	348	1.00024934521761
"rs553975"	0.999444174564259	348	1.00024934521761
"rs553984"	0.999444174564259	348	1.00024934521761
"rs911725"	0.999450884813344	348	1.00028098278776
"rs421008"	0.99949509578466	348	0.99989335713346
"rs421011"	0.99949509578466	348	0.99989335713346
"rs421020"	0.99949509578466	348	0.99989335713346
"rs1400418"	0.999555774981623	348	0.999885482931998
"rs1400436"	0.999555774981623	348	0.999885482931998
"rs1488641"	0.999562744733962	348	0.999942699871685
"rs489183"	0.999578367873234	348	1.00006218986919
"rs959253"	0.999580106869146	348	1.00008384741836
"rs2172618"	0.99961478775883	348	0.999943466376759
"rs1341798"	0.99963150758152	348	0.999882182521605
"rs1134119"	0.999695574475928	348	1.00010874995692
"rs2046930"	0.99970805631707	348	0.999919357481499
"rs249806"	0.999711539676822	348	1.00010124356343
"rs2024411"	0.999740013021116	348	0.999907011202279
"rs2024420"	0.999740013021116	348	0.999907011202279
"rs2024423"	0.999740013021116	348	0.999907011202279
"rs2024426"	0.999740013021116	348	0.999907011202279
"rs466779"	0.999782225579871	348	0.999964214410675
"rs2069886"	0.999789260728554	348	0.999947511118086
"rs2069891"	0.999789260728554	348	0.999947511118086
"rs2069895"	0.999789260728554	348	0.999947511118086
"rs556723"	0.999790251829706	348	1.00002638097267
"rs134147"	0.999823557324835	348	1.00003190158382
"rs911924"	0.999829242354839	348	0.999959214649403
"rs817352"	0.999831467931604	348	1.0000287927239
"rs1748108"	0.999845942096117	348	0.999977776372499
"rs1765301"	0.999854905938753	348	1.00003462348366
"rs1318227"	0.999872666349411	348	1.00002467123777
"rs2097025"	0.999892769908483	348	0.999973107487479
"rs1117752"	0.999892785116307	348	0.999960973788268
"rs1579492"	0.999899548174572	348	0.999974450117511
"rs677641"	0.999903177707876	348	1.00002974704385
"rs96854"	0.999906708225973	348	1.00002123613365
"rs96920"	0.999906708225973	348	1.00002123613365
"rs135515"	0.9999321154303	348	1.00001686375342
"rs135554"	0.9999321154303	348	1.00001686375342
"rs135563"	0.9999321154303	348	1.00001686375342
"rs1815897"	0.999961175053381	348	1.00001617249977
"rs2039973"	0.999999061400932	348	1.00000022531014
"rs1103986"	0.999999099952079	348	0.999999747093753
"rs3950"	NA	348	1.11949790697698
"rs5426"	NA	348	0.979888096496824
"rs14158"	NA	348	0.979888096496824
"rs23310"	NA	348	1.12335572522708
"rs32884"	NA	348	1.12566740559808
"rs43989"	NA	348	0.979888096496824
"rs50779"	NA	348	0.979888096496824
"rs84684"	NA	348	0.979888096496824
"rs84748"	NA	348	0.979888096496824
"rs104968"	NA	348	0.966755457123892
"rs104975"	NA	348	0.966755457123892
"rs105049"	NA	348	0.966755457123892
"rs105128"	NA	348	0.966755457123892
"rs105157"	NA	348	0.966755457123892
"rs105179"	NA	348	0.966755457123892
"rs105541"	NA	348	0.966755457123892
"rs105800"	NA	348	0.966755457123892
"rs105839"	NA	348	0.966755457123892
"rs105861"	NA	348	0.966755457123892
"rs105866"	NA	348	0.966755457123892
"rs105903"	NA	348	0.966755457123892
"rs106096"	NA	348	0.979888096496824
"rs106115"	NA	348	0.979888096496824
"rs107343"	NA	348	1.12156975492358
"rs111905"	NA	348	0.979888096496824
"rs112024"	NA	348	0.979888096496824
"rs127912"	NA	348	1.12668453821193
"rs165893"	NA	348	1.12156975492358
"rs166612"	NA	348	1.12156975492358
"rs168409"	NA	348	1.12156975492358
"rs186740"	NA	348	1.12156975492358
"rs188422"	NA	348	1.12156975492358
"rs205705"	NA	348	1.12156975492358
"rs208035"	NA	348	1.12156975492358
"rs208108"	NA	348	1.12156975492358
"rs208449"	NA	348	1.12156975492358
"rs208467"	NA	348	1.12156975492358
"rs208470"	NA	348	1.12156975492358
"rs208488"	NA	348	1.12156975492358
"rs208755"	NA	348	1.12156975492358
"rs208870"	NA	348	1.12156975492358
"rs230644"	NA	348	1.12156975492358
"rs230961"	NA	348	1.12156975492358
"rs231560"	NA	348	1.12156975492358
"rs233375"	NA	348	1.12156975492358
"rs268936"	NA	348	1.12156975492358
"rs295928"	NA	348	1.12156975492358
"rs296906"	NA	348	1.12156975492358
"rs297147"	NA	348	1.12156975492358
"rs301605"	NA	348	1.12156975492358
"rs301621"	NA	348	1.12156975492358
"rs303621"	NA	348	1.64079707787804
"rs303657"	NA	348	1.70296657816707
"rs303686"	NA	348	1.64079707787804
"rs303724"	NA	348	1.75737214131218
"rs303732"	NA	348	1.75737214131218
"rs303802"	NA	348	1.72114702168944
"rs303976"	NA	348	1.12156975492358
"rs303997"	NA	348	1.16155941153778
"rs304064"	NA	348	1.20653089181523
"rs304078"	NA	348	1.68574970535749
"rs304092"	NA	348	1.14609626738959
"rs304095"	NA	348	1.14609626738959
"rs304099"	NA	348	1.68574970535749
"rs304139"	NA	348	1.10532356046692
"rs304173"	NA	348	1.68574970535749
"rs304182"	NA	348	1.12156975492358
"rs304191"	NA	348	0.917594185283168
"rs304206"	NA	348	0.979888096496824
"rs304226"	NA	348	1.12668453821193
"rs304245"	NA	348	1.68574970535749
"rs315189"	NA	348	0.695648271435717
"rs315207"	NA	348	0.695648271435717
"rs315208"	NA	348	0.695648271435717
"rs315219"	NA	348	0.695648271435717
"rs315222"	NA	348	0.695648271435717
"rs315235"	NA	348	0.695648271435717
"rs315240"	NA	348	0.695648271435717
"rs315244"	NA	348	0.695648271435717
"rs315255"	NA	348	0.695648271435717
"rs315439"	NA	348	0.695648271435717
"rs315532"	NA	348	0.695648271435717
"rs315535"	NA	348	0.695648271435717
"rs315543"	NA	348	0.695648271435717
"rs315545"	NA	348	0.695648271435717
"rs315552"	NA	348	0.695648271435717
"rs315819"	NA	348	0.695648271435717
"rs316061"	NA	348	0.695648271435717
"rs316084"	NA	348	0.695648271435717
"rs316233"	NA	348	0.695648271435717
"rs317044"	NA	348	0.695648271435717
"rs318313"	NA	348	0.695648271435717
"rs318549"	NA	348	0.695648271435717
"rs318922"	NA	348	0.844041305841009
"rs318925"	NA	348	0.949902548296565
"rs318928"	NA	348	0.949902548296565
"rs318934"	NA	348	0.949902548296565
"rs318937"	NA	348	0.949902548296565
"rs318943"	NA	348	0.949902548296565
"rs318945"	NA	348	0.949902548296565
"rs318949"	NA	348	0.949902548296565
"rs319060"	NA	348	0.983728829670236
"rs319061"	NA	348	0.949902548296565
"rs319062"	NA	348	0.949902548296565
"rs319066"	NA	348	0.844041305841009
"rs319072"	NA	348	0.844041305841009
"rs319078"	NA	348	0.844041305841009
"rs319087"	NA	348	0.844041305841009
"rs319090"	NA	348	0.949902548296565
"rs319102"	NA	348	0.844041305841009
"rs319105"	NA	348	0.844041305841009
"rs319108"	NA	348	1.0323387419417
"rs319115"	NA	348	0.844041305841009
"rs319122"	NA	348	0.844041305841009
"rs324036"	NA	348	1.67827135288009
"rs324073"	NA	348	1.73175668119105
"rs324629"	NA	348	1.73175668119105
"rs324678"	NA	348	1.03352738191262
"rs325050"	NA	348	1.68574970535749
"rs325410"	NA	348	0.854288085704654
"rs325549"	NA	348	0.854288085704654
"rs325571"	NA	348	0.854288085704654
"rs325868"	NA	348	1.68574970535749
"rs326245"	NA	348	0.979888096496824
"rs326514"	NA	348	0.979888096496824
"rs328286"	NA	348	0.854288085704654
"rs328798"	NA	348	0.854288085704654
"rs328853"	NA	348	0.854288085704654
"rs330047"	NA	348	0.854288085704654
"rs336054"	NA	348	0.979888096496824
"rs349429"	NA	348	1.11054453018069
"rs379938"	NA	348	1.12156975492358
"rs381994"	NA	348	1.12156975492358
"rs385293"	NA	348	1.12156975492358
"rs410636"	NA	348	1.12156975492358
"rs428792"	NA	348	0.979888096496824
"rs428808"	NA	348	0.979888096496824
"rs428813"	NA	348	0.979888096496824
"rs428819"	NA	348	0.979888096496824
"rs428976"	NA	348	0.979888096496824
"rs434754"	NA	348	0.979888096496824
"rs436199"	NA	348	0.979888096496824
"rs454872"	NA	348	0.979888096496824
"rs459476"	NA	348	0.979888096496824
"rs462851"	NA	348	0.979888096496824
"rs462981"	NA	348	0.918395075839795
"rs463991"	NA	348	1.1464950971439
"rs468166"	NA	348	0.979888096496824
"rs479839"	NA	348	0.979888096496824
"rs483543"	NA	348	1.12156975492358
"rs483949"	NA	348	0.918395075839795
"rs484345"	NA	348	0.918395075839795
"rs485739"	NA	348	0.979888096496824
"rs491079"	NA	348	0.979888096496824
"rs500197"	NA	348	0.979888096496824
"rs507461"	NA	348	0.979888096496824
"rs508617"	NA	348	0.979888096496824
"rs510041"	NA	348	0.979888096496824
"rs514968"	NA	348	0.979888096496824
"rs515038"	NA	348	0.979888096496824
"rs516637"	NA	348	1.29960168090986
"rs516854"	NA	348	0.979888096496824
"rs517807"	NA	348	0.979888096496824
"rs518456"	NA	348	0.979888096496824
"rs518495"	NA	348	0.979888096496824
"rs518504"	NA	348	0.979888096496824
"rs518505"	NA	348	0.979888096496824
"rs518531"	NA	348	0.979888096496824
"rs518707"	NA	348	0.979888096496824
"rs519002"	NA	348	0.979888096496824
"rs523255"	NA	348	1.12156975492358
"rs524731"	NA	348	0.979888096496824
"rs524945"	NA	348	0.666460924489865
"rs543284"	NA	348	0.979888096496824
"rs543997"	NA	348	0.979888096496824
"rs546802"	NA	348	0.979888096496824
"rs547747"	NA	348	0.979888096496824
"rs550052"	NA	348	0.979888096496824
"rs550916"	NA	348	0.979888096496824
"rs552705"	NA	348	0.979888096496824
"rs555100"	NA	348	0.979888096496824
"rs555145"	NA	348	0.979888096496824
"rs555459"	NA	348	0.979888096496824
"rs555528"	NA	348	0.979888096496824
"rs576709"	NA	348	0.979888096496824
"rs578231"	NA	348	0.979888096496824
"rs590514"	NA	348	0.979888096496824
"rs601325"	NA	348	1.12156975492358
"rs601412"	NA	348	0.979888096496824
"rs602638"	NA	348	0.979888096496824
"rs603722"	NA	348	0.979888096496824
"rs603821"	NA	348	0.946765651799439
"rs603853"	NA	348	0.979888096496824
"rs605418"	NA	348	0.711968139598219
"rs608572"	NA	348	0.979888096496824
"rs609940"	NA	348	0.979888096496824
"rs610385"	NA	348	1.12156975492358
"rs610442"	NA	348	0.979888096496824
"rs610590"	NA	348	1.12156975492358
"rs610646"	NA	348	1.12156975492358
"rs612213"	NA	348	1.12156975492358
"rs616390"	NA	348	0.979888096496824
"rs617680"	NA	348	0.918395075839795
"rs618485"	NA	348	0.979888096496824
"rs619499"	NA	348	1.12156975492358
"rs628880"	NA	348	1.12156975492358
"rs632430"	NA	348	1.12156975492358
"rs635679"	NA	348	1.12156975492358
"rs637950"	NA	348	1.12156975492358
"rs649282"	NA	348	0.711968139598219
"rs650101"	NA	348	0.711968139598219
"rs650107"	NA	348	0.711968139598219
"rs650109"	NA	348	0.711968139598219
"rs650124"	NA	348	0.711968139598219
"rs650442"	NA	348	0.711968139598219
"rs650454"	NA	348	0.711968139598219
"rs650458"	NA	348	0.711968139598219
"rs650460"	NA	348	0.711968139598219
"rs650469"	NA	348	0.711968139598219
"rs650481"	NA	348	0.711968139598219
"rs650493"	NA	348	0.711968139598219
"rs657096"	NA	348	0.979888096496824
"rs657949"	NA	348	1.12156975492358
"rs658658"	NA	348	0.979888096496824
"rs659265"	NA	348	0.979888096496824
"rs663252"	NA	348	1.11054453018069
"rs665216"	NA	348	1.11054453018069
"rs666854"	NA	348	0.979888096496824
"rs668292"	NA	348	0.979888096496824
"rs669129"	NA	348	0.979888096496824
"rs674470"	NA	348	0.979888096496824
"rs678032"	NA	348	0.979888096496824
"rs685893"	NA	348	0.979888096496824
"rs688662"	NA	348	0.979888096496824
"rs695322"	NA	348	0.979888096496824
"rs696849"	NA	348	0.979888096496824
"rs697204"	NA	348	0.979888096496824
"rs699898"	NA	348	1.12156975492358
"rs700564"	NA	348	0.979888096496824
"rs703364"	NA	348	0.979888096496824
"rs705746"	NA	348	0.979888096496824
"rs707459"	NA	348	0.979888096496824
"rs712556"	NA	348	1.12156975492358
"rs714569"	NA	348	0.979888096496824
"rs715159"	NA	348	0.979888096496824
"rs735833"	NA	348	0.854288085704654
"rs768279"	NA	348	1.12156975492358
"rs770774"	NA	348	0.711968139598219
"rs771399"	NA	348	0.711968139598219
"rs772194"	NA	348	0.711968139598219
"rs773580"	NA	348	0.979888096496824
"rs774436"	NA	348	0.711968139598219
"rs789173"	NA	348	0.711968139598219
"rs789581"	NA	348	0.711968139598219
"rs803862"	NA	348	0.711968139598219
"rs807854"	NA	348	0.979888096496824
"rs837393"	NA	348	0.979888096496824
"rs837694"	NA	348	0.979888096496824
"rs838517"	NA	348	0.711968139598219
"rs840983"	NA	348	0.711968139598219
"rs841471"	NA	348	0.711968139598219
"rs842397"	NA	348	0.711968139598219
"rs846344"	NA	348	0.979888096496824
"rs846567"	NA	348	0.979888096496824
"rs846599"	NA	348	0.979888096496824
"rs848134"	NA	348	0.979888096496824
"rs848154"	NA	348	0.979888096496824
"rs848629"	NA	348	0.979888096496824
"rs849366"	NA	348	0.979888096496824
"rs859742"	NA	348	0.979888096496824
"rs860824"	NA	348	0.979888096496824
"rs861787"	NA	348	0.979888096496824
"rs865829"	NA	348	0.979888096496824
"rs866847"	NA	348	0.979888096496824
"rs869511"	NA	348	0.979888096496824
"rs870036"	NA	348	0.979888096496824
"rs870663"	NA	348	0.979888096496824
"rs871457"	NA	348	0.979888096496824
"rs874525"	NA	348	0.979888096496824
"rs876454"	NA	348	0.979888096496824
"rs876586"	NA	348	1.12156975492358
"rs876791"	NA	348	1.12156975492358
"rs878296"	NA	348	0.979888096496824
"rs882436"	NA	348	1.12156975492358
"rs885068"	NA	348	1.1195598354222
"rs888380"	NA	348	1.12156975492358
"rs899004"	NA	348	0.979888096496824
"rs901312"	NA	348	1.12156975492358
"rs903109"	NA	348	0.979888096496824
"rs907859"	NA	348	0.979888096496824
"rs918842"	NA	348	0.979888096496824
"rs920828"	NA	348	0.979888096496824
"rs921470"	NA	348	0.711968139598219
"rs954664"	NA	348	0.979888096496824
"rs959232"	NA	348	1.15192575862413
"rs959241"	NA	348	1.1195598354222
"rs959340"	NA	348	1.1195598354222
"rs959952"	NA	348	1.08388069058954
"rs1001263"	NA	348	0.711968139598219
"rs1010298"	NA	348	0.979888096496824
"rs1010383"	NA	348	0.979888096496824
"rs1010529"	NA	348	0.979888096496824
"rs1011563"	NA	348	0.711968139598219
"rs1011564"	NA	348	0.711968139598219
"rs1011579"	NA	348	0.711968139598219
"rs1011597"	NA	348	0.711968139598219
"rs1011602"	NA	348	0.711968139598219
"rs1011606"	NA	348	0.711968139598219
"rs1011620"	NA	348	0.711968139598219
"rs1011622"	NA	348	0.711968139598219
"rs1011627"	NA	348	0.711968139598219
"rs1011630"	NA	348	0.711968139598219
"rs1011645"	NA	348	0.711968139598219
"rs1011657"	NA	348	0.711968139598219
"rs1011666"	NA	348	0.711968139598219
"rs1011672"	NA	348	0.711968139598219
"rs1011675"	NA	348	0.711968139598219
"rs1011693"	NA	348	0.711968139598219
"rs1011732"	NA	348	0.711968139598219
"rs1011750"	NA	348	0.711968139598219
"rs1011763"	NA	348	0.711968139598219
"rs1011789"	NA	348	0.711968139598219
"rs1011811"	NA	348	0.711968139598219
"rs1011872"	NA	348	0.711968139598219
"rs1011877"	NA	348	0.711968139598219
"rs1011878"	NA	348	0.711968139598219
"rs1011879"	NA	348	0.711968139598219
"rs1011893"	NA	348	0.711968139598219
"rs1012356"	NA	348	0.711968139598219
"rs1012374"	NA	348	0.711968139598219
"rs1012410"	NA	348	0.711968139598219
"rs1012413"	NA	348	0.711968139598219
"rs1012422"	NA	348	0.711968139598219
"rs1012707"	NA	348	0.711968139598219
"rs1015730"	NA	348	1.12156975492358
"rs1015774"	NA	348	0.711968139598219
"rs1016016"	NA	348	0.711968139598219
"rs1016399"	NA	348	0.711968139598219
"rs1016565"	NA	348	0.711968139598219
"rs1016601"	NA	348	0.711968139598219
"rs1016619"	NA	348	0.711968139598219
"rs1016629"	NA	348	0.711968139598219
"rs1016631"	NA	348	0.711968139598219
"rs1016637"	NA	348	0.711968139598219
"rs1016642"	NA	348	0.711968139598219
"rs1016663"	NA	348	0.711968139598219
"rs1016664"	NA	348	0.711968139598219
"rs1016692"	NA	348	0.711968139598219
"rs1016698"	NA	348	0.711968139598219
"rs1016707"	NA	348	0.711968139598219
"rs1016742"	NA	348	0.711968139598219
"rs1016748"	NA	348	0.711968139598219
"rs1016791"	NA	348	0.711968139598219
"rs1016799"	NA	348	0.711968139598219
"rs1016802"	NA	348	0.711968139598219
"rs1016841"	NA	348	0.711968139598219
"rs1016844"	NA	348	0.711968139598219
"rs1016847"	NA	348	0.711968139598219
"rs1016850"	NA	348	0.711968139598219
"rs1016853"	NA	348	0.711968139598219
"rs1016862"	NA	348	0.711968139598219
"rs1016874"	NA	348	0.711968139598219
"rs1016904"	NA	348	0.711968139598219
"rs1016907"	NA	348	0.711968139598219
"rs1016928"	NA	348	0.711968139598219
"rs1016931"	NA	348	0.711968139598219
"rs1016937"	NA	348	0.711968139598219
"rs1016964"	NA	348	0.711968139598219
"rs1016965"	NA	348	0.711968139598219
"rs1016967"	NA	348	0.711968139598219
"rs1016973"	NA	348	0.711968139598219
"rs1016983"	NA	348	0.711968139598219
"rs1017000"	NA	348	0.711968139598219
"rs1017007"	NA	348	0.711968139598219
"rs1017090"	NA	348	0.711968139598219
"rs1017105"	NA	348	0.711968139598219
"rs1017114"	NA	348	0.711968139598219
"rs1017117"	NA	348	0.711968139598219
"rs1017118"	NA	348	0.711968139598219
"rs1017120"	NA	348	0.711968139598219
"rs1017144"	NA	348	0.711968139598219
"rs1017156"	NA	348	0.711968139598219
"rs1017162"	NA	348	0.711968139598219
"rs1017165"	NA	348	0.711968139598219
"rs1017192"	NA	348	0.711968139598219
"rs1017201"	NA	348	0.711968139598219
"rs1017204"	NA	348	0.711968139598219
"rs1017206"	NA	348	0.711968139598219
"rs1017229"	NA	348	0.711968139598219
"rs1017231"	NA	348	0.711968139598219
"rs1017243"	NA	348	0.711968139598219
"rs1017252"	NA	348	0.711968139598219
"rs1017273"	NA	348	0.711968139598219
"rs1017330"	NA	348	0.711968139598219
"rs1019435"	NA	348	0.711968139598219
"rs1020583"	NA	348	0.979888096496824
"rs1020600"	NA	348	0.711968139598219
"rs1021752"	NA	348	0.979888096496824
"rs1022509"	NA	348	0.979888096496824
"rs1042649"	NA	348	1.12156975492358
"rs1043068"	NA	348	0.711968139598219
"rs1043193"	NA	348	0.979888096496824
"rs1044491"	NA	348	0.723507791164077
"rs1051820"	NA	348	0.979888096496824
"rs1059698"	NA	348	0.711968139598219
"rs1080122"	NA	348	1.12156975492358
"rs1083262"	NA	348	0.979888096496824
"rs1086578"	NA	348	0.782630811577793
"rs1091865"	NA	348	0.979888096496824
"rs1092419"	NA	348	0.979888096496824
"rs1097206"	NA	348	1.00470090654657
"rs1097522"	NA	348	0.979888096496824
"rs1098910"	NA	348	1.00125082529419
"rs1098918"	NA	348	1.00125082529419
"rs1099296"	NA	348	1.00470090654657
"rs1100190"	NA	348	1.00125082529419
"rs1111052"	NA	348	0.979888096496824
"rs1113367"	NA	348	0.979888096496824
"rs1115466"	NA	348	0.979888096496824
"rs1116938"	NA	348	1.12156975492358
"rs1117482"	NA	348	1.12156975492358
"rs1121256"	NA	348	1.01392586674198
"rs1127635"	NA	348	0.711968139598219
"rs1128219"	NA	348	0.711968139598219
"rs1136660"	NA	348	0.711968139598219
"rs1141115"	NA	348	0.979888096496824
"rs1141749"	NA	348	0.711968139598219
"rs1142052"	NA	348	0.979888096496824
"rs1142156"	NA	348	0.979888096496824
"rs1142279"	NA	348	0.979888096496824
"rs1142740"	NA	348	0.979888096496824
"rs1142820"	NA	348	0.979888096496824
"rs1145950"	NA	348	0.711968139598219
"rs1149683"	NA	348	0.711968139598219
"rs1149685"	NA	348	0.979888096496824
"rs1150673"	NA	348	0.979888096496824
"rs1153570"	NA	348	0.711968139598219
"rs1154314"	NA	348	0.979888096496824
"rs1163107"	NA	348	0.711968139598219
"rs1164721"	NA	348	0.979888096496824
"rs1165645"	NA	348	0.979888096496824
"rs1290384"	NA	348	0.979888096496824
"rs1291882"	NA	348	0.979888096496824
"rs1292396"	NA	348	0.979888096496824
"rs1296347"	NA	348	0.979888096496824
"rs1299769"	NA	348	1.1195598354222
"rs1303649"	NA	348	0.979888096496824
"rs1311420"	NA	348	0.711968139598219
"rs1313025"	NA	348	0.711968139598219
"rs1342678"	NA	348	0.979888096496824
"rs1342892"	NA	348	0.979888096496824
"rs1343171"	NA	348	0.979888096496824
"rs1343245"	NA	348	0.979888096496824
"rs1343724"	NA	348	0.979888096496824
"rs1344234"	NA	348	0.979888096496824
"rs1346898"	NA	348	0.979888096496824
"rs1347182"	NA	348	0.979888096496824
"rs1347282"	NA	348	0.979888096496824
"rs1350135"	NA	348	0.979888096496824
"rs1352714"	NA	348	0.979888096496824
"rs1356300"	NA	348	0.979888096496824
"rs1356301"	NA	348	0.979888096496824
"rs1356429"	NA	348	0.979888096496824
"rs1356582"	NA	348	0.979888096496824
"rs1356699"	NA	348	0.979888096496824
"rs1362434"	NA	348	1.12156975492358
"rs1378234"	NA	348	0.757725152339612
"rs1381233"	NA	348	0.979888096496824
"rs1385068"	NA	348	0.979888096496824
"rs1386676"	NA	348	1.12156975492358
"rs1387586"	NA	348	1.12156975492358
"rs1391851"	NA	348	0.711968139598219
"rs1391854"	NA	348	0.711968139598219
"rs1391932"	NA	348	1.12156975492358
"rs1392525"	NA	348	0.979888096496824
"rs1392752"	NA	348	0.979888096496824
"rs1393541"	NA	348	0.979888096496824
"rs1396782"	NA	348	0.897724763694881
"rs1396902"	NA	348	1.12156975492358
"rs1397712"	NA	348	0.979888096496824
"rs1401971"	NA	348	0.979888096496824
"rs1412168"	NA	348	0.711968139598219
"rs1413390"	NA	348	0.711968139598219
"rs1414250"	NA	348	0.979888096496824
"rs1414806"	NA	348	0.711968139598219
"rs1418098"	NA	348	0.711968139598219
"rs1419642"	NA	348	0.711968139598219
"rs1420999"	NA	348	1.11758921564411
"rs1421232"	NA	348	0.711968139598219
"rs1421716"	NA	348	0.711968139598219
"rs1421896"	NA	348	0.711968139598219
"rs1426535"	NA	348	0.711968139598219
"rs1432430"	NA	348	1.12156975492358
"rs1435567"	NA	348	0.979888096496824
"rs1435585"	NA	348	1.11054453018069
"rs1436049"	NA	348	0.979888096496824
"rs1439418"	NA	348	1.1195598354222
"rs1445594"	NA	348	1.12156975492358
"rs1448975"	NA	348	1.12156975492358
"rs1452726"	NA	348	1.12156975492358
"rs1459808"	NA	348	1.12156975492358
"rs1461936"	NA	348	0.711968139598219
"rs1469989"	NA	348	1.12668453821193
"rs1470383"	NA	348	1.12156975492358
"rs1476555"	NA	348	1.12156975492358
"rs1477656"	NA	348	0.979888096496824
"rs1478323"	NA	348	0.979888096496824
"rs1478454"	NA	348	0.979888096496824
"rs1481370"	NA	348	0.979888096496824
"rs1483825"	NA	348	0.979888096496824
"rs1484579"	NA	348	0.979888096496824
"rs1484690"	NA	348	0.979888096496824
"rs1485704"	NA	348	0.979888096496824
"rs1486483"	NA	348	0.979888096496824
"rs1487089"	NA	348	0.979888096496824
"rs1530817"	NA	348	0.979888096496824
"rs1537480"	NA	348	0.979888096496824
"rs1537504"	NA	348	0.979888096496824
"rs1537711"	NA	348	0.979888096496824
"rs1538598"	NA	348	1.1464950971439
"rs1539317"	NA	348	0.979888096496824
"rs1539347"	NA	348	0.979888096496824
"rs1633232"	NA	348	1.12178680487386
"rs1633251"	NA	348	1.12361696620624
"rs1636651"	NA	348	0.711968139598219
"rs1637829"	NA	348	0.711968139598219
"rs1638493"	NA	348	1.12156975492358
"rs1642009"	NA	348	0.711968139598219
"rs1647139"	NA	348	0.979888096496824
"rs1660458"	NA	348	1.00470090654657
"rs1661329"	NA	348	1.00470090654657
"rs1663327"	NA	348	1.12156975492358
"rs1670850"	NA	348	1.12156975492358
"rs1675751"	NA	348	1.1422742451125
"rs1675938"	NA	348	1.1422742451125
"rs1680833"	NA	348	0.711968139598219
"rs1681055"	NA	348	1.00470090654657
"rs1684045"	NA	348	1.12156975492358
"rs1690042"	NA	348	1.12156975492358
"rs1742708"	NA	348	0.711968139598219
"rs1797874"	NA	348	0.918395075839795
"rs1799272"	NA	348	0.979888096496824
"rs1800359"	NA	348	0.979888096496824
"rs1800398"	NA	348	0.979888096496824
"rs1800633"	NA	348	0.979888096496824
"rs1800661"	NA	348	0.979888096496824
"rs1800791"	NA	348	0.979888096496824
"rs1800886"	NA	348	0.979888096496824
"rs1801047"	NA	348	0.979888096496824
"rs1801671"	NA	348	0.979888096496824
"rs1803424"	NA	348	0.979888096496824
"rs1803676"	NA	348	0.979888096496824
"rs1803680"	NA	348	0.979888096496824
"rs1803789"	NA	348	0.979888096496824
"rs1815473"	NA	348	0.979888096496824
"rs1816351"	NA	348	0.979888096496824
"rs1816392"	NA	348	0.979888096496824
"rs1816912"	NA	348	0.979888096496824
"rs1829209"	NA	348	0.979888096496824
"rs1829721"	NA	348	0.979888096496824
"rs1830399"	NA	348	0.979888096496824
"rs1832603"	NA	348	0.979888096496824
"rs1834352"	NA	348	0.979888096496824
"rs1835274"	NA	348	0.979888096496824
"rs1836106"	NA	348	0.979888096496824
"rs1836846"	NA	348	0.979888096496824
"rs1837102"	NA	348	0.979888096496824
"rs1837922"	NA	348	0.979888096496824
"rs1837980"	NA	348	0.979888096496824
"rs1838614"	NA	348	0.979888096496824
"rs1842489"	NA	348	0.979888096496824
"rs1847945"	NA	348	0.979888096496824
"rs1848282"	NA	348	1.1464950971439
"rs1849209"	NA	348	0.979888096496824
"rs1849640"	NA	348	0.979888096496824
"rs1856033"	NA	348	0.979888096496824
"rs1881970"	NA	348	0.979888096496824
"rs1882246"	NA	348	1.12156975492358
"rs1899095"	NA	348	0.979888096496824
"rs1899259"	NA	348	0.979888096496824
"rs1899349"	NA	348	0.711968139598219
"rs1901902"	NA	348	0.979888096496824
"rs1902627"	NA	348	0.979888096496824
"rs1902921"	NA	348	0.979888096496824
"rs1903034"	NA	348	0.979888096496824
"rs1903744"	NA	348	0.979888096496824
"rs1904040"	NA	348	0.979888096496824
"rs1906174"	NA	348	0.979888096496824
"rs1907452"	NA	348	0.979888096496824
"rs1917872"	NA	348	0.979888096496824
"rs1918547"	NA	348	1.00658326492091
"rs1918706"	NA	348	1.00658326492091
"rs1918759"	NA	348	1.20591907814609
"rs1920049"	NA	348	0.979888096496824
"rs1920395"	NA	348	0.918395075839795
"rs1921194"	NA	348	0.979888096496824
"rs1921962"	NA	348	0.711968139598219
"rs1929409"	NA	348	1.12156975492358
"rs1930354"	NA	348	0.979888096496824
"rs1930769"	NA	348	0.979888096496824
"rs1935084"	NA	348	1.12156975492358
"rs1940963"	NA	348	0.979888096496824
"rs1943095"	NA	348	0.979888096496824
"rs1944358"	NA	348	0.979888096496824
"rs1944605"	NA	348	0.979888096496824
"rs1944619"	NA	348	0.979888096496824
"rs1944641"	NA	348	0.979888096496824
"rs1944659"	NA	348	0.979888096496824
"rs1944662"	NA	348	0.979888096496824
"rs1944843"	NA	348	0.979888096496824
"rs1944846"	NA	348	0.979888096496824
"rs1944867"	NA	348	0.979888096496824
"rs1944876"	NA	348	0.979888096496824
"rs1944884"	NA	348	0.979888096496824
"rs1944924"	NA	348	0.979888096496824
"rs1944933"	NA	348	0.979888096496824
"rs1944936"	NA	348	0.979888096496824
"rs1944939"	NA	348	0.979888096496824
"rs1944945"	NA	348	0.979888096496824
"rs1944956"	NA	348	0.979888096496824
"rs1944957"	NA	348	0.979888096496824
"rs1944978"	NA	348	0.979888096496824
"rs1944981"	NA	348	0.979888096496824
"rs1944987"	NA	348	0.979888096496824
"rs1945020"	NA	348	0.979888096496824
"rs1945026"	NA	348	0.979888096496824
"rs1945032"	NA	348	0.979888096496824
"rs1945035"	NA	348	0.979888096496824
"rs1945050"	NA	348	0.979888096496824
"rs1945062"	NA	348	0.979888096496824
"rs1945086"	NA	348	0.979888096496824
"rs1945098"	NA	348	0.979888096496824
"rs1945101"	NA	348	0.979888096496824
"rs1945104"	NA	348	0.979888096496824
"rs1945107"	NA	348	0.979888096496824
"rs1945120"	NA	348	0.979888096496824
"rs1945128"	NA	348	0.979888096496824
"rs1945244"	NA	348	0.979888096496824
"rs1945245"	NA	348	0.979888096496824
"rs1945251"	NA	348	0.979888096496824
"rs1945269"	NA	348	0.979888096496824
"rs1945290"	NA	348	0.979888096496824
"rs1945296"	NA	348	0.979888096496824
"rs1945414"	NA	348	0.979888096496824
"rs1945464"	NA	348	0.979888096496824
"rs1945477"	NA	348	0.979888096496824
"rs1945486"	NA	348	0.979888096496824
"rs1945498"	NA	348	0.979888096496824
"rs1945504"	NA	348	0.979888096496824
"rs1945537"	NA	348	0.979888096496824
"rs1945540"	NA	348	0.979888096496824
"rs1945543"	NA	348	0.979888096496824
"rs1945558"	NA	348	0.979888096496824
"rs1945595"	NA	348	0.979888096496824
"rs1945609"	NA	348	0.979888096496824
"rs1945687"	NA	348	0.979888096496824
"rs1945735"	NA	348	0.979888096496824
"rs1945777"	NA	348	0.979888096496824
"rs1945852"	NA	348	0.979888096496824
"rs1945897"	NA	348	0.979888096496824
"rs1945930"	NA	348	0.979888096496824
"rs1945939"	NA	348	0.979888096496824
"rs1945942"	NA	348	0.979888096496824
"rs1945948"	NA	348	0.979888096496824
"rs1946008"	NA	348	0.979888096496824
"rs1946471"	NA	348	0.979888096496824
"rs1946493"	NA	348	0.979888096496824
"rs1946525"	NA	348	0.979888096496824
"rs1946528"	NA	348	0.979888096496824
"rs1946537"	NA	348	0.918395075839795
"rs1946552"	NA	348	0.979888096496824
"rs1946558"	NA	348	0.979888096496824
"rs1946600"	NA	348	0.979888096496824
"rs1946630"	NA	348	0.979888096496824
"rs1946633"	NA	348	0.979888096496824
"rs1946636"	NA	348	0.979888096496824
"rs1946639"	NA	348	0.979888096496824
"rs1946642"	NA	348	0.979888096496824
"rs1946645"	NA	348	0.979888096496824
"rs1946648"	NA	348	0.979888096496824
"rs1946657"	NA	348	0.979888096496824
"rs1946666"	NA	348	0.979888096496824
"rs1946708"	NA	348	0.979888096496824
"rs1946711"	NA	348	0.979888096496824
"rs1946732"	NA	348	0.979888096496824
"rs1946786"	NA	348	0.979888096496824
"rs1946813"	NA	348	0.979888096496824
"rs1946849"	NA	348	0.979888096496824
"rs1946863"	NA	348	0.979888096496824
"rs1946879"	NA	348	0.979888096496824
"rs1946882"	NA	348	0.979888096496824
"rs1946891"	NA	348	0.979888096496824
"rs1946897"	NA	348	0.979888096496824
"rs1946906"	NA	348	0.979888096496824
"rs1946912"	NA	348	0.979888096496824
"rs1946917"	NA	348	0.979888096496824
"rs1946918"	NA	348	0.979888096496824
"rs1946972"	NA	348	0.979888096496824
"rs1946996"	NA	348	0.979888096496824
"rs1947011"	NA	348	0.979888096496824
"rs1947020"	NA	348	0.979888096496824
"rs1947415"	NA	348	0.979888096496824
"rs1947469"	NA	348	0.979888096496824
"rs1947503"	NA	348	0.979888096496824
"rs1948532"	NA	348	0.918395075839795
"rs1948817"	NA	348	0.918395075839795
"rs1948900"	NA	348	0.918395075839795
"rs1948943"	NA	348	0.918395075839795
"rs1949102"	NA	348	0.979888096496824
"rs1949605"	NA	348	0.979888096496824
"rs1950063"	NA	348	0.979888096496824
"rs1961157"	NA	348	0.979888096496824
"rs1961180"	NA	348	0.979888096496824
"rs1973691"	NA	348	0.979888096496824
"rs1974103"	NA	348	0.979888096496824
"rs1975870"	NA	348	0.979888096496824
"rs1977158"	NA	348	0.979888096496824
"rs1977677"	NA	348	0.979888096496824
"rs1981421"	NA	348	0.979888096496824
"rs1981859"	NA	348	0.979888096496824
"rs1982529"	NA	348	0.979888096496824
"rs1983311"	NA	348	0.979888096496824
"rs1985299"	NA	348	0.979888096496824
"rs1992206"	NA	348	0.979888096496824
"rs1993575"	NA	348	0.979888096496824
"rs2002754"	NA	348	0.979888096496824
"rs2002838"	NA	348	0.979888096496824
"rs2003005"	NA	348	0.979888096496824
"rs2007188"	NA	348	0.979888096496824
"rs2008556"	NA	348	0.979888096496824
"rs2008686"	NA	348	0.979888096496824
"rs2009029"	NA	348	0.979888096496824
"rs2011196"	NA	348	0.979888096496824
"rs2020007"	NA	348	0.979888096496824
"rs2021402"	NA	348	0.979888096496824
"rs2022641"	NA	348	0.979888096496824
"rs2022694"	NA	348	0.979888096496824
"rs2023148"	NA	348	0.979888096496824
"rs2025275"	NA	348	0.979888096496824
"rs2026465"	NA	348	1.1195598354222
"rs2037225"	NA	348	0.979888096496824
"rs2037238"	NA	348	0.979888096496824
"rs2043394"	NA	348	0.979888096496824
"rs2043566"	NA	348	1.12156975492358
"rs2044423"	NA	348	0.979888096496824
"rs2044626"	NA	348	0.979888096496824
"rs2051444"	NA	348	1.12156975492358
"rs2054568"	NA	348	1.18969008977356
"rs2055047"	NA	348	1.12156975492358
"rs2055110"	NA	348	1.12156975492358
"rs2055218"	NA	348	1.68574970535749
"rs2055524"	NA	348	1.68574970535749
"rs2056071"	NA	348	1.68574970535749
"rs2058478"	NA	348	0.979888096496824
"rs2059176"	NA	348	1.11949790697698
"rs2059194"	NA	348	1.12156975492358
"rs2061104"	NA	348	1.12156975492358
"rs2061539"	NA	348	0.979888096496824
"rs2062232"	NA	348	0.979888096496824
"rs2062847"	NA	348	1.12156975492358
"rs2070451"	NA	348	0.979888096496824
"rs2070979"	NA	348	0.979888096496824
"rs2070985"	NA	348	0.979888096496824
"rs2072038"	NA	348	0.979888096496824
"rs2076051"	NA	348	0.979888096496824
"rs2076129"	NA	348	0.979888096496824
"rs2078020"	NA	348	0.979888096496824
"rs2080724"	NA	348	0.979888096496824
"rs2081815"	NA	348	0.979888096496824
"rs2085312"	NA	348	0.979888096496824
"rs2085674"	NA	348	0.979888096496824
"rs2088587"	NA	348	0.979888096496824
"rs2151596"	NA	348	0.979888096496824
"rs2154613"	NA	348	0.979888096496824
"rs2155679"	NA	348	0.979888096496824
"rs2168193"	NA	348	0.979888096496824
"rs2174404"	NA	348	0.979888096496824
"rs2176305"	NA	348	0.979888096496824
"rs2176341"	NA	348	0.979888096496824
"rs2176419"	NA	348	0.979888096496824
"rs2176933"	NA	348	0.979888096496824
"rs2177228"	NA	348	0.979888096496824
"rs2177500"	NA	348	0.979888096496824
"rs2177718"	NA	348	0.979888096496824
"rs2177727"	NA	348	0.979888096496824
"rs2177730"	NA	348	0.979888096496824
"rs2178004"	NA	348	0.979888096496824
"rs2179436"	NA	348	0.979888096496824
"rs2179514"	NA	348	0.979888096496824
"rs2185084"	NA	348	0.979888096496824
"rs2185123"	NA	348	0.979888096496824
"rs2188622"	NA	348	0.979888096496824
"rs2190766"	NA	348	0.979888096496824
"rs2190848"	NA	348	1.1195598354222
"rs2204959"	NA	348	1.12156975492358
"rs2210735"	NA	348	0.979888096496824
"rs2211066"	NA	348	1.12156975492358
"rs2213789"	NA	348	0.979888096496824
"rs2219221"	NA	348	0.711968139598219
"rs2219662"	NA	348	1.12156975492358
